# Type: scattered data
# Version: 6
# Description: No description
# Format: free
# Field: 1 x
# Field: 2 y
# Field: 3 z undefined
# Field: 4 column
# Field: 5 row
# Projection: Local Rectangular
# Units: undefined
# End:
# Information from grid:
# Grid_size: 31 x 41
# Grid_space: 4240000.000000,4243000.000000,4018000.000000,4022000.000000
# Scattered data: Not_available
# Z_field: z
# Vertical_faults: Not_available
# History: No history
# Z_units: undefined
4240500.000000 4018100.000000 7700.000000 6 2
4240600.000000 4018100.000000 7653.936035 7 2
4240500.000000 4018200.000000 7684.103027 6 3
4240600.000000 4018200.000000 7634.679199 7 3
4240400.000000 4018300.000000 7700.000000 5 4
4240500.000000 4018300.000000 7662.094238 6 4
4240600.000000 4018300.000000 7611.740234 7 4
4240400.000000 4018400.000000 7686.194824 5 5
4240500.000000 4018400.000000 7642.046875 6 5
4240600.000000 4018400.000000 7585.332031 7 5
4240300.000000 4018500.000000 7700.000000 4 6
4240400.000000 4018500.000000 7665.828125 5 6
4240500.000000 4018500.000000 7618.616211 6 6
4240600.000000 4018500.000000 7553.576172 7 6
4240300.000000 4018600.000000 7692.946777 4 7
4240400.000000 4018600.000000 7648.253906 5 7
4240500.000000 4018600.000000 7592.276855 6 7
4240600.000000 4018600.000000 7515.596191 7 7
4240300.000000 4018700.000000 7680.088867 4 8
4240400.000000 4018700.000000 7627.313965 5 8
4240500.000000 4018700.000000 7560.956055 6 8
4240600.000000 4018700.000000 7470.096191 7 8
4240200.000000 4018800.000000 7700.000000 3 9
4240300.000000 4018800.000000 7658.166992 4 9
4240400.000000 4018800.000000 7600.924805 5 9
4240500.000000 4018800.000000 7523.170898 6 9
4240600.000000 4018800.000000 7415.331055 7 9
4240200.000000 4018900.000000 7693.553223 3 10
4240300.000000 4018900.000000 7639.445801 4 10
4240400.000000 4018900.000000 7571.336914 5 10
4240500.000000 4018900.000000 7478.812012 6 10
4240600.000000 4018900.000000 7351.023926 7 10
4240200.000000 4019000.000000 7679.875977 3 11
4240300.000000 4019000.000000 7616.938965 4 11
4240400.000000 4019000.000000 7536.714844 5 11
4240500.000000 4019000.000000 7427.065918 6 11
4240600.000000 4019000.000000 7276.584961 7 11
4240100.000000 4019100.000000 7700.000000 2 12
4240200.000000 4019100.000000 7655.146973 3 12
4240300.000000 4019100.000000 7588.748047 4 12
4240400.000000 4019100.000000 7496.256836 5 12
4240500.000000 4019100.000000 7368.018066 6 12
4240600.000000 4019100.000000 7193.357910 7 12
4241300.000000 4019100.000000 5405.306152 14 12
4241400.000000 4019100.000000 5004.168945 15 12
4241500.000000 4019100.000000 4471.095215 16 12
4241600.000000 4019100.000000 4145.381836 17 12
4241700.000000 4019100.000000 3894.822998 18 12
4241800.000000 4019100.000000 3676.139893 19 12
4241900.000000 4019100.000000 3509.905029 20 12
4242000.000000 4019100.000000 3368.718994 21 12
4242100.000000 4019100.000000 3217.254883 22 12
4242200.000000 4019100.000000 3068.250000 23 12
4242300.000000 4019100.000000 2933.523926 24 12
4242400.000000 4019100.000000 2813.962891 25 12
4242500.000000 4019100.000000 2691.188965 26 12
4242600.000000 4019100.000000 2543.166016 27 12
4242700.000000 4019100.000000 2347.684082 28 12
4242800.000000 4019100.000000 2178.499023 29 12
4242900.000000 4019100.000000 2030.385986 30 12
4240100.000000 4019200.000000 7700.000000 2 13
4240200.000000 4019200.000000 7638.048828 3 13
4240300.000000 4019200.000000 7559.029785 4 13
4240400.000000 4019200.000000 7450.891113 5 13
4240500.000000 4019200.000000 7302.237793 6 13
4240600.000000 4019200.000000 7102.182129 7 13
4241300.000000 4019200.000000 5233.400879 14 13
4241400.000000 4019200.000000 4744.499023 15 13
4241500.000000 4019200.000000 4268.132813 16 13
4241600.000000 4019200.000000 4002.835938 17 13
4241700.000000 4019200.000000 3755.967041 18 13
4241800.000000 4019200.000000 3577.425049 19 13
4241900.000000 4019200.000000 3445.232910 20 13
4242000.000000 4019200.000000 3312.180908 21 13
4242100.000000 4019200.000000 3164.843018 22 13
4242200.000000 4019200.000000 3022.606934 23 13
4242300.000000 4019200.000000 2893.613037 24 13
4242400.000000 4019200.000000 2774.071045 25 13
4242500.000000 4019200.000000 2645.739990 26 13
4242600.000000 4019200.000000 2491.891113 27 13
4242700.000000 4019200.000000 2303.101074 28 13
4242800.000000 4019200.000000 2141.387939 29 13
4242900.000000 4019200.000000 1997.930054 30 13
4240100.000000 4019300.000000 7700.000000 2 14
4240200.000000 4019300.000000 7621.801758 3 14
4240300.000000 4019300.000000 7526.894043 4 14
4240400.000000 4019300.000000 7400.723145 5 14
4240500.000000 4019300.000000 7230.297852 6 14
4241100.000000 4019300.000000 5632.462891 12 14
4241200.000000 4019300.000000 5380.879883 13 14
4241300.000000 4019300.000000 4999.982910 14 14
4241400.000000 4019300.000000 4514.530762 15 14
4241500.000000 4019300.000000 4143.022949 16 14
4241600.000000 4019300.000000 3858.485107 17 14
4241700.000000 4019300.000000 3650.653076 18 14
4241800.000000 4019300.000000 3514.090088 19 14
4241900.000000 4019300.000000 3396.337891 20 14
4242000.000000 4019300.000000 3261.902100 21 14
4242100.000000 4019300.000000 3120.400879 22 14
4242200.000000 4019300.000000 2982.900879 23 14
4242300.000000 4019300.000000 2857.194092 24 14
4242400.000000 4019300.000000 2734.364990 25 14
4242500.000000 4019300.000000 2604.143066 26 14
4242600.000000 4019300.000000 2445.058105 27 14
4242700.000000 4019300.000000 2260.212891 28 14
4242800.000000 4019300.000000 2103.365967 29 14
4242900.000000 4019300.000000 1957.780029 30 14
4240100.000000 4019400.000000 7700.000000 2 15
4240200.000000 4019400.000000 7604.330078 3 15
4240300.000000 4019400.000000 7491.416992 4 15
4240400.000000 4019400.000000 7345.469238 5 15
4240500.000000 4019400.000000 7152.636230 6 15
4241100.000000 4019400.000000 5517.979980 12 15
4241200.000000 4019400.000000 5224.729004 13 15
4241300.000000 4019400.000000 4788.511230 14 15
4241400.000000 4019400.000000 4334.501953 15 15
4241500.000000 4019400.000000 3993.617920 16 15
4241600.000000 4019400.000000 3745.006104 17 15
4241700.000000 4019400.000000 3588.016113 18 15
4241800.000000 4019400.000000 3474.770996 19 15
4241900.000000 4019400.000000 3354.208984 20 15
4242000.000000 4019400.000000 3220.284912 21 15
4242100.000000 4019400.000000 3078.615967 22 15
4242200.000000 4019400.000000 2944.069092 23 15
4242300.000000 4019400.000000 2813.752930 24 15
4242400.000000 4019400.000000 2700.059082 25 15
4242500.000000 4019400.000000 2562.254883 26 15
4242600.000000 4019400.000000 2395.517090 27 15
4242700.000000 4019400.000000 2220.610107 28 15
4242800.000000 4019400.000000 2066.975098 29 15
4242900.000000 4019400.000000 1916.265991 30 15
4240100.000000 4019500.000000 7700.000000 2 16
4240200.000000 4019500.000000 7585.046875 3 16
4240300.000000 4019500.000000 7452.183105 4 16
4240400.000000 4019500.000000 7284.404785 5 16
4240500.000000 4019500.000000 7066.741211 6 16
4241000.000000 4019500.000000 5638.295898 11 16
4241100.000000 4019500.000000 5376.658203 12 16
4241200.000000 4019500.000000 5026.949219 13 16
4241300.000000 4019500.000000 4597.645020 14 16
4241400.000000 4019500.000000 4183.147949 15 16
4241500.000000 4019500.000000 3869.460938 16 16
4241600.000000 4019500.000000 3681.502930 17 16
4241700.000000 4019500.000000 3553.237061 18 16
4241800.000000 4019500.000000 3442.791992 19 16
4241900.000000 4019500.000000 3322.416016 20 16
4242000.000000 4019500.000000 3183.153076 21 16
4242100.000000 4019500.000000 3042.168945 22 16
4242200.000000 4019500.000000 2902.893066 23 16
4242300.000000 4019500.000000 2773.216064 24 16
4242400.000000 4019500.000000 2663.653076 25 16
4242500.000000 4019500.000000 2523.842041 26 16
4242600.000000 4019500.000000 2356.415039 27 16
4242700.000000 4019500.000000 2180.034912 28 16
4242800.000000 4019500.000000 2026.581055 29 16
4242900.000000 4019500.000000 1895.043945 30 16
4240100.000000 4019600.000000 7700.000000 2 17
4240200.000000 4019600.000000 7564.099121 3 17
4240300.000000 4019600.000000 7409.953125 4 17
4240400.000000 4019600.000000 7219.326172 5 17
4240500.000000 4019600.000000 6974.199219 6 17
4240600.000000 4019600.000000 6662.251953 7 17
4240700.000000 4019600.000000 6320.808105 8 17
4240800.000000 4019600.000000 6015.446777 9 17
4240900.000000 4019600.000000 5761.334961 10 17
4241000.000000 4019600.000000 5521.606934 11 17
4241100.000000 4019600.000000 5237.907227 12 17
4241200.000000 4019600.000000 4852.421875 13 17
4241300.000000 4019600.000000 4445.316895 14 17
4241400.000000 4019600.000000 4058.356934 15 17
4241500.000000 4019600.000000 3803.124023 16 17
4241600.000000 4019600.000000 3639.049072 17 17
4241700.000000 4019600.000000 3526.041992 18 17
4241800.000000 4019600.000000 3418.311035 19 17
4241900.000000 4019600.000000 3292.562012 20 17
4242000.000000 4019600.000000 3151.542969 21 17
4242100.000000 4019600.000000 3008.568115 22 17
4242200.000000 4019600.000000 2860.139893 23 17
4242300.000000 4019600.000000 2739.024902 24 17
4242400.000000 4019600.000000 2628.799072 25 17
4242500.000000 4019600.000000 2479.156982 26 17
4242600.000000 4019600.000000 2315.958008 27 17
4242700.000000 4019600.000000 2144.878906 28 17
4242800.000000 4019600.000000 1997.062012 29 17
4242900.000000 4019600.000000 1868.503052 30 17
4240100.000000 4019700.000000 7700.000000 2 18
4240200.000000 4019700.000000 7541.638184 3 18
4240300.000000 4019700.000000 7365.152832 4 18
4240400.000000 4019700.000000 7152.051758 5 18
4240500.000000 4019700.000000 6878.304199 6 18
4240600.000000 4019700.000000 6542.263184 7 18
4240700.000000 4019700.000000 6190.804199 8 18
4240800.000000 4019700.000000 5896.672852 9 18
4240900.000000 4019700.000000 5641.808105 10 18
4241000.000000 4019700.000000 5384.770996 11 18
4241100.000000 4019700.000000 5075.844238 12 18
4241200.000000 4019700.000000 4693.271973 13 18
4241300.000000 4019700.000000 4317.622070 14 18
4241400.000000 4019700.000000 3977.649902 15 18
4241500.000000 4019700.000000 3747.902100 16 18
4241600.000000 4019700.000000 3609.456055 17 18
4241700.000000 4019700.000000 3511.065918 18 18
4241800.000000 4019700.000000 3399.987061 19 18
4241900.000000 4019700.000000 3269.041016 20 18
4242000.000000 4019700.000000 3123.600098 21 18
4242100.000000 4019700.000000 2969.710938 22 18
4242200.000000 4019700.000000 2819.836914 23 18
4242300.000000 4019700.000000 2710.444092 24 18
4242400.000000 4019700.000000 2593.659912 25 18
4242500.000000 4019700.000000 2435.258057 26 18
4242600.000000 4019700.000000 2275.469971 27 18
4242700.000000 4019700.000000 2116.362061 28 18
4242800.000000 4019700.000000 1975.104980 29 18
4242900.000000 4019700.000000 1843.342041 30 18
4240100.000000 4019800.000000 7700.000000 2 19
4240200.000000 4019800.000000 7517.790039 3 19
4240300.000000 4019800.000000 7317.335938 4 19
4240400.000000 4019800.000000 7080.417969 5 19
4240500.000000 4019800.000000 6788.894043 6 19
4240600.000000 4019800.000000 6443.768066 7 19
4240700.000000 4019800.000000 6093.979004 8 19
4240800.000000 4019800.000000 5792.792969 9 19
4240900.000000 4019800.000000 5525.905762 10 19
4241000.000000 4019800.000000 5245.854980 11 19
4241100.000000 4019800.000000 4915.887207 12 19
4241200.000000 4019800.000000 4568.827148 13 19
4241300.000000 4019800.000000 4206.058105 14 19
4241400.000000 4019800.000000 3907.474121 15 19
4241500.000000 4019800.000000 3701.922119 16 19
4241600.000000 4019800.000000 3594.711914 17 19
4241700.000000 4019800.000000 3503.616943 18 19
4241800.000000 4019800.000000 3388.827881 19 19
4241900.000000 4019800.000000 3251.096924 20 19
4242000.000000 4019800.000000 3093.808105 21 19
4242100.000000 4019800.000000 2933.944092 22 19
4242200.000000 4019800.000000 2780.189941 23 19
4242300.000000 4019800.000000 2668.861084 24 19
4242400.000000 4019800.000000 2547.882080 25 19
4242500.000000 4019800.000000 2389.175049 26 19
4242600.000000 4019800.000000 2239.770020 27 19
4242700.000000 4019800.000000 2086.750977 28 19
4242800.000000 4019800.000000 1953.795044 29 19
4242900.000000 4019800.000000 1828.688965 30 19
4240100.000000 4019900.000000 7700.000000 2 20
4240200.000000 4019900.000000 7494.259766 3 20
4240300.000000 4019900.000000 7270.763184 4 20
4240400.000000 4019900.000000 7012.463867 5 20
4240500.000000 4019900.000000 6703.252930 6 20
4240600.000000 4019900.000000 6357.979980 7 20
4240700.000000 4019900.000000 6012.964844 8 20
4240800.000000 4019900.000000 5704.063965 9 20
4240900.000000 4019900.000000 5415.919922 10 20
4241000.000000 4019900.000000 5111.360840 11 20
4241100.000000 4019900.000000 4782.893066 12 20
4241200.000000 4019900.000000 4469.954102 13 20
4241300.000000 4019900.000000 4112.544922 14 20
4241400.000000 4019900.000000 3841.075928 15 20
4241500.000000 4019900.000000 3684.482910 16 20
4241600.000000 4019900.000000 3589.896973 17 20
4241700.000000 4019900.000000 3501.500000 18 20
4241800.000000 4019900.000000 3386.014893 19 20
4241900.000000 4019900.000000 3241.028076 20 20
4242000.000000 4019900.000000 3073.039063 21 20
4242100.000000 4019900.000000 2898.959961 22 20
4242200.000000 4019900.000000 2749.208984 23 20
4242300.000000 4019900.000000 2622.659912 24 20
4242400.000000 4019900.000000 2508.033936 25 20
4242500.000000 4019900.000000 2346.831055 26 20
4242600.000000 4019900.000000 2212.416992 27 20
4242700.000000 4019900.000000 2063.572998 28 20
4242800.000000 4019900.000000 1937.965942 29 20
4242900.000000 4019900.000000 1816.598022 30 20
4240100.000000 4020000.000000 7700.000000 2 21
4240200.000000 4020000.000000 7471.895996 3 21
4240300.000000 4020000.000000 7226.538086 4 21
4240400.000000 4020000.000000 6947.665039 5 21
4240500.000000 4020000.000000 6625.569824 6 21
4240600.000000 4020000.000000 6277.345215 7 21
4240700.000000 4020000.000000 5930.190918 8 21
4240800.000000 4020000.000000 5604.707031 9 21
4240900.000000 4020000.000000 5281.990234 10 21
4241000.000000 4020000.000000 4968.745117 11 21
4241100.000000 4020000.000000 4677.255859 12 21
4241200.000000 4020000.000000 4370.517090 13 21
4241300.000000 4020000.000000 4027.520020 14 21
4241400.000000 4020000.000000 3793.830078 15 21
4241500.000000 4020000.000000 3678.416992 16 21
4241600.000000 4020000.000000 3587.837891 17 21
4241700.000000 4020000.000000 3498.399902 18 21
4241800.000000 4020000.000000 3388.437988 19 21
4241900.000000 4020000.000000 3229.978027 20 21
4242000.000000 4020000.000000 3050.309082 21 21
4242100.000000 4020000.000000 2862.166016 22 21
4242200.000000 4020000.000000 2712.354004 23 21
4242300.000000 4020000.000000 2587.479980 24 21
4242400.000000 4020000.000000 2471.895996 25 21
4242500.000000 4020000.000000 2322.757080 26 21
4242600.000000 4020000.000000 2185.135986 27 21
4242700.000000 4020000.000000 2052.508057 28 21
4242800.000000 4020000.000000 1928.880981 29 21
4242900.000000 4020000.000000 1809.115967 30 21
4240100.000000 4020100.000000 7700.000000 2 22
4240200.000000 4020100.000000 7450.972168 3 22
4240300.000000 4020100.000000 7185.559082 4 22
4240400.000000 4020100.000000 6886.357910 5 22
4240500.000000 4020100.000000 6553.667969 6 22
4240600.000000 4020100.000000 6197.979004 7 22
4240700.000000 4020100.000000 5844.077148 8 22
4240800.000000 4020100.000000 5496.827148 9 22
4240900.000000 4020100.000000 5163.661133 10 22
4241000.000000 4020100.000000 4848.395020 11 22
4241100.000000 4020100.000000 4589.870117 12 22
4241200.000000 4020100.000000 4285.960938 13 22
4241300.000000 4020100.000000 3955.987061 14 22
4241400.000000 4020100.000000 3771.716064 15 22
4241500.000000 4020100.000000 3670.893066 16 22
4241600.000000 4020100.000000 3583.972900 17 22
4241700.000000 4020100.000000 3497.757080 18 22
4241800.000000 4020100.000000 3397.076904 19 22
4241900.000000 4020100.000000 3220.410889 20 22
4242000.000000 4020100.000000 3029.977051 21 22
4242100.000000 4020100.000000 2826.395020 22 22
4242200.000000 4020100.000000 2695.281982 23 22
4242300.000000 4020100.000000 2578.241943 24 22
4242400.000000 4020100.000000 2454.816895 25 22
4242500.000000 4020100.000000 2316.300049 26 22
4242600.000000 4020100.000000 2176.395996 27 22
4242700.000000 4020100.000000 2047.963989 28 22
4242800.000000 4020100.000000 1925.557007 29 22
4242900.000000 4020100.000000 1806.531006 30 22
4240100.000000 4020200.000000 7700.000000 2 23
4240200.000000 4020200.000000 7430.154785 3 23
4240300.000000 4020200.000000 7145.162109 4 23
4240400.000000 4020200.000000 6831.380859 5 23
4240500.000000 4020200.000000 6488.749023 6 23
4240600.000000 4020200.000000 6122.629883 7 23
4240700.000000 4020200.000000 5748.021973 8 23
4240800.000000 4020200.000000 5371.524902 9 23
4240900.000000 4020200.000000 5036.666992 10 23
4241000.000000 4020200.000000 4748.920898 11 23
4241100.000000 4020200.000000 4503.708984 12 23
4241200.000000 4020200.000000 4214.918945 13 23
4241300.000000 4020200.000000 3898.312012 14 23
4241400.000000 4020200.000000 3758.506104 15 23
4241500.000000 4020200.000000 3657.215088 16 23
4241600.000000 4020200.000000 3581.781982 17 23
4241700.000000 4020200.000000 3500.885010 18 23
4241800.000000 4020200.000000 3399.141113 19 23
4241900.000000 4020200.000000 3224.360107 20 23
4242000.000000 4020200.000000 3031.844971 21 23
4242100.000000 4020200.000000 2838.883057 22 23
4242200.000000 4020200.000000 2701.146973 23 23
4242300.000000 4020200.000000 2587.543945 24 23
4242400.000000 4020200.000000 2461.774902 25 23
4242500.000000 4020200.000000 2326.507080 26 23
4242600.000000 4020200.000000 2196.469971 27 23
4242700.000000 4020200.000000 2053.221924 28 23
4242800.000000 4020200.000000 1930.432007 29 23
4242900.000000 4020200.000000 1809.311035 30 23
4240100.000000 4020300.000000 7696.395996 2 24
4240200.000000 4020300.000000 7408.162109 3 24
4240300.000000 4020300.000000 7108.062012 4 24
4240400.000000 4020300.000000 6780.377930 5 24
4240500.000000 4020300.000000 6425.041992 6 24
4240600.000000 4020300.000000 6041.333984 7 24
4240700.000000 4020300.000000 5633.763184 8 24
4240800.000000 4020300.000000 5243.241211 9 24
4240900.000000 4020300.000000 4925.319824 10 24
4241000.000000 4020300.000000 4671.728027 11 24
4241100.000000 4020300.000000 4428.912109 12 24
4241200.000000 4020300.000000 4156.645996 13 24
4241300.000000 4020300.000000 3872.855957 14 24
4241400.000000 4020300.000000 3762.034912 15 24
4241500.000000 4020300.000000 3655.760010 16 24
4241600.000000 4020300.000000 3579.531982 17 24
4241700.000000 4020300.000000 3504.455078 18 24
4241800.000000 4020300.000000 3406.068115 19 24
4241900.000000 4020300.000000 3238.849121 20 24
4242000.000000 4020300.000000 3046.316895 21 24
4242100.000000 4020300.000000 2865.321045 22 24
4242200.000000 4020300.000000 2723.322021 23 24
4242300.000000 4020300.000000 2616.447998 24 24
4242400.000000 4020300.000000 2485.337891 25 24
4242500.000000 4020300.000000 2350.138916 26 24
4242600.000000 4020300.000000 2215.625000 27 24
4242700.000000 4020300.000000 2068.264893 28 24
4242800.000000 4020300.000000 1946.305054 29 24
4242900.000000 4020300.000000 1817.067993 30 24
4240100.000000 4020400.000000 7684.791016 2 25
4240200.000000 4020400.000000 7378.137207 3 25
4240300.000000 4020400.000000 7062.669922 4 25
4240400.000000 4020400.000000 6723.899902 5 25
4240500.000000 4020400.000000 6356.367188 6 25
4240600.000000 4020400.000000 5952.521973 7 25
4240700.000000 4020400.000000 5518.441895 8 25
4240800.000000 4020400.000000 5125.078125 9 25
4240900.000000 4020400.000000 4839.271973 10 25
4241000.000000 4020400.000000 4601.707031 11 25
4241100.000000 4020400.000000 4364.203125 12 25
4241200.000000 4020400.000000 4129.416016 13 25
4241300.000000 4020400.000000 3873.968018 14 25
4241400.000000 4020400.000000 3761.638916 15 25
4241500.000000 4020400.000000 3664.937988 16 25
4241600.000000 4020400.000000 3578.982910 17 25
4241700.000000 4020400.000000 3506.865967 18 25
4241800.000000 4020400.000000 3421.000977 19 25
4241900.000000 4020400.000000 3255.777100 20 25
4242000.000000 4020400.000000 3071.178955 21 25
4242100.000000 4020400.000000 2911.350098 22 25
4242200.000000 4020400.000000 2761.389893 23 25
4242300.000000 4020400.000000 2650.910889 24 25
4242400.000000 4020400.000000 2525.749023 25 25
4242500.000000 4020400.000000 2382.716064 26 25
4242600.000000 4020400.000000 2238.511963 27 25
4242700.000000 4020400.000000 2083.084961 28 25
4242800.000000 4020400.000000 1956.427979 29 25
4242900.000000 4020400.000000 1826.708984 30 25
4240100.000000 4020500.000000 7664.816895 2 26
4240200.000000 4020500.000000 7337.780762 3 26
4240300.000000 4020500.000000 7006.687988 4 26
4240400.000000 4020500.000000 6659.980957 5 26
4240500.000000 4020500.000000 6284.370117 6 26
4240600.000000 4020500.000000 5863.059082 7 26
4240700.000000 4020500.000000 5411.304199 8 26
4240800.000000 4020500.000000 5029.755859 9 26
4240900.000000 4020500.000000 4785.122070 10 26
4241000.000000 4020500.000000 4541.437988 11 26
4241100.000000 4020500.000000 4313.324219 12 26
4241200.000000 4020500.000000 4107.520020 13 26
4241300.000000 4020500.000000 3883.938965 14 26
4241400.000000 4020500.000000 3756.361084 15 26
4241500.000000 4020500.000000 3678.884033 16 26
4241600.000000 4020500.000000 3581.566895 17 26
4241700.000000 4020500.000000 3508.398926 18 26
4241800.000000 4020500.000000 3436.632080 19 26
4241900.000000 4020500.000000 3274.549072 20 26
4242000.000000 4020500.000000 3102.741943 21 26
4242100.000000 4020500.000000 2956.824951 22 26
4242200.000000 4020500.000000 2803.165039 23 26
4242300.000000 4020500.000000 2687.072021 24 26
4242400.000000 4020500.000000 2551.617920 25 26
4242500.000000 4020500.000000 2412.475098 26 26
4242600.000000 4020500.000000 2265.364990 27 26
4242700.000000 4020500.000000 2109.363037 28 26
4242800.000000 4020500.000000 1972.019043 29 26
4242900.000000 4020500.000000 1852.979004 30 26
4240100.000000 4020600.000000 7639.009766 2 27
4240200.000000 4020600.000000 7287.728027 3 27
4240300.000000 4020600.000000 6942.409180 4 27
4240400.000000 4020600.000000 6589.249023 5 27
4240500.000000 4020600.000000 6204.715820 6 27
4240600.000000 4020600.000000 5776.056152 7 27
4240700.000000 4020600.000000 5307.992188 8 27
4240800.000000 4020600.000000 4954.869141 9 27
4240900.000000 4020600.000000 4742.471191 10 27
4241000.000000 4020600.000000 4487.140137 11 27
4241100.000000 4020600.000000 4274.710938 12 27
4241200.000000 4020600.000000 4094.641113 13 27
4241300.000000 4020600.000000 3899.437988 14 27
4241400.000000 4020600.000000 3770.166992 15 27
4241500.000000 4020600.000000 3685.260010 16 27
4241600.000000 4020600.000000 3587.117920 17 27
4241700.000000 4020600.000000 3510.727051 18 27
4241800.000000 4020600.000000 3438.321045 19 27
4241900.000000 4020600.000000 3293.272949 20 27
4242000.000000 4020600.000000 3134.843018 21 27
4242100.000000 4020600.000000 2989.864990 22 27
4242200.000000 4020600.000000 2847.535889 23 27
4242300.000000 4020600.000000 2716.437012 24 27
4242400.000000 4020600.000000 2579.357910 25 27
4242500.000000 4020600.000000 2436.091064 26 27
4242600.000000 4020600.000000 2290.210938 27 27
4242700.000000 4020600.000000 2138.877930 28 27
4242800.000000 4020600.000000 1992.895996 29 27
4242900.000000 4020600.000000 1882.303955 30 27
4240200.000000 4020700.000000 7225.917969 3 28
4240300.000000 4020700.000000 6877.187988 4 28
4240400.000000 4020700.000000 6524.099121 5 28
4240500.000000 4020700.000000 6135.250977 6 28
4240600.000000 4020700.000000 5691.561035 7 28
4240700.000000 4020700.000000 5207.205078 8 28
4240800.000000 4020700.000000 4917.342773 9 28
4240900.000000 4020700.000000 4690.932129 10 28
4241000.000000 4020700.000000 4442.097168 11 28
4241100.000000 4020700.000000 4244.335938 12 28
4241200.000000 4020700.000000 4087.445068 13 28
4241300.000000 4020700.000000 3918.243896 14 28
4241400.000000 4020700.000000 3793.563965 15 28
4241500.000000 4020700.000000 3690.480957 16 28
4241600.000000 4020700.000000 3593.773926 17 28
4241700.000000 4020700.000000 3513.760010 18 28
4241800.000000 4020700.000000 3435.712891 19 28
4241900.000000 4020700.000000 3306.612061 20 28
4242000.000000 4020700.000000 3162.083008 21 28
4242100.000000 4020700.000000 3016.207031 22 28
4242200.000000 4020700.000000 2881.910889 23 28
4242300.000000 4020700.000000 2745.689941 24 28
4242400.000000 4020700.000000 2606.981934 25 28
4242500.000000 4020700.000000 2464.907959 26 28
4242600.000000 4020700.000000 2319.893066 27 28
4242700.000000 4020700.000000 2168.412109 28 28
4242800.000000 4020700.000000 2024.421021 29 28
4242900.000000 4020700.000000 1898.834961 30 28
4240100.000000 4020800.000000 7506.061035 2 29
4240200.000000 4020800.000000 7163.878906 3 29
4240300.000000 4020800.000000 6818.245117 4 29
4240400.000000 4020800.000000 6469.144043 5 29
4240500.000000 4020800.000000 6070.812012 6 29
4240600.000000 4020800.000000 5588.851074 7 29
4240700.000000 4020800.000000 5132.244141 8 29
4240800.000000 4020800.000000 4873.227051 9 29
4240900.000000 4020800.000000 4648.797852 10 29
4241000.000000 4020800.000000 4395.470215 11 29
4241100.000000 4020800.000000 4213.812012 12 29
4241200.000000 4020800.000000 4085.163086 13 29
4241300.000000 4020800.000000 3938.216064 14 29
4241400.000000 4020800.000000 3813.747070 15 29
4241500.000000 4020800.000000 3698.482910 16 29
4241600.000000 4020800.000000 3601.795898 17 29
4241700.000000 4020800.000000 3515.143066 18 29
4241800.000000 4020800.000000 3435.564941 19 29
4241900.000000 4020800.000000 3318.157959 20 29
4242000.000000 4020800.000000 3184.302979 21 29
4242100.000000 4020800.000000 3038.231934 22 29
4242200.000000 4020800.000000 2905.947021 23 29
4242300.000000 4020800.000000 2771.739990 24 29
4242400.000000 4020800.000000 2635.781006 25 29
4242500.000000 4020800.000000 2497.066895 26 29
4242600.000000 4020800.000000 2352.905029 27 29
4242700.000000 4020800.000000 2208.495117 28 29
4242800.000000 4020800.000000 2065.400879 29 29
4242900.000000 4020800.000000 1924.755005 30 29
4240100.000000 4020900.000000 7449.159180 2 30
4240200.000000 4020900.000000 7107.990234 3 30
4240300.000000 4020900.000000 6765.562012 4 30
4240400.000000 4020900.000000 6421.536133 5 30
4240500.000000 4020900.000000 6012.497070 6 30
4240600.000000 4020900.000000 5499.203125 7 30
4240700.000000 4020900.000000 5073.106934 8 30
4240800.000000 4020900.000000 4827.207031 9 30
4240900.000000 4020900.000000 4606.898926 10 30
4241000.000000 4020900.000000 4356.519043 11 30
4241100.000000 4020900.000000 4191.604004 12 30
4241200.000000 4020900.000000 4082.725098 13 30
4241300.000000 4020900.000000 3955.553955 14 30
4241400.000000 4020900.000000 3824.096924 15 30
4241500.000000 4020900.000000 3708.972900 16 30
4241600.000000 4020900.000000 3611.472900 17 30
4241700.000000 4020900.000000 3517.345947 18 30
4241800.000000 4020900.000000 3436.188965 19 30
4241900.000000 4020900.000000 3329.284912 20 30
4242000.000000 4020900.000000 3202.637939 21 30
4242100.000000 4020900.000000 3056.268066 22 30
4242200.000000 4020900.000000 2925.063965 23 30
4242300.000000 4020900.000000 2795.356934 24 30
4242400.000000 4020900.000000 2663.532959 25 30
4242500.000000 4020900.000000 2528.836914 26 30
4242600.000000 4020900.000000 2388.239990 27 30
4242700.000000 4020900.000000 2248.496094 28 30
4240100.000000 4021000.000000 7395.809082 2 31
4240200.000000 4021000.000000 7062.715820 3 31
4240300.000000 4021000.000000 6735.438965 4 31
4240400.000000 4021000.000000 6386.745117 5 31
4240500.000000 4021000.000000 5959.803223 6 31
4240600.000000 4021000.000000 5431.209961 7 31
4240700.000000 4021000.000000 5025.644043 8 31
4240800.000000 4021000.000000 4790.328125 9 31
4240900.000000 4021000.000000 4557.276855 10 31
4241000.000000 4021000.000000 4320.529785 11 31
4241100.000000 4021000.000000 4170.763184 12 31
4241200.000000 4021000.000000 4072.148926 13 31
4241300.000000 4021000.000000 3966.189941 14 31
4241400.000000 4021000.000000 3843.797119 15 31
4241500.000000 4021000.000000 3722.700928 16 31
4241600.000000 4021000.000000 3623.270020 17 31
4241700.000000 4021000.000000 3524.500000 18 31
4241800.000000 4021000.000000 3442.239990 19 31
4241900.000000 4021000.000000 3340.979004 20 31
4242000.000000 4021000.000000 3216.524902 21 31
4242100.000000 4021000.000000 3071.621094 22 31
4242200.000000 4021000.000000 2943.239990 23 31
4242300.000000 4021000.000000 2816.204102 24 31
4242400.000000 4021000.000000 2686.849121 25 31
4240100.000000 4021100.000000 7347.643066 2 32
4240200.000000 4021100.000000 7025.848145 3 32
4240300.000000 4021100.000000 6709.362793 4 32
4240400.000000 4021100.000000 6356.062012 5 32
4240500.000000 4021100.000000 5911.266113 6 32
4240600.000000 4021100.000000 5355.682129 7 32
4240700.000000 4021100.000000 4976.727051 8 32
4240800.000000 4021100.000000 4761.581055 9 32
4240900.000000 4021100.000000 4521.252930 10 32
4241000.000000 4021100.000000 4296.826172 11 32
4241100.000000 4021100.000000 4164.745117 12 32
4241200.000000 4021100.000000 4073.153076 13 32
4241300.000000 4021100.000000 3983.225098 14 32
4240100.000000 4021200.000000 7302.622070 2 33
4240200.000000 4021200.000000 6992.280762 3 33
4240300.000000 4021200.000000 6683.566895 4 33
4240400.000000 4021200.000000 6327.902832 5 33
4240500.000000 4021200.000000 5859.950195 6 33
4240600.000000 4021200.000000 5279.060059 7 33
4240700.000000 4021200.000000 4931.659180 8 33
4240800.000000 4021200.000000 4730.519043 9 33
4240900.000000 4021200.000000 4490.818848 10 33
4241000.000000 4021200.000000 4293.542969 11 33
4240100.000000 4021300.000000 7256.499023 2 34
4240200.000000 4021300.000000 6953.520996 3 34
4240300.000000 4021300.000000 6651.229004 4 34
4240400.000000 4021300.000000 6296.257813 5 34
4240500.000000 4021300.000000 5810.540039 6 34
4240600.000000 4021300.000000 5230.605957 7 34
4240700.000000 4021300.000000 4879.830078 8 34
4240800.000000 4021300.000000 4707.415039 9 34
4240900.000000 4021300.000000 4482.423828 10 34
4240100.000000 4021400.000000 7206.446777 2 35
4240200.000000 4021400.000000 6906.935059 3 35
4240300.000000 4021400.000000 6604.357910 4 35
4240400.000000 4021400.000000 6245.105957 5 35
4240500.000000 4021400.000000 5768.090820 6 35
4240600.000000 4021400.000000 5173.895996 7 35
4240700.000000 4021400.000000 4821.049805 8 35
4240100.000000 4021500.000000 7148.950195 2 36
4240200.000000 4021500.000000 6848.375977 3 36
4240300.000000 4021500.000000 6547.659180 4 36
4240400.000000 4021500.000000 6187.158203 5 36
4240500.000000 4021500.000000 5715.715820 6 36
4240100.000000 4021600.000000 7080.636230 2 37
4240200.000000 4021600.000000 6787.400879 3 37
4240300.000000 4021600.000000 6491.574219 4 37
4240400.000000 4021600.000000 6131.607910 5 37
4240100.000000 4021700.000000 7008.124023 2 38
4240200.000000 4021700.000000 6733.159180 3 38
