# Type: scattered data
# Version: 6
# Description: No description
# Format: free
# Field: 1 x
# Field: 2 y
# Field: 3 z undefined
# Field: 4 column
# Field: 5 row
# Projection: Local Rectangular
# Units: undefined
# End:
# Information from grid:
# Grid_size: 51 x 51
# Grid_space: 4238000.000000,4248000.000000,4016000.000000,4026000.000000
# Scattered data: Not_available
# Z_field: z
# Vertical_faults: Not_available
# History: No history
# Z_units: undefined
4238800.000000 4017000.000000 7190.054199 5 6
4239000.000000 4017000.000000 6905.417969 6 6
4239200.000000 4017000.000000 6540.691895 7 6
4239400.000000 4017000.000000 6150.105957 8 6
4239600.000000 4017000.000000 5729.359863 9 6
4239800.000000 4017000.000000 5311.438965 10 6
4240000.000000 4017000.000000 4823.405762 11 6
4240200.000000 4017000.000000 4268.059082 12 6
4240400.000000 4017000.000000 3609.125000 13 6
4238200.000000 4017200.000000 8595.783203 2 7
4238400.000000 4017200.000000 8273.769531 3 7
4238600.000000 4017200.000000 7959.424805 4 7
4238800.000000 4017200.000000 7648.708008 5 7
4239000.000000 4017200.000000 7348.596191 6 7
4239200.000000 4017200.000000 7018.779785 7 7
4239400.000000 4017200.000000 6626.592773 8 7
4239600.000000 4017200.000000 6226.782227 9 7
4239800.000000 4017200.000000 5807.863770 10 7
4240000.000000 4017200.000000 5355.107910 11 7
4240200.000000 4017200.000000 4915.736816 12 7
4240400.000000 4017200.000000 4471.513184 13 7
4240600.000000 4017200.000000 3720.593994 14 7
4240800.000000 4017200.000000 2664.189941 15 7
4241000.000000 4017200.000000 1386.442993 16 7
4241200.000000 4017200.000000 1586.201050 17 7
4241400.000000 4017200.000000 1634.119995 18 7
4238200.000000 4017400.000000 9244.050781 2 8
4238400.000000 4017400.000000 8880.597656 3 8
4238600.000000 4017400.000000 8508.957031 4 8
4238800.000000 4017400.000000 8136.127930 5 8
4239000.000000 4017400.000000 7799.607910 6 8
4239200.000000 4017400.000000 7453.881836 7 8
4239400.000000 4017400.000000 7068.771973 8 8
4239600.000000 4017400.000000 6642.847168 9 8
4239800.000000 4017400.000000 6189.388184 10 8
4240000.000000 4017400.000000 5675.498047 11 8
4240200.000000 4017400.000000 5215.020996 12 8
4240400.000000 4017400.000000 4841.318848 13 8
4240600.000000 4017400.000000 4296.703125 14 8
4240800.000000 4017400.000000 3431.560059 15 8
4241000.000000 4017400.000000 2671.644043 16 8
4241200.000000 4017400.000000 2361.346924 17 8
4241400.000000 4017400.000000 2047.056030 18 8
4241600.000000 4017400.000000 1712.566040 19 8
4238600.000000 4017600.000000 8983.458984 4 9
4238800.000000 4017600.000000 8610.089844 5 9
4239000.000000 4017600.000000 8253.167969 6 9
4239200.000000 4017600.000000 7871.150879 7 9
4239400.000000 4017600.000000 7451.581055 8 9
4239600.000000 4017600.000000 6993.174805 9 9
4239800.000000 4017600.000000 6487.400879 10 9
4240000.000000 4017600.000000 5948.666992 11 9
4240200.000000 4017600.000000 5422.189941 12 9
4240400.000000 4017600.000000 4991.820801 13 9
4240600.000000 4017600.000000 4521.674805 14 9
4240800.000000 4017600.000000 3963.941895 15 9
4241000.000000 4017600.000000 3490.586914 16 9
4241200.000000 4017600.000000 3096.079102 17 9
4241400.000000 4017600.000000 2481.180908 18 9
4241600.000000 4017600.000000 1933.109009 19 9
4241800.000000 4017600.000000 1644.800049 20 9
4238800.000000 4017800.000000 8923.619141 5 10
4239000.000000 4017800.000000 8603.943359 6 10
4239200.000000 4017800.000000 8224.234375 7 10
4239400.000000 4017800.000000 7763.888184 8 10
4239600.000000 4017800.000000 7262.566895 9 10
4239800.000000 4017800.000000 6719.995117 10 10
4240000.000000 4017800.000000 6148.568848 11 10
4240200.000000 4017800.000000 5604.150879 12 10
4240400.000000 4017800.000000 5079.603027 13 10
4240600.000000 4017800.000000 4525.838867 14 10
4240800.000000 4017800.000000 4130.181152 15 10
4241000.000000 4017800.000000 3751.257080 16 10
4241200.000000 4017800.000000 3267.718018 17 10
4241400.000000 4017800.000000 2750.439941 18 10
4241600.000000 4017800.000000 2325.107910 19 10
4241800.000000 4017800.000000 1987.598999 20 10
4242000.000000 4017800.000000 1658.860962 21 10
4239000.000000 4018000.000000 8793.798828 6 11
4239200.000000 4018000.000000 8446.078125 7 11
4239400.000000 4018000.000000 7991.670898 8 11
4239600.000000 4018000.000000 7455.920898 9 11
4239800.000000 4018000.000000 6878.666992 10 11
4240000.000000 4018000.000000 6292.182129 11 11
4240200.000000 4018000.000000 5753.937988 12 11
4240400.000000 4018000.000000 5219.998047 13 11
4240600.000000 4018000.000000 4688.898926 14 11
4240800.000000 4018000.000000 4262.952148 15 11
4241000.000000 4018000.000000 3927.520996 16 11
4241200.000000 4018000.000000 3445.053955 17 11
4241400.000000 4018000.000000 2964.313965 18 11
4241600.000000 4018000.000000 2654.283936 19 11
4241800.000000 4018000.000000 2273.607910 20 11
4242000.000000 4018000.000000 1919.270996 21 11
4239200.000000 4018200.000000 8594.806641 7 12
4239400.000000 4018200.000000 8163.519043 8 12
4239600.000000 4018200.000000 7606.867188 9 12
4239800.000000 4018200.000000 6975.670898 10 12
4240000.000000 4018200.000000 6364.877930 11 12
4240200.000000 4018200.000000 5861.687988 12 12
4240400.000000 4018200.000000 5381.054199 13 12
4240600.000000 4018200.000000 4871.811035 14 12
4240800.000000 4018200.000000 4397.375977 15 12
4241000.000000 4018200.000000 4047.288086 16 12
4241200.000000 4018200.000000 3664.003906 17 12
4241400.000000 4018200.000000 3310.281006 18 12
4241600.000000 4018200.000000 2839.717041 19 12
4241800.000000 4018200.000000 2391.375000 20 12
4242000.000000 4018200.000000 2058.216064 21 12
4242200.000000 4018200.000000 1786.838013 22 12
4239400.000000 4018400.000000 8352.769531 8 13
4239600.000000 4018400.000000 7756.691895 9 13
4239800.000000 4018400.000000 7077.577148 10 13
4240000.000000 4018400.000000 6449.199219 11 13
4240200.000000 4018400.000000 5959.913086 12 13
4240400.000000 4018400.000000 5512.515137 13 13
4240600.000000 4018400.000000 5008.954102 14 13
4240800.000000 4018400.000000 4527.587891 15 13
4241000.000000 4018400.000000 4204.962891 16 13
4241200.000000 4018400.000000 3911.812012 17 13
4241400.000000 4018400.000000 3498.429932 18 13
4241600.000000 4018400.000000 3081.523926 19 13
4241800.000000 4018400.000000 2651.520996 20 13
4242000.000000 4018400.000000 2187.531006 21 13
4242200.000000 4018400.000000 1937.781006 22 13
4242400.000000 4018400.000000 1716.489014 23 13
4239400.000000 4018600.000000 8516.351563 8 14
4239600.000000 4018600.000000 7890.963867 9 14
4239800.000000 4018600.000000 7230.857910 10 14
4240000.000000 4018600.000000 6620.958008 11 14
4240200.000000 4018600.000000 6089.403809 12 14
4240400.000000 4018600.000000 5619.222168 13 14
4240600.000000 4018600.000000 5139.305176 14 14
4240800.000000 4018600.000000 4704.795898 15 14
4241000.000000 4018600.000000 4370.960938 16 14
4241200.000000 4018600.000000 4072.979980 17 14
4241400.000000 4018600.000000 3636.981934 18 14
4241600.000000 4018600.000000 3206.933105 19 14
4241800.000000 4018600.000000 2803.481934 20 14
4242000.000000 4018600.000000 2404.833008 21 14
4242200.000000 4018600.000000 2127.235107 22 14
4242400.000000 4018600.000000 1938.022949 23 14
4242600.000000 4018600.000000 1719.271973 24 14
4239400.000000 4018800.000000 8635.392578 8 15
4239600.000000 4018800.000000 7993.720215 9 15
4239800.000000 4018800.000000 7365.602051 10 15
4240000.000000 4018800.000000 6764.216797 11 15
4240200.000000 4018800.000000 6206.741211 12 15
4240400.000000 4018800.000000 5704.462891 13 15
4240600.000000 4018800.000000 5248.033203 14 15
4240800.000000 4018800.000000 4848.830078 15 15
4241000.000000 4018800.000000 4510.338867 16 15
4241200.000000 4018800.000000 4194.745117 17 15
4241400.000000 4018800.000000 3819.023926 18 15
4241600.000000 4018800.000000 3375.521973 19 15
4241800.000000 4018800.000000 3009.797119 20 15
4242000.000000 4018800.000000 2604.048096 21 15
4242200.000000 4018800.000000 2333.708984 22 15
4242400.000000 4018800.000000 2227.073975 23 15
4242600.000000 4018800.000000 2031.819946 24 15
4242800.000000 4018800.000000 1723.199951 25 15
4239600.000000 4019000.000000 8089.965820 9 16
4239800.000000 4019000.000000 7476.147949 10 16
4240000.000000 4019000.000000 6886.879883 11 16
4240200.000000 4019000.000000 6326.934082 12 16
4240400.000000 4019000.000000 5814.758789 13 16
4240600.000000 4019000.000000 5364.580078 14 16
4240800.000000 4019000.000000 4973.617188 15 16
4241000.000000 4019000.000000 4634.832031 16 16
4241200.000000 4019000.000000 4301.178223 17 16
4241400.000000 4019000.000000 3912.308105 18 16
4241600.000000 4019000.000000 3461.842041 19 16
4241800.000000 4019000.000000 3151.631104 20 16
4242000.000000 4019000.000000 2853.784912 21 16
4242200.000000 4019000.000000 2668.125977 22 16
4242400.000000 4019000.000000 2604.269043 23 16
4242600.000000 4019000.000000 2415.687988 24 16
4242800.000000 4019000.000000 2037.546021 25 16
4243000.000000 4019000.000000 1701.902954 26 16
4239600.000000 4019200.000000 8193.927734 9 17
4239800.000000 4019200.000000 7598.363770 10 17
4240000.000000 4019200.000000 7025.339844 11 17
4240200.000000 4019200.000000 6468.853027 12 17
4240400.000000 4019200.000000 5951.840820 13 17
4240600.000000 4019200.000000 5491.567871 14 17
4240800.000000 4019200.000000 5090.043945 15 17
4241000.000000 4019200.000000 4748.940918 16 17
4241200.000000 4019200.000000 4427.119141 17 17
4241400.000000 4019200.000000 4068.125000 18 17
4241600.000000 4019200.000000 3681.617920 19 17
4241800.000000 4019200.000000 3403.750000 20 17
4242000.000000 4019200.000000 3174.523926 21 17
4242200.000000 4019200.000000 3016.757080 22 17
4242400.000000 4019200.000000 2911.436035 23 17
4242600.000000 4019200.000000 2649.841064 24 17
4242800.000000 4019200.000000 2276.124023 25 17
4243000.000000 4019200.000000 1959.635986 26 17
4243200.000000 4019200.000000 1682.818970 27 17
4239600.000000 4019400.000000 8326.992188 9 18
4239800.000000 4019400.000000 7734.353027 10 18
4240000.000000 4019400.000000 7173.579102 11 18
4240200.000000 4019400.000000 6621.856934 12 18
4240400.000000 4019400.000000 6094.899902 13 18
4240600.000000 4019400.000000 5625.984863 14 18
4240800.000000 4019400.000000 5207.362793 15 18
4241000.000000 4019400.000000 4876.330078 16 18
4241200.000000 4019400.000000 4589.928223 17 18
4241400.000000 4019400.000000 4288.326172 18 18
4241600.000000 4019400.000000 3974.647949 19 18
4241800.000000 4019400.000000 3696.853027 20 18
4242000.000000 4019400.000000 3463.517090 21 18
4242200.000000 4019400.000000 3230.792969 22 18
4242400.000000 4019400.000000 2996.574951 23 18
4242600.000000 4019400.000000 2765.779053 24 18
4242800.000000 4019400.000000 2453.941895 25 18
4243000.000000 4019400.000000 2193.545898 26 18
4243200.000000 4019400.000000 1977.433960 27 18
4243400.000000 4019400.000000 1729.295044 28 18
4239600.000000 4019600.000000 8497.210938 9 19
4239800.000000 4019600.000000 7900.344238 10 19
4240000.000000 4019600.000000 7347.792969 11 19
4240200.000000 4019600.000000 6792.541016 12 19
4240400.000000 4019600.000000 6251.168945 13 19
4240600.000000 4019600.000000 5771.391113 14 19
4240800.000000 4019600.000000 5376.729980 15 19
4241000.000000 4019600.000000 5055.233887 16 19
4241200.000000 4019600.000000 4778.730957 17 19
4241400.000000 4019600.000000 4503.549805 18 19
4241600.000000 4019600.000000 4206.021973 19 19
4241800.000000 4019600.000000 3921.354980 20 19
4242000.000000 4019600.000000 3681.102051 21 19
4242200.000000 4019600.000000 3420.571045 22 19
4242400.000000 4019600.000000 3136.602051 23 19
4242600.000000 4019600.000000 2962.729980 24 19
4242800.000000 4019600.000000 2675.683105 25 19
4243000.000000 4019600.000000 2414.854004 26 19
4243200.000000 4019600.000000 2199.125000 27 19
4243400.000000 4019600.000000 1962.588989 28 19
4239600.000000 4019800.000000 8732.236328 9 20
4239800.000000 4019800.000000 8153.715820 10 20
4240000.000000 4019800.000000 7576.368164 11 20
4240200.000000 4019800.000000 7004.262207 12 20
4240400.000000 4019800.000000 6432.069824 13 20
4240600.000000 4019800.000000 5931.991211 14 20
4240800.000000 4019800.000000 5559.173828 15 20
4241000.000000 4019800.000000 5259.151855 16 20
4241200.000000 4019800.000000 4984.814941 17 20
4241400.000000 4019800.000000 4706.573242 18 20
4241600.000000 4019800.000000 4419.377930 19 20
4241800.000000 4019800.000000 4128.268066 20 20
4242000.000000 4019800.000000 3880.135986 21 20
4242200.000000 4019800.000000 3643.826904 22 20
4242400.000000 4019800.000000 3397.241943 23 20
4242600.000000 4019800.000000 3165.491943 24 20
4242800.000000 4019800.000000 2904.731934 25 20
4243000.000000 4019800.000000 2639.895996 26 20
4243200.000000 4019800.000000 2379.746094 27 20
4243400.000000 4019800.000000 2115.104004 28 20
4243600.000000 4019800.000000 1856.145996 29 20
4239600.000000 4020000.000000 9015.568359 9 21
4239800.000000 4020000.000000 8441.623047 10 21
4240000.000000 4020000.000000 7861.875977 11 21
4240200.000000 4020000.000000 7289.246094 12 21
4240400.000000 4020000.000000 6684.087891 13 21
4240600.000000 4020000.000000 6166.755859 14 21
4240800.000000 4020000.000000 5804.604004 15 21
4241000.000000 4020000.000000 5509.598145 16 21
4241200.000000 4020000.000000 5222.713867 17 21
4241400.000000 4020000.000000 4924.140137 18 21
4241600.000000 4020000.000000 4631.793945 19 21
4241800.000000 4020000.000000 4326.529785 20 21
4242000.000000 4020000.000000 4072.487061 21 21
4242200.000000 4020000.000000 3863.773926 22 21
4242400.000000 4020000.000000 3632.535889 23 21
4242600.000000 4020000.000000 3388.408936 24 21
4242800.000000 4020000.000000 3128.065918 25 21
4243000.000000 4020000.000000 2846.664063 26 21
4243200.000000 4020000.000000 2542.410889 27 21
4243400.000000 4020000.000000 2236.551025 28 21
4243600.000000 4020000.000000 1997.839966 29 21
4243800.000000 4020000.000000 1739.446045 30 21
4239600.000000 4020200.000000 9357.681641 9 22
4239800.000000 4020200.000000 8806.560547 10 22
4240000.000000 4020200.000000 8248.230469 11 22
4240200.000000 4020200.000000 7681.458008 12 22
4240400.000000 4020200.000000 7104.115234 13 22
4240600.000000 4020200.000000 6580.112793 14 22
4240800.000000 4020200.000000 6171.280762 15 22
4241000.000000 4020200.000000 5835.007813 16 22
4241200.000000 4020200.000000 5520.647949 17 22
4241400.000000 4020200.000000 5201.643066 18 22
4241600.000000 4020200.000000 4887.297852 19 22
4241800.000000 4020200.000000 4564.940918 20 22
4242000.000000 4020200.000000 4291.559082 21 22
4242200.000000 4020200.000000 4079.725098 22 22
4242400.000000 4020200.000000 3860.003906 23 22
4242600.000000 4020200.000000 3608.843018 24 22
4242800.000000 4020200.000000 3337.977051 25 22
4243000.000000 4020200.000000 3047.662109 26 22
4243200.000000 4020200.000000 2724.664063 27 22
4243400.000000 4020200.000000 2397.190918 28 22
4243600.000000 4020200.000000 2127.916992 29 22
4243800.000000 4020200.000000 1859.802979 30 22
4239800.000000 4020400.000000 9221.466797 10 23
4240000.000000 4020400.000000 8672.029297 11 23
4240200.000000 4020400.000000 8122.416016 12 23
4240400.000000 4020400.000000 7552.428223 13 23
4240600.000000 4020400.000000 7034.470215 14 23
4240800.000000 4020400.000000 6594.224121 15 23
4241000.000000 4020400.000000 6209.730957 16 23
4241200.000000 4020400.000000 5859.051758 17 23
4241400.000000 4020400.000000 5519.721191 18 23
4241600.000000 4020400.000000 5183.875977 19 23
4241800.000000 4020400.000000 4857.295898 20 23
4242000.000000 4020400.000000 4540.824219 21 23
4242200.000000 4020400.000000 4298.748047 22 23
4242400.000000 4020400.000000 4081.883057 23 23
4242600.000000 4020400.000000 3824.428955 24 23
4242800.000000 4020400.000000 3545.871094 25 23
4243000.000000 4020400.000000 3254.375977 26 23
4243200.000000 4020400.000000 2937.864014 27 23
4243400.000000 4020400.000000 2598.617920 28 23
4243600.000000 4020400.000000 2279.906006 29 23
4243800.000000 4020400.000000 1991.536987 30 23
4244000.000000 4020400.000000 1707.427002 31 23
4240000.000000 4020600.000000 9095.832031 11 24
4240200.000000 4020600.000000 8558.152344 12 24
4240400.000000 4020600.000000 8020.655762 13 24
4240600.000000 4020600.000000 7503.911133 14 24
4240800.000000 4020600.000000 7034.551758 15 24
4241000.000000 4020600.000000 6604.815918 16 24
4241200.000000 4020600.000000 6213.158203 17 24
4241400.000000 4020600.000000 5838.746094 18 24
4241600.000000 4020600.000000 5475.416016 19 24
4241800.000000 4020600.000000 5128.600098 20 24
4242000.000000 4020600.000000 4789.479980 21 24
4242200.000000 4020600.000000 4515.702148 22 24
4242400.000000 4020600.000000 4289.145996 23 24
4242600.000000 4020600.000000 4031.260010 24 24
4242800.000000 4020600.000000 3753.662109 25 24
4243000.000000 4020600.000000 3459.552002 26 24
4243200.000000 4020600.000000 3135.431885 27 24
4243400.000000 4020600.000000 2768.303955 28 24
4243600.000000 4020600.000000 2409.416016 29 24
4243800.000000 4020600.000000 2126.306885 30 24
4244000.000000 4020600.000000 1865.239990 31 24
4240400.000000 4020800.000000 8499.710938 13 25
4240600.000000 4020800.000000 7971.810059 14 25
4240800.000000 4020800.000000 7480.687988 15 25
4241000.000000 4020800.000000 7019.062012 16 25
4241200.000000 4020800.000000 6585.504883 17 25
4241400.000000 4020800.000000 6166.124023 18 25
4241600.000000 4020800.000000 5759.807129 19 25
4241800.000000 4020800.000000 5361.889160 20 25
4242000.000000 4020800.000000 4985.465820 21 25
4242200.000000 4020800.000000 4718.142090 22 25
4242400.000000 4020800.000000 4491.149902 23 25
4242600.000000 4020800.000000 4235.837891 24 25
4242800.000000 4020800.000000 3959.085938 25 25
4243000.000000 4020800.000000 3664.331055 26 25
4243200.000000 4020800.000000 3330.382080 27 25
4243400.000000 4020800.000000 2941.771973 28 25
4243600.000000 4020800.000000 2535.931885 29 25
4243800.000000 4020800.000000 2280.029053 30 25
4244000.000000 4020800.000000 2029.994019 31 25
4244200.000000 4020800.000000 1742.437988 32 25
4240600.000000 4021000.000000 8416.703125 14 26
4240800.000000 4021000.000000 7928.012207 15 26
4241000.000000 4021000.000000 7448.158203 16 26
4241200.000000 4021000.000000 6984.769043 17 26
4241400.000000 4021000.000000 6526.660156 18 26
4241600.000000 4021000.000000 6081.883789 19 26
4241800.000000 4021000.000000 5647.914063 20 26
4242000.000000 4021000.000000 5228.584961 21 26
4242200.000000 4021000.000000 4929.733887 22 26
4242400.000000 4021000.000000 4688.252930 23 26
4242600.000000 4021000.000000 4439.235840 24 26
4242800.000000 4021000.000000 4167.446777 25 26
4243000.000000 4021000.000000 3875.024902 26 26
4243200.000000 4021000.000000 3552.710938 27 26
4243400.000000 4021000.000000 3190.275879 28 26
4243600.000000 4021000.000000 2822.489990 29 26
4243800.000000 4021000.000000 2512.909912 30 26
4244000.000000 4021000.000000 2217.928955 31 26
4244200.000000 4021000.000000 1916.639038 32 26
4240800.000000 4021200.000000 8364.296875 15 27
4241000.000000 4021200.000000 7880.612793 16 27
4241200.000000 4021200.000000 7402.153809 17 27
4241400.000000 4021200.000000 6931.920898 18 27
4241600.000000 4021200.000000 6468.399902 19 27
4241800.000000 4021200.000000 6016.058105 20 27
4242000.000000 4021200.000000 5558.309082 21 27
4242200.000000 4021200.000000 5183.747070 22 27
4242400.000000 4021200.000000 4899.423828 23 27
4242600.000000 4021200.000000 4642.416992 24 27
4242800.000000 4021200.000000 4376.748047 25 27
4243000.000000 4021200.000000 4093.451904 26 27
4243200.000000 4021200.000000 3788.923096 27 27
4243400.000000 4021200.000000 3459.386963 28 27
4243600.000000 4021200.000000 3113.437012 29 27
4243800.000000 4021200.000000 2764.514893 30 27
4244000.000000 4021200.000000 2418.297119 31 27
4244200.000000 4021200.000000 2107.459961 32 27
4244400.000000 4021200.000000 1793.932007 33 27
4241000.000000 4021400.000000 8310.257813 16 28
4241200.000000 4021400.000000 7828.154785 17 28
4241400.000000 4021400.000000 7350.627930 18 28
4241600.000000 4021400.000000 6879.856934 19 28
4241800.000000 4021400.000000 6418.165039 20 28
4242000.000000 4021400.000000 5955.186035 21 28
4242200.000000 4021400.000000 5490.560059 22 28
4242400.000000 4021400.000000 5134.594238 23 28
4242600.000000 4021400.000000 4849.855957 24 28
4242800.000000 4021400.000000 4586.112793 25 28
4243000.000000 4021400.000000 4314.261230 26 28
4243200.000000 4021400.000000 4023.585938 27 28
4243400.000000 4021400.000000 3711.696045 28 28
4243600.000000 4021400.000000 3377.781006 29 28
4243800.000000 4021400.000000 3021.781982 30 28
4244000.000000 4021400.000000 2660.825928 31 28
4244200.000000 4021400.000000 2337.936035 32 28
4244400.000000 4021400.000000 2015.524048 33 28
4244600.000000 4021400.000000 1682.000977 34 28
4241200.000000 4021600.000000 8256.369141 17 29
4241400.000000 4021600.000000 7775.976074 18 29
4241600.000000 4021600.000000 7298.008789 19 29
4241800.000000 4021600.000000 6827.615234 20 29
4242000.000000 4021600.000000 6366.192871 21 29
4242200.000000 4021600.000000 5893.984863 22 29
4242400.000000 4021600.000000 5428.211914 23 29
4242600.000000 4021600.000000 5080.376953 24 29
4242800.000000 4021600.000000 4799.729004 25 29
4243000.000000 4021600.000000 4533.518066 26 29
4243200.000000 4021600.000000 4251.437012 27 29
4243400.000000 4021600.000000 3948.697021 28 29
4243600.000000 4021600.000000 3628.693115 29 29
4243800.000000 4021600.000000 3291.179932 30 29
4244000.000000 4021600.000000 2945.520996 31 29
4244200.000000 4021600.000000 2606.989990 32 29
4244400.000000 4021600.000000 2266.584961 33 29
4244600.000000 4021600.000000 1920.229004 34 29
4241400.000000 4021800.000000 8202.652344 18 30
4241600.000000 4021800.000000 7722.698242 19 30
4241800.000000 4021800.000000 7245.240234 20 30
4242000.000000 4021800.000000 6775.063965 21 30
4242200.000000 4021800.000000 6309.723145 22 30
4242400.000000 4021800.000000 5823.412109 23 30
4242600.000000 4021800.000000 5366.202148 24 30
4242800.000000 4021800.000000 5033.020020 25 30
4243000.000000 4021800.000000 4749.965820 26 30
4243200.000000 4021800.000000 4463.145996 27 30
4243400.000000 4021800.000000 4163.641113 28 30
4243600.000000 4021800.000000 3863.081055 29 30
4243800.000000 4021800.000000 3552.422119 30 30
4244000.000000 4021800.000000 3224.198975 31 30
4244200.000000 4021800.000000 2883.662109 32 30
4244400.000000 4021800.000000 2533.381104 33 30
4244600.000000 4021800.000000 2175.811035 34 30
4244800.000000 4021800.000000 1821.615967 35 30
4241400.000000 4022000.000000 8629.464844 18 31
4241600.000000 4022000.000000 8149.387207 19 31
4241800.000000 4022000.000000 7669.416016 20 31
4242000.000000 4022000.000000 7191.921875 21 31
4242200.000000 4022000.000000 6721.073242 22 31
4242400.000000 4022000.000000 6244.744141 23 31
4242600.000000 4022000.000000 5752.709961 24 31
4242800.000000 4022000.000000 5315.448242 25 31
4243000.000000 4022000.000000 4978.774902 26 31
4243200.000000 4022000.000000 4659.101074 27 31
4243400.000000 4022000.000000 4348.582031 28 31
4243600.000000 4022000.000000 4078.519043 29 31
4243800.000000 4022000.000000 3804.011963 30 31
4244000.000000 4022000.000000 3495.967041 31 31
4244200.000000 4022000.000000 3160.220947 32 31
4244400.000000 4022000.000000 2808.356934 33 31
4244600.000000 4022000.000000 2446.143066 34 31
4244800.000000 4022000.000000 2080.185059 35 31
4245000.000000 4022000.000000 1735.302979 36 31
4241600.000000 4022200.000000 8575.548828 19 32
4241800.000000 4022200.000000 8095.704102 20 32
4242000.000000 4022200.000000 7617.925781 21 32
4242200.000000 4022200.000000 7140.235840 22 32
4242400.000000 4022200.000000 6662.575195 23 32
4242600.000000 4022200.000000 6176.127930 24 32
4242800.000000 4022200.000000 5684.746094 25 32
4243000.000000 4022200.000000 5263.144043 26 32
4243200.000000 4022200.000000 4887.418945 27 32
4243400.000000 4022200.000000 4541.999023 28 32
4243600.000000 4022200.000000 4308.869141 29 32
4243800.000000 4022200.000000 4063.855957 30 32
4244000.000000 4022200.000000 3770.964111 31 32
4244200.000000 4022200.000000 3441.175049 32 32
4244400.000000 4022200.000000 3092.951904 33 32
4244600.000000 4022200.000000 2735.089111 34 32
4244800.000000 4022200.000000 2373.791992 35 32
4245000.000000 4022200.000000 2018.607056 36 32
4245200.000000 4022200.000000 1670.334961 37 32
4241800.000000 4022400.000000 8521.181641 20 33
4242000.000000 4022400.000000 8043.142090 21 33
4242200.000000 4022400.000000 7565.903809 22 33
4242400.000000 4022400.000000 7087.121094 23 33
4242600.000000 4022400.000000 6600.127930 24 33
4242800.000000 4022400.000000 6103.018066 25 33
4243000.000000 4022400.000000 5629.303223 26 33
4243200.000000 4022400.000000 5214.482910 27 33
4243400.000000 4022400.000000 4868.637207 28 33
4243600.000000 4022400.000000 4603.209961 29 33
4243800.000000 4022400.000000 4347.175781 30 33
4244000.000000 4022400.000000 4054.936035 31 33
4244200.000000 4022400.000000 3729.596924 32 33
4244400.000000 4022400.000000 3387.298096 33 33
4244600.000000 4022400.000000 3036.034912 34 33
4244800.000000 4022400.000000 2677.958984 35 33
4245000.000000 4022400.000000 2316.116943 36 33
4245200.000000 4022400.000000 1957.605957 37 33
4245400.000000 4022400.000000 1611.250000 38 33
4242000.000000 4022600.000000 8466.880859 21 34
4242200.000000 4022600.000000 7990.490234 22 34
4242400.000000 4022600.000000 7514.711914 23 34
4242600.000000 4022600.000000 7033.065918 24 34
4242800.000000 4022600.000000 6532.573242 25 34
4243000.000000 4022600.000000 6046.345215 26 34
4243200.000000 4022600.000000 5604.226074 27 34
4243400.000000 4022600.000000 5229.083984 28 34
4243600.000000 4022600.000000 4922.828125 29 34
4243800.000000 4022600.000000 4641.574219 30 34
4244000.000000 4022600.000000 4344.995117 31 34
4244200.000000 4022600.000000 4025.575928 32 34
4244400.000000 4022600.000000 3690.781006 33 34
4244600.000000 4022600.000000 3345.596924 34 34
4244800.000000 4022600.000000 2990.639893 35 34
4245000.000000 4022600.000000 2626.439941 36 34
4245200.000000 4022600.000000 2257.802979 37 34
4245400.000000 4022600.000000 1899.829956 38 34
4245600.000000 4022600.000000 1559.371948 39 34
4242200.000000 4022800.000000 8413.097656 22 35
4242400.000000 4022800.000000 7937.929199 23 35
4242600.000000 4022800.000000 7457.445801 24 35
4242800.000000 4022800.000000 6960.029785 25 35
4243000.000000 4022800.000000 6474.169922 26 35
4243200.000000 4022800.000000 6022.715820 27 35
4243400.000000 4022800.000000 5609.524902 28 35
4243600.000000 4022800.000000 5253.770020 29 35
4243800.000000 4022800.000000 4943.688965 30 35
4244000.000000 4022800.000000 4641.648926 31 35
4244200.000000 4022800.000000 4329.141113 32 35
4244400.000000 4022800.000000 4002.729980 33 35
4244600.000000 4022800.000000 3663.470947 34 35
4244800.000000 4022800.000000 3312.434082 35 35
4245000.000000 4022800.000000 2950.918945 36 35
4245200.000000 4022800.000000 2582.821045 37 35
4245400.000000 4022800.000000 2218.189941 38 35
4245600.000000 4022800.000000 1866.787964 39 35
4242400.000000 4023000.000000 8358.810547 23 36
4242600.000000 4023000.000000 7885.363770 24 36
4242800.000000 4023000.000000 7388.585938 25 36
4243000.000000 4023000.000000 6900.060059 26 36
4243200.000000 4023000.000000 6443.972168 27 36
4243400.000000 4023000.000000 6020.442871 28 36
4243600.000000 4023000.000000 5622.901855 29 36
4243800.000000 4023000.000000 5271.206055 30 36
4244000.000000 4023000.000000 4953.754883 31 36
4244200.000000 4023000.000000 4641.854980 32 36
4244400.000000 4023000.000000 4321.687012 33 36
4244600.000000 4023000.000000 3988.506104 34 36
4244800.000000 4023000.000000 3642.395996 35 36
4245000.000000 4023000.000000 3285.579102 36 36
4245200.000000 4023000.000000 2921.300049 37 36
4245400.000000 4023000.000000 2554.188965 38 36
4245600.000000 4023000.000000 2189.157959 39 36
4245800.000000 4023000.000000 1834.666992 40 36
4242600.000000 4023200.000000 8294.933594 24 37
4242800.000000 4023200.000000 7811.660156 25 37
4243000.000000 4023200.000000 7322.442871 26 37
4243200.000000 4023200.000000 6862.796875 27 37
4243400.000000 4023200.000000 6435.895996 28 37
4243600.000000 4023200.000000 6031.832031 29 37
4243800.000000 4023200.000000 5644.959961 30 37
4244000.000000 4023200.000000 5294.645996 31 37
4244200.000000 4023200.000000 4969.185059 32 37
4244400.000000 4023200.000000 4648.250977 33 37
4244600.000000 4023200.000000 4319.766113 34 37
4244800.000000 4023200.000000 3979.230957 35 37
4245000.000000 4023200.000000 3627.343994 36 37
4245200.000000 4023200.000000 3266.679932 37 37
4245400.000000 4023200.000000 2899.293945 38 37
4245600.000000 4023200.000000 2527.043945 39 37
4245800.000000 4023200.000000 2157.562988 40 37
4246000.000000 4023200.000000 1813.421997 41 37
4242800.000000 4023400.000000 8217.203125 25 38
4243000.000000 4023400.000000 7736.645020 26 38
4243200.000000 4023400.000000 7281.819824 27 38
4243400.000000 4023400.000000 6854.449219 28 38
4243600.000000 4023400.000000 6447.050781 29 38
4243800.000000 4023400.000000 6053.941895 30 38
4244000.000000 4023400.000000 5674.290039 31 38
4244200.000000 4023400.000000 5320.785156 32 38
4244400.000000 4023400.000000 4987.476074 33 38
4244600.000000 4023400.000000 4658.544922 34 38
4244800.000000 4023400.000000 4322.277832 35 38
4245000.000000 4023400.000000 3974.995117 36 38
4245200.000000 4023400.000000 3617.840088 37 38
4245400.000000 4023400.000000 3252.839111 38 38
4245600.000000 4023400.000000 2881.496094 39 38
4245800.000000 4023400.000000 2509.121094 40 38
4246000.000000 4023400.000000 2150.208008 41 38
4246200.000000 4023400.000000 1811.353027 42 38
4242800.000000 4023600.000000 8625.488281 25 39
4243000.000000 4023600.000000 8153.208984 26 39
4243200.000000 4023600.000000 7703.027832 27 39
4243400.000000 4023600.000000 7274.750000 28 39
4243600.000000 4023600.000000 6863.755859 29 39
4243800.000000 4023600.000000 6466.223145 30 39
4244000.000000 4023600.000000 6079.919922 31 39
4244200.000000 4023600.000000 5704.449219 32 39
4244400.000000 4023600.000000 5347.586914 33 39
4244600.000000 4023600.000000 5008.981934 34 39
4244800.000000 4023600.000000 4671.997070 35 39
4245000.000000 4023600.000000 4327.442871 36 39
4245200.000000 4023600.000000 3973.624023 37 39
4245400.000000 4023600.000000 3612.783936 38 39
4245600.000000 4023600.000000 3246.737061 39 39
4245800.000000 4023600.000000 2877.550049 40 39
4246000.000000 4023600.000000 2510.902100 41 39
4246200.000000 4023600.000000 2154.414063 42 39
4246400.000000 4023600.000000 1819.156982 43 39
4243000.000000 4023800.000000 8594.349609 26 40
4243200.000000 4023800.000000 8134.297852 27 40
4243400.000000 4023800.000000 7694.670898 28 40
4243600.000000 4023800.000000 7278.206055 29 40
4243800.000000 4023800.000000 6877.507813 30 40
4244000.000000 4023800.000000 6486.770996 31 40
4244200.000000 4023800.000000 6105.229980 32 40
4244400.000000 4023800.000000 5733.162109 33 40
4244600.000000 4023800.000000 5375.841797 34 40
4244800.000000 4023800.000000 5030.478027 35 40
4245000.000000 4023800.000000 4684.182129 36 40
4245200.000000 4023800.000000 4332.362793 37 40
4245400.000000 4023800.000000 3976.914063 38 40
4245600.000000 4023800.000000 3618.409912 39 40
4245800.000000 4023800.000000 3254.747070 40 40
4246000.000000 4023800.000000 2888.222900 41 40
4246200.000000 4023800.000000 2526.797119 42 40
4246400.000000 4023800.000000 2180.332031 43 40
4246600.000000 4023800.000000 1845.152954 44 40
4246800.000000 4023800.000000 1514.904053 45 40
4243200.000000 4024000.000000 8571.640625 27 41
4243400.000000 4024000.000000 8118.035156 28 41
4243600.000000 4024000.000000 7687.158203 29 41
4243800.000000 4024000.000000 7280.692871 30 41
4244000.000000 4024000.000000 6890.061035 31 41
4244200.000000 4024000.000000 6505.292969 32 41
4244400.000000 4024000.000000 6128.305176 33 41
4244600.000000 4024000.000000 5759.309082 34 41
4244800.000000 4024000.000000 5400.154785 35 41
4245000.000000 4024000.000000 5045.342773 36 41
4245200.000000 4024000.000000 4692.240234 37 41
4245400.000000 4024000.000000 4342.916016 38 41
4245600.000000 4024000.000000 3994.779053 39 41
4245800.000000 4024000.000000 3637.260986 40 41
4246000.000000 4024000.000000 3271.497070 41 41
4246200.000000 4024000.000000 2910.343018 42 41
4246400.000000 4024000.000000 2558.354004 43 41
4246600.000000 4024000.000000 2213.961914 44 41
4246800.000000 4024000.000000 1875.727051 45 41
4247000.000000 4024000.000000 1567.391968 46 41
4243400.000000 4024200.000000 8553.548828 28 42
4243600.000000 4024200.000000 8103.234863 29 42
4243800.000000 4024200.000000 7677.062012 30 42
4244000.000000 4024200.000000 7282.187012 31 42
4244200.000000 4024200.000000 6900.840820 32 42
4244400.000000 4024200.000000 6521.411133 33 42
4244600.000000 4024200.000000 6147.634766 34 42
4244800.000000 4024200.000000 5775.291992 35 42
4245000.000000 4024200.000000 5410.101074 36 42
4245200.000000 4024200.000000 5051.286133 37 42
4245400.000000 4024200.000000 4705.631836 38 42
4245600.000000 4024200.000000 4367.692871 39 42
4245800.000000 4024200.000000 4015.638916 40 42
4246000.000000 4024200.000000 3649.818115 41 42
4246200.000000 4024200.000000 3290.927979 42 42
4246400.000000 4024200.000000 2940.389893 43 42
4246600.000000 4024200.000000 2595.517090 44 42
4246800.000000 4024200.000000 2259.795898 45 42
4247000.000000 4024200.000000 1978.775024 46 42
4243600.000000 4024400.000000 8541.929688 29 43
4243800.000000 4024400.000000 8088.755859 30 43
4244000.000000 4024400.000000 7673.056152 31 43
4244200.000000 4024400.000000 7289.895020 32 43
4244400.000000 4024400.000000 6913.613770 33 43
4244600.000000 4024400.000000 6536.662109 34 43
4244800.000000 4024400.000000 6156.449219 35 43
4245000.000000 4024400.000000 5781.083008 36 43
4245200.000000 4024400.000000 5413.956055 37 43
4245400.000000 4024400.000000 5063.443848 38 43
4245600.000000 4024400.000000 4722.342773 39 43
4245800.000000 4024400.000000 4374.215820 40 43
4246000.000000 4024400.000000 4018.221924 41 43
4246200.000000 4024400.000000 3666.303955 42 43
4246400.000000 4024400.000000 3321.517090 43 43
4246600.000000 4024400.000000 2983.126953 44 43
4243800.000000 4024600.000000 8539.767578 30 44
4244000.000000 4024600.000000 8092.208984 31 44
4244200.000000 4024600.000000 7693.694824 32 44
4244400.000000 4024600.000000 7315.467773 33 44
4244600.000000 4024600.000000 6936.583008 34 44
4244800.000000 4024600.000000 6553.289063 35 44
4245000.000000 4024600.000000 6171.015137 36 44
4245200.000000 4024600.000000 5793.785156 37 44
4245400.000000 4024600.000000 5429.645996 38 44
4245600.000000 4024600.000000 5080.708984 39 44
4245800.000000 4024600.000000 4733.377930 40 44
4246000.000000 4024600.000000 4385.362793 41 44
4246200.000000 4024600.000000 4040.544922 42 44
4246400.000000 4024600.000000 3700.417969 43 44
4244000.000000 4024800.000000 8552.496094 31 45
4244200.000000 4024800.000000 8129.696777 32 45
4244400.000000 4024800.000000 7736.262207 33 45
4244600.000000 4024800.000000 7350.491211 34 45
4244800.000000 4024800.000000 6962.953125 35 45
4245000.000000 4024800.000000 6573.619141 36 45
4245200.000000 4024800.000000 6188.855957 37 45
4245400.000000 4024800.000000 5814.895020 38 45
4245600.000000 4024800.000000 5453.685059 39 45
4245800.000000 4024800.000000 5102.071777 40 45
4246000.000000 4024800.000000 4756.894043 41 45
4246200.000000 4024800.000000 4415.900879 42 45
4244200.000000 4025000.000000 8577.375000 32 46
4244400.000000 4025000.000000 8170.575195 33 46
4244600.000000 4025000.000000 7775.966797 34 46
4244800.000000 4025000.000000 7382.860840 35 46
4245000.000000 4025000.000000 6986.750977 36 46
4245200.000000 4025000.000000 6594.358887 37 46
4245400.000000 4025000.000000 6208.395996 38 46
4245600.000000 4025000.000000 5837.126953 39 46
4245800.000000 4025000.000000 5479.038086 40 46
4246000.000000 4025000.000000 5131.624023 41 46
4244600.000000 4025200.000000 8202.855469 34 47
4244800.000000 4025200.000000 7807.536133 35 47
4245000.000000 4025200.000000 7408.598145 36 47
4245200.000000 4025200.000000 7008.232910 37 47
4245400.000000 4025200.000000 6613.411133 38 47
4245600.000000 4025200.000000 6230.437012 39 47
4245800.000000 4025200.000000 5861.397949 40 47
4246000.000000 4025200.000000 5506.095215 41 47
4244800.000000 4025400.000000 8228.291016 35 48
4245000.000000 4025400.000000 7832.993164 36 48
4245200.000000 4025400.000000 7430.062988 37 48
4245400.000000 4025400.000000 7027.935059 38 48
4245600.000000 4025400.000000 6639.051758 39 48
4245800.000000 4025400.000000 6264.505859 40 48
4245000.000000 4025600.000000 8250.117188 36 49
4245200.000000 4025600.000000 7852.683105 37 49
4245400.000000 4025600.000000 7447.078125 38 49
4245600.000000 4025600.000000 7048.549805 39 49
