# Type: scattered data
# Version: 6
# Description: No description
# Format: free
# Field: 1 x
# Field: 2 y
# Field: 3 z undefined
# Field: 4 column
# Field: 5 row
# Projection: Local Rectangular
# Units: undefined
# End:
# Information from grid:
# Grid_size: 45 x 83
# Grid_space: 4241250.000000,4245650.000000,4012818.000000,4021018.000000
# Scattered data: Not_available
# Z_field: z
# Vertical_faults: Not_available
# History: No history
# Z_units: undefined
4243350.000000 4012818.000000 1621.402954 22 1
4243450.000000 4012818.000000 1829.130005 23 1
4243350.000000 4012918.000000 1682.515991 22 2
4243450.000000 4012918.000000 1904.399048 23 2
4243550.000000 4012918.000000 2100.042969 24 2
4243650.000000 4012918.000000 2270.784912 25 2
4243750.000000 4012918.000000 2436.654053 26 2
4243850.000000 4012918.000000 2607.322998 27 2
4243950.000000 4012918.000000 2784.230957 28 2
4244050.000000 4012918.000000 2967.602051 29 2
4243250.000000 4013018.000000 1516.916992 21 3
4243350.000000 4013018.000000 1752.161987 22 3
4243450.000000 4013018.000000 1977.473999 23 3
4243550.000000 4013018.000000 2167.250977 24 3
4243650.000000 4013018.000000 2334.272949 25 3
4243750.000000 4013018.000000 2496.419922 26 3
4243850.000000 4013018.000000 2665.635010 27 3
4243950.000000 4013018.000000 2841.373047 28 3
4244050.000000 4013018.000000 3025.178955 29 3
4245350.000000 4013018.000000 6167.845215 42 3
4245450.000000 4013018.000000 6392.244141 43 3
4243250.000000 4013118.000000 1596.448975 21 4
4243350.000000 4013118.000000 1835.430054 22 4
4243450.000000 4013118.000000 2056.090088 23 4
4243550.000000 4013118.000000 2236.472900 24 4
4243650.000000 4013118.000000 2398.282959 25 4
4243750.000000 4013118.000000 2560.208008 26 4
4243850.000000 4013118.000000 2725.886963 27 4
4243950.000000 4013118.000000 2899.477051 28 4
4244050.000000 4013118.000000 3082.799072 29 4
4244150.000000 4013118.000000 3277.008057 30 4
4245150.000000 4013118.000000 5868.888184 40 4
4245250.000000 4013118.000000 6064.264160 41 4
4245350.000000 4013118.000000 6278.569824 42 4
4245450.000000 4013118.000000 6487.087891 43 4
4243250.000000 4013218.000000 1685.168945 21 5
4243350.000000 4013218.000000 1924.531006 22 5
4243450.000000 4013218.000000 2131.096924 23 5
4243550.000000 4013218.000000 2303.844971 24 5
4243650.000000 4013218.000000 2461.957031 25 5
4243750.000000 4013218.000000 2620.696045 26 5
4243850.000000 4013218.000000 2783.938965 27 5
4243950.000000 4013218.000000 2956.229004 28 5
4244050.000000 4013218.000000 3138.309082 29 5
4244150.000000 4013218.000000 3335.266113 30 5
4244250.000000 4013218.000000 3551.113037 31 5
4244950.000000 4013218.000000 5528.636230 38 5
4245050.000000 4013218.000000 5767.167969 39 5
4245150.000000 4013218.000000 5970.069824 40 5
4245250.000000 4013218.000000 6169.194824 41 5
4245350.000000 4013218.000000 6377.450195 42 5
4243150.000000 4013318.000000 1528.749023 20 6
4243250.000000 4013318.000000 1774.920044 21 6
4243350.000000 4013318.000000 2008.183960 22 6
4243450.000000 4013318.000000 2201.210938 23 6
4243550.000000 4013318.000000 2367.740967 24 6
4243650.000000 4013318.000000 2523.337891 25 6
4243750.000000 4013318.000000 2678.527100 26 6
4243850.000000 4013318.000000 2839.340088 27 6
4243950.000000 4013318.000000 3011.355957 28 6
4244050.000000 4013318.000000 3194.708008 29 6
4244150.000000 4013318.000000 3397.958984 30 6
4244250.000000 4013318.000000 3626.479004 31 6
4244350.000000 4013318.000000 3874.752930 32 6
4244450.000000 4013318.000000 4115.104004 33 6
4244750.000000 4013318.000000 5028.666016 36 6
4244850.000000 4013318.000000 5358.878906 37 6
4244950.000000 4013318.000000 5636.837891 38 6
4245050.000000 4013318.000000 5857.566895 39 6
4245150.000000 4013318.000000 6056.022949 40 6
4245250.000000 4013318.000000 6251.809082 41 6
4245350.000000 4013318.000000 6443.349121 42 6
4243150.000000 4013418.000000 1612.776978 20 7
4243250.000000 4013418.000000 1867.228027 21 7
4243350.000000 4013418.000000 2087.357910 22 7
4243450.000000 4013418.000000 2268.503906 23 7
4243550.000000 4013418.000000 2428.500977 24 7
4243650.000000 4013418.000000 2582.843018 25 7
4243750.000000 4013418.000000 2734.620117 26 7
4243850.000000 4013418.000000 2893.529053 27 7
4243950.000000 4013418.000000 3066.653076 28 7
4244050.000000 4013418.000000 3254.704102 29 7
4244150.000000 4013418.000000 3466.604980 30 7
4244250.000000 4013418.000000 3717.090088 31 7
4244350.000000 4013418.000000 3973.467041 32 7
4244450.000000 4013418.000000 4210.421875 33 7
4244550.000000 4013418.000000 4481.175781 34 7
4244650.000000 4013418.000000 4822.043945 35 7
4244750.000000 4013418.000000 5160.227051 36 7
4244850.000000 4013418.000000 5475.516113 37 7
4244950.000000 4013418.000000 5728.955078 38 7
4245050.000000 4013418.000000 5941.297852 39 7
4245150.000000 4013418.000000 6138.982910 40 7
4245250.000000 4013418.000000 6335.450195 41 7
4243150.000000 4013518.000000 1705.666016 20 8
4243250.000000 4013518.000000 1955.968018 21 8
4243350.000000 4013518.000000 2160.625977 22 8
4243450.000000 4013518.000000 2332.937012 23 8
4243550.000000 4013518.000000 2489.246094 24 8
4243650.000000 4013518.000000 2639.759033 25 8
4243750.000000 4013518.000000 2790.976074 26 8
4243850.000000 4013518.000000 2951.895020 27 8
4243950.000000 4013518.000000 3130.732910 28 8
4244050.000000 4013518.000000 3326.528076 29 8
4244150.000000 4013518.000000 3547.439941 30 8
4244250.000000 4013518.000000 3816.672119 31 8
4244350.000000 4013518.000000 4072.885986 32 8
4244450.000000 4013518.000000 4310.645996 33 8
4244550.000000 4013518.000000 4604.247070 34 8
4244650.000000 4013518.000000 4955.506836 35 8
4244750.000000 4013518.000000 5293.108887 36 8
4244850.000000 4013518.000000 5583.897949 37 8
4244950.000000 4013518.000000 5819.824219 38 8
4245050.000000 4013518.000000 6027.217773 39 8
4245150.000000 4013518.000000 6226.187012 40 8
4243050.000000 4013618.000000 1546.753052 19 9
4243150.000000 4013618.000000 1801.500977 20 9
4243250.000000 4013618.000000 2040.266968 21 9
4243350.000000 4013618.000000 2231.230957 22 9
4243450.000000 4013618.000000 2394.613037 23 9
4243550.000000 4013618.000000 2548.568115 24 9
4243650.000000 4013618.000000 2697.086914 25 9
4243750.000000 4013618.000000 2850.923096 26 9
4243850.000000 4013618.000000 3020.426025 27 9
4243950.000000 4013618.000000 3209.760010 28 9
4244050.000000 4013618.000000 3419.102051 29 9
4244150.000000 4013618.000000 3656.520996 30 9
4244250.000000 4013618.000000 3921.564941 31 9
4244350.000000 4013618.000000 4172.061035 32 9
4244450.000000 4013618.000000 4419.636230 33 9
4244550.000000 4013618.000000 4742.000000 34 9
4244650.000000 4013618.000000 5089.254883 35 9
4244750.000000 4013618.000000 5412.736816 36 9
4244850.000000 4013618.000000 5685.245117 37 9
4244950.000000 4013618.000000 5912.265137 38 9
4245050.000000 4013618.000000 6118.690918 39 9
4243050.000000 4013718.000000 1642.369995 19 10
4243150.000000 4013718.000000 1900.786987 20 10
4243250.000000 4013718.000000 2121.159912 21 10
4243350.000000 4013718.000000 2299.947021 22 10
4243450.000000 4013718.000000 2456.757080 23 10
4243550.000000 4013718.000000 2606.413086 24 10
4243650.000000 4013718.000000 2754.923096 25 10
4243750.000000 4013718.000000 2913.960938 26 10
4243850.000000 4013718.000000 3095.606934 27 10
4243950.000000 4013718.000000 3299.649902 28 10
4244050.000000 4013718.000000 3522.313965 29 10
4244150.000000 4013718.000000 3768.174072 30 10
4244250.000000 4013718.000000 4023.326904 31 10
4244350.000000 4013718.000000 4265.000977 32 10
4244450.000000 4013718.000000 4535.708984 33 10
4244550.000000 4013718.000000 4881.913086 34 10
4244650.000000 4013718.000000 5217.791992 35 10
4244750.000000 4013718.000000 5526.793945 36 10
4244850.000000 4013718.000000 5782.159180 37 10
4244950.000000 4013718.000000 6010.979004 38 10
4243050.000000 4013818.000000 1745.701050 19 11
4243150.000000 4013818.000000 1991.930054 20 11
4243250.000000 4013818.000000 2194.600098 21 11
4243350.000000 4013818.000000 2365.280029 22 11
4243450.000000 4013818.000000 2519.056885 23 11
4243550.000000 4013818.000000 2666.138916 24 11
4243650.000000 4013818.000000 2816.240967 25 11
4243750.000000 4013818.000000 2983.183105 26 11
4243850.000000 4013818.000000 3179.693115 27 11
4243950.000000 4013818.000000 3397.208008 28 11
4244050.000000 4013818.000000 3629.711914 29 11
4244150.000000 4013818.000000 3876.512939 30 11
4244250.000000 4013818.000000 4119.028809 31 11
4244350.000000 4013818.000000 4361.069824 32 11
4244450.000000 4013818.000000 4661.523926 33 11
4244550.000000 4013818.000000 5015.071777 34 11
4244650.000000 4013818.000000 5347.607910 35 11
4244750.000000 4013818.000000 5634.049805 36 11
4244850.000000 4013818.000000 5874.794922 37 11
4244950.000000 4013818.000000 6100.568848 38 11
4242950.000000 4013918.000000 1589.640015 18 12
4243050.000000 4013918.000000 1848.166016 19 12
4243150.000000 4013918.000000 2076.131104 20 12
4243250.000000 4013918.000000 2264.717041 21 12
4243350.000000 4013918.000000 2428.329102 22 12
4243450.000000 4013918.000000 2581.885010 23 12
4243550.000000 4013918.000000 2728.601074 24 12
4243650.000000 4013918.000000 2883.080078 25 12
4243750.000000 4013918.000000 3062.261963 26 12
4243850.000000 4013918.000000 3269.138916 27 12
4243950.000000 4013918.000000 3495.218994 28 12
4244050.000000 4013918.000000 3731.489014 29 12
4244150.000000 4013918.000000 3975.009033 30 12
4244250.000000 4013918.000000 4208.485840 31 12
4244350.000000 4013918.000000 4470.752930 32 12
4244450.000000 4013918.000000 4807.145996 33 12
4244550.000000 4013918.000000 5145.669922 34 12
4244650.000000 4013918.000000 5466.306152 35 12
4244750.000000 4013918.000000 5731.063965 36 12
4244850.000000 4013918.000000 5963.079102 37 12
4244950.000000 4013918.000000 6185.645996 38 12
4242950.000000 4014018.000000 1689.844971 18 13
4243050.000000 4014018.000000 1941.725952 19 13
4243150.000000 4014018.000000 2153.218018 20 13
4243250.000000 4014018.000000 2332.454102 21 13
4243350.000000 4014018.000000 2492.884033 22 13
4243450.000000 4014018.000000 2644.020996 23 13
4243550.000000 4014018.000000 2793.625000 24 13
4243650.000000 4014018.000000 2955.531006 25 13
4243750.000000 4014018.000000 3144.876953 26 13
4243850.000000 4014018.000000 3357.903076 27 13
4243950.000000 4014018.000000 3585.893066 28 13
4244050.000000 4014018.000000 3825.545898 29 13
4244150.000000 4014018.000000 4067.685059 30 13
4244250.000000 4014018.000000 4303.078125 31 13
4244350.000000 4014018.000000 4592.596191 32 13
4244450.000000 4014018.000000 4941.280762 33 13
4244550.000000 4014018.000000 5277.138184 34 13
4244650.000000 4014018.000000 5577.770996 35 13
4244750.000000 4014018.000000 5822.983887 36 13
4244850.000000 4014018.000000 6047.980957 37 13
4244950.000000 4014018.000000 6270.411133 38 13
4242850.000000 4014118.000000 1535.906982 17 14
4242950.000000 4014118.000000 1787.985962 18 14
4243050.000000 4014118.000000 2028.823975 19 14
4243150.000000 4014118.000000 2227.219971 20 14
4243250.000000 4014118.000000 2398.101074 21 14
4243350.000000 4014118.000000 2556.886963 22 14
4243450.000000 4014118.000000 2707.236084 23 14
4243550.000000 4014118.000000 2860.948975 24 14
4243650.000000 4014118.000000 3031.787109 25 14
4243750.000000 4014118.000000 3228.518066 26 14
4243850.000000 4014118.000000 3445.714111 27 14
4243950.000000 4014118.000000 3677.710938 28 14
4244050.000000 4014118.000000 3919.610107 29 14
4244150.000000 4014118.000000 4163.202148 30 14
4244250.000000 4014118.000000 4415.393066 31 14
4244350.000000 4014118.000000 4733.894043 32 14
4244450.000000 4014118.000000 5076.916016 33 14
4244550.000000 4014118.000000 5403.283203 34 14
4244650.000000 4014118.000000 5677.264160 35 14
4244750.000000 4014118.000000 5904.979004 36 14
4244850.000000 4014118.000000 6129.520996 37 14
4244950.000000 4014118.000000 6355.957031 38 14
4242850.000000 4014218.000000 1630.553955 17 15
4242950.000000 4014218.000000 1887.305054 18 15
4243050.000000 4014218.000000 2111.785889 19 15
4243150.000000 4014218.000000 2299.327881 20 15
4243250.000000 4014218.000000 2465.013916 21 15
4243350.000000 4014218.000000 2619.967041 22 15
4243450.000000 4014218.000000 2771.120117 23 15
4243550.000000 4014218.000000 2929.806885 24 15
4243650.000000 4014218.000000 3110.212891 25 15
4243750.000000 4014218.000000 3313.650879 26 15
4243850.000000 4014218.000000 3534.976074 27 15
4243950.000000 4014218.000000 3769.738037 28 15
4244050.000000 4014218.000000 4013.508057 29 15
4244150.000000 4014218.000000 4261.629883 30 15
4244250.000000 4014218.000000 4540.068848 31 15
4244350.000000 4014218.000000 4880.600098 32 15
4244450.000000 4014218.000000 5210.944824 33 15
4244550.000000 4014218.000000 5515.970215 34 15
4244650.000000 4014218.000000 5759.909180 35 15
4244750.000000 4014218.000000 5975.236816 36 15
4244850.000000 4014218.000000 6209.123047 37 15
4244950.000000 4014218.000000 6442.584961 38 15
4242850.000000 4014318.000000 1730.253052 17 16
4242950.000000 4014318.000000 1977.970947 18 16
4243050.000000 4014318.000000 2187.080078 19 16
4243150.000000 4014318.000000 2366.722900 20 16
4243250.000000 4014318.000000 2529.927979 21 16
4243350.000000 4014318.000000 2683.123047 22 16
4243450.000000 4014318.000000 2837.262939 23 16
4243550.000000 4014318.000000 3003.509033 24 16
4243650.000000 4014318.000000 3191.487061 25 16
4243750.000000 4014318.000000 3399.878906 26 16
4243850.000000 4014318.000000 3623.952881 27 16
4243950.000000 4014318.000000 3862.521973 28 16
4244050.000000 4014318.000000 4109.553223 29 16
4244150.000000 4014318.000000 4367.651855 30 16
4244250.000000 4014318.000000 4672.929199 31 16
4244350.000000 4014318.000000 5018.165039 32 16
4244450.000000 4014318.000000 5340.778809 33 16
4244550.000000 4014318.000000 5615.622070 34 16
4244650.000000 4014318.000000 5841.726074 35 16
4244750.000000 4014318.000000 6059.987793 36 16
4244850.000000 4014318.000000 6298.487793 37 16
4242750.000000 4014418.000000 1579.296021 16 17
4242850.000000 4014418.000000 1827.109009 17 17
4242950.000000 4014418.000000 2062.510986 18 17
4243050.000000 4014418.000000 2257.631104 19 17
4243150.000000 4014418.000000 2428.798096 20 17
4243250.000000 4014418.000000 2590.168945 21 17
4243350.000000 4014418.000000 2744.354004 22 17
4243450.000000 4014418.000000 2903.663086 23 17
4243550.000000 4014418.000000 3079.512939 24 17
4243650.000000 4014418.000000 3273.449951 25 17
4243750.000000 4014418.000000 3485.450928 26 17
4243850.000000 4014418.000000 3713.164063 27 17
4243950.000000 4014418.000000 3956.052002 28 17
4244050.000000 4014418.000000 4209.221191 29 17
4244150.000000 4014418.000000 4489.764160 30 17
4244250.000000 4014418.000000 4824.381836 31 17
4244350.000000 4014418.000000 5150.782227 32 17
4244450.000000 4014418.000000 5453.444824 33 17
4244550.000000 4014418.000000 5700.629883 34 17
4244650.000000 4014418.000000 5919.825195 35 17
4244750.000000 4014418.000000 6151.368164 36 17
4244850.000000 4014418.000000 6394.537109 37 17
4242750.000000 4014518.000000 1677.302979 16 18
4242850.000000 4014518.000000 1923.567017 17 18
4242950.000000 4014518.000000 2139.960938 18 18
4243050.000000 4014518.000000 2323.965088 19 18
4243150.000000 4014518.000000 2490.211914 20 18
4243250.000000 4014518.000000 2648.301025 21 18
4243350.000000 4014518.000000 2804.481934 22 18
4243450.000000 4014518.000000 2969.864990 23 18
4243550.000000 4014518.000000 3155.219971 24 18
4243650.000000 4014518.000000 3356.785889 25 18
4243750.000000 4014518.000000 3573.152100 26 18
4243850.000000 4014518.000000 3805.056885 27 18
4243950.000000 4014518.000000 4053.712891 28 18
4244050.000000 4014518.000000 4318.102051 29 18
4244150.000000 4014518.000000 4622.229004 30 18
4244250.000000 4014518.000000 4960.889160 31 18
4244350.000000 4014518.000000 5275.801758 32 18
4244450.000000 4014518.000000 5555.303223 33 18
4244550.000000 4014518.000000 5783.816895 34 18
4244650.000000 4014518.000000 6005.791992 35 18
4244750.000000 4014518.000000 6249.716797 36 18
4244850.000000 4014518.000000 6487.662109 37 18
4242650.000000 4014618.000000 1532.702026 15 19
4242750.000000 4014618.000000 1772.447021 16 19
4242850.000000 4014618.000000 2009.756958 17 19
4242950.000000 4014618.000000 2210.458984 18 19
4243050.000000 4014618.000000 2386.292969 19 19
4243150.000000 4014618.000000 2550.813965 20 19
4243250.000000 4014618.000000 2706.983887 21 19
4243350.000000 4014618.000000 2865.895020 22 19
4243450.000000 4014618.000000 3039.368896 23 19
4243550.000000 4014618.000000 3235.291992 24 19
4243650.000000 4014618.000000 3446.417969 25 19
4243750.000000 4014618.000000 3667.886963 26 19
4243850.000000 4014618.000000 3904.950928 27 19
4243950.000000 4014618.000000 4161.637207 28 19
4244050.000000 4014618.000000 4440.013184 29 19
4244150.000000 4014618.000000 4769.331055 30 19
4244250.000000 4014618.000000 5092.880859 31 19
4244350.000000 4014618.000000 5392.131836 32 19
4244450.000000 4014618.000000 5647.706055 33 19
4244550.000000 4014618.000000 5863.514160 34 19
4244650.000000 4014618.000000 6096.357910 35 19
4244750.000000 4014618.000000 6348.963867 36 19
4242650.000000 4014718.000000 1635.265015 15 20
4242750.000000 4014718.000000 1873.666016 16 20
4242850.000000 4014718.000000 2089.977051 17 20
4242950.000000 4014718.000000 2279.885010 18 20
4243050.000000 4014718.000000 2449.188965 19 20
4243150.000000 4014718.000000 2610.708008 20 20
4243250.000000 4014718.000000 2766.699951 21 20
4243350.000000 4014718.000000 2929.936035 22 20
4243450.000000 4014718.000000 3114.141113 23 20
4243550.000000 4014718.000000 3320.084961 24 20
4243650.000000 4014718.000000 3539.321045 25 20
4243750.000000 4014718.000000 3769.847900 26 20
4243850.000000 4014718.000000 4017.698975 27 20
4243950.000000 4014718.000000 4284.320801 28 20
4244050.000000 4014718.000000 4574.591797 29 20
4244150.000000 4014718.000000 4902.622070 30 20
4244250.000000 4014718.000000 5213.770020 31 20
4244350.000000 4014718.000000 5495.925781 32 20
4244450.000000 4014718.000000 5732.596191 33 20
4244550.000000 4014718.000000 5949.998047 34 20
4244650.000000 4014718.000000 6194.962891 35 20
4244750.000000 4014718.000000 6445.372070 36 20
4242550.000000 4014818.000000 1556.790039 14 21
4242650.000000 4014818.000000 1768.114990 15 21
4242750.000000 4014818.000000 1991.364990 16 21
4242850.000000 4014818.000000 2182.592041 17 21
4242950.000000 4014818.000000 2356.709961 18 21
4243050.000000 4014818.000000 2517.458008 19 21
4243150.000000 4014818.000000 2673.803955 20 21
4243250.000000 4014818.000000 2830.184082 21 21
4243350.000000 4014818.000000 2999.029053 22 21
4243450.000000 4014818.000000 3192.806885 23 21
4243550.000000 4014818.000000 3409.728027 24 21
4243650.000000 4014818.000000 3638.083984 25 21
4243750.000000 4014818.000000 3877.123047 26 21
4243850.000000 4014818.000000 4135.597168 27 21
4243950.000000 4014818.000000 4412.411133 28 21
4244050.000000 4014818.000000 4707.735840 29 21
4244150.000000 4014818.000000 5023.255859 30 21
4244250.000000 4014818.000000 5331.472168 31 21
4244350.000000 4014818.000000 5594.272949 32 21
4244450.000000 4014818.000000 5814.262207 33 21
4244550.000000 4014818.000000 6034.519043 34 21
4244650.000000 4014818.000000 6278.630859 35 21
4242450.000000 4014918.000000 1489.755005 13 22
4242550.000000 4014918.000000 1692.937988 14 22
4242650.000000 4014918.000000 1900.006958 15 22
4242750.000000 4014918.000000 2094.406006 16 22
4242850.000000 4014918.000000 2271.370117 17 22
4242950.000000 4014918.000000 2435.826904 18 22
4243050.000000 4014918.000000 2591.606934 19 22
4243150.000000 4014918.000000 2741.860107 20 22
4243250.000000 4014918.000000 2897.782959 21 22
4243350.000000 4014918.000000 3072.470947 22 22
4243450.000000 4014918.000000 3270.977051 23 22
4243550.000000 4014918.000000 3497.603027 24 22
4243650.000000 4014918.000000 3740.558105 25 22
4243750.000000 4014918.000000 3991.518066 26 22
4243850.000000 4014918.000000 4261.301758 27 22
4243950.000000 4014918.000000 4541.428223 28 22
4244050.000000 4014918.000000 4834.727051 29 22
4244150.000000 4014918.000000 5139.365234 30 22
4244250.000000 4014918.000000 5442.399902 31 22
4244350.000000 4014918.000000 5677.259766 32 22
4244450.000000 4014918.000000 5877.958008 33 22
4244550.000000 4014918.000000 6093.461914 34 22
4244650.000000 4014918.000000 6329.252930 35 22
4242450.000000 4015018.000000 1649.470947 13 23
4242550.000000 4015018.000000 1848.750977 14 23
4242650.000000 4015018.000000 2036.796021 15 23
4242750.000000 4015018.000000 2203.196045 16 23
4242850.000000 4015018.000000 2360.045898 17 23
4242950.000000 4015018.000000 2512.052002 18 23
4243050.000000 4015018.000000 2660.297119 19 23
4243150.000000 4015018.000000 2809.429932 20 23
4243250.000000 4015018.000000 2967.325928 21 23
4243350.000000 4015018.000000 3141.201904 22 23
4243450.000000 4015018.000000 3346.446045 23 23
4243550.000000 4015018.000000 3588.670898 24 23
4243650.000000 4015018.000000 3856.872070 25 23
4243750.000000 4015018.000000 4124.226074 26 23
4243850.000000 4015018.000000 4392.104980 27 23
4243950.000000 4015018.000000 4662.326172 28 23
4244050.000000 4015018.000000 4939.823242 29 23
4244150.000000 4015018.000000 5245.523926 30 23
4244250.000000 4015018.000000 5534.671875 31 23
4244350.000000 4015018.000000 5748.684082 32 23
4244450.000000 4015018.000000 5938.354004 33 23
4244550.000000 4015018.000000 6142.977051 34 23
4244650.000000 4015018.000000 6362.405762 35 23
4242350.000000 4015118.000000 1622.713013 12 24
4242450.000000 4015118.000000 1816.843018 13 24
4242550.000000 4015118.000000 2005.862061 14 24
4242650.000000 4015118.000000 2163.685059 15 24
4242750.000000 4015118.000000 2307.271973 16 24
4242850.000000 4015118.000000 2445.022949 17 24
4242950.000000 4015118.000000 2583.108887 18 24
4243050.000000 4015118.000000 2725.969971 19 24
4243150.000000 4015118.000000 2874.759033 20 24
4243250.000000 4015118.000000 3034.586914 21 24
4243350.000000 4015118.000000 3208.648926 22 24
4243450.000000 4015118.000000 3425.885010 23 24
4243550.000000 4015118.000000 3707.052002 24 24
4243650.000000 4015118.000000 3990.489990 25 24
4243750.000000 4015118.000000 4258.018066 26 24
4243850.000000 4015118.000000 4513.997070 27 24
4243950.000000 4015118.000000 4764.145996 28 24
4244050.000000 4015118.000000 5028.560059 29 24
4244150.000000 4015118.000000 5325.611816 30 24
4244250.000000 4015118.000000 5585.493164 31 24
4244350.000000 4015118.000000 5795.246094 32 24
4244450.000000 4015118.000000 5981.094238 33 24
4244550.000000 4015118.000000 6177.665039 34 24
4244650.000000 4015118.000000 6382.733887 35 24
4242250.000000 4015218.000000 1599.500000 11 25
4242350.000000 4015218.000000 1782.317993 12 25
4242450.000000 4015218.000000 1973.233032 13 25
4242550.000000 4015218.000000 2135.399902 14 25
4242650.000000 4015218.000000 2276.262939 15 25
4242750.000000 4015218.000000 2405.735107 16 25
4242850.000000 4015218.000000 2531.222900 17 25
4242950.000000 4015218.000000 2658.445068 18 25
4243050.000000 4015218.000000 2792.666992 19 25
4243150.000000 4015218.000000 2939.572021 20 25
4243250.000000 4015218.000000 3100.468994 21 25
4243350.000000 4015218.000000 3280.292969 22 25
4243450.000000 4015218.000000 3519.761963 23 25
4243550.000000 4015218.000000 3841.496094 24 25
4243650.000000 4015218.000000 4127.916992 25 25
4243750.000000 4015218.000000 4380.149902 26 25
4243850.000000 4015218.000000 4620.500977 27 25
4243950.000000 4015218.000000 4851.891113 28 25
4244050.000000 4015218.000000 5107.665039 29 25
4244150.000000 4015218.000000 5389.256836 30 25
4244250.000000 4015218.000000 5631.705078 31 25
4244350.000000 4015218.000000 5833.050781 32 25
4244450.000000 4015218.000000 6015.050781 33 25
4244550.000000 4015218.000000 6199.186035 34 25
4244650.000000 4015218.000000 6388.435059 35 25
4242150.000000 4015318.000000 1581.818970 10 26
4242250.000000 4015318.000000 1747.613037 11 26
4242350.000000 4015318.000000 1925.890991 12 26
4242450.000000 4015318.000000 2095.455078 13 26
4242550.000000 4015318.000000 2246.667969 14 26
4242650.000000 4015318.000000 2379.383057 15 26
4242750.000000 4015318.000000 2499.426025 16 26
4242850.000000 4015318.000000 2617.081055 17 26
4242950.000000 4015318.000000 2734.780029 18 26
4243050.000000 4015318.000000 2860.837891 19 26
4243150.000000 4015318.000000 3005.789063 20 26
4243250.000000 4015318.000000 3169.773926 21 26
4243350.000000 4015318.000000 3359.996094 22 26
4243450.000000 4015318.000000 3625.370117 23 26
4243550.000000 4015318.000000 3964.974121 24 26
4243650.000000 4015318.000000 4222.979004 25 26
4243750.000000 4015318.000000 4452.917969 26 26
4243850.000000 4015318.000000 4686.056152 27 26
4243950.000000 4015318.000000 4925.811035 28 26
4244050.000000 4015318.000000 5181.458008 29 26
4244150.000000 4015318.000000 5446.199219 30 26
4244250.000000 4015318.000000 5670.792969 31 26
4244350.000000 4015318.000000 5860.729004 32 26
4244450.000000 4015318.000000 6035.785156 33 26
4244550.000000 4015318.000000 6211.388184 34 26
4244650.000000 4015318.000000 6392.163086 35 26
4242050.000000 4015418.000000 1562.134033 9 27
4242150.000000 4015418.000000 1714.228027 10 27
4242250.000000 4015418.000000 1881.329956 11 27
4242350.000000 4015418.000000 2048.379883 12 27
4242450.000000 4015418.000000 2207.805908 13 27
4242550.000000 4015418.000000 2352.386963 14 27
4242650.000000 4015418.000000 2479.624023 15 27
4242750.000000 4015418.000000 2595.260986 16 27
4242850.000000 4015418.000000 2705.607910 17 27
4242950.000000 4015418.000000 2816.466064 18 27
4243050.000000 4015418.000000 2937.396973 19 27
4243150.000000 4015418.000000 3086.752930 20 27
4243250.000000 4015418.000000 3264.024902 21 27
4243350.000000 4015418.000000 3472.208984 22 27
4243450.000000 4015418.000000 3735.593994 23 27
4243550.000000 4015418.000000 4033.643066 24 27
4243650.000000 4015418.000000 4270.325195 25 27
4243750.000000 4015418.000000 4488.651855 26 27
4243850.000000 4015418.000000 4713.894043 27 27
4243950.000000 4015418.000000 4957.313965 28 27
4244050.000000 4015418.000000 5227.051758 29 27
4244150.000000 4015418.000000 5496.604980 30 27
4244250.000000 4015418.000000 5701.115234 31 27
4244350.000000 4015418.000000 5876.765137 32 27
4244450.000000 4015418.000000 6041.578125 33 27
4244550.000000 4015418.000000 6215.087891 34 27
4244650.000000 4015418.000000 6393.068848 35 27
4241950.000000 4015518.000000 1511.758057 8 28
4242050.000000 4015518.000000 1665.017944 9 28
4242150.000000 4015518.000000 1823.812012 10 28
4242250.000000 4015518.000000 1989.010986 11 28
4242350.000000 4015518.000000 2154.847900 12 28
4242450.000000 4015518.000000 2311.881104 13 28
4242550.000000 4015518.000000 2452.970947 14 28
4242650.000000 4015518.000000 2578.929932 15 28
4242750.000000 4015518.000000 2689.541016 16 28
4242850.000000 4015518.000000 2797.509033 17 28
4242950.000000 4015518.000000 2908.099121 18 28
4243050.000000 4015518.000000 3033.488037 19 28
4243150.000000 4015518.000000 3187.999023 20 28
4243250.000000 4015518.000000 3369.687012 21 28
4243350.000000 4015518.000000 3578.083008 22 28
4243450.000000 4015518.000000 3814.695068 23 28
4243550.000000 4015518.000000 4060.159912 24 28
4243650.000000 4015518.000000 4278.766113 25 28
4243750.000000 4015518.000000 4485.366211 26 28
4243850.000000 4015518.000000 4709.269043 27 28
4243950.000000 4015518.000000 4951.953125 28 28
4244050.000000 4015518.000000 5231.916992 29 28
4244150.000000 4015518.000000 5499.766113 30 28
4244250.000000 4015518.000000 5706.729004 31 28
4244350.000000 4015518.000000 5881.130859 32 28
4244450.000000 4015518.000000 6044.470215 33 28
4244550.000000 4015518.000000 6217.341797 34 28
4244650.000000 4015518.000000 6394.798828 35 28
4241950.000000 4015618.000000 1602.421021 8 29
4242050.000000 4015618.000000 1756.437988 9 29
4242150.000000 4015618.000000 1918.004028 10 29
4242250.000000 4015618.000000 2084.083984 11 29
4242350.000000 4015618.000000 2250.922119 12 29
4242450.000000 4015618.000000 2406.368896 13 29
4242550.000000 4015618.000000 2542.555908 14 29
4242650.000000 4015618.000000 2663.541016 15 29
4242750.000000 4015618.000000 2776.342041 16 29
4242850.000000 4015618.000000 2889.248047 17 29
4242950.000000 4015618.000000 3005.832031 18 29
4243050.000000 4015618.000000 3138.475098 19 29
4243150.000000 4015618.000000 3292.614990 20 29
4243250.000000 4015618.000000 3469.104004 21 29
4243350.000000 4015618.000000 3663.812988 22 29
4243450.000000 4015618.000000 3874.517090 23 29
4243550.000000 4015618.000000 4082.034912 24 29
4243650.000000 4015618.000000 4280.869141 25 29
4243750.000000 4015618.000000 4480.059082 26 29
4243850.000000 4015618.000000 4701.679199 27 29
4243950.000000 4015618.000000 4947.284180 28 29
4244050.000000 4015618.000000 5226.148926 29 29
4244150.000000 4015618.000000 5491.438965 30 29
4244250.000000 4015618.000000 5701.711914 31 29
4244350.000000 4015618.000000 5879.291992 32 29
4244450.000000 4015618.000000 6045.198242 33 29
4244550.000000 4015618.000000 6220.659180 34 29
4244650.000000 4015618.000000 6400.729004 35 29
4241850.000000 4015718.000000 1536.427979 7 30
4241950.000000 4015718.000000 1684.251953 8 30
4242050.000000 4015718.000000 1836.230957 9 30
4242150.000000 4015718.000000 1996.657959 10 30
4242250.000000 4015718.000000 2170.083008 11 30
4242350.000000 4015718.000000 2337.981934 12 30
4242450.000000 4015718.000000 2489.833984 13 30
4242550.000000 4015718.000000 2619.893066 14 30
4242650.000000 4015718.000000 2739.129883 15 30
4242750.000000 4015718.000000 2856.603027 16 30
4242850.000000 4015718.000000 2979.774902 17 30
4242950.000000 4015718.000000 3105.571045 18 30
4243050.000000 4015718.000000 3241.410889 19 30
4243150.000000 4015718.000000 3389.689941 20 30
4243250.000000 4015718.000000 3553.270020 21 30
4243350.000000 4015718.000000 3729.908936 22 30
4243450.000000 4015718.000000 3915.916992 23 30
4243550.000000 4015718.000000 4100.295898 24 30
4243650.000000 4015718.000000 4282.953125 25 30
4243750.000000 4015718.000000 4475.171875 26 30
4243850.000000 4015718.000000 4695.376953 27 30
4243950.000000 4015718.000000 4943.160156 28 30
4244050.000000 4015718.000000 5219.952148 29 30
4244150.000000 4015718.000000 5484.257813 30 30
4244250.000000 4015718.000000 5695.490234 31 30
4244350.000000 4015718.000000 5876.129883 32 30
4244450.000000 4015718.000000 6046.066895 33 30
4244550.000000 4015718.000000 6224.495117 34 30
4244650.000000 4015718.000000 6407.348145 35 30
4241850.000000 4015818.000000 1606.521973 7 31
4241950.000000 4015818.000000 1755.910034 8 31
4242050.000000 4015818.000000 1910.104980 9 31
4242150.000000 4015818.000000 2076.547119 10 31
4242250.000000 4015818.000000 2253.564941 11 31
4242350.000000 4015818.000000 2419.654053 12 31
4242450.000000 4015818.000000 2563.906006 13 31
4242550.000000 4015818.000000 2689.157959 14 31
4242650.000000 4015818.000000 2808.321045 15 31
4242750.000000 4015818.000000 2929.080078 16 31
4242850.000000 4015818.000000 3059.696045 17 31
4242950.000000 4015818.000000 3198.592041 18 31
4243050.000000 4015818.000000 3338.357910 19 31
4243150.000000 4015818.000000 3478.513916 20 31
4243250.000000 4015818.000000 3625.718994 21 31
4243350.000000 4015818.000000 3781.934082 22 31
4243450.000000 4015818.000000 3947.977051 23 31
4243550.000000 4015818.000000 4114.954102 24 31
4243650.000000 4015818.000000 4284.486816 25 31
4243750.000000 4015818.000000 4470.476074 26 31
4243850.000000 4015818.000000 4689.751953 27 31
4243950.000000 4015818.000000 4937.929199 28 31
4244050.000000 4015818.000000 5213.610840 29 31
4244150.000000 4015818.000000 5477.173828 30 31
4244250.000000 4015818.000000 5689.109863 31 31
4244350.000000 4015818.000000 5872.528809 32 31
4244450.000000 4015818.000000 6046.128906 33 31
4244550.000000 4015818.000000 6227.704102 34 31
4244650.000000 4015818.000000 6412.944824 35 31
4241750.000000 4015918.000000 1492.588989 6 32
4241850.000000 4015918.000000 1656.292969 7 32
4241950.000000 4015918.000000 1815.649048 8 32
4242050.000000 4015918.000000 1977.968994 9 32
4242150.000000 4015918.000000 2153.560059 10 32
4242250.000000 4015918.000000 2332.676025 11 32
4242350.000000 4015918.000000 2497.679932 12 32
4242450.000000 4015918.000000 2630.137939 13 32
4242550.000000 4015918.000000 2751.986084 14 32
4242650.000000 4015918.000000 2874.714111 15 32
4242750.000000 4015918.000000 3003.809082 16 32
4242850.000000 4015918.000000 3143.812012 17 32
4242950.000000 4015918.000000 3289.878906 18 32
4243050.000000 4015918.000000 3430.760010 19 32
4243150.000000 4015918.000000 3560.793945 20 32
4243250.000000 4015918.000000 3685.583984 21 32
4243350.000000 4015918.000000 3818.718994 22 32
4243450.000000 4015918.000000 3963.093018 23 32
4243550.000000 4015918.000000 4118.237793 24 32
4243650.000000 4015918.000000 4282.914063 25 32
4243750.000000 4015918.000000 4467.400879 26 32
4243850.000000 4015918.000000 4686.679199 27 32
4243950.000000 4015918.000000 4934.412109 28 32
4244050.000000 4015918.000000 5208.303223 29 32
4244150.000000 4015918.000000 5469.252930 30 32
4244250.000000 4015918.000000 5682.731934 31 32
4244350.000000 4015918.000000 5869.317871 32 32
4244450.000000 4015918.000000 6047.008789 33 32
4244550.000000 4015918.000000 6231.558105 34 32
4244650.000000 4015918.000000 6419.175781 35 32
4241750.000000 4016018.000000 1530.593994 6 33
4241850.000000 4016018.000000 1701.170044 7 33
4241950.000000 4016018.000000 1869.566040 8 33
4242050.000000 4016018.000000 2040.342041 9 33
4242150.000000 4016018.000000 2216.593018 10 33
4242250.000000 4016018.000000 2392.177979 11 33
4242350.000000 4016018.000000 2547.372070 12 33
4242450.000000 4016018.000000 2677.704102 13 33
4242550.000000 4016018.000000 2802.562012 14 33
4242650.000000 4016018.000000 2930.809082 15 33
4242750.000000 4016018.000000 3068.029053 16 33
4242850.000000 4016018.000000 3215.804932 17 33
4242950.000000 4016018.000000 3368.534912 18 33
4243050.000000 4016018.000000 3511.831055 19 33
4243150.000000 4016018.000000 3622.092041 20 33
4243250.000000 4016018.000000 3728.392090 21 33
4243350.000000 4016018.000000 3843.601074 22 33
4243450.000000 4016018.000000 3972.867920 23 33
4243550.000000 4016018.000000 4119.583984 24 33
4243650.000000 4016018.000000 4281.256836 25 33
4243750.000000 4016018.000000 4466.097168 26 33
4243850.000000 4016018.000000 4688.129883 27 33
4243950.000000 4016018.000000 4938.539063 28 33
4244050.000000 4016018.000000 5207.809082 29 33
4244150.000000 4016018.000000 5464.841797 30 33
4244250.000000 4016018.000000 5678.344238 31 33
4244350.000000 4016018.000000 5868.058105 32 33
4244450.000000 4016018.000000 6050.057129 33 33
4244550.000000 4016018.000000 6237.728027 34 33
4244650.000000 4016018.000000 6425.422852 35 33
4241750.000000 4016118.000000 1570.123047 6 34
4241850.000000 4016118.000000 1745.171997 7 34
4241950.000000 4016118.000000 1916.586060 8 34
4242050.000000 4016118.000000 2087.389893 9 34
4242150.000000 4016118.000000 2258.367920 10 34
4242250.000000 4016118.000000 2423.403076 11 34
4242350.000000 4016118.000000 2572.375977 12 34
4242450.000000 4016118.000000 2705.947021 13 34
4242550.000000 4016118.000000 2837.580078 14 34
4242650.000000 4016118.000000 2975.128906 15 34
4242750.000000 4016118.000000 3113.510010 16 34
4242850.000000 4016118.000000 3262.706055 17 34
4242950.000000 4016118.000000 3415.048096 18 34
4243050.000000 4016118.000000 3546.988037 19 34
4243150.000000 4016118.000000 3652.823975 20 34
4243250.000000 4016118.000000 3752.228027 21 34
4243350.000000 4016118.000000 3859.397949 22 34
4243450.000000 4016118.000000 3980.877930 23 34
4243550.000000 4016118.000000 4121.680176 24 34
4243650.000000 4016118.000000 4280.474121 25 34
4243750.000000 4016118.000000 4465.735840 26 34
4243850.000000 4016118.000000 4690.982910 27 34
4243950.000000 4016118.000000 4944.073242 28 34
4244050.000000 4016118.000000 5208.770996 29 34
4244150.000000 4016118.000000 5461.645996 30 34
4244250.000000 4016118.000000 5676.208984 31 34
4244350.000000 4016118.000000 5870.729980 32 34
4244450.000000 4016118.000000 6062.128906 33 34
4244550.000000 4016118.000000 6253.363770 34 34
4244650.000000 4016118.000000 6444.484863 35 34
4241750.000000 4016218.000000 1610.749023 6 35
4241850.000000 4016218.000000 1786.853027 7 35
4241950.000000 4016218.000000 1962.610962 8 35
4242050.000000 4016218.000000 2127.506104 9 35
4242150.000000 4016218.000000 2287.739014 10 35
4242250.000000 4016218.000000 2440.863037 11 35
4242350.000000 4016218.000000 2584.333984 12 35
4242450.000000 4016218.000000 2718.727051 13 35
4242550.000000 4016218.000000 2850.362061 14 35
4242650.000000 4016218.000000 2984.908936 15 35
4242750.000000 4016218.000000 3129.694092 16 35
4242850.000000 4016218.000000 3280.544922 17 35
4242950.000000 4016218.000000 3429.132080 18 35
4243050.000000 4016218.000000 3557.258057 19 35
4243150.000000 4016218.000000 3663.485107 20 35
4243250.000000 4016218.000000 3763.131104 21 35
4243350.000000 4016218.000000 3869.110107 22 35
4243450.000000 4016218.000000 3988.441895 23 35
4243550.000000 4016218.000000 4124.724121 24 35
4243650.000000 4016218.000000 4280.079102 25 35
4243750.000000 4016218.000000 4464.384766 26 35
4243850.000000 4016218.000000 4692.920898 27 35
4243950.000000 4016218.000000 4948.238770 28 35
4244050.000000 4016218.000000 5208.831055 29 35
4244150.000000 4016218.000000 5458.270996 30 35
4244250.000000 4016218.000000 5675.335938 31 35
4244350.000000 4016218.000000 5876.528809 32 35
4244450.000000 4016218.000000 6075.435059 33 35
4244550.000000 4016218.000000 6272.752930 34 35
4244650.000000 4016218.000000 6468.869141 35 35
4241750.000000 4016318.000000 1615.834961 6 36
4241850.000000 4016318.000000 1804.607056 7 36
4241950.000000 4016318.000000 1989.754028 8 36
4242050.000000 4016318.000000 2152.916016 9 36
4242150.000000 4016318.000000 2308.139893 10 36
4242250.000000 4016318.000000 2455.427002 11 36
4242350.000000 4016318.000000 2594.306885 12 36
4242450.000000 4016318.000000 2725.750977 13 36
4242550.000000 4016318.000000 2855.105957 14 36
4242650.000000 4016318.000000 2987.763916 15 36
4242750.000000 4016318.000000 3132.062012 16 36
4242850.000000 4016318.000000 3280.544922 17 36
4242950.000000 4016318.000000 3424.523926 18 36
4243050.000000 4016318.000000 3552.251953 19 36
4243150.000000 4016318.000000 3662.931885 20 36
4243250.000000 4016318.000000 3766.142090 21 36
4243350.000000 4016318.000000 3873.764893 22 36
4243450.000000 4016318.000000 3994.063965 23 36
4243550.000000 4016318.000000 4128.249023 24 36
4243650.000000 4016318.000000 4281.751953 25 36
4243750.000000 4016318.000000 4463.544922 26 36
4243850.000000 4016318.000000 4695.965820 27 36
4243950.000000 4016318.000000 4952.244141 28 36
4244050.000000 4016318.000000 5208.368164 29 36
4244150.000000 4016318.000000 5454.563965 30 36
4244250.000000 4016318.000000 5674.938965 31 36
4244350.000000 4016318.000000 5883.398926 32 36
4244450.000000 4016318.000000 6089.230957 33 36
4244550.000000 4016318.000000 6292.565918 34 36
4244650.000000 4016318.000000 6494.027832 35 36
4241750.000000 4016418.000000 1604.458008 6 37
4241850.000000 4016418.000000 1800.501953 7 37
4241950.000000 4016418.000000 1987.791992 8 37
4242050.000000 4016418.000000 2160.160889 9 37
4242150.000000 4016418.000000 2319.448975 10 37
4242250.000000 4016418.000000 2467.624023 11 37
4242350.000000 4016418.000000 2602.746094 12 37
4242450.000000 4016418.000000 2730.058105 13 37
4242550.000000 4016418.000000 2856.479980 14 37
4242650.000000 4016418.000000 2988.846924 15 37
4242750.000000 4016418.000000 3128.864990 16 37
4242850.000000 4016418.000000 3274.893066 17 37
4242950.000000 4016418.000000 3417.507080 18 37
4243050.000000 4016418.000000 3546.365967 19 37
4243150.000000 4016418.000000 3660.033936 20 37
4243250.000000 4016418.000000 3765.541992 21 37
4243350.000000 4016418.000000 3873.420898 22 37
4243450.000000 4016418.000000 3994.133057 23 37
4243550.000000 4016418.000000 4133.666016 24 37
4243650.000000 4016418.000000 4293.681152 25 37
4243750.000000 4016418.000000 4479.121094 26 37
4243850.000000 4016418.000000 4709.669922 27 37
4243950.000000 4016418.000000 4958.879883 28 37
4244050.000000 4016418.000000 5211.891113 29 37
4244150.000000 4016418.000000 5451.731934 30 37
4244250.000000 4016418.000000 5677.374023 31 37
4244350.000000 4016418.000000 5891.448242 32 37
4244450.000000 4016418.000000 6102.957031 33 37
4244550.000000 4016418.000000 6312.289063 34 37
4241750.000000 4016518.000000 1591.614990 6 38
4241850.000000 4016518.000000 1791.537964 7 38
4241950.000000 4016518.000000 1985.160034 8 38
4242050.000000 4016518.000000 2160.388916 9 38
4242150.000000 4016518.000000 2323.426025 10 38
4242250.000000 4016518.000000 2473.441895 11 38
4242350.000000 4016518.000000 2607.553955 12 38
4242450.000000 4016518.000000 2730.646973 13 38
4242550.000000 4016518.000000 2851.475098 14 38
4242650.000000 4016518.000000 2978.977051 15 38
4242750.000000 4016518.000000 3120.556885 16 38
4242850.000000 4016518.000000 3268.025879 17 38
4242950.000000 4016518.000000 3410.730957 18 38
4243050.000000 4016518.000000 3541.382080 19 38
4243150.000000 4016518.000000 3659.252930 20 38
4243250.000000 4016518.000000 3765.802002 21 38
4243350.000000 4016518.000000 3872.004883 22 38
4243450.000000 4016518.000000 3994.111084 23 38
4243550.000000 4016518.000000 4144.944824 24 38
4243650.000000 4016518.000000 4320.855957 25 38
4243750.000000 4016518.000000 4519.583984 26 38
4243850.000000 4016518.000000 4744.136230 27 38
4243950.000000 4016518.000000 4989.875000 28 38
4244050.000000 4016518.000000 5238.562012 29 38
4244150.000000 4016518.000000 5474.801758 30 38
4244250.000000 4016518.000000 5696.602051 31 38
4244350.000000 4016518.000000 5904.704102 32 38
4244450.000000 4016518.000000 6117.458008 33 38
4244550.000000 4016518.000000 6335.171875 34 38
4241750.000000 4016618.000000 1569.204956 6 39
4241850.000000 4016618.000000 1772.515991 7 39
4241950.000000 4016618.000000 1971.395996 8 39
4242050.000000 4016618.000000 2150.178955 9 39
4242150.000000 4016618.000000 2319.552979 10 39
4242250.000000 4016618.000000 2477.280029 11 39
4242350.000000 4016618.000000 2610.258057 12 39
4242450.000000 4016618.000000 2730.093994 13 39
4242550.000000 4016618.000000 2845.658936 14 39
4242650.000000 4016618.000000 2968.000000 15 39
4242750.000000 4016618.000000 3115.811035 16 39
4242850.000000 4016618.000000 3269.832031 17 39
4242950.000000 4016618.000000 3418.282959 18 39
4243050.000000 4016618.000000 3551.912109 19 39
4243150.000000 4016618.000000 3668.624023 20 39
4243250.000000 4016618.000000 3773.403076 21 39
4243350.000000 4016618.000000 3875.249023 22 39
4243450.000000 4016618.000000 3991.959961 23 39
4243550.000000 4016618.000000 4163.115234 24 39
4243650.000000 4016618.000000 4356.842773 25 39
4243750.000000 4016618.000000 4562.814941 26 39
4243850.000000 4016618.000000 4781.504883 27 39
4243950.000000 4016618.000000 5025.144043 28 39
4244050.000000 4016618.000000 5283.979980 29 39
4244150.000000 4016618.000000 5527.389160 30 39
4244250.000000 4016618.000000 5745.182129 31 39
4244350.000000 4016618.000000 5955.504883 32 39
4244450.000000 4016618.000000 6166.273926 33 39
4244550.000000 4016618.000000 6380.265137 34 39
4241750.000000 4016718.000000 1538.334961 6 40
4241850.000000 4016718.000000 1740.869019 7 40
4241950.000000 4016718.000000 1937.546021 8 40
4242050.000000 4016718.000000 2123.893066 9 40
4242150.000000 4016718.000000 2301.604004 10 40
4242250.000000 4016718.000000 2466.113037 11 40
4242350.000000 4016718.000000 2607.541992 12 40
4242450.000000 4016718.000000 2731.399902 13 40
4242550.000000 4016718.000000 2848.822021 14 40
4242650.000000 4016718.000000 2972.501953 15 40
4242750.000000 4016718.000000 3125.303955 16 40
4242850.000000 4016718.000000 3283.258057 17 40
4242950.000000 4016718.000000 3433.479980 18 40
4243050.000000 4016718.000000 3568.572021 19 40
4243150.000000 4016718.000000 3688.376953 20 40
4243250.000000 4016718.000000 3797.279053 21 40
4243350.000000 4016718.000000 3905.559082 22 40
4243450.000000 4016718.000000 4032.822998 23 40
4243550.000000 4016718.000000 4207.696777 24 40
4243650.000000 4016718.000000 4401.816895 25 40
4243750.000000 4016718.000000 4603.129883 26 40
4243850.000000 4016718.000000 4814.138184 27 40
4243950.000000 4016718.000000 5062.043945 28 40
4244050.000000 4016718.000000 5338.504883 29 40
4244150.000000 4016718.000000 5586.373047 30 40
4244250.000000 4016718.000000 5801.125977 31 40
4244350.000000 4016718.000000 6012.769043 32 40
4244450.000000 4016718.000000 6229.395996 33 40
4244550.000000 4016718.000000 6447.682129 34 40
4241750.000000 4016818.000000 1507.150024 6 41
4241850.000000 4016818.000000 1707.254028 7 41
4241950.000000 4016818.000000 1902.541992 8 41
4242050.000000 4016818.000000 2092.395996 9 41
4242150.000000 4016818.000000 2277.089111 10 41
4242250.000000 4016818.000000 2451.652100 11 41
4242350.000000 4016818.000000 2604.745117 12 41
4242450.000000 4016818.000000 2737.820068 13 41
4242550.000000 4016818.000000 2865.345947 14 41
4242650.000000 4016818.000000 3000.668945 15 41
4242750.000000 4016818.000000 3153.565918 16 41
4242850.000000 4016818.000000 3313.014893 17 41
4242950.000000 4016818.000000 3466.531982 18 41
4243050.000000 4016818.000000 3599.385986 19 41
4243150.000000 4016818.000000 3721.350098 20 41
4243250.000000 4016818.000000 3838.093994 21 41
4243350.000000 4016818.000000 3961.764893 22 41
4243450.000000 4016818.000000 4106.149902 23 41
4243550.000000 4016818.000000 4276.805176 24 41
4243650.000000 4016818.000000 4454.245117 25 41
4243750.000000 4016818.000000 4638.837891 26 41
4243850.000000 4016818.000000 4839.460938 27 41
4243950.000000 4016818.000000 5091.106934 28 41
4244050.000000 4016818.000000 5392.128906 29 41
4244150.000000 4016818.000000 5645.761230 30 41
4244250.000000 4016818.000000 5856.003906 31 41
4244350.000000 4016818.000000 6071.094238 32 41
4244450.000000 4016818.000000 6295.152832 33 41
4241850.000000 4016918.000000 1673.868042 7 42
4241950.000000 4016918.000000 1867.359009 8 42
4242050.000000 4016918.000000 2059.120117 9 42
4242150.000000 4016918.000000 2249.168945 10 42
4242250.000000 4016918.000000 2434.148926 11 42
4242350.000000 4016918.000000 2600.072021 12 42
4242450.000000 4016918.000000 2747.201904 13 42
4242550.000000 4016918.000000 2887.616943 14 42
4242650.000000 4016918.000000 3031.870117 15 42
4242750.000000 4016918.000000 3190.330078 16 42
4242850.000000 4016918.000000 3350.075928 17 42
4242950.000000 4016918.000000 3502.461914 18 42
4243050.000000 4016918.000000 3636.395996 19 42
4243150.000000 4016918.000000 3763.654053 20 42
4243250.000000 4016918.000000 3891.496094 21 42
4243350.000000 4016918.000000 4032.927002 22 42
4243450.000000 4016918.000000 4194.723145 23 42
4243550.000000 4016918.000000 4368.544922 24 42
4243650.000000 4016918.000000 4536.960938 25 42
4243750.000000 4016918.000000 4695.329102 26 42
4243850.000000 4016918.000000 4887.280762 27 42
4243950.000000 4016918.000000 5145.022949 28 42
4244050.000000 4016918.000000 5455.169922 29 42
4244150.000000 4016918.000000 5701.812012 30 42
4244250.000000 4016918.000000 5915.936035 31 42
4244350.000000 4016918.000000 6138.414063 32 42
4244450.000000 4016918.000000 6367.578125 33 42
4241850.000000 4017018.000000 1642.869995 7 43
4241950.000000 4017018.000000 1832.531982 8 43
4242050.000000 4017018.000000 2024.912964 9 43
4242150.000000 4017018.000000 2222.498047 10 43
4242250.000000 4017018.000000 2415.527100 11 43
4242350.000000 4017018.000000 2597.160889 12 43
4242450.000000 4017018.000000 2766.086914 13 43
4242550.000000 4017018.000000 2923.437988 14 43
4242650.000000 4017018.000000 3080.246094 15 43
4242750.000000 4017018.000000 3239.593018 16 43
4242850.000000 4017018.000000 3395.253906 17 43
4242950.000000 4017018.000000 3538.936035 18 43
4243050.000000 4017018.000000 3678.988037 19 43
4243150.000000 4017018.000000 3815.417969 20 43
4243250.000000 4017018.000000 3957.090088 21 43
4243350.000000 4017018.000000 4117.248047 22 43
4243450.000000 4017018.000000 4288.907227 23 43
4243550.000000 4017018.000000 4460.396973 24 43
4243650.000000 4017018.000000 4604.111816 25 43
4243750.000000 4017018.000000 4750.226074 26 43
4243850.000000 4017018.000000 4941.740234 27 43
4243950.000000 4017018.000000 5219.666992 28 43
4244050.000000 4017018.000000 5518.998047 29 43
4244150.000000 4017018.000000 5765.859863 30 43
4244250.000000 4017018.000000 5993.205078 31 43
4244350.000000 4017018.000000 6227.314941 32 43
4244450.000000 4017018.000000 6456.894043 33 43
4241850.000000 4017118.000000 1627.104004 7 44
4241950.000000 4017118.000000 1810.600952 8 44
4242050.000000 4017118.000000 2000.503052 9 44
4242150.000000 4017118.000000 2220.985107 10 44
4242250.000000 4017118.000000 2435.093994 11 44
4242350.000000 4017118.000000 2631.695068 12 44
4242450.000000 4017118.000000 2811.592041 13 44
4242550.000000 4017118.000000 2980.568115 14 44
4242650.000000 4017118.000000 3142.090088 15 44
4242750.000000 4017118.000000 3302.596924 16 44
4242850.000000 4017118.000000 3458.156982 17 44
4242950.000000 4017118.000000 3598.237061 18 44
4243050.000000 4017118.000000 3738.658936 19 44
4243150.000000 4017118.000000 3882.939941 20 44
4243250.000000 4017118.000000 4038.197021 21 44
4243350.000000 4017118.000000 4211.353027 22 44
4243450.000000 4017118.000000 4381.314941 23 44
4243550.000000 4017118.000000 4538.060059 24 44
4243650.000000 4017118.000000 4666.214844 25 44
4243750.000000 4017118.000000 4805.160156 26 44
4243850.000000 4017118.000000 4998.554199 27 44
4243950.000000 4017118.000000 5297.045898 28 44
4244050.000000 4017118.000000 5583.307129 29 44
4244150.000000 4017118.000000 5835.331055 30 44
4244250.000000 4017118.000000 6079.069824 31 44
4244350.000000 4017118.000000 6319.997070 32 44
4241850.000000 4017218.000000 1636.265015 7 45
4241950.000000 4017218.000000 1827.081055 8 45
4242050.000000 4017218.000000 2028.381958 9 45
4242150.000000 4017218.000000 2269.861084 10 45
4242250.000000 4017218.000000 2496.688965 11 45
4242350.000000 4017218.000000 2698.349121 12 45
4242450.000000 4017218.000000 2879.913086 13 45
4242550.000000 4017218.000000 3045.868896 14 45
4242650.000000 4017218.000000 3214.504883 15 45
4242750.000000 4017218.000000 3375.019043 16 45
4242850.000000 4017218.000000 3529.039063 17 45
4242950.000000 4017218.000000 3668.145020 18 45
4243050.000000 4017218.000000 3813.279053 19 45
4243150.000000 4017218.000000 3972.446045 20 45
4243250.000000 4017218.000000 4148.104004 21 45
4243350.000000 4017218.000000 4323.624023 22 45
4243450.000000 4017218.000000 4477.973145 23 45
4243550.000000 4017218.000000 4611.186035 24 45
4243650.000000 4017218.000000 4731.036133 25 45
4243750.000000 4017218.000000 4873.381836 26 45
4243850.000000 4017218.000000 5085.261230 27 45
4243950.000000 4017218.000000 5373.350098 28 45
4244050.000000 4017218.000000 5654.020996 29 45
4244150.000000 4017218.000000 5917.845215 30 45
4244250.000000 4017218.000000 6171.705078 31 45
4244350.000000 4017218.000000 6413.719238 32 45
4241850.000000 4017318.000000 1695.261963 7 46
4241950.000000 4017318.000000 1904.713013 8 46
4242050.000000 4017318.000000 2127.658936 9 46
4242150.000000 4017318.000000 2380.386963 10 46
4242250.000000 4017318.000000 2604.789063 11 46
4242350.000000 4017318.000000 2800.031006 12 46
4242450.000000 4017318.000000 2982.195068 13 46
4242550.000000 4017318.000000 3149.516113 14 46
4242650.000000 4017318.000000 3311.177002 15 46
4242750.000000 4017318.000000 3459.979980 16 46
4242850.000000 4017318.000000 3601.031006 17 46
4242950.000000 4017318.000000 3746.894043 18 46
4243050.000000 4017318.000000 3904.791016 19 46
4243150.000000 4017318.000000 4084.229980 20 46
4243250.000000 4017318.000000 4277.375000 21 46
4243350.000000 4017318.000000 4449.591797 22 46
4243450.000000 4017318.000000 4583.844238 23 46
4243550.000000 4017318.000000 4691.759766 24 46
4243650.000000 4017318.000000 4803.106934 25 46
4243750.000000 4017318.000000 4949.668945 26 46
4243850.000000 4017318.000000 5168.588867 27 46
4243950.000000 4017318.000000 5451.024902 28 46
4244050.000000 4017318.000000 5740.365234 29 46
4244150.000000 4017318.000000 6013.295898 30 46
4244250.000000 4017318.000000 6269.894043 31 46
4244350.000000 4017318.000000 6503.409180 32 46
4241750.000000 4017418.000000 1548.781006 6 47
4241850.000000 4017418.000000 1813.151978 7 47
4241950.000000 4017418.000000 2054.489014 8 47
4242050.000000 4017418.000000 2285.559082 9 47
4242150.000000 4017418.000000 2530.595947 10 47
4242250.000000 4017418.000000 2738.292969 11 47
4242350.000000 4017418.000000 2921.850098 12 47
4242450.000000 4017418.000000 3103.081055 13 47
4242550.000000 4017418.000000 3270.668945 14 47
4242650.000000 4017418.000000 3427.971924 15 47
4242750.000000 4017418.000000 3569.299072 16 47
4242850.000000 4017418.000000 3702.646973 17 47
4242950.000000 4017418.000000 3851.647949 18 47
4243050.000000 4017418.000000 4023.146973 19 47
4243150.000000 4017418.000000 4230.073242 20 47
4243250.000000 4017418.000000 4418.342773 21 47
4243350.000000 4017418.000000 4563.890137 22 47
4243450.000000 4017418.000000 4672.061035 23 47
4243550.000000 4017418.000000 4768.523926 24 47
4243650.000000 4017418.000000 4878.023926 25 47
4243750.000000 4017418.000000 5024.723145 26 47
4243850.000000 4017418.000000 5246.888184 27 47
4243950.000000 4017418.000000 5531.705078 28 47
4244050.000000 4017418.000000 5838.547852 29 47
4244150.000000 4017418.000000 6117.888184 30 47
4244250.000000 4017418.000000 6369.223145 31 47
4241750.000000 4017518.000000 1669.281006 6 48
4241850.000000 4017518.000000 1976.046997 7 48
4241950.000000 4017518.000000 2217.790039 8 48
4242050.000000 4017518.000000 2446.708008 9 48
4242150.000000 4017518.000000 2682.126953 10 48
4242250.000000 4017518.000000 2885.149902 11 48
4242350.000000 4017518.000000 3058.416992 12 48
4242450.000000 4017518.000000 3231.038086 13 48
4242550.000000 4017518.000000 3395.010010 14 48
4242650.000000 4017518.000000 3544.290039 15 48
4242750.000000 4017518.000000 3678.576904 16 48
4242850.000000 4017518.000000 3820.884033 17 48
4242950.000000 4017518.000000 3991.891113 18 48
4243050.000000 4017518.000000 4196.715820 19 48
4243150.000000 4017518.000000 4397.606934 20 48
4243250.000000 4017518.000000 4548.849121 21 48
4243350.000000 4017518.000000 4658.318848 22 48
4243450.000000 4017518.000000 4750.686035 23 48
4243550.000000 4017518.000000 4848.388184 24 48
4243650.000000 4017518.000000 4971.613770 25 48
4243750.000000 4017518.000000 5130.692871 26 48
4243850.000000 4017518.000000 5340.505859 27 48
4243950.000000 4017518.000000 5614.862793 28 48
4244050.000000 4017518.000000 5944.472168 29 48
4244150.000000 4017518.000000 6219.850098 30 48
4244250.000000 4017518.000000 6462.144043 31 48
4241650.000000 4017618.000000 1577.503052 5 49
4241750.000000 4017618.000000 1869.297974 6 49
4241850.000000 4017618.000000 2145.685059 7 49
4241950.000000 4017618.000000 2384.243896 8 49
4242050.000000 4017618.000000 2614.946045 9 49
4242150.000000 4017618.000000 2847.163086 10 49
4242250.000000 4017618.000000 3046.055908 11 49
4242350.000000 4017618.000000 3204.488037 12 49
4242450.000000 4017618.000000 3361.854004 13 49
4242550.000000 4017618.000000 3516.368896 14 49
4242650.000000 4017618.000000 3657.477051 15 49
4242750.000000 4017618.000000 3797.089111 16 49
4242850.000000 4017618.000000 3959.468018 17 49
4242950.000000 4017618.000000 4166.863770 18 49
4243050.000000 4017618.000000 4377.801758 19 49
4243150.000000 4017618.000000 4541.942871 20 49
4243250.000000 4017618.000000 4651.141113 21 49
4243350.000000 4017618.000000 4737.791992 22 49
4243450.000000 4017618.000000 4826.973145 23 49
4243550.000000 4017618.000000 4938.878906 24 49
4243650.000000 4017618.000000 5088.703125 25 49
4243750.000000 4017618.000000 5273.998047 26 49
4243850.000000 4017618.000000 5493.125977 27 49
4243950.000000 4017618.000000 5761.680176 28 49
4244050.000000 4017618.000000 6058.437988 29 49
4244150.000000 4017618.000000 6320.370117 30 49
4241650.000000 4017718.000000 1761.765015 5 50
4241750.000000 4017718.000000 2049.897949 6 50
4241850.000000 4017718.000000 2319.652100 7 50
4241950.000000 4017718.000000 2561.047119 8 50
4242050.000000 4017718.000000 2794.021973 9 50
4242150.000000 4017718.000000 3009.395996 10 50
4242250.000000 4017718.000000 3181.417969 11 50
4242350.000000 4017718.000000 3333.552002 12 50
4242450.000000 4017718.000000 3486.694092 13 50
4242550.000000 4017718.000000 3638.595947 14 50
4242650.000000 4017718.000000 3786.002930 15 50
4242750.000000 4017718.000000 3940.624023 16 50
4242850.000000 4017718.000000 4129.683105 17 50
4242950.000000 4017718.000000 4348.041992 18 50
4243050.000000 4017718.000000 4534.605957 19 50
4243150.000000 4017718.000000 4650.847168 20 50
4243250.000000 4017718.000000 4733.158203 21 50
4243350.000000 4017718.000000 4811.193848 22 50
4243450.000000 4017718.000000 4912.693848 23 50
4243550.000000 4017718.000000 5054.811035 24 50
4243650.000000 4017718.000000 5238.003906 25 50
4243750.000000 4017718.000000 5447.209961 26 50
4243850.000000 4017718.000000 5673.909180 27 50
4243950.000000 4017718.000000 5928.562012 28 50
4244050.000000 4017718.000000 6192.108887 29 50
4244150.000000 4017718.000000 6426.698242 30 50
4241650.000000 4017818.000000 1949.828003 5 51
4241750.000000 4017818.000000 2237.492920 6 51
4241850.000000 4017818.000000 2502.659912 7 51
4241950.000000 4017818.000000 2743.402100 8 51
4242050.000000 4017818.000000 2959.958008 9 51
4242150.000000 4017818.000000 3141.895020 10 51
4242250.000000 4017818.000000 3299.169922 11 51
4242350.000000 4017818.000000 3452.706055 12 51
4242450.000000 4017818.000000 3614.514893 13 51
4242550.000000 4017818.000000 3778.592041 14 51
4242650.000000 4017818.000000 3946.426025 15 51
4242750.000000 4017818.000000 4132.350098 16 51
4242850.000000 4017818.000000 4341.323242 17 51
4242950.000000 4017818.000000 4529.938965 18 51
4243050.000000 4017818.000000 4655.370117 19 51
4243150.000000 4017818.000000 4740.097168 20 51
4243250.000000 4017818.000000 4809.929199 21 51
4243350.000000 4017818.000000 4893.092773 22 51
4243450.000000 4017818.000000 5021.789063 23 51
4243550.000000 4017818.000000 5199.153809 24 51
4243650.000000 4017818.000000 5405.745117 25 51
4243750.000000 4017818.000000 5624.546875 26 51
4243850.000000 4017818.000000 5854.257813 27 51
4243950.000000 4017818.000000 6098.272949 28 51
4244050.000000 4017818.000000 6342.143066 29 51
4241650.000000 4017918.000000 2136.999023 5 52
4241750.000000 4017918.000000 2426.320068 6 52
4241850.000000 4017918.000000 2680.051025 7 52
4241950.000000 4017918.000000 2909.041992 8 52
4242050.000000 4017918.000000 3100.053955 9 52
4242150.000000 4017918.000000 3262.159912 10 52
4242250.000000 4017918.000000 3414.626953 11 52
4242350.000000 4017918.000000 3582.467041 12 52
4242450.000000 4017918.000000 3759.483887 13 52
4242550.000000 4017918.000000 3940.568115 14 52
4242650.000000 4017918.000000 4135.143066 15 52
4242750.000000 4017918.000000 4350.755859 16 52
4242850.000000 4017918.000000 4546.892090 17 52
4242950.000000 4017918.000000 4672.934082 18 52
4243050.000000 4017918.000000 4759.423828 19 52
4243150.000000 4017918.000000 4829.799805 20 52
4243250.000000 4017918.000000 4904.279785 21 52
4243350.000000 4017918.000000 5001.964844 22 52
4243450.000000 4017918.000000 5171.399902 23 52
4243550.000000 4017918.000000 5368.763184 24 52
4243650.000000 4017918.000000 5580.257813 25 52
4243750.000000 4017918.000000 5799.859863 26 52
4243850.000000 4017918.000000 6019.438965 27 52
4243950.000000 4017918.000000 6262.450195 28 52
4241650.000000 4018018.000000 2337.176025 5 53
4241750.000000 4018018.000000 2599.196045 6 53
4241850.000000 4018018.000000 2831.697998 7 53
4241950.000000 4018018.000000 3041.686035 8 53
4242050.000000 4018018.000000 3216.823975 9 53
4242150.000000 4018018.000000 3380.107910 10 53
4242250.000000 4018018.000000 3546.638916 11 53
4242350.000000 4018018.000000 3733.686035 12 53
4242450.000000 4018018.000000 3921.148926 13 53
4242550.000000 4018018.000000 4112.801758 14 53
4242650.000000 4018018.000000 4325.502930 15 53
4242750.000000 4018018.000000 4544.416992 16 53
4242850.000000 4018018.000000 4694.860840 17 53
4242950.000000 4018018.000000 4790.394043 18 53
4243050.000000 4018018.000000 4861.354980 19 53
4243150.000000 4018018.000000 4938.077148 20 53
4243250.000000 4018018.000000 5039.232910 21 53
4243350.000000 4018018.000000 5178.756836 22 53
4243450.000000 4018018.000000 5364.413086 23 53
4243550.000000 4018018.000000 5564.886230 24 53
4243650.000000 4018018.000000 5778.354004 25 53
4243750.000000 4018018.000000 5998.694824 26 53
4243850.000000 4018018.000000 6215.871094 27 53
4243950.000000 4018018.000000 6429.849121 28 53
4241650.000000 4018118.000000 2515.836914 5 54
4241750.000000 4018118.000000 2746.742920 6 54
4241850.000000 4018118.000000 2955.291992 7 54
4241950.000000 4018118.000000 3145.337891 8 54
4242050.000000 4018118.000000 3320.333984 9 54
4242150.000000 4018118.000000 3503.516113 10 54
4242250.000000 4018118.000000 3706.512939 11 54
4242350.000000 4018118.000000 3902.410889 12 54
4242450.000000 4018118.000000 4087.406006 13 54
4242550.000000 4018118.000000 4277.257813 14 54
4242650.000000 4018118.000000 4483.233887 15 54
4242750.000000 4018118.000000 4682.512207 16 54
4242850.000000 4018118.000000 4820.351074 17 54
4242950.000000 4018118.000000 4904.227051 18 54
4243050.000000 4018118.000000 4972.457031 19 54
4243150.000000 4018118.000000 5072.119141 20 54
4243250.000000 4018118.000000 5203.551758 21 54
4243350.000000 4018118.000000 5369.289063 22 54
4243450.000000 4018118.000000 5559.880859 23 54
4243550.000000 4018118.000000 5765.532227 24 54
4243650.000000 4018118.000000 5980.628906 25 54
4243750.000000 4018118.000000 6198.713867 26 54
4243850.000000 4018118.000000 6405.201172 27 54
4241650.000000 4018218.000000 2666.290039 5 55
4241750.000000 4018218.000000 2872.889893 6 55
4241850.000000 4018218.000000 3064.541992 7 55
4241950.000000 4018218.000000 3242.766113 8 55
4242050.000000 4018218.000000 3421.958984 9 55
4242150.000000 4018218.000000 3631.555908 10 55
4242250.000000 4018218.000000 3867.836914 11 55
4242350.000000 4018218.000000 4065.687012 12 55
4242450.000000 4018218.000000 4239.788086 13 55
4242550.000000 4018218.000000 4425.541016 14 55
4242650.000000 4018218.000000 4628.904785 15 55
4242750.000000 4018218.000000 4823.855957 16 55
4242850.000000 4018218.000000 4952.971191 17 55
4242950.000000 4018218.000000 5028.966797 18 55
4243050.000000 4018218.000000 5110.228027 19 55
4243150.000000 4018218.000000 5222.814941 20 55
4243250.000000 4018218.000000 5372.181152 21 55
4243350.000000 4018218.000000 5553.571777 22 55
4243450.000000 4018218.000000 5754.270996 23 55
4243550.000000 4018218.000000 5963.174805 24 55
4243650.000000 4018218.000000 6176.217773 25 55
4243750.000000 4018218.000000 6382.336914 26 55
4241650.000000 4018318.000000 2794.208984 5 56
4241750.000000 4018318.000000 2983.986084 6 56
4241850.000000 4018318.000000 3165.222900 7 56
4241950.000000 4018318.000000 3345.736084 8 56
4242050.000000 4018318.000000 3540.675049 9 56
4242150.000000 4018318.000000 3764.263916 10 56
4242250.000000 4018318.000000 3988.736084 11 56
4242350.000000 4018318.000000 4184.104004 12 56
4242450.000000 4018318.000000 4367.688965 13 56
4242550.000000 4018318.000000 4570.284180 14 56
4242650.000000 4018318.000000 4792.237793 15 56
4242750.000000 4018318.000000 4976.035156 16 56
4242850.000000 4018318.000000 5083.849121 17 56
4242950.000000 4018318.000000 5156.643066 18 56
4243050.000000 4018318.000000 5243.559082 19 56
4243150.000000 4018318.000000 5369.128906 20 56
4243250.000000 4018318.000000 5540.002930 21 56
4243350.000000 4018318.000000 5737.905762 22 56
4243450.000000 4018318.000000 5946.374023 23 56
4243550.000000 4018318.000000 6154.036133 24 56
4243650.000000 4018318.000000 6355.100098 25 56
4241550.000000 4018418.000000 2721.094971 4 57
4241650.000000 4018418.000000 2906.350098 5 57
4241750.000000 4018418.000000 3087.488037 6 57
4241850.000000 4018418.000000 3266.685059 7 57
4241950.000000 4018418.000000 3455.770020 8 57
4242050.000000 4018418.000000 3671.437012 9 57
4242150.000000 4018418.000000 3898.274902 10 57
4242250.000000 4018418.000000 4105.957031 11 57
4242350.000000 4018418.000000 4293.501953 12 57
4242450.000000 4018418.000000 4488.612793 13 57
4242550.000000 4018418.000000 4719.057129 14 57
4242650.000000 4018418.000000 4942.932129 15 57
4242750.000000 4018418.000000 5089.940918 16 57
4242850.000000 4018418.000000 5182.798828 17 57
4242950.000000 4018418.000000 5261.066895 18 57
4243050.000000 4018418.000000 5362.438965 19 57
4243150.000000 4018418.000000 5510.770996 20 57
4243250.000000 4018418.000000 5708.394043 21 57
4243350.000000 4018418.000000 5921.109863 22 57
4243450.000000 4018418.000000 6131.725098 23 57
4243550.000000 4018418.000000 6332.469238 24 57
4241550.000000 4018518.000000 2846.428955 4 58
4241650.000000 4018518.000000 3015.724121 5 58
4241750.000000 4018518.000000 3191.406982 6 58
4241850.000000 4018518.000000 3374.687988 7 58
4241950.000000 4018518.000000 3577.943115 8 58
4242050.000000 4018518.000000 3801.928955 9 58
4242150.000000 4018518.000000 4020.775879 10 58
4242250.000000 4018518.000000 4213.841797 11 58
4242350.000000 4018518.000000 4400.238770 12 58
4242450.000000 4018518.000000 4611.742188 13 58
4242550.000000 4018518.000000 4846.737793 14 58
4242650.000000 4018518.000000 5049.687012 15 58
4242750.000000 4018518.000000 5170.916992 16 58
4242850.000000 4018518.000000 5260.380859 17 58
4242950.000000 4018518.000000 5355.412109 18 58
4243050.000000 4018518.000000 5484.976074 19 58
4243150.000000 4018518.000000 5672.514160 20 58
4243250.000000 4018518.000000 5887.875000 21 58
4243350.000000 4018518.000000 6104.917969 22 58
4243450.000000 4018518.000000 6313.865234 23 58
4243550.000000 4018518.000000 6497.450195 24 58
4241550.000000 4018618.000000 2964.260986 4 59
4241650.000000 4018618.000000 3125.232910 5 59
4241750.000000 4018618.000000 3300.279053 6 59
4241850.000000 4018618.000000 3491.877930 7 59
4241950.000000 4018618.000000 3707.833008 8 59
4242050.000000 4018618.000000 3931.979004 9 59
4242150.000000 4018618.000000 4136.520996 10 59
4242250.000000 4018618.000000 4322.278809 11 59
4242350.000000 4018618.000000 4514.833008 12 59
4242450.000000 4018618.000000 4736.480957 13 59
4242550.000000 4018618.000000 4956.351074 14 59
4242650.000000 4018618.000000 5118.482910 15 59
4242750.000000 4018618.000000 5231.158203 16 59
4242850.000000 4018618.000000 5334.484863 17 59
4242950.000000 4018618.000000 5461.951172 18 59
4243050.000000 4018618.000000 5639.118164 19 59
4243150.000000 4018618.000000 5853.131836 20 59
4243250.000000 4018618.000000 6076.053223 21 59
4243350.000000 4018618.000000 6295.888184 22 59
4243450.000000 4018618.000000 6488.702148 23 59
4241550.000000 4018718.000000 3068.448975 4 60
4241650.000000 4018718.000000 3229.877930 5 60
4241750.000000 4018718.000000 3411.000000 6 60
4241850.000000 4018718.000000 3612.627930 7 60
4241950.000000 4018718.000000 3833.802002 8 60
4242050.000000 4018718.000000 4052.693115 9 60
4242150.000000 4018718.000000 4244.561035 10 60
4242250.000000 4018718.000000 4428.868164 11 60
4242350.000000 4018718.000000 4630.985840 12 60
4242450.000000 4018718.000000 4849.865234 13 60
4242550.000000 4018718.000000 5045.274902 14 60
4242650.000000 4018718.000000 5181.786133 15 60
4242750.000000 4018718.000000 5295.536133 16 60
4242850.000000 4018718.000000 5425.208984 17 60
4242950.000000 4018718.000000 5600.166016 18 60
4243050.000000 4018718.000000 5814.190918 19 60
4243150.000000 4018718.000000 6044.578125 20 60
4243250.000000 4018718.000000 6275.474121 21 60
4243350.000000 4018718.000000 6479.371094 22 60
4241550.000000 4018818.000000 3190.312988 4 61
4241650.000000 4018818.000000 3340.482910 5 61
4241750.000000 4018818.000000 3525.983887 6 61
4241850.000000 4018818.000000 3733.230957 7 61
4241950.000000 4018818.000000 3951.079102 8 61
4242050.000000 4018818.000000 4156.405762 9 61
4242150.000000 4018818.000000 4347.307129 10 61
4242250.000000 4018818.000000 4539.282227 11 61
4242350.000000 4018818.000000 4747.084961 12 61
4242450.000000 4018818.000000 4954.869141 13 61
4242550.000000 4018818.000000 5120.289063 14 61
4242650.000000 4018818.000000 5251.411133 15 61
4242750.000000 4018818.000000 5381.876953 16 61
4242850.000000 4018818.000000 5558.158203 17 61
4242950.000000 4018818.000000 5782.325195 18 61
4243050.000000 4018818.000000 6019.137207 19 61
4243150.000000 4018818.000000 6255.758789 20 61
4243250.000000 4018818.000000 6469.237793 21 61
4241550.000000 4018918.000000 3314.031006 4 62
4241650.000000 4018918.000000 3449.451904 5 62
4241750.000000 4018918.000000 3636.739990 6 62
4241850.000000 4018918.000000 3846.482910 7 62
4241950.000000 4018918.000000 4057.541016 8 62
4242050.000000 4018918.000000 4254.957031 9 62
4242150.000000 4018918.000000 4446.189941 10 62
4242250.000000 4018918.000000 4646.188965 11 62
4242350.000000 4018918.000000 4851.490234 12 62
4242450.000000 4018918.000000 5045.134766 13 62
4242550.000000 4018918.000000 5202.515137 14 62
4242650.000000 4018918.000000 5344.790039 15 62
4242750.000000 4018918.000000 5510.467773 16 62
4242850.000000 4018918.000000 5742.192871 17 62
4242950.000000 4018918.000000 5998.763184 18 62
4243050.000000 4018918.000000 6245.933105 19 62
4243150.000000 4018918.000000 6460.036133 20 62
4241550.000000 4019018.000000 3444.614014 4 63
4241650.000000 4019018.000000 3569.329102 5 63
4241750.000000 4019018.000000 3751.826904 6 63
4241850.000000 4019018.000000 3957.017090 7 63
4241950.000000 4019018.000000 4157.069824 8 63
4242050.000000 4019018.000000 4351.888184 9 63
4242150.000000 4019018.000000 4545.393066 10 63
4242250.000000 4019018.000000 4747.366211 11 63
4242350.000000 4019018.000000 4949.507813 12 63
4242450.000000 4019018.000000 5134.291992 13 63
4242550.000000 4019018.000000 5299.996094 14 63
4242650.000000 4019018.000000 5464.388184 15 63
4242750.000000 4019018.000000 5674.960938 16 63
4242850.000000 4019018.000000 5936.844238 17 63
4242950.000000 4019018.000000 6206.172852 18 63
4243050.000000 4019018.000000 6451.790039 19 63
4241550.000000 4019118.000000 3581.397949 4 64
4241650.000000 4019118.000000 3706.135010 5 64
4241750.000000 4019118.000000 3870.674072 6 64
4241850.000000 4019118.000000 4058.347900 7 64
4241950.000000 4019118.000000 4253.751953 8 64
4242050.000000 4019118.000000 4448.439941 9 64
4242150.000000 4019118.000000 4644.142090 10 64
4242250.000000 4019118.000000 4843.720215 11 64
4242350.000000 4019118.000000 5041.999023 12 64
4242450.000000 4019118.000000 5231.035156 13 64
4242550.000000 4019118.000000 5415.507813 14 64
4242650.000000 4019118.000000 5610.425781 15 64
4242750.000000 4019118.000000 5826.601074 16 64
4242850.000000 4019118.000000 6082.520020 17 64
4242950.000000 4019118.000000 6362.744141 18 64
4241550.000000 4019218.000000 3710.389893 4 65
4241650.000000 4019218.000000 3835.097900 5 65
4241750.000000 4019218.000000 3985.466064 6 65
4241850.000000 4019218.000000 4163.335938 7 65
4241950.000000 4019218.000000 4352.749023 8 65
4242050.000000 4019218.000000 4546.092773 9 65
4242150.000000 4019218.000000 4740.695801 10 65
4242250.000000 4019218.000000 4938.621094 11 65
4242350.000000 4019218.000000 5135.804199 12 65
4242450.000000 4019218.000000 5329.907227 13 65
4242550.000000 4019218.000000 5525.338867 14 65
4242650.000000 4019218.000000 5732.139160 15 65
4242750.000000 4019218.000000 5960.142090 16 65
4242850.000000 4019218.000000 6217.645020 17 65
4242950.000000 4019218.000000 6472.425781 18 65
4241550.000000 4019318.000000 3833.427979 4 66
4241650.000000 4019318.000000 3959.437012 5 66
4241750.000000 4019318.000000 4104.053223 6 66
4241850.000000 4019318.000000 4269.827148 7 66
4241950.000000 4019318.000000 4451.508789 8 66
4242050.000000 4019318.000000 4640.174805 9 66
4242150.000000 4019318.000000 4834.820801 10 66
4242250.000000 4019318.000000 5033.875977 11 66
4242350.000000 4019318.000000 5233.869141 12 66
4242450.000000 4019318.000000 5431.425781 13 66
4242550.000000 4019318.000000 5632.916992 14 66
4242650.000000 4019318.000000 5846.198242 15 66
4242750.000000 4019318.000000 6086.047852 16 66
4242850.000000 4019318.000000 6342.556152 17 66
4241550.000000 4019418.000000 3946.961914 4 67
4241650.000000 4019418.000000 4073.757080 5 67
4241750.000000 4019418.000000 4213.091797 6 67
4241850.000000 4019418.000000 4370.328125 7 67
4241950.000000 4019418.000000 4544.536133 8 67
4242050.000000 4019418.000000 4731.826172 9 67
4242150.000000 4019418.000000 4928.602051 10 67
4242250.000000 4019418.000000 5131.601074 11 67
4242350.000000 4019418.000000 5337.251953 12 67
4242450.000000 4019418.000000 5537.213867 13 67
4242550.000000 4019418.000000 5737.844238 14 67
4242650.000000 4019418.000000 5960.483887 15 67
4242750.000000 4019418.000000 6216.483887 16 67
4242850.000000 4019418.000000 6462.504883 17 67
4241550.000000 4019518.000000 4051.455078 4 68
4241650.000000 4019518.000000 4176.220215 5 68
4241750.000000 4019518.000000 4312.997070 6 68
4241850.000000 4019518.000000 4465.895020 7 68
4241950.000000 4019518.000000 4637.298828 8 68
4242050.000000 4019518.000000 4824.124023 9 68
4242150.000000 4019518.000000 5024.592773 10 68
4242250.000000 4019518.000000 5236.270020 11 68
4242350.000000 4019518.000000 5444.162109 12 68
4242450.000000 4019518.000000 5638.035156 13 68
4242550.000000 4019518.000000 5843.349121 14 68
4242650.000000 4019518.000000 6083.708008 15 68
4242750.000000 4019518.000000 6351.305176 16 68
4241550.000000 4019618.000000 4146.513184 4 69
4241650.000000 4019618.000000 4270.453125 5 69
4241750.000000 4019618.000000 4407.057129 6 69
4241850.000000 4019618.000000 4560.153809 7 69
4241950.000000 4019618.000000 4730.512207 8 69
4242050.000000 4019618.000000 4918.703125 9 69
4242150.000000 4019618.000000 5125.022949 10 69
4242250.000000 4019618.000000 5344.227051 11 69
4242350.000000 4019618.000000 5548.852051 12 69
4242450.000000 4019618.000000 5739.573242 13 69
4242550.000000 4019618.000000 5957.250977 14 69
4242650.000000 4019618.000000 6222.667969 15 69
4242750.000000 4019618.000000 6480.507813 16 69
4241550.000000 4019718.000000 4233.780762 4 70
4241650.000000 4019718.000000 4358.097168 5 70
4241750.000000 4019718.000000 4496.307129 6 70
4241850.000000 4019718.000000 4651.119141 7 70
4241950.000000 4019718.000000 4823.935059 8 70
4242050.000000 4019718.000000 5017.503906 9 70
4242150.000000 4019718.000000 5234.473145 10 70
4242250.000000 4019718.000000 5455.483887 11 70
4242350.000000 4019718.000000 5645.203125 12 70
4242450.000000 4019718.000000 5840.872070 13 70
4242550.000000 4019718.000000 6083.333984 14 70
4242650.000000 4019718.000000 6365.729980 15 70
4241550.000000 4019818.000000 4315.278809 4 71
4241650.000000 4019818.000000 4441.101074 5 71
4241750.000000 4019818.000000 4582.631836 6 71
4241850.000000 4019818.000000 4740.598145 7 71
4241950.000000 4019818.000000 4917.801758 8 71
4242050.000000 4019818.000000 5118.157227 9 71
4242150.000000 4019818.000000 5339.171875 10 71
4242250.000000 4019818.000000 5553.949219 11 71
4242350.000000 4019818.000000 5741.551758 12 71
4242450.000000 4019818.000000 5952.410156 13 71
4242550.000000 4019818.000000 6228.520996 14 71
4242650.000000 4019818.000000 6500.664063 15 71
4241550.000000 4019918.000000 4393.997070 4 72
4241650.000000 4019918.000000 4522.109863 5 72
4241750.000000 4019918.000000 4667.324219 6 72
4241850.000000 4019918.000000 4829.768066 7 72
4241950.000000 4019918.000000 5013.586914 8 72
4242050.000000 4019918.000000 5221.833984 9 72
4242150.000000 4019918.000000 5442.972168 10 72
4242250.000000 4019918.000000 5647.540039 11 72
4242350.000000 4019918.000000 5848.587891 12 72
4242450.000000 4019918.000000 6090.696777 13 72
4242550.000000 4019918.000000 6381.924805 14 72
4241550.000000 4020018.000000 4475.621094 4 73
4241650.000000 4020018.000000 4607.007813 5 73
4241750.000000 4020018.000000 4753.196777 6 73
4241850.000000 4020018.000000 4919.368164 7 73
4241950.000000 4020018.000000 5109.444824 8 73
4242050.000000 4020018.000000 5322.741211 9 73
4242150.000000 4020018.000000 5544.438965 10 73
4242250.000000 4020018.000000 5756.867188 11 73
4242350.000000 4020018.000000 5984.233887 12 73
4242450.000000 4020018.000000 6255.083008 13 73
4241550.000000 4020118.000000 4559.311035 4 74
4241650.000000 4020118.000000 4691.456055 5 74
4241750.000000 4020118.000000 4838.833984 6 74
4241850.000000 4020118.000000 5009.350098 7 74
4241950.000000 4020118.000000 5206.683105 8 74
4242050.000000 4020118.000000 5425.770996 9 74
4242150.000000 4020118.000000 5651.766113 10 74
4242250.000000 4020118.000000 5881.044922 11 74
4242350.000000 4020118.000000 6137.525879 12 74
4242450.000000 4020118.000000 6417.998047 13 74
4241550.000000 4020218.000000 4640.199219 4 75
4241650.000000 4020218.000000 4773.164063 5 75
4241750.000000 4020218.000000 4923.009766 6 75
4241850.000000 4020218.000000 5099.896973 7 75
4241950.000000 4020218.000000 5304.934082 8 75
4242050.000000 4020218.000000 5533.265137 9 75
4242150.000000 4020218.000000 5776.167969 10 75
4242250.000000 4020218.000000 6027.437988 11 75
4242350.000000 4020218.000000 6299.645020 12 75
4241650.000000 4020318.000000 4850.025879 5 76
4241750.000000 4020318.000000 5007.073242 6 76
4241850.000000 4020318.000000 5191.666016 7 76
4241950.000000 4020318.000000 5407.884766 8 76
4242050.000000 4020318.000000 5652.273926 9 76
4242150.000000 4020318.000000 5917.527832 10 76
4242250.000000 4020318.000000 6186.986816 11 76
4242350.000000 4020318.000000 6454.955078 12 76
4241650.000000 4020418.000000 4925.106934 5 77
4241750.000000 4020418.000000 5093.538086 6 77
4241850.000000 4020418.000000 5285.937012 7 77
4241950.000000 4020418.000000 5516.713867 8 77
4242050.000000 4020418.000000 5789.770996 9 77
4242150.000000 4020418.000000 6075.413086 10 77
4242250.000000 4020418.000000 6349.187988 11 77
4241650.000000 4020518.000000 5005.273926 5 78
4241750.000000 4020518.000000 5179.895020 6 78
4241850.000000 4020518.000000 5383.882813 7 78
4241950.000000 4020518.000000 5636.287109 8 78
4242050.000000 4020518.000000 5932.414063 9 78
4242150.000000 4020518.000000 6227.160156 10 78
4242250.000000 4020518.000000 6489.619141 11 78
4241650.000000 4020618.000000 5086.562988 5 79
4241750.000000 4020618.000000 5268.999023 6 79
4241850.000000 4020618.000000 5490.293945 7 79
4241950.000000 4020618.000000 5768.353027 8 79
4242050.000000 4020618.000000 6072.627930 9 79
4242150.000000 4020618.000000 6371.491211 10 79
4241750.000000 4020718.000000 5356.413086 6 80
4241850.000000 4020718.000000 5609.650879 7 80
4241950.000000 4020718.000000 5909.533203 8 80
4242050.000000 4020718.000000 6217.399902 9 80
