# Type: scattered data
# Version: 6
# Description: No description
# Format: free
# Field: 1 x
# Field: 2 y
# Field: 3 z undefined
# Field: 4 column
# Field: 5 row
# Projection: Local Rectangular
# Units: undefined
# End:
# Information from grid:
# Grid_size: 46 x 62
# Grid_space: 4244459.000000,4248959.000000,4013410.000000,4019510.000000
# Scattered data: Not_available
# Z_field: z
# Vertical_faults: Not_available
# History: No history
# Z_units: undefined
4248359.000000 4013510.000000 1655.917969 40 2
4248459.000000 4013510.000000 1996.625000 41 2
4248259.000000 4013610.000000 1597.310059 39 3
4248359.000000 4013610.000000 1943.964966 40 3
4248459.000000 4013610.000000 2239.364014 41 3
4248159.000000 4013710.000000 1547.640991 38 4
4248259.000000 4013710.000000 1890.250000 39 4
4248359.000000 4013710.000000 2197.424072 40 4
4248459.000000 4013710.000000 2485.579102 41 4
4248159.000000 4013810.000000 1838.913940 38 5
4248259.000000 4013810.000000 2151.660889 39 5
4248359.000000 4013810.000000 2435.539063 40 5
4248459.000000 4013810.000000 2813.520996 41 5
4248059.000000 4013910.000000 1783.973999 37 6
4248159.000000 4013910.000000 2103.000977 38 6
4248259.000000 4013910.000000 2388.176025 39 6
4248359.000000 4013910.000000 2746.159912 40 6
4247959.000000 4014010.000000 1705.542969 36 7
4248059.000000 4014010.000000 2055.955078 37 7
4248159.000000 4014010.000000 2341.441895 38 7
4248259.000000 4014010.000000 2679.629883 39 7
4247859.000000 4014110.000000 1655.166992 35 8
4247959.000000 4014110.000000 2005.321045 36 8
4248059.000000 4014110.000000 2296.799072 37 8
4248159.000000 4014110.000000 2627.086914 38 8
4248259.000000 4014110.000000 3014.625000 39 8
4247759.000000 4014210.000000 1607.385986 34 9
4247859.000000 4014210.000000 1953.562988 35 9
4247959.000000 4014210.000000 2258.756104 36 9
4248059.000000 4014210.000000 2574.435059 37 9
4248159.000000 4014210.000000 2956.829102 38 9
4247659.000000 4014310.000000 1561.991943 33 10
4247759.000000 4014310.000000 1900.725952 34 10
4247859.000000 4014310.000000 2217.511963 35 10
4247959.000000 4014310.000000 2521.600098 36 10
4248059.000000 4014310.000000 2901.610107 37 10
4247559.000000 4014410.000000 1519.103027 32 11
4247659.000000 4014410.000000 1841.051025 33 11
4247759.000000 4014410.000000 2161.603027 34 11
4247859.000000 4014410.000000 2466.340088 35 11
4247959.000000 4014410.000000 2850.915039 36 11
4248059.000000 4014410.000000 3198.850098 37 11
4247559.000000 4014510.000000 1792.125977 32 12
4247659.000000 4014510.000000 2108.761963 33 12
4247759.000000 4014510.000000 2410.750977 34 12
4247859.000000 4014510.000000 2799.055908 35 12
4247959.000000 4014510.000000 3151.849121 36 12
4247459.000000 4014610.000000 1732.995972 31 13
4247559.000000 4014610.000000 2065.271973 32 13
4247659.000000 4014610.000000 2369.039063 33 13
4247759.000000 4014610.000000 2727.333008 34 13
4247859.000000 4014610.000000 3107.148926 35 13
4247359.000000 4014710.000000 1676.182007 30 14
4247459.000000 4014710.000000 2019.735962 31 14
4247559.000000 4014710.000000 2333.697998 32 14
4247659.000000 4014710.000000 2678.104004 33 14
4247759.000000 4014710.000000 3058.802002 34 14
4247859.000000 4014710.000000 3368.815918 35 14
4247259.000000 4014810.000000 1628.125000 29 15
4247359.000000 4014810.000000 1971.340942 30 15
4247459.000000 4014810.000000 2296.364990 31 15
4247559.000000 4014810.000000 2639.245117 32 15
4247659.000000 4014810.000000 3010.283936 33 15
4247759.000000 4014810.000000 3316.812012 34 15
4247159.000000 4014910.000000 1582.462036 28 16
4247259.000000 4014910.000000 1923.318970 29 16
4247359.000000 4014910.000000 2260.844971 30 16
4247459.000000 4014910.000000 2600.554932 31 16
4247559.000000 4014910.000000 2964.444092 32 16
4247659.000000 4014910.000000 3277.520996 33 16
4247059.000000 4015010.000000 1537.697998 27 17
4247159.000000 4015010.000000 1874.600952 28 17
4247259.000000 4015010.000000 2219.873047 29 17
4247359.000000 4015010.000000 2562.354004 30 17
4247459.000000 4015010.000000 2923.224121 31 17
4247559.000000 4015010.000000 3227.340088 32 17
4247659.000000 4015010.000000 3528.542969 33 17
4246959.000000 4015110.000000 1496.140991 26 18
4247059.000000 4015110.000000 1826.589966 27 18
4247159.000000 4015110.000000 2176.270996 28 18
4247259.000000 4015110.000000 2524.855957 29 18
4247359.000000 4015110.000000 2884.750977 30 18
4247459.000000 4015110.000000 3198.989014 31 18
4247559.000000 4015110.000000 3483.951904 32 18
4246959.000000 4015210.000000 1777.661987 26 19
4247059.000000 4015210.000000 2129.240967 27 19
4247159.000000 4015210.000000 2486.118896 28 19
4247259.000000 4015210.000000 2844.788086 29 19
4247359.000000 4015210.000000 3169.021973 30 19
4247459.000000 4015210.000000 3446.971924 31 19
4247559.000000 4015210.000000 3786.591064 32 19
4246859.000000 4015310.000000 1713.146973 25 20
4246959.000000 4015310.000000 2082.177002 26 20
4247059.000000 4015310.000000 2446.378906 27 20
4247159.000000 4015310.000000 2802.447998 28 20
4247259.000000 4015310.000000 3139.054932 29 20
4247359.000000 4015310.000000 3437.084961 30 20
4247459.000000 4015310.000000 3758.802979 31 20
4246759.000000 4015410.000000 1687.750977 24 21
4246859.000000 4015410.000000 2037.056030 25 21
4246959.000000 4015410.000000 2411.812012 26 21
4247059.000000 4015410.000000 2762.955078 27 21
4247159.000000 4015410.000000 3105.520020 28 21
4247259.000000 4015410.000000 3427.370117 29 21
4247359.000000 4015410.000000 3740.736084 30 21
4246659.000000 4015510.000000 1747.125977 23 22
4246759.000000 4015510.000000 2044.303955 24 22
4246859.000000 4015510.000000 2386.095947 25 22
4246959.000000 4015510.000000 2739.236084 26 22
4247059.000000 4015510.000000 3081.381104 27 22
4247159.000000 4015510.000000 3416.927002 28 22
4247259.000000 4015510.000000 3728.446045 29 22
4246559.000000 4015610.000000 1793.937012 22 23
4246659.000000 4015610.000000 2074.996094 23 23
4246759.000000 4015610.000000 2368.706055 24 23
4246859.000000 4015610.000000 2716.416016 25 23
4246959.000000 4015610.000000 3071.352051 26 23
4247059.000000 4015610.000000 3410.137939 27 23
4247159.000000 4015610.000000 3724.923096 28 23
4246459.000000 4015710.000000 1764.557007 21 24
4246559.000000 4015710.000000 2091.333008 22 24
4246659.000000 4015710.000000 2363.547119 23 24
4246759.000000 4015710.000000 2686.491943 24 24
4246859.000000 4015710.000000 3061.395020 25 24
4246959.000000 4015710.000000 3403.374023 26 24
4247059.000000 4015710.000000 3724.892090 27 24
4247159.000000 4015710.000000 4044.758057 28 24
4246359.000000 4015810.000000 1711.239014 20 25
4246459.000000 4015810.000000 2066.962891 21 25
4246559.000000 4015810.000000 2394.790039 22 25
4246659.000000 4015810.000000 2694.108887 23 25
4246759.000000 4015810.000000 3044.181885 24 25
4246859.000000 4015810.000000 3395.680908 25 25
4246959.000000 4015810.000000 3732.947021 26 25
4247059.000000 4015810.000000 4060.373047 27 25
4246259.000000 4015910.000000 1649.260986 19 26
4246359.000000 4015910.000000 2030.536987 20 26
4246459.000000 4015910.000000 2351.298096 21 26
4246559.000000 4015910.000000 2689.643066 22 26
4246659.000000 4015910.000000 3012.180908 23 26
4246759.000000 4015910.000000 3368.724121 24 26
4246859.000000 4015910.000000 3734.000977 25 26
4246959.000000 4015910.000000 4078.462891 26 26
4246159.000000 4016010.000000 1564.458008 18 27
4246259.000000 4016010.000000 1944.319946 19 27
4246359.000000 4016010.000000 2292.133057 20 27
4246459.000000 4016010.000000 2635.508057 21 27
4246559.000000 4016010.000000 2981.433105 22 27
4246659.000000 4016010.000000 3334.919922 23 27
4246759.000000 4016010.000000 3709.239990 24 27
4246859.000000 4016010.000000 4097.384766 25 27
4246159.000000 4016110.000000 1855.637939 18 28
4246259.000000 4016110.000000 2226.264893 19 28
4246359.000000 4016110.000000 2578.417969 20 28
4246459.000000 4016110.000000 2948.490967 21 28
4246559.000000 4016110.000000 3306.413086 22 28
4246659.000000 4016110.000000 3672.626953 23 28
4246759.000000 4016110.000000 4063.584961 24 28
4246059.000000 4016210.000000 1751.300049 17 29
4246159.000000 4016210.000000 2143.558105 18 29
4246259.000000 4016210.000000 2505.513916 19 29
4246359.000000 4016210.000000 2884.541016 20 29
4246459.000000 4016210.000000 3267.279053 21 29
4246559.000000 4016210.000000 3634.656006 22 29
4246659.000000 4016210.000000 4000.031982 23 29
4246759.000000 4016210.000000 4351.702148 24 29
4245959.000000 4016310.000000 1636.946045 16 30
4246059.000000 4016310.000000 2053.159912 17 30
4246159.000000 4016310.000000 2429.607910 18 30
4246259.000000 4016310.000000 2804.232910 19 30
4246359.000000 4016310.000000 3190.297119 20 30
4246459.000000 4016310.000000 3574.177002 21 30
4246559.000000 4016310.000000 3935.294922 22 30
4246659.000000 4016310.000000 4299.274902 23 30
4245859.000000 4016410.000000 1538.470947 15 31
4245959.000000 4016410.000000 1950.677979 16 31
4246059.000000 4016410.000000 2350.472900 17 31
4246159.000000 4016410.000000 2731.187012 18 31
4246259.000000 4016410.000000 3112.274902 19 31
4246359.000000 4016410.000000 3506.833984 20 31
4246459.000000 4016410.000000 3868.537109 21 31
4246559.000000 4016410.000000 4220.654785 22 31
4245859.000000 4016510.000000 1845.322998 15 32
4245959.000000 4016510.000000 2260.915039 16 32
4246059.000000 4016510.000000 2655.491943 17 32
4246159.000000 4016510.000000 3033.143066 18 32
4246259.000000 4016510.000000 3438.116943 19 32
4246359.000000 4016510.000000 3799.756104 20 32
4246459.000000 4016510.000000 4153.875977 21 32
4245759.000000 4016610.000000 1719.853027 14 33
4245859.000000 4016610.000000 2155.849121 15 33
4245959.000000 4016610.000000 2565.368896 16 33
4246059.000000 4016610.000000 2951.983887 17 33
4246159.000000 4016610.000000 3367.560059 18 33
4246259.000000 4016610.000000 3742.748047 19 33
4246359.000000 4016610.000000 4087.670898 20 33
4245659.000000 4016710.000000 1592.557983 13 34
4245759.000000 4016710.000000 2043.734009 14 34
4245859.000000 4016710.000000 2443.148926 15 34
4245959.000000 4016710.000000 2842.018066 16 34
4246059.000000 4016710.000000 3263.464111 17 34
4246159.000000 4016710.000000 3672.313965 18 34
4246259.000000 4016710.000000 4021.368896 19 34
4246359.000000 4016710.000000 4375.872070 20 34
4245659.000000 4016810.000000 1892.988037 13 35
4245759.000000 4016810.000000 2316.563965 14 35
4245859.000000 4016810.000000 2727.656006 15 35
4245959.000000 4016810.000000 3134.225098 16 35
4246059.000000 4016810.000000 3551.448975 17 35
4246159.000000 4016810.000000 3938.391113 18 35
4246259.000000 4016810.000000 4311.257813 19 35
4245559.000000 4016910.000000 1730.831055 12 36
4245659.000000 4016910.000000 2179.488037 13 36
4245759.000000 4016910.000000 2606.197021 14 36
4245859.000000 4016910.000000 3019.206055 15 36
4245959.000000 4016910.000000 3417.196045 16 36
4246059.000000 4016910.000000 3839.346924 17 36
4246159.000000 4016910.000000 4208.453125 18 36
4245459.000000 4017010.000000 1564.097046 11 37
4245559.000000 4017010.000000 2025.520996 12 37
4245659.000000 4017010.000000 2467.209961 13 37
4245759.000000 4017010.000000 2909.001953 14 37
4245859.000000 4017010.000000 3288.392090 15 37
4245959.000000 4017010.000000 3711.051025 16 37
4246059.000000 4017010.000000 4120.941895 17 37
4245459.000000 4017110.000000 1868.029053 11 38
4245559.000000 4017110.000000 2301.354004 12 38
4245659.000000 4017110.000000 2736.342041 13 38
4245759.000000 4017110.000000 3163.208008 14 38
4245859.000000 4017110.000000 3566.541016 15 38
4245959.000000 4017110.000000 4027.210938 16 38
4246059.000000 4017110.000000 4365.980957 17 38
4245359.000000 4017210.000000 1640.036987 10 39
4245459.000000 4017210.000000 2126.568115 11 39
4245559.000000 4017210.000000 2566.219971 12 39
4245659.000000 4017210.000000 2984.943115 13 39
4245759.000000 4017210.000000 3366.819092 14 39
4245859.000000 4017210.000000 3860.145020 15 39
4245959.000000 4017210.000000 4264.278809 16 39
4245359.000000 4017310.000000 1906.597046 10 40
4245459.000000 4017310.000000 2373.836914 11 40
4245559.000000 4017310.000000 2810.500977 12 40
4245659.000000 4017310.000000 3213.367920 13 40
4245759.000000 4017310.000000 3615.697998 14 40
4245859.000000 4017310.000000 4119.582031 15 40
4245259.000000 4017410.000000 1696.183960 9 41
4245359.000000 4017410.000000 2152.105957 10 41
4245459.000000 4017410.000000 2617.273926 11 41
4245559.000000 4017410.000000 3041.194092 12 41
4245659.000000 4017410.000000 3411.267090 13 41
4245759.000000 4017410.000000 3924.165039 14 41
4245859.000000 4017410.000000 4335.083984 15 41
4245159.000000 4017510.000000 1506.119995 8 42
4245259.000000 4017510.000000 1935.562012 9 42
4245359.000000 4017510.000000 2407.612061 10 42
4245459.000000 4017510.000000 2863.251953 11 42
4245559.000000 4017510.000000 3241.294922 12 42
4245659.000000 4017510.000000 3678.581055 13 42
4245759.000000 4017510.000000 4184.770020 14 42
4245159.000000 4017610.000000 1715.379028 8 43
4245259.000000 4017610.000000 2185.919922 9 43
4245359.000000 4017610.000000 2653.964111 10 43
4245459.000000 4017610.000000 3079.319092 11 43
4245559.000000 4017610.000000 3460.558105 12 43
4245659.000000 4017610.000000 3973.166992 13 43
4245759.000000 4017610.000000 4407.271973 14 43
4245059.000000 4017710.000000 1516.052002 7 44
4245159.000000 4017710.000000 1947.421997 8 44
4245259.000000 4017710.000000 2441.219971 9 44
4245359.000000 4017710.000000 2888.811035 10 44
4245459.000000 4017710.000000 3275.039063 11 44
4245559.000000 4017710.000000 3719.469971 12 44
4245659.000000 4017710.000000 4197.403809 13 44
4245059.000000 4017810.000000 1714.744019 7 45
4245159.000000 4017810.000000 2174.543945 8 45
4245259.000000 4017810.000000 2656.061035 9 45
4245359.000000 4017810.000000 3096.096924 10 45
4245459.000000 4017810.000000 3511.883057 11 45
4245559.000000 4017810.000000 3958.102051 12 45
4244959.000000 4017910.000000 1523.939941 6 46
4245059.000000 4017910.000000 1929.245972 7 46
4245159.000000 4017910.000000 2397.391113 8 46
4245259.000000 4017910.000000 2855.300049 9 46
4245359.000000 4017910.000000 3282.469971 10 46
4245459.000000 4017910.000000 3718.382080 11 46
4245559.000000 4017910.000000 4192.110840 12 46
4244959.000000 4018010.000000 1706.301025 6 47
4245059.000000 4018010.000000 2142.362061 7 47
4245159.000000 4018010.000000 2605.497070 8 47
4245259.000000 4018010.000000 3051.548096 9 47
4245359.000000 4018010.000000 3476.620117 10 47
4245459.000000 4018010.000000 3938.586914 11 47
4244859.000000 4018110.000000 1505.639038 5 48
4244959.000000 4018110.000000 1911.577026 6 48
4245059.000000 4018110.000000 2355.550049 7 48
4245159.000000 4018110.000000 2808.857910 8 48
4245259.000000 4018110.000000 3242.563965 9 48
4245359.000000 4018110.000000 3689.169922 10 48
4244859.000000 4018210.000000 1676.525024 5 49
4244959.000000 4018210.000000 2118.189941 6 49
4245059.000000 4018210.000000 2558.747070 7 49
4245159.000000 4018210.000000 3008.351074 8 49
4245259.000000 4018210.000000 3439.416992 9 49
4245359.000000 4018210.000000 3919.115967 10 49
4244859.000000 4018310.000000 1885.948975 5 50
4244959.000000 4018310.000000 2310.156982 6 50
4245059.000000 4018310.000000 2760.145020 7 50
4245159.000000 4018310.000000 3202.854004 8 50
4245259.000000 4018310.000000 3658.706055 9 50
4244759.000000 4018410.000000 1640.156982 4 51
4244859.000000 4018410.000000 2070.836914 5 51
4244959.000000 4018410.000000 2496.090088 6 51
4245059.000000 4018410.000000 2961.174072 7 51
4245159.000000 4018410.000000 3385.318115 8 51
4245259.000000 4018410.000000 3893.342041 9 51
4244759.000000 4018510.000000 1836.157959 4 52
4244859.000000 4018510.000000 2245.590088 5 52
4244959.000000 4018510.000000 2694.074951 6 52
4245059.000000 4018510.000000 3154.579102 7 52
4245159.000000 4018510.000000 3581.422119 8 52
4244659.000000 4018610.000000 1606.373047 3 53
4244759.000000 4018610.000000 2012.183960 4 53
4244859.000000 4018610.000000 2424.502930 5 53
4244959.000000 4018610.000000 2911.004883 6 53
4245059.000000 4018610.000000 3298.864014 7 53
4245159.000000 4018610.000000 3820.191895 8 53
4244659.000000 4018710.000000 1785.458008 3 54
4244759.000000 4018710.000000 2188.797119 4 54
4244859.000000 4018710.000000 2612.335938 5 54
4244959.000000 4018710.000000 3095.110107 6 54
4245059.000000 4018710.000000 3490.707031 7 54
4244559.000000 4018810.000000 1548.215942 2 55
4244659.000000 4018810.000000 1957.656006 3 55
4244759.000000 4018810.000000 2353.114014 4 55
4244859.000000 4018810.000000 2814.483887 5 55
4244959.000000 4018810.000000 3231.690918 6 55
4245059.000000 4018810.000000 3735.773926 7 55
4244559.000000 4018910.000000 1713.136963 2 56
4244659.000000 4018910.000000 2121.193115 3 56
4244759.000000 4018910.000000 2526.460938 4 56
4244859.000000 4018910.000000 2987.761963 5 56
4244959.000000 4018910.000000 3389.825928 6 56
4244559.000000 4019010.000000 1878.102051 2 57
4244659.000000 4019010.000000 2275.887939 3 57
4244759.000000 4019010.000000 2702.382080 4 57
4244859.000000 4019010.000000 3161.906006 5 57
4244959.000000 4019010.000000 3633.833984 6 57
4244459.000000 4019110.000000 1635.180054 1 58
4244559.000000 4019110.000000 2041.305054 2 58
4244659.000000 4019110.000000 2438.675049 3 58
4244759.000000 4019110.000000 2880.039063 4 58
4244859.000000 4019110.000000 3304.799072 5 58
4244959.000000 4019110.000000 3856.864014 6 58
4244459.000000 4019210.000000 1812.677979 1 59
4244559.000000 4019210.000000 2204.108887 2 59
4244659.000000 4019210.000000 2605.821045 3 59
4244759.000000 4019210.000000 3051.510986 4 59
4244859.000000 4019210.000000 3499.579102 5 59
4244659.000000 4019310.000000 2784.677002 3 60
4244759.000000 4019310.000000 3219.917969 4 60
4244859.000000 4019310.000000 3710.041992 5 60
