# Type: scattered data
# Version: 6
# Description: No description
# Format: free
# Field: 1 x
# Field: 2 y
# Field: 3 z undefined
# Field: 4 column
# Field: 5 row
# Projection: Local Rectangular
# Units: undefined
# End:
# Information from grid:
# Grid_size: 25 x 88
# Grid_space: 4245674.000000,4248074.000000,4014999.000000,4023699.000000
# Scattered data: Not_available
# Z_field: z
# Vertical_faults: Not_available
# History: No history
# Z_units: undefined
4246774.000000 4015099.000000 4973.290039 12 2
4246874.000000 4015099.000000 5531.298828 13 2
4246974.000000 4015099.000000 6101.851074 14 2
4247074.000000 4015099.000000 6670.964844 15 2
4246774.000000 4015199.000000 5101.422852 12 3
4246874.000000 4015199.000000 5676.663086 13 3
4246974.000000 4015199.000000 6246.729004 14 3
4247074.000000 4015199.000000 6803.957031 15 3
4246774.000000 4015299.000000 5237.338867 12 4
4246874.000000 4015299.000000 5827.486816 13 4
4246974.000000 4015299.000000 6390.405762 14 4
4247074.000000 4015299.000000 6927.936035 15 4
4246674.000000 4015399.000000 4832.820801 11 5
4246774.000000 4015399.000000 5378.674805 12 5
4246874.000000 4015399.000000 5976.435059 13 5
4246974.000000 4015399.000000 6526.960938 14 5
4247074.000000 4015399.000000 7073.326172 15 5
4246674.000000 4015499.000000 4960.306152 11 6
4246774.000000 4015499.000000 5530.960938 12 6
4246874.000000 4015499.000000 6127.071777 13 6
4246974.000000 4015499.000000 6691.863770 14 6
4247074.000000 4015499.000000 7259.902832 15 6
4246574.000000 4015599.000000 4578.555176 10 7
4246674.000000 4015599.000000 5093.517090 11 7
4246774.000000 4015599.000000 5688.395020 12 7
4246874.000000 4015599.000000 6291.956055 13 7
4246974.000000 4015599.000000 6890.348145 14 7
4247074.000000 4015599.000000 7472.667969 15 7
4246574.000000 4015699.000000 4693.020996 10 8
4246674.000000 4015699.000000 5232.097168 11 8
4246774.000000 4015699.000000 5839.707031 12 8
4246874.000000 4015699.000000 6482.662109 13 8
4246974.000000 4015699.000000 7127.049805 14 8
4246574.000000 4015799.000000 4817.279785 10 9
4246674.000000 4015799.000000 5377.193848 11 9
4246774.000000 4015799.000000 6003.736816 12 9
4246874.000000 4015799.000000 6682.834961 13 9
4246974.000000 4015799.000000 7359.193848 14 9
4246474.000000 4015899.000000 4428.612793 9 10
4246574.000000 4015899.000000 4946.812012 10 10
4246674.000000 4015899.000000 5529.020996 11 10
4246774.000000 4015899.000000 6179.395996 12 10
4246874.000000 4015899.000000 6893.708008 13 10
4246974.000000 4015899.000000 7584.237793 14 10
4246474.000000 4015999.000000 4535.313965 9 11
4246574.000000 4015999.000000 5085.118164 10 11
4246674.000000 4015999.000000 5689.359863 11 11
4246774.000000 4015999.000000 6372.035156 12 11
4246874.000000 4015999.000000 7115.037109 13 11
4246974.000000 4015999.000000 7789.463867 14 11
4247074.000000 4015999.000000 8427.490234 15 11
4246374.000000 4016099.000000 4131.182129 8 12
4246474.000000 4016099.000000 4655.107910 9 12
4246574.000000 4016099.000000 5231.124023 10 12
4246674.000000 4016099.000000 5861.479004 11 12
4246774.000000 4016099.000000 6577.544922 12 12
4246874.000000 4016099.000000 7288.046875 13 12
4246974.000000 4016099.000000 7972.193848 14 12
4247074.000000 4016099.000000 8712.121094 15 12
4246374.000000 4016199.000000 4218.757813 8 13
4246474.000000 4016199.000000 4782.929199 9 13
4246574.000000 4016199.000000 5390.488770 10 13
4246674.000000 4016199.000000 6042.144043 11 13
4246774.000000 4016199.000000 6757.750000 12 13
4246874.000000 4016199.000000 7450.693848 13 13
4246974.000000 4016199.000000 8135.512207 14 13
4247074.000000 4016199.000000 8873.509766 15 13
4246374.000000 4016299.000000 4346.631836 8 14
4246474.000000 4016299.000000 4927.442871 9 14
4246574.000000 4016299.000000 5556.486816 10 14
4246674.000000 4016299.000000 6224.975098 11 14
4246774.000000 4016299.000000 6930.395020 12 14
4246874.000000 4016299.000000 7592.931152 13 14
4246974.000000 4016299.000000 8302.910156 14 14
4247074.000000 4016299.000000 9036.218750 15 14
4246274.000000 4016399.000000 3942.374023 7 15
4246374.000000 4016399.000000 4484.001953 8 15
4246474.000000 4016399.000000 5082.985840 9 15
4246574.000000 4016399.000000 5726.581055 10 15
4246674.000000 4016399.000000 6402.266113 11 15
4246774.000000 4016399.000000 7097.438965 12 15
4246874.000000 4016399.000000 7751.038086 13 15
4246974.000000 4016399.000000 8474.478516 14 15
4246274.000000 4016499.000000 4060.960938 7 16
4246374.000000 4016499.000000 4627.911133 8 16
4246474.000000 4016499.000000 5241.169922 9 16
4246574.000000 4016499.000000 5895.983887 10 16
4246674.000000 4016499.000000 6586.994141 11 16
4246774.000000 4016499.000000 7264.949219 12 16
4246874.000000 4016499.000000 7922.628906 13 16
4246974.000000 4016499.000000 8651.591797 14 16
4246174.000000 4016599.000000 3668.865967 6 17
4246274.000000 4016599.000000 4187.109863 7 17
4246374.000000 4016599.000000 4778.007813 8 17
4246474.000000 4016599.000000 5406.117188 9 17
4246574.000000 4016599.000000 6068.437012 10 17
4246674.000000 4016599.000000 6762.226074 11 17
4246774.000000 4016599.000000 7431.963867 12 17
4246874.000000 4016599.000000 8075.623047 13 17
4246974.000000 4016599.000000 8783.404297 14 17
4246174.000000 4016699.000000 3780.990967 6 18
4246274.000000 4016699.000000 4320.020996 7 18
4246374.000000 4016699.000000 4934.756836 8 18
4246474.000000 4016699.000000 5575.689941 9 18
4246574.000000 4016699.000000 6243.199219 10 18
4246674.000000 4016699.000000 6933.254883 11 18
4246774.000000 4016699.000000 7603.167969 12 18
4246874.000000 4016699.000000 8220.199219 13 18
4246974.000000 4016699.000000 8915.472656 14 18
4246174.000000 4016799.000000 3905.695068 6 19
4246274.000000 4016799.000000 4465.910156 7 19
4246374.000000 4016799.000000 5083.014160 8 19
4246474.000000 4016799.000000 5732.645996 9 19
4246574.000000 4016799.000000 6407.636230 10 19
4246674.000000 4016799.000000 7101.371094 11 19
4246774.000000 4016799.000000 7762.937012 12 19
4246874.000000 4016799.000000 8348.753906 13 19
4246974.000000 4016799.000000 9052.837891 14 19
4246074.000000 4016899.000000 3521.344971 5 20
4246174.000000 4016899.000000 4035.821045 6 20
4246274.000000 4016899.000000 4609.212891 7 20
4246374.000000 4016899.000000 5220.753906 8 20
4246474.000000 4016899.000000 5864.529785 9 20
4246574.000000 4016899.000000 6540.142090 10 20
4246674.000000 4016899.000000 7215.740234 11 20
4246774.000000 4016899.000000 7876.866211 12 20
4246874.000000 4016899.000000 8442.619141 13 20
4246074.000000 4016999.000000 3619.663086 5 21
4246174.000000 4016999.000000 4173.238770 6 21
4246274.000000 4016999.000000 4746.849121 7 21
4246374.000000 4016999.000000 5352.744141 8 21
4246474.000000 4016999.000000 5991.045898 9 21
4246574.000000 4016999.000000 6660.244141 10 21
4246674.000000 4016999.000000 7324.544922 11 21
4246774.000000 4016999.000000 7975.464844 12 21
4246874.000000 4016999.000000 8541.343750 13 21
4245974.000000 4017099.000000 3137.541992 4 22
4246074.000000 4017099.000000 3714.919922 5 22
4246174.000000 4017099.000000 4296.664063 6 22
4246274.000000 4017099.000000 4880.366211 7 22
4246374.000000 4017099.000000 5483.740234 8 22
4246474.000000 4017099.000000 6115.808105 9 22
4246574.000000 4017099.000000 6773.441895 10 22
4246674.000000 4017099.000000 7429.477051 11 22
4246774.000000 4017099.000000 8071.329102 12 22
4246874.000000 4017099.000000 8635.361328 13 22
4245974.000000 4017199.000000 3160.146973 4 23
4246074.000000 4017199.000000 3790.476074 5 23
4246174.000000 4017199.000000 4395.234863 6 23
4246274.000000 4017199.000000 4980.376953 7 23
4246374.000000 4017199.000000 5593.563965 8 23
4246474.000000 4017199.000000 6226.645996 9 23
4246574.000000 4017199.000000 6876.792969 10 23
4246674.000000 4017199.000000 7525.238770 11 23
4246774.000000 4017199.000000 8136.758789 12 23
4246874.000000 4017199.000000 8708.998047 13 23
4245974.000000 4017299.000000 3256.381104 4 24
4246074.000000 4017299.000000 3883.866943 5 24
4246174.000000 4017299.000000 4473.453125 6 24
4246274.000000 4017299.000000 5057.924805 7 24
4246374.000000 4017299.000000 5683.134766 8 24
4246474.000000 4017299.000000 6320.049805 9 24
4246574.000000 4017299.000000 6965.112793 10 24
4246674.000000 4017299.000000 7599.602051 11 24
4246774.000000 4017299.000000 8157.036133 12 24
4246874.000000 4017299.000000 8742.205078 13 24
4245874.000000 4017399.000000 2778.554932 3 25
4245974.000000 4017399.000000 3358.539063 4 25
4246074.000000 4017399.000000 3973.656006 5 25
4246174.000000 4017399.000000 4547.019043 6 25
4246274.000000 4017399.000000 5134.828125 7 25
4246374.000000 4017399.000000 5775.632813 8 25
4246474.000000 4017399.000000 6415.738770 9 25
4246574.000000 4017399.000000 7048.477051 10 25
4246674.000000 4017399.000000 7642.176758 11 25
4246774.000000 4017399.000000 8175.874023 12 25
4246874.000000 4017399.000000 8774.503906 13 25
4245874.000000 4017499.000000 2861.156006 3 26
4245974.000000 4017499.000000 3448.913086 4 26
4246074.000000 4017499.000000 4053.011963 5 26
4246174.000000 4017499.000000 4609.826172 6 26
4246274.000000 4017499.000000 5210.395020 7 26
4246374.000000 4017499.000000 5864.017090 8 26
4246474.000000 4017499.000000 6502.901855 9 26
4246574.000000 4017499.000000 7119.940918 10 26
4246674.000000 4017499.000000 7675.452148 11 26
4246774.000000 4017499.000000 8197.554688 12 26
4246874.000000 4017499.000000 8806.548828 13 26
4245874.000000 4017599.000000 2905.558105 3 27
4245974.000000 4017599.000000 3500.173096 4 27
4246074.000000 4017599.000000 4095.063965 5 27
4246174.000000 4017599.000000 4653.487793 6 27
4246274.000000 4017599.000000 5264.078125 7 27
4246374.000000 4017599.000000 5928.886230 8 27
4246474.000000 4017599.000000 6555.944824 9 27
4246574.000000 4017599.000000 7137.481934 10 27
4246674.000000 4017599.000000 7666.037109 11 27
4246774.000000 4017599.000000 8191.145020 12 27
4246874.000000 4017599.000000 8807.830078 13 27
4245874.000000 4017699.000000 2950.249023 3 28
4245974.000000 4017699.000000 3544.738037 4 28
4246074.000000 4017699.000000 4135.796875 5 28
4246174.000000 4017699.000000 4698.634766 6 28
4246274.000000 4017699.000000 5318.479980 7 28
4246374.000000 4017699.000000 5992.794922 8 28
4246474.000000 4017699.000000 6599.395020 9 28
4246574.000000 4017699.000000 7149.369141 10 28
4246674.000000 4017699.000000 7654.650879 11 28
4246774.000000 4017699.000000 8187.236816 12 28
4246874.000000 4017699.000000 8807.574219 13 28
4245874.000000 4017799.000000 2993.228027 3 29
4245974.000000 4017799.000000 3589.010986 4 29
4246074.000000 4017799.000000 4176.414063 5 29
4246174.000000 4017799.000000 4746.774902 6 29
4246274.000000 4017799.000000 5373.541992 7 29
4246374.000000 4017799.000000 6051.599121 8 29
4246474.000000 4017799.000000 6632.876953 9 29
4246574.000000 4017799.000000 7160.424805 10 29
4246674.000000 4017799.000000 7644.274902 11 29
4246774.000000 4017799.000000 8182.014160 12 29
4246874.000000 4017799.000000 8807.365234 13 29
4245874.000000 4017899.000000 3004.023926 3 30
4245974.000000 4017899.000000 3598.614014 4 30
4246074.000000 4017899.000000 4181.770020 5 30
4246174.000000 4017899.000000 4751.324219 6 30
4246274.000000 4017899.000000 5376.215820 7 30
4246374.000000 4017899.000000 6049.104004 8 30
4246474.000000 4017899.000000 6627.143066 9 30
4246574.000000 4017899.000000 7146.057129 10 30
4246674.000000 4017899.000000 7627.438965 11 30
4246774.000000 4017899.000000 8167.221191 12 30
4246874.000000 4017899.000000 8792.154297 13 30
4245774.000000 4017999.000000 2409.773926 2 31
4245874.000000 4017999.000000 3006.326904 3 31
4245974.000000 4017999.000000 3597.469971 4 31
4246074.000000 4017999.000000 4174.524902 5 31
4246174.000000 4017999.000000 4741.341797 6 31
4246274.000000 4017999.000000 5359.081055 7 31
4246374.000000 4017999.000000 6020.988770 8 31
4246474.000000 4017999.000000 6599.203125 9 31
4246574.000000 4017999.000000 7119.438965 10 31
4246674.000000 4017999.000000 7610.950195 11 31
4246774.000000 4017999.000000 8144.226074 12 31
4246874.000000 4017999.000000 8766.046875 13 31
4245774.000000 4018099.000000 2322.696045 2 32
4245874.000000 4018099.000000 3005.137939 3 32
4245974.000000 4018099.000000 3598.405029 4 32
4246074.000000 4018099.000000 4166.948242 5 32
4246174.000000 4018099.000000 4731.403809 6 32
4246274.000000 4018099.000000 5342.117188 7 32
4246374.000000 4018099.000000 5993.386230 8 32
4246474.000000 4018099.000000 6567.382813 9 32
4246574.000000 4018099.000000 7089.791016 10 32
4246674.000000 4018099.000000 7590.339844 11 32
4246774.000000 4018099.000000 8124.334961 12 32
4246874.000000 4018099.000000 8741.373047 13 32
4245774.000000 4018199.000000 2221.004883 2 33
4245874.000000 4018199.000000 3006.647949 3 33
4245974.000000 4018199.000000 3612.231934 4 33
4246074.000000 4018199.000000 4160.689941 5 33
4246174.000000 4018199.000000 4721.922852 6 33
4246274.000000 4018199.000000 5325.548828 7 33
4246374.000000 4018199.000000 5965.884766 8 33
4246474.000000 4018199.000000 6536.030762 9 33
4246574.000000 4018199.000000 7061.823242 10 33
4246674.000000 4018199.000000 7568.345215 11 33
4246774.000000 4018199.000000 8103.870117 12 33
4246874.000000 4018199.000000 8715.128906 13 33
4245774.000000 4018299.000000 2212.417969 2 34
4245874.000000 4018299.000000 3008.517090 3 34
4245974.000000 4018299.000000 3618.280029 4 34
4246074.000000 4018299.000000 4153.044922 5 34
4246174.000000 4018299.000000 4712.492188 6 34
4246274.000000 4018299.000000 5308.967773 7 34
4246374.000000 4018299.000000 5936.954102 8 34
4246474.000000 4018299.000000 6503.642090 9 34
4246574.000000 4018299.000000 7031.263184 10 34
4246674.000000 4018299.000000 7545.791992 11 34
4246774.000000 4018299.000000 8086.167969 12 34
4246874.000000 4018299.000000 8690.005859 13 34
4245774.000000 4018399.000000 2201.596924 2 35
4245874.000000 4018399.000000 3012.030029 3 35
4245974.000000 4018399.000000 3622.137939 4 35
4246074.000000 4018399.000000 4148.349121 5 35
4246174.000000 4018399.000000 4703.729004 6 35
4246274.000000 4018399.000000 5293.206055 7 35
4246374.000000 4018399.000000 5911.387207 8 35
4246474.000000 4018399.000000 6473.338867 9 35
4246574.000000 4018399.000000 7001.938965 10 35
4246674.000000 4018399.000000 7522.420898 11 35
4246774.000000 4018399.000000 8066.224121 12 35
4246874.000000 4018399.000000 8663.811523 13 35
4245774.000000 4018499.000000 2186.187988 2 36
4245874.000000 4018499.000000 3012.397949 3 36
4245974.000000 4018499.000000 3623.342041 4 36
4246074.000000 4018499.000000 4141.771973 5 36
4246174.000000 4018499.000000 4694.688965 6 36
4246274.000000 4018499.000000 5278.061035 7 36
4246374.000000 4018499.000000 5886.704102 8 36
4246474.000000 4018499.000000 6443.687988 9 36
4246574.000000 4018499.000000 6971.040039 10 36
4246674.000000 4018499.000000 7498.080078 11 36
4246774.000000 4018499.000000 8046.199219 12 36
4246874.000000 4018499.000000 8637.791016 13 36
4245774.000000 4018599.000000 2169.385010 2 37
4245874.000000 4018599.000000 3015.687012 3 37
4245974.000000 4018599.000000 3623.750000 4 37
4246074.000000 4018599.000000 4135.513184 5 37
4246174.000000 4018599.000000 4685.964844 6 37
4246274.000000 4018599.000000 5263.217773 7 37
4246374.000000 4018599.000000 5862.449219 8 37
4246474.000000 4018599.000000 6414.812012 9 37
4246574.000000 4018599.000000 6939.383789 10 37
4246674.000000 4018599.000000 7472.928223 11 37
4246774.000000 4018599.000000 8026.084961 12 37
4246874.000000 4018599.000000 8612.009766 13 37
4245774.000000 4018699.000000 2150.329102 2 38
4245874.000000 4018699.000000 3006.527100 3 38
4245974.000000 4018699.000000 3611.300049 4 38
4246074.000000 4018699.000000 4124.282227 5 38
4246174.000000 4018699.000000 4671.320801 6 38
4246274.000000 4018699.000000 5241.456055 7 38
4246374.000000 4018699.000000 5829.660156 8 38
4246474.000000 4018699.000000 6383.253906 9 38
4246574.000000 4018699.000000 6907.298828 10 38
4246674.000000 4018699.000000 7444.464844 11 38
4246774.000000 4018699.000000 8000.153809 12 38
4246874.000000 4018699.000000 8581.708984 13 38
4245774.000000 4018799.000000 2126.264893 2 39
4245874.000000 4018799.000000 2948.726074 3 39
4245974.000000 4018799.000000 3564.628906 4 39
4246074.000000 4018799.000000 4082.879883 5 39
4246174.000000 4018799.000000 4624.818848 6 39
4246274.000000 4018799.000000 5189.370117 7 39
4246374.000000 4018799.000000 5775.574219 8 39
4246474.000000 4018799.000000 6335.167969 9 39
4246574.000000 4018799.000000 6868.647949 10 39
4246674.000000 4018799.000000 7407.290039 11 39
4246774.000000 4018799.000000 7955.604004 12 39
4246874.000000 4018799.000000 8521.453125 13 39
4245774.000000 4018899.000000 2102.770020 2 40
4245874.000000 4018899.000000 2895.020996 3 40
4245974.000000 4018899.000000 3515.924072 4 40
4246074.000000 4018899.000000 4040.507080 5 40
4246174.000000 4018899.000000 4580.146973 6 40
4246274.000000 4018899.000000 5139.492188 7 40
4246374.000000 4018899.000000 5721.347168 8 40
4246474.000000 4018899.000000 6284.169922 9 40
4246574.000000 4018899.000000 6826.623047 10 40
4246674.000000 4018899.000000 7369.346191 11 40
4246774.000000 4018899.000000 7914.421875 12 40
4246874.000000 4018899.000000 8469.712891 13 40
4246974.000000 4018899.000000 9052.873047 14 40
4245774.000000 4018999.000000 2016.977051 2 41
4245874.000000 4018999.000000 2832.096924 3 41
4245974.000000 4018999.000000 3471.199951 4 41
4246074.000000 4018999.000000 3997.913086 5 41
4246174.000000 4018999.000000 4535.530762 6 41
4246274.000000 4018999.000000 5090.210938 7 41
4246374.000000 4018999.000000 5664.889160 8 41
4246474.000000 4018999.000000 6230.757813 9 41
4246574.000000 4018999.000000 6785.744141 10 41
4246674.000000 4018999.000000 7332.222168 11 41
4246774.000000 4018999.000000 7871.901855 12 41
4246874.000000 4018999.000000 8419.337891 13 41
4246974.000000 4018999.000000 9012.404297 14 41
4245774.000000 4019099.000000 1935.863037 2 42
4245874.000000 4019099.000000 2767.222900 3 42
4245974.000000 4019099.000000 3434.933105 4 42
4246074.000000 4019099.000000 3956.228027 5 42
4246174.000000 4019099.000000 4490.347168 6 42
4246274.000000 4019099.000000 5039.434082 7 42
4246374.000000 4019099.000000 5609.882813 8 42
4246474.000000 4019099.000000 6178.615234 9 42
4246574.000000 4019099.000000 6742.425781 10 42
4246674.000000 4019099.000000 7292.726074 11 42
4246774.000000 4019099.000000 7829.935059 12 42
4246874.000000 4019099.000000 8370.412109 13 42
4246974.000000 4019099.000000 8969.275391 14 42
4245774.000000 4019199.000000 1869.342041 2 43
4245874.000000 4019199.000000 2707.311035 3 43
4245974.000000 4019199.000000 3387.729980 4 43
4246074.000000 4019199.000000 3913.700928 5 43
4246174.000000 4019199.000000 4446.291992 6 43
4246274.000000 4019199.000000 4991.515137 7 43
4246374.000000 4019199.000000 5555.333008 8 43
4246474.000000 4019199.000000 6126.025879 9 43
4246574.000000 4019199.000000 6700.254883 10 43
4246674.000000 4019199.000000 7255.712891 11 43
4246774.000000 4019199.000000 7791.772949 12 43
4246874.000000 4019199.000000 8322.875000 13 43
4246974.000000 4019199.000000 8910.669922 14 43
4245774.000000 4019299.000000 1798.586060 2 44
4245874.000000 4019299.000000 2642.167969 3 44
4245974.000000 4019299.000000 3336.604980 4 44
4246074.000000 4019299.000000 3870.518066 5 44
4246174.000000 4019299.000000 4401.296875 6 44
4246274.000000 4019299.000000 4942.348145 7 44
4246374.000000 4019299.000000 5501.138184 8 44
4246474.000000 4019299.000000 6072.146973 9 44
4246574.000000 4019299.000000 6654.824219 10 44
4246674.000000 4019299.000000 7215.466797 11 44
4246774.000000 4019299.000000 7751.179199 12 44
4246874.000000 4019299.000000 8277.453125 13 44
4246974.000000 4019299.000000 8860.615234 14 44
4245774.000000 4019399.000000 1732.119995 2 45
4245874.000000 4019399.000000 2568.366943 3 45
4245974.000000 4019399.000000 3292.245117 4 45
4246074.000000 4019399.000000 3823.778076 5 45
4246174.000000 4019399.000000 4353.337891 6 45
4246274.000000 4019399.000000 4893.178223 7 45
4246374.000000 4019399.000000 5445.320801 8 45
4246474.000000 4019399.000000 6011.573242 9 45
4246574.000000 4019399.000000 6599.354980 10 45
4246674.000000 4019399.000000 7167.262207 11 45
4246774.000000 4019399.000000 7708.061035 12 45
4246874.000000 4019399.000000 8227.867188 13 45
4246974.000000 4019399.000000 8801.250000 14 45
4245774.000000 4019499.000000 1667.515015 2 46
4245874.000000 4019499.000000 2502.000977 3 46
4245974.000000 4019499.000000 3247.745117 4 46
4246074.000000 4019499.000000 3775.409912 5 46
4246174.000000 4019499.000000 4301.490234 6 46
4246274.000000 4019499.000000 4839.300781 7 46
4246374.000000 4019499.000000 5387.936035 8 46
4246474.000000 4019499.000000 5948.721191 9 46
4246574.000000 4019499.000000 6532.095215 10 46
4246674.000000 4019499.000000 7107.375000 11 46
4246774.000000 4019499.000000 7657.517090 12 46
4246874.000000 4019499.000000 8176.814941 13 46
4246974.000000 4019499.000000 8732.222656 14 46
4245774.000000 4019599.000000 1602.953979 2 47
4245874.000000 4019599.000000 2430.185059 3 47
4245974.000000 4019599.000000 3202.562988 4 47
4246074.000000 4019599.000000 3728.000000 5 47
4246174.000000 4019599.000000 4249.723145 6 47
4246274.000000 4019599.000000 4785.672852 7 47
4246374.000000 4019599.000000 5331.008789 8 47
4246474.000000 4019599.000000 5886.457031 9 47
4246574.000000 4019599.000000 6464.452148 10 47
4246674.000000 4019599.000000 7045.312012 11 47
4246774.000000 4019599.000000 7602.108887 12 47
4246874.000000 4019599.000000 8135.186035 13 47
4246974.000000 4019599.000000 8664.033203 14 47
4245774.000000 4019699.000000 1547.193970 2 48
4245874.000000 4019699.000000 2348.552979 3 48
4245974.000000 4019699.000000 3156.646973 4 48
4246074.000000 4019699.000000 3684.675049 5 48
4246174.000000 4019699.000000 4197.356934 6 48
4246274.000000 4019699.000000 4732.100098 7 48
4246374.000000 4019699.000000 5274.996094 8 48
4246474.000000 4019699.000000 5825.466797 9 48
4246574.000000 4019699.000000 6395.911133 10 48
4246674.000000 4019699.000000 6980.125977 11 48
4246774.000000 4019699.000000 7545.034180 12 48
4246874.000000 4019699.000000 8084.270020 13 48
4246974.000000 4019699.000000 8597.509766 14 48
4245774.000000 4019799.000000 1494.915039 2 49
4245874.000000 4019799.000000 2282.528076 3 49
4245974.000000 4019799.000000 3110.051025 4 49
4246074.000000 4019799.000000 3659.774902 5 49
4246174.000000 4019799.000000 4141.986816 6 49
4246274.000000 4019799.000000 4677.522949 7 49
4246374.000000 4019799.000000 5220.311035 8 49
4246474.000000 4019799.000000 5767.478027 9 49
4246574.000000 4019799.000000 6333.354980 10 49
4246674.000000 4019799.000000 6916.375000 11 49
4246774.000000 4019799.000000 7488.534180 12 49
4246874.000000 4019799.000000 8033.259766 13 49
4246974.000000 4019799.000000 8526.675781 14 49
4245774.000000 4019899.000000 1449.531006 2 50
4245874.000000 4019899.000000 2218.809082 3 50
4245974.000000 4019899.000000 3061.086914 4 50
4246074.000000 4019899.000000 3625.124023 5 50
4246174.000000 4019899.000000 4093.275879 6 50
4246274.000000 4019899.000000 4626.267090 7 50
4246374.000000 4019899.000000 5167.253906 8 50
4246474.000000 4019899.000000 5707.958008 9 50
4246574.000000 4019899.000000 6269.754883 10 50
4246674.000000 4019899.000000 6852.349121 11 50
4246774.000000 4019899.000000 7428.517090 12 50
4246874.000000 4019899.000000 7982.115234 13 50
4246974.000000 4019899.000000 8467.269531 14 50
4247074.000000 4019899.000000 9024.724609 15 50
4245774.000000 4019999.000000 1408.531006 2 51
4245874.000000 4019999.000000 2183.674072 3 51
4245974.000000 4019999.000000 3028.538086 4 51
4246074.000000 4019999.000000 3593.653076 5 51
4246174.000000 4019999.000000 4052.272949 6 51
4246274.000000 4019999.000000 4569.837891 7 51
4246374.000000 4019999.000000 5107.204102 8 51
4246474.000000 4019999.000000 5645.586914 9 51
4246574.000000 4019999.000000 6203.276855 10 51
4246674.000000 4019999.000000 6781.213867 11 51
4246774.000000 4019999.000000 7355.066895 12 51
4246874.000000 4019999.000000 7916.049805 13 51
4246974.000000 4019999.000000 8397.212891 14 51
4247074.000000 4019999.000000 8965.468750 15 51
4245774.000000 4020099.000000 1367.218018 2 52
4245874.000000 4020099.000000 2160.969971 3 52
4245974.000000 4020099.000000 3002.250000 4 52
4246074.000000 4020099.000000 3564.611084 5 52
4246174.000000 4020099.000000 4014.465088 6 52
4246274.000000 4020099.000000 4516.860840 7 52
4246374.000000 4020099.000000 5045.174805 8 52
4246474.000000 4020099.000000 5582.297852 9 52
4246574.000000 4020099.000000 6134.479004 10 52
4246674.000000 4020099.000000 6705.208008 11 52
4246774.000000 4020099.000000 7278.213867 12 52
4246874.000000 4020099.000000 7846.952148 13 52
4246974.000000 4020099.000000 8329.142578 14 52
4247074.000000 4020099.000000 8884.382813 15 52
4245774.000000 4020199.000000 1327.180054 2 53
4245874.000000 4020199.000000 2137.955078 3 53
4245974.000000 4020199.000000 2976.259033 4 53
4246074.000000 4020199.000000 3535.934082 5 53
4246174.000000 4020199.000000 3977.396973 6 53
4246274.000000 4020199.000000 4467.415039 7 53
4246374.000000 4020199.000000 4986.345215 8 53
4246474.000000 4020199.000000 5520.313965 9 53
4246574.000000 4020199.000000 6069.486816 10 53
4246674.000000 4020199.000000 6632.483887 11 53
4246774.000000 4020199.000000 7204.102051 12 53
4246874.000000 4020199.000000 7778.642090 13 53
4246974.000000 4020199.000000 8262.453125 14 53
4247074.000000 4020199.000000 8803.939453 15 53
4245774.000000 4020299.000000 1299.968994 2 54
4245874.000000 4020299.000000 2112.995117 3 54
4245974.000000 4020299.000000 2948.853027 4 54
4246074.000000 4020299.000000 3506.200928 5 54
4246174.000000 4020299.000000 3941.544922 6 54
4246274.000000 4020299.000000 4418.238770 7 54
4246374.000000 4020299.000000 4927.020996 8 54
4246474.000000 4020299.000000 5455.559082 9 54
4246574.000000 4020299.000000 6003.292969 10 54
4246674.000000 4020299.000000 6559.589844 11 54
4246774.000000 4020299.000000 7129.213867 12 54
4246874.000000 4020299.000000 7707.863770 13 54
4246974.000000 4020299.000000 8201.052734 14 54
4247074.000000 4020299.000000 8720.593750 15 54
4245774.000000 4020399.000000 1260.100952 2 55
4245874.000000 4020399.000000 2052.282959 3 55
4245974.000000 4020399.000000 2896.885986 4 55
4246074.000000 4020399.000000 3464.035889 5 55
4246174.000000 4020399.000000 3897.083008 6 55
4246274.000000 4020399.000000 4360.229980 7 55
4246374.000000 4020399.000000 4856.392090 8 55
4246474.000000 4020399.000000 5378.288086 9 55
4246574.000000 4020399.000000 5923.024902 10 55
4246674.000000 4020399.000000 6472.724121 11 55
4246774.000000 4020399.000000 7034.517090 12 55
4246874.000000 4020399.000000 7621.324219 13 55
4246974.000000 4020399.000000 8152.066895 14 55
4247074.000000 4020399.000000 8629.839844 15 55
4247174.000000 4020399.000000 9174.417969 16 55
4245774.000000 4020499.000000 1140.057983 2 56
4245874.000000 4020499.000000 1940.665039 3 56
4245974.000000 4020499.000000 2805.254883 4 56
4246074.000000 4020499.000000 3407.319092 5 56
4246174.000000 4020499.000000 3838.927979 6 56
4246274.000000 4020499.000000 4291.284180 7 56
4246374.000000 4020499.000000 4775.117188 8 56
4246474.000000 4020499.000000 5288.897949 9 56
4246574.000000 4020499.000000 5830.845215 10 56
4246674.000000 4020499.000000 6378.797852 11 56
4246774.000000 4020499.000000 6934.383789 12 56
4246874.000000 4020499.000000 7522.824219 13 56
4246974.000000 4020499.000000 8082.761230 14 56
4247074.000000 4020499.000000 8529.623047 15 56
4247174.000000 4020499.000000 9102.341797 16 56
4245774.000000 4020599.000000 1021.010986 2 57
4245874.000000 4020599.000000 1821.366943 3 57
4245974.000000 4020599.000000 2703.520020 4 57
4246074.000000 4020599.000000 3360.637939 5 57
4246174.000000 4020599.000000 3787.052979 6 57
4246274.000000 4020599.000000 4225.582031 7 57
4246374.000000 4020599.000000 4693.993164 8 57
4246474.000000 4020599.000000 5199.362793 9 57
4246574.000000 4020599.000000 5741.356934 10 57
4246674.000000 4020599.000000 6285.500977 11 57
4246774.000000 4020599.000000 6831.954102 12 57
4246874.000000 4020599.000000 7417.561035 13 57
4246974.000000 4020599.000000 8016.339844 14 57
4247074.000000 4020599.000000 8448.236328 15 57
4247174.000000 4020599.000000 9036.396484 16 57
4245774.000000 4020699.000000 894.445984 2 58
4245874.000000 4020699.000000 1698.558960 3 58
4245974.000000 4020699.000000 2567.386963 4 58
4246074.000000 4020699.000000 3297.534912 5 58
4246174.000000 4020699.000000 3734.698975 6 58
4246274.000000 4020699.000000 4160.225098 7 58
4246374.000000 4020699.000000 4614.535156 8 58
4246474.000000 4020699.000000 5110.160156 9 58
4246574.000000 4020699.000000 5645.969238 10 58
4246674.000000 4020699.000000 6185.868164 11 58
4246774.000000 4020699.000000 6727.195801 12 58
4246874.000000 4020699.000000 7306.044922 13 58
4246974.000000 4020699.000000 7909.977051 14 58
4247074.000000 4020699.000000 8347.970703 15 58
4247174.000000 4020699.000000 8940.183594 16 58
4245774.000000 4020799.000000 730.365784 2 59
4245874.000000 4020799.000000 1551.936035 3 59
4245974.000000 4020799.000000 2355.998047 4 59
4246074.000000 4020799.000000 3164.228027 5 59
4246174.000000 4020799.000000 3656.920898 6 59
4246274.000000 4020799.000000 4063.321045 7 59
4246374.000000 4020799.000000 4518.287109 8 59
4246474.000000 4020799.000000 5009.855957 9 59
4246574.000000 4020799.000000 5536.753906 10 59
4246674.000000 4020799.000000 6072.812988 11 59
4246774.000000 4020799.000000 6614.123047 12 59
4246874.000000 4020799.000000 7188.100098 13 59
4246974.000000 4020799.000000 7789.860840 14 59
4247074.000000 4020799.000000 8262.533203 15 59
4247174.000000 4020799.000000 8830.539063 16 59
4245874.000000 4020899.000000 1347.468994 3 60
4245974.000000 4020899.000000 2150.105957 4 60
4246074.000000 4020899.000000 2991.926025 5 60
4246174.000000 4020899.000000 3543.596924 6 60
4246274.000000 4020899.000000 3961.663086 7 60
4246374.000000 4020899.000000 4418.612793 8 60
4246474.000000 4020899.000000 4908.945801 9 60
4246574.000000 4020899.000000 5429.179199 10 60
4246674.000000 4020899.000000 5961.824219 11 60
4246774.000000 4020899.000000 6503.600098 12 60
4246874.000000 4020899.000000 7070.940918 13 60
4246974.000000 4020899.000000 7663.362793 14 60
4247074.000000 4020899.000000 8167.668945 15 60
4247174.000000 4020899.000000 8708.230469 16 60
4245874.000000 4020999.000000 1134.745972 3 61
4245974.000000 4020999.000000 1939.652954 4 61
4246074.000000 4020999.000000 2809.082031 5 61
4246174.000000 4020999.000000 3422.581055 6 61
4246274.000000 4020999.000000 3857.230957 7 61
4246374.000000 4020999.000000 4315.665039 8 61
4246474.000000 4020999.000000 4809.763184 9 61
4246574.000000 4020999.000000 5320.581055 10 61
4246674.000000 4020999.000000 5845.215820 11 61
4246774.000000 4020999.000000 6383.341797 12 61
4246874.000000 4020999.000000 6942.000977 13 61
4246974.000000 4020999.000000 7520.143066 14 61
4247074.000000 4020999.000000 8063.321777 15 61
4247174.000000 4020999.000000 8555.998047 16 61
4247274.000000 4020999.000000 9140.591797 17 61
4245874.000000 4021099.000000 904.866882 3 62
4245974.000000 4021099.000000 1723.739014 4 62
4246074.000000 4021099.000000 2598.089111 5 62
4246174.000000 4021099.000000 3300.729004 6 62
4246274.000000 4021099.000000 3745.781006 7 62
4246374.000000 4021099.000000 4197.205078 8 62
4246474.000000 4021099.000000 4689.005859 9 62
4246574.000000 4021099.000000 5197.296875 10 62
4246674.000000 4021099.000000 5718.184082 11 62
4246774.000000 4021099.000000 6253.663086 12 62
4246874.000000 4021099.000000 6805.688965 13 62
4246974.000000 4021099.000000 7374.765137 14 62
4247074.000000 4021099.000000 7944.160156 15 62
4247174.000000 4021099.000000 8413.949219 16 62
4247274.000000 4021099.000000 9027.683594 17 62
4245874.000000 4021199.000000 685.648376 3 63
4245974.000000 4021199.000000 1501.812988 4 63
4246074.000000 4021199.000000 2314.493896 5 63
4246174.000000 4021199.000000 3127.125000 6 63
4246274.000000 4021199.000000 3640.333008 7 63
4246374.000000 4021199.000000 4073.875000 8 63
4246474.000000 4021199.000000 4560.908203 9 63
4246574.000000 4021199.000000 5072.130859 10 63
4246674.000000 4021199.000000 5590.696777 11 63
4246774.000000 4021199.000000 6120.981934 12 63
4246874.000000 4021199.000000 6669.670898 13 63
4246974.000000 4021199.000000 7238.875977 14 63
4247074.000000 4021199.000000 7822.589844 15 63
4247174.000000 4021199.000000 8302.804688 16 63
4247274.000000 4021199.000000 8880.455078 17 63
4245974.000000 4021299.000000 1271.836060 4 64
4246074.000000 4021299.000000 2071.020996 5 64
4246174.000000 4021299.000000 2927.157959 6 64
4246274.000000 4021299.000000 3512.080078 7 64
4246374.000000 4021299.000000 3950.024902 8 64
4246474.000000 4021299.000000 4432.991211 9 64
4246574.000000 4021299.000000 4946.208984 10 64
4246674.000000 4021299.000000 5463.969238 11 64
4246774.000000 4021299.000000 5989.422852 12 64
4246874.000000 4021299.000000 6535.068848 13 64
4246974.000000 4021299.000000 7102.470215 14 64
4247074.000000 4021299.000000 7698.671875 15 64
4247174.000000 4021299.000000 8199.138672 16 64
4247274.000000 4021299.000000 8736.988281 17 64
4245974.000000 4021399.000000 1033.406982 4 65
4246074.000000 4021399.000000 1821.079956 5 65
4246174.000000 4021399.000000 2707.565918 6 65
4246274.000000 4021399.000000 3379.794922 7 65
4246374.000000 4021399.000000 3826.770996 8 65
4246474.000000 4021399.000000 4303.799805 9 65
4246574.000000 4021399.000000 4820.942871 10 65
4246674.000000 4021399.000000 5339.210938 11 65
4246774.000000 4021399.000000 5858.880859 12 65
4246874.000000 4021399.000000 6401.058105 13 65
4246974.000000 4021399.000000 6963.163086 14 65
4247074.000000 4021399.000000 7551.590820 15 65
4247174.000000 4021399.000000 8100.119141 16 65
4247274.000000 4021399.000000 8589.615234 17 65
4245974.000000 4021499.000000 780.697021 4 66
4246074.000000 4021499.000000 1576.105957 5 66
4246174.000000 4021499.000000 2431.781982 6 66
4246274.000000 4021499.000000 3216.976074 7 66
4246374.000000 4021499.000000 3695.871094 8 66
4246474.000000 4021499.000000 4175.440918 9 66
4246574.000000 4021499.000000 4693.504883 10 66
4246674.000000 4021499.000000 5212.639160 11 66
4246774.000000 4021499.000000 5731.320801 12 66
4246874.000000 4021499.000000 6267.842773 13 66
4246974.000000 4021499.000000 6824.012207 14 66
4247074.000000 4021499.000000 7396.702148 15 66
4247174.000000 4021499.000000 7966.194824 16 66
4247274.000000 4021499.000000 8435.564453 17 66
4247374.000000 4021499.000000 9024.892578 18 66
4245974.000000 4021599.000000 543.244324 4 67
4246074.000000 4021599.000000 1405.171021 5 67
4246174.000000 4021599.000000 2162.437988 6 67
4246274.000000 4021599.000000 3023.007080 7 67
4246374.000000 4021599.000000 3559.766113 8 67
4246474.000000 4021599.000000 4045.962891 9 67
4246574.000000 4021599.000000 4563.895996 10 67
4246674.000000 4021599.000000 5081.247070 11 67
4246774.000000 4021599.000000 5595.687988 12 67
4246874.000000 4021599.000000 6123.432129 13 67
4246974.000000 4021599.000000 6673.053223 14 67
4247074.000000 4021599.000000 7240.810059 15 67
4247174.000000 4021599.000000 7819.488770 16 67
4247274.000000 4021599.000000 8305.765625 17 67
4247374.000000 4021599.000000 8871.412109 18 67
4246074.000000 4021699.000000 1166.675049 5 68
4246174.000000 4021699.000000 1924.000000 6 68
4246274.000000 4021699.000000 2721.847900 7 68
4246374.000000 4021699.000000 3351.699951 8 68
4246474.000000 4021699.000000 3900.418945 9 68
4246574.000000 4021699.000000 4429.949219 10 68
4246674.000000 4021699.000000 4940.975098 11 68
4246774.000000 4021699.000000 5453.591797 12 68
4246874.000000 4021699.000000 5975.588867 13 68
4246974.000000 4021699.000000 6521.077148 14 68
4247074.000000 4021699.000000 7086.274902 15 68
4247174.000000 4021699.000000 7667.208984 16 68
4247274.000000 4021699.000000 8177.799805 17 68
4247374.000000 4021699.000000 8713.207031 18 68
4246074.000000 4021799.000000 919.939270 5 69
4246174.000000 4021799.000000 1725.989990 6 69
4246274.000000 4021799.000000 2476.112061 7 69
4246374.000000 4021799.000000 3144.919922 8 69
4246474.000000 4021799.000000 3740.761963 9 69
4246574.000000 4021799.000000 4291.412109 10 69
4246674.000000 4021799.000000 4801.228027 11 69
4246774.000000 4021799.000000 5312.418945 12 69
4246874.000000 4021799.000000 5829.729004 13 69
4246974.000000 4021799.000000 6369.884766 14 69
4247074.000000 4021799.000000 6932.116211 15 69
4247174.000000 4021799.000000 7504.575195 16 69
4247274.000000 4021799.000000 8045.118164 17 69
4247374.000000 4021799.000000 8546.570313 18 69
4246074.000000 4021899.000000 690.368774 5 70
4246174.000000 4021899.000000 1538.453003 6 70
4246274.000000 4021899.000000 2278.926025 7 70
4246374.000000 4021899.000000 2960.503906 8 70
4246474.000000 4021899.000000 3577.552979 9 70
4246574.000000 4021899.000000 4142.018066 10 70
4246674.000000 4021899.000000 4659.891113 11 70
4246774.000000 4021899.000000 5171.368164 12 70
4246874.000000 4021899.000000 5684.423828 13 70
4246974.000000 4021899.000000 6220.073242 14 70
4247074.000000 4021899.000000 6780.640137 15 70
4247174.000000 4021899.000000 7343.152832 16 70
4247274.000000 4021899.000000 7896.804199 17 70
4247374.000000 4021899.000000 8401.482422 18 70
4247474.000000 4021899.000000 8981.810547 19 70
4246174.000000 4021999.000000 1317.584961 6 71
4246274.000000 4021999.000000 2092.752930 7 71
4246374.000000 4021999.000000 2788.950928 8 71
4246474.000000 4021999.000000 3417.983887 9 71
4246574.000000 4021999.000000 3991.798096 10 71
4246674.000000 4021999.000000 4520.463867 11 71
4246774.000000 4021999.000000 5030.974121 12 71
4246874.000000 4021999.000000 5542.387207 13 71
4246974.000000 4021999.000000 6070.184082 14 71
4247074.000000 4021999.000000 6629.230957 15 71
4247174.000000 4021999.000000 7190.395020 16 71
4247274.000000 4021999.000000 7745.198242 17 71
4247374.000000 4021999.000000 8264.232422 18 71
4247474.000000 4021999.000000 8828.052734 19 71
4246174.000000 4022099.000000 1082.454956 6 72
4246274.000000 4022099.000000 1896.915039 7 72
4246374.000000 4022099.000000 2618.660889 8 72
4246474.000000 4022099.000000 3259.074951 9 72
4246574.000000 4022099.000000 3839.440918 10 72
4246674.000000 4022099.000000 4378.624023 11 72
4246774.000000 4022099.000000 4890.312012 12 72
4246874.000000 4022099.000000 5400.805176 13 72
4246974.000000 4022099.000000 5921.424805 14 72
4247074.000000 4022099.000000 6471.698242 15 72
4247174.000000 4022099.000000 7035.184082 16 72
4247274.000000 4022099.000000 7586.549805 17 72
4247374.000000 4022099.000000 8123.712891 18 72
4247474.000000 4022099.000000 8665.457031 19 72
4246174.000000 4022199.000000 856.372192 6 73
4246274.000000 4022199.000000 1694.301025 7 73
4246374.000000 4022199.000000 2445.899902 8 73
4246474.000000 4022199.000000 3098.836914 9 73
4246574.000000 4022199.000000 3685.674072 10 73
4246674.000000 4022199.000000 4233.389160 11 73
4246774.000000 4022199.000000 4747.214844 12 73
4246874.000000 4022199.000000 5257.539063 13 73
4246974.000000 4022199.000000 5769.957031 14 73
4247074.000000 4022199.000000 6306.159180 15 73
4247174.000000 4022199.000000 6864.018066 16 73
4247274.000000 4022199.000000 7417.690918 17 73
4247374.000000 4022199.000000 7961.890137 18 73
4247474.000000 4022199.000000 8495.933594 19 73
4246174.000000 4022299.000000 641.696716 6 74
4246274.000000 4022299.000000 1475.394043 7 74
4246374.000000 4022299.000000 2259.680908 8 74
4246474.000000 4022299.000000 2927.178955 9 74
4246574.000000 4022299.000000 3520.801025 10 74
4246674.000000 4022299.000000 4069.582031 11 74
4246774.000000 4022299.000000 4592.762207 12 74
4246874.000000 4022299.000000 5105.104980 13 74
4246974.000000 4022299.000000 5617.935059 14 74
4247074.000000 4022299.000000 6145.020996 15 74
4247174.000000 4022299.000000 6696.132813 16 74
4247274.000000 4022299.000000 7248.226074 17 74
4247374.000000 4022299.000000 7798.334961 18 74
4247474.000000 4022299.000000 8338.853516 19 74
4247574.000000 4022299.000000 8921.751953 20 74
4246274.000000 4022399.000000 1217.182983 7 75
4246374.000000 4022399.000000 2040.807007 8 75
4246474.000000 4022399.000000 2738.385986 9 75
4246574.000000 4022399.000000 3346.550049 10 75
4246674.000000 4022399.000000 3899.962891 11 75
4246774.000000 4022399.000000 4432.597168 12 75
4246874.000000 4022399.000000 4950.875977 13 75
4246974.000000 4022399.000000 5465.770996 14 75
4247074.000000 4022399.000000 5987.149902 15 75
4247174.000000 4022399.000000 6528.187012 16 75
4247274.000000 4022399.000000 7077.631836 17 75
4247374.000000 4022399.000000 7631.201172 18 75
4247474.000000 4022399.000000 8179.383789 19 75
4247574.000000 4022399.000000 8760.320313 20 75
4246274.000000 4022499.000000 965.059204 7 76
4246374.000000 4022499.000000 1811.050049 8 76
4246474.000000 4022499.000000 2544.999023 9 76
4246574.000000 4022499.000000 3171.224121 10 76
4246674.000000 4022499.000000 3731.079102 11 76
4246774.000000 4022499.000000 4269.921875 12 76
4246874.000000 4022499.000000 4794.276855 13 76
4246974.000000 4022499.000000 5313.839844 14 76
4247074.000000 4022499.000000 5831.444824 15 76
4247174.000000 4022499.000000 6364.003906 16 76
4247274.000000 4022499.000000 6909.481934 17 76
4247374.000000 4022499.000000 7460.119141 18 76
4247474.000000 4022499.000000 8016.479004 19 76
4247574.000000 4022499.000000 8589.603516 20 76
4246274.000000 4022599.000000 722.309204 7 77
4246374.000000 4022599.000000 1558.776978 8 77
4246474.000000 4022599.000000 2347.581055 9 77
4246574.000000 4022599.000000 2998.975098 10 77
4246674.000000 4022599.000000 3569.475098 11 77
4246774.000000 4022599.000000 4101.436035 12 77
4246874.000000 4022599.000000 4633.006836 13 77
4246974.000000 4022599.000000 5159.813965 14 77
4247074.000000 4022599.000000 5679.615234 15 77
4247174.000000 4022599.000000 6206.533203 16 77
4247274.000000 4022599.000000 6742.005859 17 77
4247374.000000 4022599.000000 7288.551758 18 77
4247474.000000 4022599.000000 7846.743164 19 77
4247574.000000 4022599.000000 8418.458984 20 77
4247674.000000 4022599.000000 9009.498047 21 77
4246374.000000 4022699.000000 1282.793945 8 78
4246474.000000 4022699.000000 2130.620117 9 78
4246574.000000 4022699.000000 2820.851074 10 78
4246674.000000 4022699.000000 3412.736084 11 78
4246774.000000 4022699.000000 3935.155029 12 78
4246874.000000 4022699.000000 4465.602051 13 78
4246974.000000 4022699.000000 5002.017090 14 78
4247074.000000 4022699.000000 5526.953125 15 78
4247174.000000 4022699.000000 6050.534180 16 78
4247274.000000 4022699.000000 6579.273926 17 78
4247374.000000 4022699.000000 7119.894043 18 78
4247474.000000 4022699.000000 7672.780762 19 78
4247574.000000 4022699.000000 8247.037109 20 78
4247674.000000 4022699.000000 8848.982422 21 78
4246374.000000 4022799.000000 1035.666992 8 79
4246474.000000 4022799.000000 1898.746948 9 79
4246574.000000 4022799.000000 2640.555908 10 79
4246674.000000 4022799.000000 3271.236084 11 79
4246774.000000 4022799.000000 3778.908936 12 79
4246874.000000 4022799.000000 4294.699219 13 79
4246974.000000 4022799.000000 4836.658203 14 79
4247074.000000 4022799.000000 5366.465820 15 79
4247174.000000 4022799.000000 5885.551758 16 79
4247274.000000 4022799.000000 6412.784180 17 79
4247374.000000 4022799.000000 6950.743164 18 79
4247474.000000 4022799.000000 7502.108887 19 79
4247574.000000 4022799.000000 8073.022949 20 79
4247674.000000 4022799.000000 8673.904297 21 79
4246374.000000 4022899.000000 791.359314 8 80
4246474.000000 4022899.000000 1648.114990 9 80
4246574.000000 4022899.000000 2448.624023 10 80
4246674.000000 4022899.000000 3149.233887 11 80
4246774.000000 4022899.000000 3653.260986 12 80
4246874.000000 4022899.000000 4123.699219 13 80
4246974.000000 4022899.000000 4662.026855 14 80
4247074.000000 4022899.000000 5195.672852 15 80
4247174.000000 4022899.000000 5716.226074 16 80
4247274.000000 4022899.000000 6243.983887 17 80
4247374.000000 4022899.000000 6781.520996 18 80
4247474.000000 4022899.000000 7331.413086 19 80
4247574.000000 4022899.000000 7895.506836 20 80
4247674.000000 4022899.000000 8489.744141 21 80
4246374.000000 4022999.000000 589.616882 8 81
4246474.000000 4022999.000000 1359.183960 9 81
4246574.000000 4022999.000000 2213.045898 10 81
4246674.000000 4022999.000000 2948.618896 11 81
4246774.000000 4022999.000000 3499.756104 12 81
4246874.000000 4022999.000000 3963.896973 13 81
4246974.000000 4022999.000000 4483.621094 14 81
4247074.000000 4022999.000000 5021.551758 15 81
4247174.000000 4022999.000000 5546.634766 16 81
4247274.000000 4022999.000000 6073.962891 17 81
4247374.000000 4022999.000000 6611.168945 18 81
4247474.000000 4022999.000000 7160.159180 19 81
4247574.000000 4022999.000000 7720.214844 20 81
4247674.000000 4022999.000000 8313.320313 21 81
4247774.000000 4022999.000000 8912.039063 22 81
4246474.000000 4023099.000000 1124.140015 9 82
4246574.000000 4023099.000000 1966.630005 10 82
4246674.000000 4023099.000000 2733.456055 11 82
4246774.000000 4023099.000000 3342.009033 12 82
4246874.000000 4023099.000000 3807.863037 13 82
4246974.000000 4023099.000000 4308.991211 14 82
4247074.000000 4023099.000000 4847.925781 15 82
4247174.000000 4023099.000000 5375.694824 16 82
4247274.000000 4023099.000000 5901.602051 17 82
4247374.000000 4023099.000000 6439.109863 18 82
4247474.000000 4023099.000000 6988.449219 19 82
4247574.000000 4023099.000000 7548.094238 20 82
4247674.000000 4023099.000000 8130.747070 21 82
4247774.000000 4023099.000000 8740.888672 22 82
