# Type: scattered data
# Version: 6
# Description: No description
# Format: free
# Field: 1 x
# Field: 2 y
# Field: 3 z undefined
# Field: 4 column
# Field: 5 row
# Projection: Local Rectangular
# Units: undefined
# End:
# Information from grid:
# Grid_size: 42 x 33
# Grid_space: 4212000.000000,4220200.000000,4021100.000000,4033000.000000
# Scattered data: Not_available
# Z_field: z
# Vertical_faults: Not_available
# History: No history
# Z_units: undefined
4212000.000000 4021100.000000 -4580.025879 1 1
4212200.000000 4021100.000000 -4347.012207 2 1
4212400.000000 4021100.000000 -4114.032227 3 1
4212600.000000 4021100.000000 -3881.095947 4 1
4212800.000000 4021100.000000 -3647.744873 5 1
4213000.000000 4021100.000000 -3414.994873 6 1
4213200.000000 4021100.000000 -3182.364258 7 1
4213400.000000 4021100.000000 -2949.391357 8 1
4213600.000000 4021100.000000 -2716.075928 9 1
4213800.000000 4021100.000000 -2482.397217 10 1
4214000.000000 4021100.000000 -2249.325439 11 1
4214200.000000 4021100.000000 -2015.760498 12 1
4214400.000000 4021100.000000 -1781.575073 13 1
4214600.000000 4021100.000000 -1547.582764 14 1
4214800.000000 4021100.000000 -1313.524902 15 1
4215000.000000 4021100.000000 -1079.670532 16 1
4215200.000000 4021100.000000 -844.847168 17 1
4215400.000000 4021100.000000 -609.067505 18 1
4215600.000000 4021100.000000 -373.136200 19 1
4215800.000000 4021100.000000 -137.608322 20 1
4216000.000000 4021100.000000 95.276474 21 1
4216200.000000 4021100.000000 324.283600 22 1
4216400.000000 4021100.000000 547.451660 23 1
4216600.000000 4021100.000000 762.770569 24 1
4216800.000000 4021100.000000 971.284546 25 1
4217000.000000 4021100.000000 1175.950073 26 1
4217200.000000 4021100.000000 1378.271851 27 1
4217400.000000 4021100.000000 1579.983521 28 1
4217600.000000 4021100.000000 1783.337036 29 1
4217800.000000 4021100.000000 1989.529663 30 1
4218000.000000 4021100.000000 2199.277100 31 1
4218200.000000 4021100.000000 2414.067871 32 1
4218400.000000 4021100.000000 2637.656006 33 1
4218600.000000 4021100.000000 2874.012939 34 1
4218800.000000 4021100.000000 3130.487549 35 1
4219000.000000 4021100.000000 3413.672119 36 1
4219200.000000 4021100.000000 3723.823486 37 1
4219400.000000 4021100.000000 4056.092041 38 1
4219600.000000 4021100.000000 4406.303711 39 1
4219800.000000 4021100.000000 4771.519531 40 1
4220000.000000 4021100.000000 5148.220703 41 1
4220200.000000 4021100.000000 5533.186035 42 1
4212000.000000 4021471.875000 -4505.693359 1 2
4212200.000000 4021471.875000 -4272.700684 2 2
4212400.000000 4021471.875000 -4039.735107 3 2
4212600.000000 4021471.875000 -3806.330322 4 2
4212800.000000 4021471.875000 -3572.996338 5 2
4213000.000000 4021471.875000 -3340.242920 6 2
4213200.000000 4021471.875000 -3107.602051 7 2
4213400.000000 4021471.875000 -2875.070557 8 2
4213600.000000 4021471.875000 -2642.127441 9 2
4213800.000000 4021471.875000 -2408.745605 10 2
4214000.000000 4021471.875000 -2175.324219 11 2
4214200.000000 4021471.875000 -1941.249146 12 2
4214400.000000 4021471.875000 -1706.318848 13 2
4214600.000000 4021471.875000 -1471.305664 14 2
4214800.000000 4021471.875000 -1236.408813 15 2
4215000.000000 4021471.875000 -1001.386169 16 2
4215200.000000 4021471.875000 -765.615784 17 2
4215400.000000 4021471.875000 -528.763733 18 2
4215600.000000 4021471.875000 -291.348633 19 2
4215800.000000 4021471.875000 -53.739788 20 2
4216000.000000 4021471.875000 182.561996 21 2
4216200.000000 4021471.875000 415.643219 22 2
4216400.000000 4021471.875000 643.455139 23 2
4216600.000000 4021471.875000 864.031555 24 2
4216800.000000 4021471.875000 1078.094116 25 2
4217000.000000 4021471.875000 1288.894531 26 2
4217200.000000 4021471.875000 1498.830078 27 2
4217400.000000 4021471.875000 1710.625854 28 2
4217600.000000 4021471.875000 1926.128662 29 2
4217800.000000 4021471.875000 2145.816895 30 2
4218000.000000 4021471.875000 2368.576904 31 2
4218200.000000 4021471.875000 2592.748535 32 2
4218400.000000 4021471.875000 2820.468262 33 2
4218600.000000 4021471.875000 3055.081787 34 2
4218800.000000 4021471.875000 3303.973145 35 2
4219000.000000 4021471.875000 3579.440918 36 2
4219200.000000 4021471.875000 3882.352783 37 2
4219400.000000 4021471.875000 4205.137695 38 2
4219600.000000 4021471.875000 4544.368164 39 2
4219800.000000 4021471.875000 4895.147949 40 2
4220000.000000 4021471.875000 5255.823242 41 2
4220200.000000 4021471.875000 5624.892090 42 2
4212000.000000 4021843.750000 -4431.335449 1 3
4212200.000000 4021843.750000 -4198.353516 2 3
4212400.000000 4021843.750000 -3964.899902 3 3
4212600.000000 4021843.750000 -3731.504883 4 3
4212800.000000 4021843.750000 -3498.167969 5 3
4213000.000000 4021843.750000 -3265.418213 6 3
4213200.000000 4021843.750000 -3032.754639 7 3
4213400.000000 4021843.750000 -2800.660889 8 3
4213600.000000 4021843.750000 -2567.623779 9 3
4213800.000000 4021843.750000 -2335.061523 10 3
4214000.000000 4021843.750000 -2101.345215 11 3
4214200.000000 4021843.750000 -1866.310791 12 3
4214400.000000 4021843.750000 -1630.694946 13 3
4214600.000000 4021843.750000 -1394.692871 14 3
4214800.000000 4021843.750000 -1158.459595 15 3
4215000.000000 4021843.750000 -922.186523 16 3
4215200.000000 4021843.750000 -685.792786 17 3
4215400.000000 4021843.750000 -447.593719 18 3
4215600.000000 4021843.750000 -208.376175 19 3
4215800.000000 4021843.750000 32.193264 20 3
4216000.000000 4021843.750000 272.778381 21 3
4216200.000000 4021843.750000 510.231018 22 3
4216400.000000 4021843.750000 743.318726 23 3
4216600.000000 4021843.750000 969.016479 24 3
4216800.000000 4021843.750000 1188.144043 25 3
4217000.000000 4021843.750000 1403.208984 26 3
4217200.000000 4021843.750000 1618.036987 27 3
4217400.000000 4021843.750000 1836.122437 28 3
4217600.000000 4021843.750000 2061.665283 29 3
4217800.000000 4021843.750000 2294.926514 30 3
4218000.000000 4021843.750000 2529.896729 31 3
4218200.000000 4021843.750000 2762.764648 32 3
4218400.000000 4021843.750000 2994.136230 33 3
4218600.000000 4021843.750000 3226.870117 34 3
4218800.000000 4021843.750000 3467.211914 35 3
4219000.000000 4021843.750000 3734.716309 36 3
4219200.000000 4021843.750000 4030.958984 37 3
4219400.000000 4021843.750000 4344.784180 38 3
4219600.000000 4021843.750000 4672.416992 39 3
4219800.000000 4021843.750000 5009.847656 40 3
4220000.000000 4021843.750000 5354.708984 41 3
4220200.000000 4021843.750000 5708.443359 42 3
4212000.000000 4022215.625000 -4356.949707 1 4
4212200.000000 4022215.625000 -4123.464844 2 4
4212400.000000 4022215.625000 -3890.024414 3 4
4212600.000000 4022215.625000 -3656.624268 4 4
4212800.000000 4022215.625000 -3423.294678 5 4
4213000.000000 4022215.625000 -3190.536133 6 4
4213200.000000 4022215.625000 -2958.340332 7 4
4213400.000000 4022215.625000 -2726.205566 8 4
4213600.000000 4022215.625000 -2494.073975 9 4
4213800.000000 4022215.625000 -2260.839111 10 4
4214000.000000 4022215.625000 -2026.853638 11 4
4214200.000000 4022215.625000 -1790.865967 12 4
4214400.000000 4022215.625000 -1554.574097 13 4
4214600.000000 4022215.625000 -1317.066284 14 4
4214800.000000 4022215.625000 -1079.420532 15 4
4215000.000000 4022215.625000 -841.779663 16 4
4215200.000000 4022215.625000 -604.597412 17 4
4215400.000000 4022215.625000 -365.342529 18 4
4215600.000000 4022215.625000 -124.055443 19 4
4215800.000000 4022215.625000 119.296577 20 4
4216000.000000 4022215.625000 364.626648 21 4
4216200.000000 4022215.625000 607.977722 22 4
4216400.000000 4022215.625000 847.387573 23 4
4216600.000000 4022215.625000 1079.133789 24 4
4216800.000000 4022215.625000 1302.977783 25 4
4217000.000000 4022215.625000 1520.444946 26 4
4217200.000000 4022215.625000 1736.593994 27 4
4217400.000000 4022215.625000 1957.511108 28 4
4217600.000000 4022215.625000 2192.272461 29 4
4217800.000000 4022215.625000 2443.441162 30 4
4218000.000000 4022215.625000 2688.784912 31 4
4218200.000000 4022215.625000 2926.684814 32 4
4218400.000000 4022215.625000 3161.027832 33 4
4218600.000000 4022215.625000 3394.153564 34 4
4218800.000000 4022215.625000 3629.893799 35 4
4219000.000000 4022215.625000 3888.569092 36 4
4219200.000000 4022215.625000 4173.703613 37 4
4219400.000000 4022215.625000 4475.907227 38 4
4219600.000000 4022215.625000 4790.844238 39 4
4219800.000000 4022215.625000 5114.388184 40 4
4220000.000000 4022215.625000 5442.471191 41 4
4220200.000000 4022215.625000 5779.726074 42 4
4212000.000000 4022587.500000 -4282.028320 1 5
4212200.000000 4022587.500000 -4048.553711 2 5
4212400.000000 4022587.500000 -3814.606201 3 5
4212600.000000 4022587.500000 -3581.213379 4 5
4212800.000000 4022587.500000 -3347.870850 5 5
4213000.000000 4022587.500000 -3115.600586 6 5
4213200.000000 4022587.500000 -2883.887939 7 5
4213400.000000 4022587.500000 -2651.705078 8 5
4213600.000000 4022587.500000 -2419.982666 9 5
4213800.000000 4022587.500000 -2186.587646 10 5
4214000.000000 4022587.500000 -1951.829712 11 5
4214200.000000 4022587.500000 -1714.897827 12 5
4214400.000000 4022587.500000 -1477.406250 13 5
4214600.000000 4022587.500000 -1238.371216 14 5
4214800.000000 4022587.500000 -999.277649 15 5
4215000.000000 4022587.500000 -760.223999 16 5
4215200.000000 4022587.500000 -522.708923 17 5
4215400.000000 4022587.500000 -282.318939 18 5
4215600.000000 4022587.500000 -39.790970 19 5
4215800.000000 4022587.500000 206.715073 20 5
4216000.000000 4022587.500000 456.929565 21 5
4216200.000000 4022587.500000 708.180908 22 5
4216400.000000 4022587.500000 956.723755 23 5
4216600.000000 4022587.500000 1196.549316 24 5
4216800.000000 4022587.500000 1425.087036 25 5
4217000.000000 4022587.500000 1644.325317 26 5
4217200.000000 4022587.500000 1859.338867 27 5
4217400.000000 4022587.500000 2079.264160 28 5
4217600.000000 4022587.500000 2322.640381 29 5
4217800.000000 4022587.500000 2606.622803 30 5
4218000.000000 4022587.500000 2861.131104 31 5
4218200.000000 4022587.500000 3094.046875 32 5
4218400.000000 4022587.500000 3323.206543 33 5
4218600.000000 4022587.500000 3554.698242 34 5
4218800.000000 4022587.500000 3788.334717 35 5
4219000.000000 4022587.500000 4036.727295 36 5
4219200.000000 4022587.500000 4306.005371 37 5
4219400.000000 4022587.500000 4592.974609 38 5
4219600.000000 4022587.500000 4893.595703 39 5
4219800.000000 4022587.500000 5202.704102 40 5
4220000.000000 4022587.500000 5513.727051 41 5
4220200.000000 4022587.500000 5833.882813 42 5
4212000.000000 4022959.375000 -4207.088867 1 6
4212200.000000 4022959.375000 -3973.604980 2 6
4212400.000000 4022959.375000 -3739.663818 3 6
4212600.000000 4022959.375000 -3505.759277 4 6
4212800.000000 4022959.375000 -3272.418213 5 6
4213000.000000 4022959.375000 -3040.633789 6 6
4213200.000000 4022959.375000 -2808.896240 7 6
4213400.000000 4022959.375000 -2577.665039 8 6
4213600.000000 4022959.375000 -2345.848877 9 6
4213800.000000 4022959.375000 -2112.310547 10 6
4214000.000000 4022959.375000 -1877.286743 11 6
4214200.000000 4022959.375000 -1639.443481 12 6
4214400.000000 4022959.375000 -1399.798706 13 6
4214600.000000 4022959.375000 -1159.791992 14 6
4214800.000000 4022959.375000 -919.336670 15 6
4215000.000000 4022959.375000 -679.495361 16 6
4215200.000000 4022959.375000 -441.292847 17 6
4215400.000000 4022959.375000 -199.886765 18 6
4215600.000000 4022959.375000 44.922516 19 6
4215800.000000 4022959.375000 294.958282 20 6
4216000.000000 4022959.375000 550.944458 21 6
4216200.000000 4022959.375000 811.646912 22 6
4216400.000000 4022959.375000 1071.643555 23 6
4216600.000000 4022959.375000 1322.099121 24 6
4216800.000000 4022959.375000 1558.575439 25 6
4217000.000000 4022959.375000 1781.197876 26 6
4217200.000000 4022959.375000 1992.250122 27 6
4217400.000000 4022959.375000 2202.630127 28 6
4217600.000000 4022959.375000 2446.197510 29 6
4217800.000000 4022959.375000 2799.504639 30 6
4218000.000000 4022959.375000 3058.818604 31 6
4218200.000000 4022959.375000 3272.981689 32 6
4218400.000000 4022959.375000 3481.373779 33 6
4218600.000000 4022959.375000 3699.771729 34 6
4218800.000000 4022959.375000 3925.305420 35 6
4219000.000000 4022959.375000 4159.196289 36 6
4219200.000000 4022959.375000 4412.313477 37 6
4219400.000000 4022959.375000 4683.361328 38 6
4219600.000000 4022959.375000 4969.514160 39 6
4219800.000000 4022959.375000 5264.088867 40 6
4220000.000000 4022959.375000 5559.159668 41 6
4220200.000000 4022959.375000 5864.259766 42 6
4212000.000000 4023331.250000 -4132.615234 1 7
4212200.000000 4023331.250000 -3898.637939 2 7
4212400.000000 4023331.250000 -3664.692627 3 7
4212600.000000 4023331.250000 -3430.782227 4 7
4212800.000000 4023331.250000 -3197.431885 5 7
4213000.000000 4023331.250000 -2965.125977 6 7
4213200.000000 4023331.250000 -2733.864014 7 7
4213400.000000 4023331.250000 -2503.090820 8 7
4213600.000000 4023331.250000 -2271.210449 9 7
4213800.000000 4023331.250000 -2037.546753 10 7
4214000.000000 4023331.250000 -1801.811768 11 7
4214200.000000 4023331.250000 -1563.117065 12 7
4214400.000000 4023331.250000 -1322.938477 13 7
4214600.000000 4023331.250000 -1082.144897 14 7
4214800.000000 4023331.250000 -840.596558 15 7
4215000.000000 4023331.250000 -599.828125 16 7
4215200.000000 4023331.250000 -360.858398 17 7
4215400.000000 4023331.250000 -118.826775 18 7
4215600.000000 4023331.250000 128.077835 19 7
4215800.000000 4023331.250000 381.898193 20 7
4216000.000000 4023331.250000 644.584045 21 7
4216200.000000 4023331.250000 915.651001 22 7
4216400.000000 4023331.250000 1189.255859 23 7
4216600.000000 4023331.250000 1454.200684 24 7
4216800.000000 4023331.250000 1703.761353 25 7
4217000.000000 4023331.250000 1933.019531 26 7
4217200.000000 4023331.250000 2134.760498 27 7
4217400.000000 4023331.250000 2307.206787 28 7
4217600.000000 4023331.250000 2555.218506 29 7
4217800.000000 4023331.250000 2994.175293 30 7
4218000.000000 4023331.250000 3262.103027 31 7
4218200.000000 4023331.250000 3448.551514 32 7
4218400.000000 4023331.250000 3626.075684 33 7
4218600.000000 4023331.250000 3821.657715 34 7
4218800.000000 4023331.250000 4032.525146 35 7
4219000.000000 4023331.250000 4246.345703 36 7
4219200.000000 4023331.250000 4484.620117 37 7
4219400.000000 4023331.250000 4736.786133 38 7
4219600.000000 4023331.250000 5000.504395 39 7
4219800.000000 4023331.250000 5284.004395 40 7
4220000.000000 4023331.250000 5569.744141 41 7
4220200.000000 4023331.250000 5867.160645 42 7
4212000.000000 4023703.125000 -4058.126709 1 8
4212200.000000 4023703.125000 -3823.646729 2 8
4212400.000000 4023703.125000 -3589.687500 3 8
4212600.000000 4023703.125000 -3355.278564 4 8
4212800.000000 4023703.125000 -3121.910400 5 8
4213000.000000 4023703.125000 -2890.099121 6 8
4213200.000000 4023703.125000 -2658.818604 7 8
4213400.000000 4023703.125000 -2428.016846 8 8
4213600.000000 4023703.125000 -2196.089844 9 8
4213800.000000 4023703.125000 -1962.341187 10 8
4214000.000000 4023703.125000 -1726.488159 11 8
4214200.000000 4023703.125000 -1487.589966 12 8
4214400.000000 4023703.125000 -1246.597778 13 8
4214600.000000 4023703.125000 -1005.344910 14 8
4214800.000000 4023703.125000 -763.664673 15 8
4215000.000000 4023703.125000 -522.570007 16 8
4215200.000000 4023703.125000 -283.033630 17 8
4215400.000000 4023703.125000 -40.069668 18 8
4215600.000000 4023703.125000 208.900223 19 8
4215800.000000 4023703.125000 466.309692 20 8
4216000.000000 4023703.125000 734.696350 21 8
4216200.000000 4023703.125000 1015.173950 22 8
4216400.000000 4023703.125000 1302.928711 23 8
4216600.000000 4023703.125000 1584.918945 24 8
4216800.000000 4023703.125000 1852.085083 25 8
4217000.000000 4023703.125000 2092.346924 26 8
4217200.000000 4023703.125000 2276.533203 27 8
4217400.000000 4023703.125000 2395.919922 28 8
4217600.000000 4023703.125000 2635.356689 29 8
4217800.000000 4023703.125000 3076.678223 30 8
4218000.000000 4023703.125000 3380.502441 31 8
4218200.000000 4023703.125000 3577.118652 32 8
4218400.000000 4023703.125000 3729.958008 33 8
4218600.000000 4023703.125000 3903.852051 34 8
4218800.000000 4023703.125000 4098.797852 35 8
4219000.000000 4023703.125000 4285.079102 36 8
4219200.000000 4023703.125000 4518.280762 37 8
4219400.000000 4023703.125000 4740.922852 38 8
4219600.000000 4023703.125000 4953.946777 39 8
4219800.000000 4023703.125000 5236.133301 40 8
4220000.000000 4023703.125000 5536.259766 41 8
4220200.000000 4023703.125000 5843.443848 42 8
4212000.000000 4024075.000000 -3983.618408 1 9
4212200.000000 4024075.000000 -3748.626221 2 9
4212400.000000 4024075.000000 -3514.668701 3 9
4212600.000000 4024075.000000 -3280.243164 4 9
4212800.000000 4024075.000000 -3046.874268 5 9
4213000.000000 4024075.000000 -2815.053711 6 9
4213200.000000 4024075.000000 -2583.763672 7 9
4213400.000000 4024075.000000 -2352.953125 8 9
4213600.000000 4024075.000000 -2121.010254 9 9
4213800.000000 4024075.000000 -1887.263428 10 9
4214000.000000 4024075.000000 -1651.396118 11 9
4214200.000000 4024075.000000 -1412.489624 12 9
4214400.000000 4024075.000000 -1171.484131 13 9
4214600.000000 4024075.000000 -930.221619 14 9
4214800.000000 4024075.000000 -688.511963 15 9
4215000.000000 4024075.000000 -447.386810 16 9
4215200.000000 4024075.000000 -207.224884 17 9
4215400.000000 4024075.000000 36.127014 18 9
4215600.000000 4024075.000000 286.077515 19 9
4215800.000000 4024075.000000 545.613892 20 9
4216000.000000 4024075.000000 817.553040 21 9
4216200.000000 4024075.000000 1103.511719 22 9
4216400.000000 4024075.000000 1400.411133 23 9
4216600.000000 4024075.000000 1695.860718 24 9
4216800.000000 4024075.000000 1981.845093 25 9
4217000.000000 4024075.000000 2239.400391 26 9
4217200.000000 4024075.000000 2416.764893 27 9
4217400.000000 4024075.000000 2498.127441 28 9
4217600.000000 4024075.000000 2683.185303 29 9
4217800.000000 4024075.000000 3019.695801 30 9
4218000.000000 4024075.000000 3380.338623 31 9
4218200.000000 4024075.000000 3621.937012 32 9
4218400.000000 4024075.000000 3763.915283 33 9
4218600.000000 4024075.000000 3935.197510 34 9
4218800.000000 4024075.000000 4140.639648 35 9
4219000.000000 4024075.000000 4307.607422 36 9
4219200.000000 4024075.000000 4531.819824 37 9
4219400.000000 4024075.000000 4702.723145 38 9
4219600.000000 4024075.000000 4847.299805 39 9
4219800.000000 4024075.000000 5141.428223 40 9
4220000.000000 4024075.000000 5479.891113 41 9
4220200.000000 4024075.000000 5810.489746 42 9
4212000.000000 4024446.875000 -3909.092529 1 10
4212200.000000 4024446.875000 -3674.095459 2 10
4212400.000000 4024446.875000 -3439.623291 3 10
4212600.000000 4024446.875000 -3205.198242 4 10
4212800.000000 4024446.875000 -2971.813965 5 10
4213000.000000 4024446.875000 -2739.989014 6 10
4213200.000000 4024446.875000 -2508.701904 7 10
4213400.000000 4024446.875000 -2277.907715 8 10
4213600.000000 4024446.875000 -2046.012939 9 10
4213800.000000 4024446.875000 -1812.843262 10 10
4214000.000000 4024446.875000 -1577.110962 11 10
4214200.000000 4024446.875000 -1338.421021 12 10
4214400.000000 4024446.875000 -1098.242554 13 10
4214600.000000 4024446.875000 -856.945374 14 10
4214800.000000 4024446.875000 -615.393005 15 10
4215000.000000 4024446.875000 -374.586914 16 10
4215200.000000 4024446.875000 -134.380127 17 10
4215400.000000 4024446.875000 109.023056 18 10
4215600.000000 4024446.875000 358.803009 19 10
4215800.000000 4024446.875000 617.974976 20 10
4216000.000000 4024446.875000 889.724487 21 10
4216200.000000 4024446.875000 1175.130737 22 10
4216400.000000 4024446.875000 1470.876587 23 10
4216600.000000 4024446.875000 1767.729370 24 10
4216800.000000 4024446.875000 2049.721436 25 10
4217000.000000 4024446.875000 2269.255859 26 10
4217200.000000 4024446.875000 2339.635742 27 10
4217400.000000 4024446.875000 2489.568848 28 10
4217600.000000 4024446.875000 2788.121338 29 10
4217800.000000 4024446.875000 3048.928467 30 10
4218000.000000 4024446.875000 3325.532715 31 10
4218200.000000 4024446.875000 3545.229980 32 10
4218400.000000 4024446.875000 3703.732910 33 10
4218600.000000 4024446.875000 3907.185791 34 10
4218800.000000 4024446.875000 4184.446777 35 10
4219000.000000 4024446.875000 4377.748047 36 10
4219200.000000 4024446.875000 4537.388672 37 10
4219400.000000 4024446.875000 4624.134766 38 10
4219600.000000 4024446.875000 4763.205566 39 10
4219800.000000 4024446.875000 5085.194336 40 10
4220000.000000 4024446.875000 5451.736328 41 10
4220200.000000 4024446.875000 5795.796387 42 10
4212000.000000 4024818.750000 -3834.045166 1 11
4212200.000000 4024818.750000 -3599.550293 2 11
4212400.000000 4024818.750000 -3365.071289 3 11
4212600.000000 4024818.750000 -3130.639404 4 11
4212800.000000 4024818.750000 -2897.250488 5 11
4213000.000000 4024818.750000 -2664.928711 6 11
4213200.000000 4024818.750000 -2434.157471 7 11
4213400.000000 4024818.750000 -2203.406982 8 11
4213600.000000 4024818.750000 -1971.601807 9 11
4213800.000000 4024818.750000 -1738.088013 10 11
4214000.000000 4024818.750000 -1502.639771 11 11
4214200.000000 4024818.750000 -1264.885620 12 11
4214400.000000 4024818.750000 -1025.361206 13 11
4214600.000000 4024818.750000 -785.496582 14 11
4214800.000000 4024818.750000 -545.211121 15 11
4215000.000000 4024818.750000 -305.540558 16 11
4215200.000000 4024818.750000 -65.843239 17 11
4215400.000000 4024818.750000 177.168610 18 11
4215600.000000 4024818.750000 425.290314 19 11
4215800.000000 4024818.750000 681.920410 20 11
4216000.000000 4024818.750000 948.956543 21 11
4216200.000000 4024818.750000 1226.546997 22 11
4216400.000000 4024818.750000 1510.250122 23 11
4216600.000000 4024818.750000 1793.016602 24 11
4216800.000000 4024818.750000 2060.781006 25 11
4217000.000000 4024818.750000 2234.407471 26 11
4217200.000000 4024818.750000 2194.236816 27 11
4217400.000000 4024818.750000 2400.058594 28 11
4217600.000000 4024818.750000 2741.904297 29 11
4217800.000000 4024818.750000 2964.973877 30 11
4218000.000000 4024818.750000 3181.579834 31 11
4218200.000000 4024818.750000 3407.450195 32 11
4218400.000000 4024818.750000 3628.903320 33 11
4218600.000000 4024818.750000 3831.582275 34 11
4218800.000000 4024818.750000 4113.978027 35 11
4219000.000000 4024818.750000 4343.708984 36 11
4219200.000000 4024818.750000 4456.570313 37 11
4219400.000000 4024818.750000 4505.232910 38 11
4219600.000000 4024818.750000 4735.002441 39 11
4219800.000000 4024818.750000 5100.932129 40 11
4220000.000000 4024818.750000 5475.099121 41 11
4220200.000000 4024818.750000 5814.310547 42 11
4212000.000000 4025190.625000 -3758.995361 1 12
4212200.000000 4025190.625000 -3524.487061 2 12
4212400.000000 4025190.625000 -3290.009766 3 12
4212600.000000 4025190.625000 -3056.062988 4 12
4212800.000000 4025190.625000 -2822.681152 5 12
4213000.000000 4025190.625000 -2590.368408 6 12
4213200.000000 4025190.625000 -2359.119629 7 12
4213400.000000 4025190.625000 -2128.437744 8 12
4213600.000000 4025190.625000 -1896.266846 9 12
4213800.000000 4025190.625000 -1662.998901 10 12
4214000.000000 4025190.625000 -1427.936523 11 12
4214200.000000 4025190.625000 -1191.297852 12 12
4214400.000000 4025190.625000 -953.194336 13 12
4214600.000000 4025190.625000 -715.117065 14 12
4214800.000000 4025190.625000 -476.567932 15 12
4215000.000000 4025190.625000 -238.147491 16 12
4215200.000000 4025190.625000 0.162814 17 12
4215400.000000 4025190.625000 241.551422 18 12
4215600.000000 4025190.625000 486.241364 19 12
4215800.000000 4025190.625000 736.884949 20 12
4216000.000000 4025190.625000 994.350586 21 12
4216200.000000 4025190.625000 1257.871460 22 12
4216400.000000 4025190.625000 1519.868774 23 12
4216600.000000 4025190.625000 1763.937012 24 12
4216800.000000 4025190.625000 1971.601196 25 12
4217000.000000 4025190.625000 2119.775879 26 12
4217200.000000 4025190.625000 2184.235107 27 12
4217400.000000 4025190.625000 2484.208008 28 12
4217600.000000 4025190.625000 2744.686279 29 12
4217800.000000 4025190.625000 2927.937256 30 12
4218000.000000 4025190.625000 3161.286377 31 12
4218200.000000 4025190.625000 3426.136475 32 12
4218400.000000 4025190.625000 3708.515381 33 12
4218600.000000 4025190.625000 3901.108154 34 12
4218800.000000 4025190.625000 4101.117188 35 12
4219000.000000 4025190.625000 4332.187988 36 12
4219200.000000 4025190.625000 4502.946777 37 12
4219400.000000 4025190.625000 4568.622070 38 12
4219600.000000 4025190.625000 4825.980957 39 12
4219800.000000 4025190.625000 5183.616211 40 12
4220000.000000 4025190.625000 5538.266113 41 12
4220200.000000 4025190.625000 5858.073242 42 12
4212000.000000 4025562.500000 -3683.929443 1 13
4212200.000000 4025562.500000 -3449.923828 2 13
4212400.000000 4025562.500000 -3215.432373 3 13
4212600.000000 4025562.500000 -2981.489746 4 13
4212800.000000 4025562.500000 -2748.109375 5 13
4213000.000000 4025562.500000 -2515.802734 6 13
4213200.000000 4025562.500000 -2284.603271 7 13
4213400.000000 4025562.500000 -2053.009766 8 13
4213600.000000 4025562.500000 -1820.504883 9 13
4213800.000000 4025562.500000 -1587.517334 10 13
4214000.000000 4025562.500000 -1353.435181 11 13
4214200.000000 4025562.500000 -1117.526733 12 13
4214400.000000 4025562.500000 -881.483582 13 13
4214600.000000 4025562.500000 -644.908691 14 13
4214800.000000 4025562.500000 -408.356659 15 13
4215000.000000 4025562.500000 -172.568680 16 13
4215200.000000 4025562.500000 63.845982 17 13
4215400.000000 4025562.500000 302.369934 18 13
4215600.000000 4025562.500000 542.716125 19 13
4215800.000000 4025562.500000 786.415894 20 13
4216000.000000 4025562.500000 1034.360352 21 13
4216200.000000 4025562.500000 1284.664795 22 13
4216400.000000 4025562.500000 1526.226318 23 13
4216600.000000 4025562.500000 1730.427246 24 13
4216800.000000 4025562.500000 1877.730103 25 13
4217000.000000 4025562.500000 2044.865845 26 13
4217200.000000 4025562.500000 2320.521484 27 13
4217400.000000 4025562.500000 2655.719971 28 13
4217600.000000 4025562.500000 2820.150879 29 13
4217800.000000 4025562.500000 2955.336182 30 13
4218000.000000 4025562.500000 3207.357910 31 13
4218200.000000 4025562.500000 3483.640625 32 13
4218400.000000 4025562.500000 3775.486084 33 13
4218600.000000 4025562.500000 3994.397217 34 13
4218800.000000 4025562.500000 4174.395020 35 13
4219000.000000 4025562.500000 4401.519043 36 13
4219200.000000 4025562.500000 4650.128906 37 13
4219400.000000 4025562.500000 4775.095703 38 13
4219600.000000 4025562.500000 5001.696289 39 13
4219800.000000 4025562.500000 5306.385254 40 13
4220000.000000 4025562.500000 5621.371094 41 13
4220200.000000 4025562.500000 5916.019531 42 13
4212000.000000 4025934.375000 -3608.867432 1 14
4212200.000000 4025934.375000 -3374.857666 2 14
4212400.000000 4025934.375000 -3140.860352 3 14
4212600.000000 4025934.375000 -2906.914551 4 14
4212800.000000 4025934.375000 -2673.529297 5 14
4213000.000000 4025934.375000 -2441.249512 6 14
4213200.000000 4025934.375000 -2209.597412 7 14
4213400.000000 4025934.375000 -1977.602051 8 14
4213600.000000 4025934.375000 -1745.269897 9 14
4213800.000000 4025934.375000 -1512.602417 10 14
4214000.000000 4025934.375000 -1279.016113 11 14
4214200.000000 4025934.375000 -1044.885986 12 14
4214400.000000 4025934.375000 -810.461914 13 14
4214600.000000 4025934.375000 -575.933289 14 14
4214800.000000 4025934.375000 -341.479462 15 14
4215000.000000 4025934.375000 -108.445343 16 14
4215200.000000 4025934.375000 125.395836 17 14
4215400.000000 4025934.375000 360.457977 18 14
4215600.000000 4025934.375000 596.723633 19 14
4215800.000000 4025934.375000 836.028381 20 14
4216000.000000 4025934.375000 1079.652466 21 14
4216200.000000 4025934.375000 1326.841553 22 14
4216400.000000 4025934.375000 1563.246338 23 14
4216600.000000 4025934.375000 1761.254639 24 14
4216800.000000 4025934.375000 1922.122192 25 14
4217000.000000 4025934.375000 2182.510498 26 14
4217200.000000 4025934.375000 2544.458008 27 14
4217400.000000 4025934.375000 2796.210693 28 14
4217600.000000 4025934.375000 2939.370117 29 14
4217800.000000 4025934.375000 3097.374756 30 14
4218000.000000 4025934.375000 3375.740234 31 14
4218200.000000 4025934.375000 3644.535889 32 14
4218400.000000 4025934.375000 3903.944092 33 14
4218600.000000 4025934.375000 4109.366211 34 14
4218800.000000 4025934.375000 4269.769531 35 14
4219000.000000 4025934.375000 4464.204590 36 14
4219200.000000 4025934.375000 4719.591309 37 14
4219400.000000 4025934.375000 4916.467773 38 14
4219600.000000 4025934.375000 5150.906738 39 14
4219800.000000 4025934.375000 5424.235840 40 14
4220000.000000 4025934.375000 5705.821777 41 14
4220200.000000 4025934.375000 5976.788086 42 14
4212000.000000 4026306.250000 -3533.804199 1 15
4212200.000000 4026306.250000 -3299.782471 2 15
4212400.000000 4026306.250000 -3065.789063 3 15
4212600.000000 4026306.250000 -2831.833008 4 15
4212800.000000 4026306.250000 -2598.461182 5 15
4213000.000000 4026306.250000 -2366.201172 6 15
4213200.000000 4026306.250000 -2134.090332 7 15
4213400.000000 4026306.250000 -1902.194092 8 15
4213600.000000 4026306.250000 -1670.051880 9 15
4213800.000000 4026306.250000 -1437.684937 10 15
4214000.000000 4026306.250000 -1205.101563 11 15
4214200.000000 4026306.250000 -972.213928 12 15
4214400.000000 4026306.250000 -738.884521 13 15
4214600.000000 4026306.250000 -506.367065 14 15
4214800.000000 4026306.250000 -274.462921 15 15
4215000.000000 4026306.250000 -43.650242 16 15
4215200.000000 4026306.250000 187.721893 17 15
4215400.000000 4026306.250000 419.255585 18 15
4215600.000000 4026306.250000 652.110107 19 15
4215800.000000 4026306.250000 888.404968 20 15
4216000.000000 4026306.250000 1133.032104 21 15
4216200.000000 4026306.250000 1390.877319 22 15
4216400.000000 4026306.250000 1656.050781 23 15
4216600.000000 4026306.250000 1897.768311 24 15
4216800.000000 4026306.250000 2096.092773 25 15
4217000.000000 4026306.250000 2379.386230 26 15
4217200.000000 4026306.250000 2657.791992 27 15
4217400.000000 4026306.250000 2836.299805 28 15
4217600.000000 4026306.250000 3045.156982 29 15
4217800.000000 4026306.250000 3272.272949 30 15
4218000.000000 4026306.250000 3543.296387 31 15
4218200.000000 4026306.250000 3760.829590 32 15
4218400.000000 4026306.250000 3959.843018 33 15
4218600.000000 4026306.250000 4157.504883 34 15
4218800.000000 4026306.250000 4322.378906 35 15
4219000.000000 4026306.250000 4519.620605 36 15
4219200.000000 4026306.250000 4782.117188 37 15
4219400.000000 4026306.250000 5027.356445 38 15
4219600.000000 4026306.250000 5271.963379 39 15
4219800.000000 4026306.250000 5526.725586 40 15
4220000.000000 4026306.250000 5783.745117 41 15
4220200.000000 4026306.250000 6035.570801 42 15
4212000.000000 4026678.125000 -3458.235596 1 16
4212200.000000 4026678.125000 -3224.218994 2 16
4212400.000000 4026678.125000 -2990.713135 3 16
4212600.000000 4026678.125000 -2757.263672 4 16
4212800.000000 4026678.125000 -2523.897461 5 16
4213000.000000 4026678.125000 -2291.150146 6 16
4213200.000000 4026678.125000 -2058.595703 7 16
4213400.000000 4026678.125000 -1826.294922 8 16
4213600.000000 4026678.125000 -1594.315674 9 16
4213800.000000 4026678.125000 -1362.245483 10 16
4214000.000000 4026678.125000 -1130.611572 11 16
4214200.000000 4026678.125000 -898.924011 12 16
4214400.000000 4026678.125000 -668.094421 13 16
4214600.000000 4026678.125000 -437.483337 14 16
4214800.000000 4026678.125000 -207.515686 15 16
4215000.000000 4026678.125000 21.715414 16 16
4215200.000000 4026678.125000 250.909134 17 16
4215400.000000 4026678.125000 480.061707 18 16
4215600.000000 4026678.125000 710.757080 19 16
4215800.000000 4026678.125000 946.122986 20 16
4216000.000000 4026678.125000 1192.100464 21 16
4216200.000000 4026678.125000 1456.397095 22 16
4216400.000000 4026678.125000 1738.992432 23 16
4216600.000000 4026678.125000 2018.079224 24 16
4216800.000000 4026678.125000 2281.557129 25 16
4217000.000000 4026678.125000 2545.660889 26 16
4217200.000000 4026678.125000 2730.121582 27 16
4217400.000000 4026678.125000 2879.427979 28 16
4217600.000000 4026678.125000 3123.440186 29 16
4217800.000000 4026678.125000 3376.142334 30 16
4218000.000000 4026678.125000 3637.407227 31 16
4218200.000000 4026678.125000 3871.201660 32 16
4218400.000000 4026678.125000 4043.943848 33 16
4218600.000000 4026678.125000 4263.995605 34 16
4218800.000000 4026678.125000 4472.580078 35 16
4219000.000000 4026678.125000 4681.020508 36 16
4219200.000000 4026678.125000 4923.216797 37 16
4219400.000000 4026678.125000 5159.973145 38 16
4219600.000000 4026678.125000 5391.244141 39 16
4219800.000000 4026678.125000 5624.605957 40 16
4220000.000000 4026678.125000 5860.137695 41 16
4220200.000000 4026678.125000 6094.439941 42 16
4212000.000000 4027050.000000 -3382.679932 1 17
4212200.000000 4027050.000000 -3149.152100 2 17
4212400.000000 4027050.000000 -2916.151611 3 17
4212600.000000 4027050.000000 -2683.201172 4 17
4212800.000000 4027050.000000 -2449.832764 5 17
4213000.000000 4027050.000000 -2216.614014 6 17
4213200.000000 4027050.000000 -1983.604492 7 17
4213400.000000 4027050.000000 -1750.882690 8 17
4213600.000000 4027050.000000 -1518.067627 9 17
4213800.000000 4027050.000000 -1286.246704 10 17
4214000.000000 4027050.000000 -1055.526489 11 17
4214200.000000 4027050.000000 -825.447937 12 17
4214400.000000 4027050.000000 -596.493408 13 17
4214600.000000 4027050.000000 -368.144775 14 17
4214800.000000 4027050.000000 -139.925842 15 17
4215000.000000 4027050.000000 87.989235 16 17
4215200.000000 4027050.000000 316.411987 17 17
4215400.000000 4027050.000000 544.894287 18 17
4215600.000000 4027050.000000 775.206482 19 17
4215800.000000 4027050.000000 1009.121460 20 17
4216000.000000 4027050.000000 1250.885620 21 17
4216200.000000 4027050.000000 1502.836060 22 17
4216400.000000 4027050.000000 1760.473022 23 17
4216600.000000 4027050.000000 2026.688354 24 17
4216800.000000 4027050.000000 2358.207031 25 17
4217000.000000 4027050.000000 2630.599365 26 17
4217200.000000 4027050.000000 2807.416260 27 17
4217400.000000 4027050.000000 2968.677246 28 17
4217600.000000 4027050.000000 3217.492676 29 17
4217800.000000 4027050.000000 3467.947021 30 17
4218000.000000 4027050.000000 3712.449707 31 17
4218200.000000 4027050.000000 3960.577393 32 17
4218400.000000 4027050.000000 4160.950684 33 17
4218600.000000 4027050.000000 4435.059570 34 17
4218800.000000 4027050.000000 4709.138184 35 17
4219000.000000 4027050.000000 4920.551758 36 17
4219200.000000 4027050.000000 5113.251953 37 17
4219400.000000 4027050.000000 5309.219238 38 17
4219600.000000 4027050.000000 5512.025879 39 17
4219800.000000 4027050.000000 5720.737793 40 17
4220000.000000 4027050.000000 5936.765625 41 17
4220200.000000 4027050.000000 6155.869141 42 17
4212000.000000 4027421.875000 -3307.123535 1 18
4212200.000000 4027421.875000 -3074.601563 2 18
4212400.000000 4027421.875000 -2841.599365 3 18
4212600.000000 4027421.875000 -2608.641113 4 18
4212800.000000 4027421.875000 -2375.786865 5 18
4213000.000000 4027421.875000 -2142.086914 6 18
4213200.000000 4027421.875000 -1908.609497 7 18
4213400.000000 4027421.875000 -1674.973755 8 18
4213600.000000 4027421.875000 -1441.785278 9 18
4213800.000000 4027421.875000 -1210.692505 10 18
4214000.000000 4027421.875000 -980.806519 11 18
4214200.000000 4027421.875000 -752.237244 12 18
4214400.000000 4027421.875000 -525.026306 13 18
4214600.000000 4027421.875000 -298.223389 14 18
4214800.000000 4027421.875000 -71.464272 15 18
4215000.000000 4027421.875000 155.528961 16 18
4215200.000000 4027421.875000 384.739777 17 18
4215400.000000 4027421.875000 614.620300 18 18
4215600.000000 4027421.875000 845.643372 19 18
4215800.000000 4027421.875000 1076.059082 20 18
4216000.000000 4027421.875000 1305.151611 21 18
4216200.000000 4027421.875000 1536.475708 22 18
4216400.000000 4027421.875000 1773.406738 23 18
4216600.000000 4027421.875000 2040.904785 24 18
4216800.000000 4027421.875000 2416.154785 25 18
4217000.000000 4027421.875000 2644.655273 26 18
4217200.000000 4027421.875000 2772.488037 27 18
4217400.000000 4027421.875000 2980.673828 28 18
4217600.000000 4027421.875000 3266.863037 29 18
4217800.000000 4027421.875000 3530.922607 30 18
4218000.000000 4027421.875000 3760.469482 31 18
4218200.000000 4027421.875000 3986.543457 32 18
4218400.000000 4027421.875000 4237.521484 33 18
4218600.000000 4027421.875000 4541.818359 34 18
4218800.000000 4027421.875000 4829.256836 35 18
4219000.000000 4027421.875000 5048.998047 36 18
4219200.000000 4027421.875000 5240.376465 37 18
4219400.000000 4027421.875000 5428.697266 38 18
4219600.000000 4027421.875000 5617.035156 39 18
4219800.000000 4027421.875000 5810.302734 40 18
4220000.000000 4027421.875000 6013.193848 41 18
4220200.000000 4027421.875000 6221.934082 42 18
4212000.000000 4027793.750000 -3232.084229 1 19
4212200.000000 4027793.750000 -2999.562012 2 19
4212400.000000 4027793.750000 -2767.050537 3 19
4212600.000000 4027793.750000 -2534.101807 4 19
4212800.000000 4027793.750000 -2301.253906 5 19
4213000.000000 4027793.750000 -2067.562012 6 19
4213200.000000 4027793.750000 -1833.628052 7 19
4213400.000000 4027793.750000 -1599.549072 8 19
4213600.000000 4027793.750000 -1366.479736 9 19
4213800.000000 4027793.750000 -1135.057495 10 19
4214000.000000 4027793.750000 -905.950500 11 19
4214200.000000 4027793.750000 -678.774902 12 19
4214400.000000 4027793.750000 -452.620911 13 19
4214600.000000 4027793.750000 -227.095642 14 19
4214800.000000 4027793.750000 -1.408361 15 19
4215000.000000 4027793.750000 224.688797 16 19
4215200.000000 4027793.750000 454.792419 17 19
4215400.000000 4027793.750000 688.000916 18 19
4215600.000000 4027793.750000 920.841919 19 19
4215800.000000 4027793.750000 1146.385986 20 19
4216000.000000 4027793.750000 1357.194336 21 19
4216200.000000 4027793.750000 1556.332520 22 19
4216400.000000 4027793.750000 1764.194092 23 19
4216600.000000 4027793.750000 2050.825439 24 19
4216800.000000 4027793.750000 2500.013916 25 19
4217000.000000 4027793.750000 2702.364990 26 19
4217200.000000 4027793.750000 2768.166992 27 19
4217400.000000 4027793.750000 3023.107422 28 19
4217600.000000 4027793.750000 3357.147217 29 19
4217800.000000 4027793.750000 3617.422607 30 19
4218000.000000 4027793.750000 3820.190674 31 19
4218200.000000 4027793.750000 4028.062744 32 19
4218400.000000 4027793.750000 4296.794434 33 19
4218600.000000 4027793.750000 4597.145508 34 19
4218800.000000 4027793.750000 4880.967773 35 19
4219000.000000 4027793.750000 5116.189453 36 19
4219200.000000 4027793.750000 5322.601074 37 19
4219400.000000 4027793.750000 5514.929688 38 19
4219600.000000 4027793.750000 5701.637207 39 19
4219800.000000 4027793.750000 5891.041992 40 19
4220000.000000 4027793.750000 6088.497070 41 19
4220200.000000 4027793.750000 6292.435547 42 19
4212000.000000 4028165.625000 -3157.556152 1 20
4212200.000000 4028165.625000 -2925.026367 2 20
4212400.000000 4028165.625000 -2692.023926 3 20
4212600.000000 4028165.625000 -2459.576660 4 20
4212800.000000 4028165.625000 -2226.726563 5 20
4213000.000000 4028165.625000 -1993.056885 6 20
4213200.000000 4028165.625000 -1758.643311 7 20
4213400.000000 4028165.625000 -1524.623413 8 20
4213600.000000 4028165.625000 -1291.130859 9 20
4213800.000000 4028165.625000 -1060.348145 10 20
4214000.000000 4028165.625000 -831.435242 11 20
4214200.000000 4028165.625000 -605.030151 12 20
4214400.000000 4028165.625000 -379.241455 13 20
4214600.000000 4028165.625000 -153.694199 14 20
4214800.000000 4028165.625000 71.347763 15 20
4215000.000000 4028165.625000 296.605713 16 20
4215200.000000 4028165.625000 527.715454 17 20
4215400.000000 4028165.625000 764.244446 18 20
4215600.000000 4028165.625000 998.615112 19 20
4215800.000000 4028165.625000 1220.772705 20 20
4216000.000000 4028165.625000 1417.296997 21 20
4216200.000000 4028165.625000 1577.629761 22 20
4216400.000000 4028165.625000 1712.304077 23 20
4216600.000000 4028165.625000 1926.071533 24 20
4216800.000000 4028165.625000 2393.627930 25 20
4217000.000000 4028165.625000 2687.766357 26 20
4217200.000000 4028165.625000 2842.447266 27 20
4217400.000000 4028165.625000 3127.873047 28 20
4217600.000000 4028165.625000 3460.596436 29 20
4217800.000000 4028165.625000 3707.669678 30 20
4218000.000000 4028165.625000 3870.015869 31 20
4218200.000000 4028165.625000 4067.156006 32 20
4218400.000000 4028165.625000 4338.528809 33 20
4218600.000000 4028165.625000 4632.689453 34 20
4218800.000000 4028165.625000 4912.609375 35 20
4219000.000000 4028165.625000 5158.809082 36 20
4219200.000000 4028165.625000 5376.586914 37 20
4219400.000000 4028165.625000 5578.057617 38 20
4219600.000000 4028165.625000 5771.666504 39 20
4219800.000000 4028165.625000 5965.314941 40 20
4220000.000000 4028165.625000 6164.264160 41 20
4220200.000000 4028165.625000 6368.174316 42 20
4212000.000000 4028537.500000 -3083.032959 1 21
4212200.000000 4028537.500000 -2850.013428 2 21
4212400.000000 4028537.500000 -2617.012451 3 21
4212600.000000 4028537.500000 -2384.559082 4 21
4212800.000000 4028537.500000 -2151.722656 5 21
4213000.000000 4028537.500000 -1918.064087 6 21
4213200.000000 4028537.500000 -1683.671021 7 21
4213400.000000 4028537.500000 -1449.678223 8 21
4213600.000000 4028537.500000 -1216.749390 9 21
4213800.000000 4028537.500000 -986.042175 10 21
4214000.000000 4028537.500000 -757.247192 11 21
4214200.000000 4028537.500000 -530.498657 12 21
4214400.000000 4028537.500000 -304.404388 13 21
4214600.000000 4028537.500000 -78.598068 14 21
4214800.000000 4028537.500000 146.665192 15 21
4215000.000000 4028537.500000 371.592529 16 21
4215200.000000 4028537.500000 601.795532 17 21
4215400.000000 4028537.500000 838.351929 18 21
4215600.000000 4028537.500000 1073.176025 19 21
4215800.000000 4028537.500000 1296.755493 20 21
4216000.000000 4028537.500000 1496.687988 21 21
4216200.000000 4028537.500000 1650.023560 22 21
4216400.000000 4028537.500000 1772.844116 23 21
4216600.000000 4028537.500000 1972.597534 24 21
4216800.000000 4028537.500000 2394.281250 25 21
4217000.000000 4028537.500000 2737.670898 26 21
4217200.000000 4028537.500000 2955.687256 27 21
4217400.000000 4028537.500000 3217.018555 28 21
4217600.000000 4028537.500000 3513.832764 29 21
4217800.000000 4028537.500000 3776.785645 30 21
4218000.000000 4028537.500000 3939.230225 31 21
4218200.000000 4028537.500000 4129.205078 32 21
4218400.000000 4028537.500000 4389.889648 33 21
4218600.000000 4028537.500000 4670.148926 34 21
4218800.000000 4028537.500000 4940.731445 35 21
4219000.000000 4028537.500000 5189.627930 36 21
4219200.000000 4028537.500000 5417.131836 37 21
4219400.000000 4028537.500000 5629.477539 38 21
4219600.000000 4028537.500000 5834.142090 39 21
4219800.000000 4028537.500000 6036.967773 40 21
4220000.000000 4028537.500000 6241.806152 41 21
4220200.000000 4028537.500000 6448.434082 42 21
4212000.000000 4028909.375000 -3008.532715 1 22
4212200.000000 4028909.375000 -2775.015625 2 22
4212400.000000 4028909.375000 -2542.008057 3 22
4212600.000000 4028909.375000 -2309.066406 4 22
4212800.000000 4028909.375000 -2076.234131 5 22
4213000.000000 4028909.375000 -1842.574585 6 22
4213200.000000 4028909.375000 -1609.200684 7 22
4213400.000000 4028909.375000 -1375.725708 8 22
4213600.000000 4028909.375000 -1143.322876 9 22
4213800.000000 4028909.375000 -912.652710 10 22
4214000.000000 4028909.375000 -683.907776 11 22
4214200.000000 4028909.375000 -455.725494 12 22
4214400.000000 4028909.375000 -227.708984 13 22
4214600.000000 4028909.375000 -0.470338 14 22
4214800.000000 4028909.375000 225.238098 15 22
4215000.000000 4028909.375000 449.146484 16 22
4215200.000000 4028909.375000 674.362976 17 22
4215400.000000 4028909.375000 903.028870 18 22
4215600.000000 4028909.375000 1130.560181 19 22
4215800.000000 4028909.375000 1350.172119 20 22
4216000.000000 4028909.375000 1555.446167 21 22
4216200.000000 4028909.375000 1733.218140 22 22
4216400.000000 4028909.375000 1917.815186 23 22
4216600.000000 4028909.375000 2168.095459 24 22
4216800.000000 4028909.375000 2512.681885 25 22
4217000.000000 4028909.375000 2832.086670 26 22
4217200.000000 4028909.375000 3063.956299 27 22
4217400.000000 4028909.375000 3297.908447 28 22
4217600.000000 4028909.375000 3544.357910 29 22
4217800.000000 4028909.375000 3806.184814 30 22
4218000.000000 4028909.375000 4011.871582 31 22
4218200.000000 4028909.375000 4219.756348 32 22
4218400.000000 4028909.375000 4463.062988 33 22
4218600.000000 4028909.375000 4721.033203 34 22
4218800.000000 4028909.375000 4976.943359 35 22
4219000.000000 4028909.375000 5222.948242 36 22
4219200.000000 4028909.375000 5456.920410 37 22
4219400.000000 4028909.375000 5679.601074 38 22
4219600.000000 4028909.375000 5895.412109 39 22
4219800.000000 4028909.375000 6107.895508 40 22
4220000.000000 4028909.375000 6319.976074 41 22
4220200.000000 4028909.375000 6532.150879 42 22
4212000.000000 4029281.250000 -2934.047852 1 23
4212200.000000 4029281.250000 -2700.524658 2 23
4212400.000000 4029281.250000 -2467.028076 3 23
4212600.000000 4029281.250000 -2233.589355 4 23
4212800.000000 4029281.250000 -2000.751465 5 23
4213000.000000 4029281.250000 -1767.602783 6 23
4213200.000000 4029281.250000 -1534.722656 7 23
4213400.000000 4029281.250000 -1301.756104 8 23
4213600.000000 4029281.250000 -1070.349121 9 23
4213800.000000 4029281.250000 -839.671875 10 23
4214000.000000 4029281.250000 -609.920776 11 23
4214200.000000 4029281.250000 -379.733154 12 23
4214400.000000 4029281.250000 -149.235809 13 23
4214600.000000 4029281.250000 79.476654 14 23
4214800.000000 4029281.250000 306.197266 15 23
4215000.000000 4029281.250000 527.193909 16 23
4215200.000000 4029281.250000 743.612366 17 23
4215400.000000 4029281.250000 958.100647 18 23
4215600.000000 4029281.250000 1169.278564 19 23
4215800.000000 4029281.250000 1374.025757 20 23
4216000.000000 4029281.250000 1571.296265 21 23
4216200.000000 4029281.250000 1757.792725 22 23
4216400.000000 4029281.250000 1950.472900 23 23
4216600.000000 4029281.250000 2207.101563 24 23
4216800.000000 4029281.250000 2551.935303 25 23
4217000.000000 4029281.250000 2877.839355 26 23
4217200.000000 4029281.250000 3103.700928 27 23
4217400.000000 4029281.250000 3339.824463 28 23
4217600.000000 4029281.250000 3581.860840 29 23
4217800.000000 4029281.250000 3836.766113 30 23
4218000.000000 4029281.250000 4087.074219 31 23
4218200.000000 4029281.250000 4317.194824 32 23
4218400.000000 4029281.250000 4547.635742 33 23
4218600.000000 4029281.250000 4785.062012 34 23
4218800.000000 4029281.250000 5025.382324 35 23
4219000.000000 4029281.250000 5266.263672 36 23
4219200.000000 4029281.250000 5503.821777 37 23
4219400.000000 4029281.250000 5734.683105 38 23
4219600.000000 4029281.250000 5959.410156 39 23
4219800.000000 4029281.250000 6180.194336 40 23
4220000.000000 4029281.250000 6399.105957 41 23
4220200.000000 4029281.250000 6617.436523 42 23
4212000.000000 4029653.125000 -2859.571045 1 24
4212200.000000 4029653.125000 -2625.559082 2 24
4212400.000000 4029653.125000 -2391.057373 3 24
4212600.000000 4029653.125000 -2157.620361 4 24
4212800.000000 4029653.125000 -1924.292358 5 24
4213000.000000 4029653.125000 -1692.132446 6 24
4213200.000000 4029653.125000 -1460.252319 7 24
4213400.000000 4029653.125000 -1228.766846 8 24
4213600.000000 4029653.125000 -997.827332 9 24
4213800.000000 4029653.125000 -767.101440 10 24
4214000.000000 4029653.125000 -536.292786 11 24
4214200.000000 4029653.125000 -303.558960 12 24
4214400.000000 4029653.125000 -70.544098 13 24
4214600.000000 4029653.125000 160.129944 14 24
4214800.000000 4029653.125000 386.809265 15 24
4215000.000000 4029653.125000 604.864136 16 24
4215200.000000 4029653.125000 810.998840 17 24
4215400.000000 4029653.125000 1009.282104 18 24
4215600.000000 4029653.125000 1201.777954 19 24
4215800.000000 4029653.125000 1391.153442 20 24
4216000.000000 4029653.125000 1582.902466 21 24
4216200.000000 4029653.125000 1788.045532 22 24
4216400.000000 4029653.125000 2036.904297 23 24
4216600.000000 4029653.125000 2364.596436 24 24
4216800.000000 4029653.125000 2718.489990 25 24
4217000.000000 4029653.125000 2993.760498 26 24
4217200.000000 4029653.125000 3157.226563 27 24
4217400.000000 4029653.125000 3398.141113 28 24
4217600.000000 4029653.125000 3665.479980 29 24
4217800.000000 4029653.125000 3934.396973 30 24
4218000.000000 4029653.125000 4203.723145 31 24
4218200.000000 4029653.125000 4428.066895 32 24
4218400.000000 4029653.125000 4641.642090 33 24
4218600.000000 4029653.125000 4860.493164 34 24
4218800.000000 4029653.125000 5086.788086 35 24
4219000.000000 4029653.125000 5322.138184 36 24
4219200.000000 4029653.125000 5560.628906 37 24
4219400.000000 4029653.125000 5795.923828 38 24
4219600.000000 4029653.125000 6026.710938 39 24
4219800.000000 4029653.125000 6252.859375 40 24
4220000.000000 4029653.125000 6477.673340 41 24
4220200.000000 4029653.125000 6701.814941 42 24
4212000.000000 4030025.000000 -2785.119141 1 25
4212200.000000 4030025.000000 -2550.609619 2 25
4212400.000000 4030025.000000 -2315.610352 3 25
4212600.000000 4030025.000000 -2081.666504 4 25
4212800.000000 4030025.000000 -1848.337036 5 25
4213000.000000 4030025.000000 -1616.678467 6 25
4213200.000000 4030025.000000 -1385.780762 7 25
4213400.000000 4030025.000000 -1155.759644 8 25
4213600.000000 4030025.000000 -925.759583 9 25
4213800.000000 4030025.000000 -694.944214 10 25
4214000.000000 4030025.000000 -462.524994 11 25
4214200.000000 4030025.000000 -227.676788 12 25
4214400.000000 4030025.000000 7.894996 13 25
4214600.000000 4030025.000000 241.051880 14 25
4214800.000000 4030025.000000 467.646667 15 25
4215000.000000 4030025.000000 682.178406 16 25
4215200.000000 4030025.000000 879.942566 17 25
4215400.000000 4030025.000000 1063.773926 18 25
4215600.000000 4030025.000000 1240.658813 19 25
4215800.000000 4030025.000000 1417.274658 20 25
4216000.000000 4030025.000000 1603.262817 21 25
4216200.000000 4030025.000000 1819.664307 22 25
4216400.000000 4030025.000000 2101.329590 23 25
4216600.000000 4030025.000000 2473.988770 24 25
4216800.000000 4030025.000000 2765.008789 25 25
4217000.000000 4030025.000000 2976.161621 26 25
4217200.000000 4030025.000000 3126.708984 27 25
4217400.000000 4030025.000000 3404.278809 28 25
4217600.000000 4030025.000000 3743.281982 29 25
4217800.000000 4030025.000000 4039.676758 30 25
4218000.000000 4030025.000000 4309.770996 31 25
4218200.000000 4030025.000000 4530.308594 32 25
4218400.000000 4030025.000000 4734.742188 33 25
4218600.000000 4030025.000000 4943.012207 34 25
4218800.000000 4030025.000000 5160.595703 35 25
4219000.000000 4030025.000000 5391.140137 36 25
4219200.000000 4030025.000000 5627.241211 37 25
4219400.000000 4030025.000000 5863.357422 38 25
4219600.000000 4030025.000000 6096.953613 39 25
4219800.000000 4030025.000000 6327.147461 40 25
4220000.000000 4030025.000000 6556.072754 41 25
4220200.000000 4030025.000000 6784.789551 42 25
4212000.000000 4030396.875000 -2711.183105 1 26
4212200.000000 4030396.875000 -2475.667725 2 26
4212400.000000 4030396.875000 -2240.170166 3 26
4212600.000000 4030396.875000 -2005.235718 4 26
4212800.000000 4030396.875000 -1771.894531 5 26
4213000.000000 4030396.875000 -1540.724609 6 26
4213200.000000 4030396.875000 -1311.300171 7 26
4213400.000000 4030396.875000 -1082.237305 8 26
4213600.000000 4030396.875000 -853.151367 9 26
4213800.000000 4030396.875000 -622.205994 10 26
4214000.000000 4030396.875000 -388.605896 11 26
4214200.000000 4030396.875000 -151.574158 12 26
4214400.000000 4030396.875000 86.171875 13 26
4214600.000000 4030396.875000 321.422333 14 26
4214800.000000 4030396.875000 549.046143 15 26
4215000.000000 4030396.875000 762.637695 16 26
4215200.000000 4030396.875000 954.578735 17 26
4215400.000000 4030396.875000 1128.004761 18 26
4215600.000000 4030396.875000 1294.965210 19 26
4215800.000000 4030396.875000 1463.098755 20 26
4216000.000000 4030396.875000 1641.131958 21 26
4216200.000000 4030396.875000 1843.458618 22 26
4216400.000000 4030396.875000 2119.884521 23 26
4216600.000000 4030396.875000 2548.576660 24 26
4216800.000000 4030396.875000 2832.149170 25 26
4217000.000000 4030396.875000 3060.354248 26 26
4217200.000000 4030396.875000 3268.144531 27 26
4217400.000000 4030396.875000 3506.675049 28 26
4217600.000000 4030396.875000 3839.466553 29 26
4217800.000000 4030396.875000 4144.000000 30 26
4218000.000000 4030396.875000 4400.831543 31 26
4218200.000000 4030396.875000 4616.874023 32 26
4218400.000000 4030396.875000 4820.962891 33 26
4218600.000000 4030396.875000 5027.028320 34 26
4218800.000000 4030396.875000 5242.434570 35 26
4219000.000000 4030396.875000 5469.702148 36 26
4219200.000000 4030396.875000 5701.845703 37 26
4219400.000000 4030396.875000 5935.887207 38 26
4219600.000000 4030396.875000 6169.729004 39 26
4219800.000000 4030396.875000 6401.846680 40 26
4220000.000000 4030396.875000 6633.738281 41 26
4220200.000000 4030396.875000 6865.401855 42 26
4212000.000000 4030768.750000 -2636.763916 1 27
4212200.000000 4030768.750000 -2400.749268 2 27
4212400.000000 4030768.750000 -2164.752686 3 27
4212600.000000 4030768.750000 -1929.808594 4 27
4212800.000000 4030768.750000 -1695.970825 5 27
4213000.000000 4030768.750000 -1465.285400 6 27
4213200.000000 4030768.750000 -1236.328369 7 27
4213400.000000 4030768.750000 -1008.194946 8 27
4213600.000000 4030768.750000 -779.510681 9 27
4213800.000000 4030768.750000 -548.397949 10 27
4214000.000000 4030768.750000 -314.059845 11 27
4214200.000000 4030768.750000 -75.726357 12 27
4214400.000000 4030768.750000 164.363297 13 27
4214600.000000 4030768.750000 400.439941 14 27
4214800.000000 4030768.750000 628.901794 15 27
4215000.000000 4030768.750000 841.905396 16 27
4215200.000000 4030768.750000 1031.503296 17 27
4215400.000000 4030768.750000 1202.497070 18 27
4215600.000000 4030768.750000 1369.421875 19 27
4215800.000000 4030768.750000 1543.397095 20 27
4216000.000000 4030768.750000 1735.799805 21 27
4216200.000000 4030768.750000 1967.498779 22 27
4216400.000000 4030768.750000 2303.385254 23 27
4216600.000000 4030768.750000 2800.818604 24 27
4216800.000000 4030768.750000 3046.912354 25 27
4217000.000000 4030768.750000 3208.480225 26 27
4217200.000000 4030768.750000 3419.902588 27 27
4217400.000000 4030768.750000 3650.939697 28 27
4217600.000000 4030768.750000 3952.244873 29 27
4217800.000000 4030768.750000 4234.562988 30 27
4218000.000000 4030768.750000 4475.298828 31 27
4218200.000000 4030768.750000 4691.156250 32 27
4218400.000000 4030768.750000 4897.897461 33 27
4218600.000000 4030768.750000 5106.326660 34 27
4218800.000000 4030768.750000 5321.376953 35 27
4219000.000000 4030768.750000 5546.228516 36 27
4219200.000000 4030768.750000 5776.893066 37 27
4219400.000000 4030768.750000 6009.613770 38 27
4219600.000000 4030768.750000 6243.288086 39 27
4219800.000000 4030768.750000 6476.819824 40 27
4220000.000000 4030768.750000 6710.650879 41 27
4220200.000000 4030768.750000 6944.221191 42 27
4212000.000000 4031140.625000 -2562.851074 1 28
4212200.000000 4031140.625000 -2326.335938 2 28
4212400.000000 4031140.625000 -2089.847412 3 28
4212600.000000 4031140.625000 -1854.401367 4 28
4212800.000000 4031140.625000 -1620.547485 5 28
4213000.000000 4031140.625000 -1389.843872 6 28
4213200.000000 4031140.625000 -1161.357300 7 28
4213400.000000 4031140.625000 -933.653625 8 28
4213600.000000 4031140.625000 -705.339661 9 28
4213800.000000 4031140.625000 -474.040100 10 28
4214000.000000 4031140.625000 -238.909241 11 28
4214200.000000 4031140.625000 0.339399 12 28
4214400.000000 4031140.625000 241.442032 13 28
4214600.000000 4031140.625000 478.151917 14 28
4214800.000000 4031140.625000 706.846069 15 28
4215000.000000 4031140.625000 920.251831 16 28
4215200.000000 4031140.625000 1110.645752 17 28
4215400.000000 4031140.625000 1286.236450 18 28
4215600.000000 4031140.625000 1461.319214 19 28
4215800.000000 4031140.625000 1650.252441 20 28
4216000.000000 4031140.625000 1868.819580 21 28
4216200.000000 4031140.625000 2141.132324 22 28
4216400.000000 4031140.625000 2501.212158 23 28
4216600.000000 4031140.625000 2925.196045 24 28
4216800.000000 4031140.625000 3120.025146 25 28
4217000.000000 4031140.625000 3297.029053 26 28
4217200.000000 4031140.625000 3534.660645 27 28
4217400.000000 4031140.625000 3773.244873 28 28
4217600.000000 4031140.625000 4036.104248 29 28
4217800.000000 4031140.625000 4294.668945 30 28
4218000.000000 4031140.625000 4531.742676 31 28
4218200.000000 4031140.625000 4753.024902 32 28
4218400.000000 4031140.625000 4966.838379 33 28
4218600.000000 4031140.625000 5180.215820 34 28
4218800.000000 4031140.625000 5396.078125 35 28
4219000.000000 4031140.625000 5620.596191 36 28
4219200.000000 4031140.625000 5851.222168 37 28
4219400.000000 4031140.625000 6083.897949 38 28
4219600.000000 4031140.625000 6317.532715 39 28
4219800.000000 4031140.625000 6552.041992 40 28
4220000.000000 4031140.625000 6786.814453 41 28
4220200.000000 4031140.625000 7021.805176 42 28
4212000.000000 4031512.500000 -2488.959961 1 29
4212200.000000 4031512.500000 -2251.942383 2 29
4212400.000000 4031512.500000 -2015.443359 3 29
4212600.000000 4031512.500000 -1779.501953 4 29
4212800.000000 4031512.500000 -1545.637939 5 29
4213000.000000 4031512.500000 -1314.913330 6 29
4213200.000000 4031512.500000 -1086.377686 7 29
4213400.000000 4031512.500000 -858.608459 8 29
4213600.000000 4031512.500000 -630.167786 9 29
4213800.000000 4031512.500000 -398.660858 10 29
4214000.000000 4031512.500000 -163.207092 11 29
4214200.000000 4031512.500000 76.516586 12 29
4214400.000000 4031512.500000 317.277771 13 29
4214600.000000 4031512.500000 554.845154 14 29
4214800.000000 4031512.500000 784.607971 15 29
4215000.000000 4031512.500000 999.325256 16 29
4215200.000000 4031512.500000 1194.392700 17 29
4215400.000000 4031512.500000 1377.300903 18 29
4215600.000000 4031512.500000 1562.857910 19 29
4215800.000000 4031512.500000 1765.533447 20 29
4216000.000000 4031512.500000 1999.402100 21 29
4216200.000000 4031512.500000 2282.530762 22 29
4216400.000000 4031512.500000 2636.767578 23 29
4216600.000000 4031512.500000 3028.961914 24 29
4216800.000000 4031512.500000 3294.096680 25 29
4217000.000000 4031512.500000 3475.946289 26 29
4217200.000000 4031512.500000 3666.141602 27 29
4217400.000000 4031512.500000 3870.319092 28 29
4217600.000000 4031512.500000 4100.341309 29 29
4217800.000000 4031512.500000 4343.865723 30 29
4218000.000000 4031512.500000 4582.091309 31 29
4218200.000000 4031512.500000 4810.270508 32 29
4218400.000000 4031512.500000 5031.350098 33 29
4218600.000000 4031512.500000 5250.114258 34 29
4218800.000000 4031512.500000 5468.999512 35 29
4219000.000000 4031512.500000 5694.018555 36 29
4219200.000000 4031512.500000 5924.905273 37 29
4219400.000000 4031512.500000 6157.737305 38 29
4219600.000000 4031512.500000 6391.463379 39 29
4219800.000000 4031512.500000 6626.509277 40 29
4220000.000000 4031512.500000 6861.777344 41 29
4220200.000000 4031512.500000 7097.700684 42 29
4212000.000000 4031884.375000 -2414.579834 1 30
4212200.000000 4031884.375000 -2177.556641 2 30
4212400.000000 4031884.375000 -1941.052856 3 30
4212600.000000 4031884.375000 -1705.096313 4 30
4212800.000000 4031884.375000 -1470.728394 5 30
4213000.000000 4031884.375000 -1239.979492 6 30
4213200.000000 4031884.375000 -1011.400635 7 30
4213400.000000 4031884.375000 -783.049072 8 30
4213600.000000 4031884.375000 -553.984253 9 30
4213800.000000 4031884.375000 -322.273926 10 30
4214000.000000 4031884.375000 -86.997673 11 30
4214200.000000 4031884.375000 152.216141 12 30
4214400.000000 4031884.375000 393.183197 13 30
4214600.000000 4031884.375000 630.703186 14 30
4214800.000000 4031884.375000 860.694519 15 30
4215000.000000 4031884.375000 1077.386108 16 30
4215200.000000 4031884.375000 1278.136719 17 30
4215400.000000 4031884.375000 1470.882324 18 30
4215600.000000 4031884.375000 1666.809692 19 30
4215800.000000 4031884.375000 1878.752319 20 30
4216000.000000 4031884.375000 2115.506592 21 30
4216200.000000 4031884.375000 2383.813232 22 30
4216400.000000 4031884.375000 2689.018799 23 30
4216600.000000 4031884.375000 3020.642090 24 30
4216800.000000 4031884.375000 3338.916504 25 30
4217000.000000 4031884.375000 3562.177246 26 30
4217200.000000 4031884.375000 3751.130371 27 30
4217400.000000 4031884.375000 3936.968750 28 30
4217600.000000 4031884.375000 4150.962891 29 30
4217800.000000 4031884.375000 4391.276855 30 30
4218000.000000 4031884.375000 4633.704590 31 30
4218200.000000 4031884.375000 4868.183105 32 30
4218400.000000 4031884.375000 5094.732910 33 30
4218600.000000 4031884.375000 5317.892578 34 30
4218800.000000 4031884.375000 5540.702637 35 30
4219000.000000 4031884.375000 5767.829102 36 30
4219200.000000 4031884.375000 5998.626465 37 30
4219400.000000 4031884.375000 6231.730469 38 30
4219600.000000 4031884.375000 6465.641113 39 30
4219800.000000 4031884.375000 6700.770996 40 30
4220000.000000 4031884.375000 6936.568848 41 30
4220200.000000 4031884.375000 7172.979004 42 30
4212000.000000 4032256.250000 -2339.198242 1 31
4212200.000000 4032256.250000 -2102.165527 2 31
4212400.000000 4032256.250000 -1866.160400 3 31
4212600.000000 4032256.250000 -1630.192261 4 31
4212800.000000 4032256.250000 -1396.297485 5 31
4213000.000000 4032256.250000 -1165.020508 6 31
4213200.000000 4032256.250000 -936.403320 7 31
4213400.000000 4032256.250000 -707.977112 8 31
4213600.000000 4032256.250000 -478.293579 9 31
4213800.000000 4032256.250000 -246.393097 10 31
4214000.000000 4032256.250000 -10.817414 11 31
4214200.000000 4032256.250000 227.856384 12 31
4214400.000000 4032256.250000 467.997528 13 31
4214600.000000 4032256.250000 704.949219 14 31
4214800.000000 4032256.250000 935.639587 15 31
4215000.000000 4032256.250000 1155.750610 16 31
4215200.000000 4032256.250000 1362.470703 17 31
4215400.000000 4032256.250000 1564.014648 18 31
4215600.000000 4032256.250000 1769.164063 19 31
4215800.000000 4032256.250000 1987.475952 20 31
4216000.000000 4032256.250000 2224.463379 21 31
4216200.000000 4032256.250000 2483.188477 22 31
4216400.000000 4032256.250000 2760.795898 23 31
4216600.000000 4032256.250000 3049.088867 24 31
4216800.000000 4032256.250000 3347.985107 25 31
4217000.000000 4032256.250000 3602.673340 26 31
4217200.000000 4032256.250000 3814.804199 27 31
4217400.000000 4032256.250000 4006.004639 28 31
4217600.000000 4032256.250000 4216.325195 29 31
4217800.000000 4032256.250000 4453.338867 30 31
4218000.000000 4032256.250000 4695.342773 31 31
4218200.000000 4032256.250000 4931.229492 32 31
4218400.000000 4032256.250000 5160.395996 33 31
4218600.000000 4032256.250000 5386.233398 34 31
4218800.000000 4032256.250000 5611.658203 35 31
4219000.000000 4032256.250000 5840.318848 36 31
4219200.000000 4032256.250000 6072.054199 37 31
4219400.000000 4032256.250000 6305.497559 38 31
4219600.000000 4032256.250000 6540.123047 39 31
4219800.000000 4032256.250000 6775.395996 40 31
4220000.000000 4032256.250000 7011.260742 41 31
4220200.000000 4032256.250000 7247.678711 42 31
4212000.000000 4032628.125000 -2263.324951 1 32
4212200.000000 4032628.125000 -2026.775879 2 32
4212400.000000 4032628.125000 -1790.746216 3 32
4212600.000000 4032628.125000 -1555.257324 4 32
4212800.000000 4032628.125000 -1321.843384 5 32
4213000.000000 4032628.125000 -1090.528931 6 32
4213200.000000 4032628.125000 -860.851746 7 32
4213400.000000 4032628.125000 -632.348145 8 32
4213600.000000 4032628.125000 -402.548309 9 32
4213800.000000 4032628.125000 -169.969803 10 32
4214000.000000 4032628.125000 65.381760 11 32
4214200.000000 4032628.125000 303.463684 12 32
4214400.000000 4032628.125000 543.206482 13 32
4214600.000000 4032628.125000 779.979980 14 32
4214800.000000 4032628.125000 1011.206543 15 32
4215000.000000 4032628.125000 1234.029541 16 32
4215200.000000 4032628.125000 1446.957764 17 32
4215400.000000 4032628.125000 1656.442383 18 32
4215600.000000 4032628.125000 1868.956665 19 32
4215800.000000 4032628.125000 2092.355957 20 32
4216000.000000 4032628.125000 2330.453613 21 32
4216200.000000 4032628.125000 2585.690186 22 32
4216400.000000 4032628.125000 2857.310303 23 32
4216600.000000 4032628.125000 3139.239502 24 32
4216800.000000 4032628.125000 3417.186768 25 32
4217000.000000 4032628.125000 3671.016846 26 32
4217200.000000 4032628.125000 3892.493408 27 32
4217400.000000 4032628.125000 4095.544434 28 32
4217600.000000 4032628.125000 4307.407227 29 32
4217800.000000 4032628.125000 4535.476563 30 32
4218000.000000 4032628.125000 4769.165527 31 32
4218200.000000 4032628.125000 5001.012695 32 32
4218400.000000 4032628.125000 5229.099609 33 32
4218600.000000 4032628.125000 5455.928711 34 32
4218800.000000 4032628.125000 5683.145020 35 32
4219000.000000 4032628.125000 5913.194824 36 32
4219200.000000 4032628.125000 6145.340332 37 32
4219400.000000 4032628.125000 6379.613770 38 32
4219600.000000 4032628.125000 6614.499023 39 32
4219800.000000 4032628.125000 6849.929199 40 32
4220000.000000 4032628.125000 7085.890137 41 32
4220200.000000 4032628.125000 7322.363281 42 32
4212000.000000 4033000.000000 -2186.937988 1 33
4212200.000000 4033000.000000 -1950.863159 2 33
4212400.000000 4033000.000000 -1715.312866 3 33
4212600.000000 4033000.000000 -1480.289185 4 33
4212800.000000 4033000.000000 -1246.832886 5 33
4213000.000000 4033000.000000 -1015.466614 6 33
4213200.000000 4033000.000000 -785.725281 7 33
4213400.000000 4033000.000000 -556.638672 8 33
4213600.000000 4033000.000000 -326.221802 9 33
4213800.000000 4033000.000000 -93.467339 10 33
4214000.000000 4033000.000000 142.151672 11 33
4214200.000000 4033000.000000 380.136505 12 33
4214400.000000 4033000.000000 619.418640 13 33
4214600.000000 4033000.000000 856.397766 14 33
4214800.000000 4033000.000000 1088.473755 15 33
4215000.000000 4033000.000000 1313.697998 16 33
4215200.000000 4033000.000000 1531.992676 17 33
4215400.000000 4033000.000000 1747.590698 18 33
4215600.000000 4033000.000000 1965.833008 19 33
4215800.000000 4033000.000000 2192.637695 20 33
4216000.000000 4033000.000000 2431.749756 21 33
4216200.000000 4033000.000000 2685.446289 22 33
4216400.000000 4033000.000000 2953.148438 23 33
4216600.000000 4033000.000000 3229.639893 24 33
4216800.000000 4033000.000000 3500.414307 25 33
4217000.000000 4033000.000000 3751.556641 26 33
4217200.000000 4033000.000000 3978.923340 27 33
4217400.000000 4033000.000000 4191.908203 28 33
4217600.000000 4033000.000000 4405.294434 29 33
4217800.000000 4033000.000000 4625.495605 30 33
4218000.000000 4033000.000000 4849.683594 31 33
4218200.000000 4033000.000000 5074.980469 32 33
4218400.000000 4033000.000000 5299.995117 33 33
4218600.000000 4033000.000000 5525.946289 34 33
4218800.000000 4033000.000000 5754.208984 35 33
4219000.000000 4033000.000000 5985.039551 36 33
4219200.000000 4033000.000000 6218.531250 37 33
4219400.000000 4033000.000000 6453.655273 38 33
4219600.000000 4033000.000000 6688.809082 39 33
4219800.000000 4033000.000000 6924.439941 40 33
4220000.000000 4033000.000000 7160.011230 41 33
4220200.000000 4033000.000000 7396.050781 42 33
