# Type: scattered data
# Version: 6
# Description: No description
# Format: free
# Field: 1 x
# Field: 2 y
# Field: 3 z undefined
# Field: 4 column
# Field: 5 row
# Projection: Local Rectangular
# Units: undefined
# End:
# Information from grid:
# Grid_size: 13 x 16
# Grid_space: 4241486.000000,4242686.000000,4017832.000000,4019332.000000
# Scattered data: Not_available
# Z_field: z
# Vertical_faults: Not_available
# History: No history
# Z_units: undefined
4241586.000000 4017832.000000 4100.000000 2 1
4241686.000000 4017832.000000 4047.681885 3 1
4241786.000000 4017832.000000 3967.101074 4 1
4241886.000000 4017832.000000 3833.523926 5 1
4241986.000000 4017832.000000 3684.139893 6 1
4242086.000000 4017832.000000 3545.812012 7 1
4242186.000000 4017832.000000 3410.600098 8 1
4242286.000000 4017832.000000 3265.181885 9 1
4242386.000000 4017832.000000 3117.599121 10 1
4242486.000000 4017832.000000 2965.127930 11 1
4242586.000000 4017832.000000 2817.830078 12 1
4242686.000000 4017832.000000 2700.000000 13 1
4241586.000000 4017932.000000 4100.000000 2 2
4241686.000000 4017932.000000 4068.068115 3 2
4241786.000000 4017932.000000 3994.757080 4 2
4241886.000000 4017932.000000 3823.683105 5 2
4241986.000000 4017932.000000 3653.023926 6 2
4242086.000000 4017932.000000 3500.266113 7 2
4242186.000000 4017932.000000 3348.656982 8 2
4242286.000000 4017932.000000 3198.915039 9 2
4242386.000000 4017932.000000 3063.468018 10 2
4242486.000000 4017932.000000 2911.479980 11 2
4242586.000000 4017932.000000 2778.021973 12 2
4242686.000000 4017932.000000 2700.000000 13 2
4241586.000000 4018032.000000 4100.000000 2 3
4241686.000000 4018032.000000 4068.648926 3 3
4241786.000000 4018032.000000 3967.492920 4 3
4241886.000000 4018032.000000 3785.216064 5 3
4241986.000000 4018032.000000 3604.635010 6 3
4242086.000000 4018032.000000 3434.726074 7 3
4242186.000000 4018032.000000 3275.278076 8 3
4242286.000000 4018032.000000 3128.062988 9 3
4242386.000000 4018032.000000 2991.467041 10 3
4242486.000000 4018032.000000 2840.714111 11 3
4242586.000000 4018032.000000 2748.580078 12 3
4242686.000000 4018032.000000 2700.000000 13 3
4241486.000000 4018132.000000 4100.000000 1 4
4241586.000000 4018132.000000 4100.000000 2 4
4241686.000000 4018132.000000 4068.960938 3 4
4241786.000000 4018132.000000 3933.752930 4 4
4241886.000000 4018132.000000 3738.487061 5 4
4241986.000000 4018132.000000 3548.091064 6 4
4242086.000000 4018132.000000 3366.520996 7 4
4242186.000000 4018132.000000 3203.293945 8 4
4242286.000000 4018132.000000 3052.511963 9 4
4242386.000000 4018132.000000 2895.208008 10 4
4242486.000000 4018132.000000 2765.850098 11 4
4242586.000000 4018132.000000 2717.866943 12 4
4242686.000000 4018132.000000 2700.000000 13 4
4241486.000000 4018232.000000 4100.000000 1 5
4241586.000000 4018232.000000 4092.272949 2 5
4241686.000000 4018232.000000 4045.104004 3 5
4241786.000000 4018232.000000 3894.235107 4 5
4241886.000000 4018232.000000 3691.896973 5 5
4241986.000000 4018232.000000 3481.308105 6 5
4242086.000000 4018232.000000 3295.107910 7 5
4242186.000000 4018232.000000 3122.097900 8 5
4242286.000000 4018232.000000 2953.123047 9 5
4242386.000000 4018232.000000 2804.933105 10 5
4242486.000000 4018232.000000 2725.479980 11 5
4242586.000000 4018232.000000 2703.008057 12 5
4242686.000000 4018232.000000 2700.000000 13 5
4241486.000000 4018332.000000 4100.000000 1 6
4241586.000000 4018332.000000 4067.856934 2 6
4241686.000000 4018332.000000 3993.239014 3 6
4241786.000000 4018332.000000 3839.520996 4 6
4241886.000000 4018332.000000 3615.779053 5 6
4241986.000000 4018332.000000 3417.280029 6 6
4242086.000000 4018332.000000 3235.530029 7 6
4242186.000000 4018332.000000 3054.143066 8 6
4242286.000000 4018332.000000 2862.550049 9 6
4242386.000000 4018332.000000 2740.778076 10 6
4242486.000000 4018332.000000 2702.021973 11 6
4242586.000000 4018332.000000 2700.000000 12 6
4241486.000000 4018432.000000 4100.000000 1 7
4241586.000000 4018432.000000 4027.975098 2 7
4241686.000000 4018432.000000 3913.666992 3 7
4241786.000000 4018432.000000 3758.033936 4 7
4241886.000000 4018432.000000 3521.836914 5 7
4241986.000000 4018432.000000 3353.040039 6 7
4242086.000000 4018432.000000 3184.885010 7 7
4242186.000000 4018432.000000 3002.934082 8 7
4242286.000000 4018432.000000 2816.552979 9 7
4242386.000000 4018432.000000 2723.315918 10 7
4242486.000000 4018432.000000 2700.000000 11 7
4242586.000000 4018432.000000 2700.000000 12 7
4241486.000000 4018532.000000 4086.500000 1 8
4241586.000000 4018532.000000 3960.374023 2 8
4241686.000000 4018532.000000 3812.762939 3 8
4241786.000000 4018532.000000 3662.604004 4 8
4241886.000000 4018532.000000 3463.433105 5 8
4241986.000000 4018532.000000 3281.535889 6 8
4242086.000000 4018532.000000 3116.972900 7 8
4242186.000000 4018532.000000 2954.669922 8 8
4242286.000000 4018532.000000 2784.139893 9 8
4242386.000000 4018532.000000 2714.083984 10 8
4242486.000000 4018532.000000 2700.000000 11 8
4241486.000000 4018632.000000 4063.720947 1 9
4241586.000000 4018632.000000 3900.379883 2 9
4241686.000000 4018632.000000 3749.982910 3 9
4241786.000000 4018632.000000 3594.947998 4 9
4241886.000000 4018632.000000 3399.856934 5 9
4241986.000000 4018632.000000 3208.950928 6 9
4242086.000000 4018632.000000 3052.231934 7 9
4242186.000000 4018632.000000 2896.615967 8 9
4242286.000000 4018632.000000 2749.621094 9 9
4242386.000000 4018632.000000 2704.602051 10 9
4242486.000000 4018632.000000 2700.000000 11 9
4241486.000000 4018732.000000 4032.056885 1 10
4241586.000000 4018732.000000 3863.937988 2 10
4241686.000000 4018732.000000 3710.062012 3 10
4241786.000000 4018732.000000 3540.566895 4 10
4241886.000000 4018732.000000 3338.443115 5 10
4241986.000000 4018732.000000 3141.837891 6 10
4242086.000000 4018732.000000 2982.500000 7 10
4242186.000000 4018732.000000 2831.510010 8 10
4242286.000000 4018732.000000 2733.499023 9 10
4242386.000000 4018732.000000 2700.000000 10 10
4241486.000000 4018832.000000 4010.749023 1 11
4241586.000000 4018832.000000 3843.041992 2 11
4241686.000000 4018832.000000 3691.480957 3 11
4241786.000000 4018832.000000 3518.941895 4 11
4241886.000000 4018832.000000 3315.230957 5 11
4241986.000000 4018832.000000 3113.689941 6 11
4242086.000000 4018832.000000 2936.170898 7 11
4242186.000000 4018832.000000 2780.520996 8 11
4242286.000000 4018832.000000 2716.138916 9 11
4242386.000000 4018832.000000 2700.000000 10 11
4241486.000000 4018932.000000 3999.068115 1 12
4241586.000000 4018932.000000 3836.064941 2 12
4241686.000000 4018932.000000 3693.895996 3 12
4241786.000000 4018932.000000 3527.668945 4 12
4241886.000000 4018932.000000 3332.576904 5 12
4241986.000000 4018932.000000 3132.968018 6 12
4242086.000000 4018932.000000 2945.201904 7 12
4242186.000000 4018932.000000 2783.648926 8 12
4242286.000000 4018932.000000 2713.701904 9 12
4242386.000000 4018932.000000 2700.000000 10 12
4241486.000000 4019032.000000 3999.012939 1 13
4241586.000000 4019032.000000 3836.074951 2 13
4241686.000000 4019032.000000 3703.519043 3 13
4241786.000000 4019032.000000 3545.500000 4 13
4241886.000000 4019032.000000 3355.257080 5 13
4241986.000000 4019032.000000 3158.406006 6 13
4242086.000000 4019032.000000 2967.104004 7 13
4242186.000000 4019032.000000 2797.214111 8 13
4242286.000000 4019032.000000 2700.000000 9 13
4241486.000000 4019132.000000 4007.816895 1 14
4241586.000000 4019132.000000 3844.312012 2 14
4241686.000000 4019132.000000 3711.864990 3 14
4241786.000000 4019132.000000 3557.760986 4 14
4241886.000000 4019132.000000 3380.543945 5 14
4241986.000000 4019132.000000 3180.260010 6 14
4242086.000000 4019132.000000 2983.008057 7 14
4242186.000000 4019132.000000 2808.608887 8 14
4242286.000000 4019132.000000 2700.000000 9 14
4241486.000000 4019232.000000 3999.555908 1 15
4241586.000000 4019232.000000 3852.740967 2 15
4241686.000000 4019232.000000 3723.516113 3 15
4241786.000000 4019232.000000 3571.478027 4 15
4241886.000000 4019232.000000 3392.937012 5 15
4241986.000000 4019232.000000 3198.270996 6 15
4242086.000000 4019232.000000 3010.250000 7 15
4242186.000000 4019232.000000 2844.907959 8 15
4242286.000000 4019232.000000 2700.000000 9 15
4241486.000000 4019332.000000 3991.335938 1 16
4241586.000000 4019332.000000 3854.885010 2 16
4241686.000000 4019332.000000 3717.938965 3 16
4241786.000000 4019332.000000 3581.209961 4 16
4241886.000000 4019332.000000 3414.023926 5 16
4241986.000000 4019332.000000 3239.971924 6 16
4242086.000000 4019332.000000 3059.055908 7 16
4242186.000000 4019332.000000 2875.636963 8 16
