# Type: scattered data
# Version: 6
# Description: No description
# Format: free
# Field: 1 x
# Field: 2 y
# Field: 3 z undefined
# Field: 4 column
# Field: 5 row
# Projection: Local Rectangular
# Units: undefined
# End:
# Information from grid:
# Grid_size: 36 x 61
# Grid_space: 4232000.000000,4235500.000000,4014000.000000,4020000.000000
# Scattered data: Not_available
# Z_field: z
# Vertical_faults: Not_available
# History: No history
# Z_units: undefined
4233500.000000 4014900.000000 2563.933105 16 10
4233600.000000 4014900.000000 2639.100098 17 10
4233700.000000 4014900.000000 2714.539063 18 10
4234600.000000 4014900.000000 3423.898926 27 10
4234700.000000 4014900.000000 3503.541992 28 10
4234800.000000 4014900.000000 3584.101074 29 10
4234900.000000 4014900.000000 3658.669922 30 10
4235000.000000 4014900.000000 3726.191895 31 10
4235100.000000 4014900.000000 3789.471924 32 10
4232900.000000 4015000.000000 2113.235107 10 11
4233000.000000 4015000.000000 2185.978027 11 11
4233100.000000 4015000.000000 2247.686035 12 11
4233200.000000 4015000.000000 2322.561035 13 11
4233300.000000 4015000.000000 2396.913086 14 11
4233400.000000 4015000.000000 2471.500000 15 11
4233500.000000 4015000.000000 2546.362061 16 11
4233600.000000 4015000.000000 2621.487061 17 11
4233700.000000 4015000.000000 2697.115967 18 11
4233800.000000 4015000.000000 2773.230957 19 11
4233900.000000 4015000.000000 2849.520996 20 11
4234000.000000 4015000.000000 2926.010010 21 11
4234100.000000 4015000.000000 3003.218994 22 11
4234200.000000 4015000.000000 3083.133057 23 11
4234300.000000 4015000.000000 3163.379883 24 11
4234400.000000 4015000.000000 3243.770996 25 11
4234500.000000 4015000.000000 3324.060059 26 11
4234600.000000 4015000.000000 3404.240967 27 11
4234700.000000 4015000.000000 3484.220947 28 11
4234800.000000 4015000.000000 3563.775879 29 11
4234900.000000 4015000.000000 3639.618896 30 11
4235000.000000 4015000.000000 3710.306885 31 11
4235100.000000 4015000.000000 3777.996094 32 11
4235200.000000 4015000.000000 3846.675049 33 11
4232600.000000 4015100.000000 1948.723022 7 12
4232700.000000 4015100.000000 2004.381958 8 12
4232800.000000 4015100.000000 2057.470947 9 12
4232900.000000 4015100.000000 2110.143066 10 12
4233000.000000 4015100.000000 2171.439941 11 12
4233100.000000 4015100.000000 2236.262939 12 12
4233200.000000 4015100.000000 2306.520996 13 12
4233300.000000 4015100.000000 2379.275879 14 12
4233400.000000 4015100.000000 2453.513916 15 12
4233500.000000 4015100.000000 2528.612061 16 12
4233600.000000 4015100.000000 2604.071045 17 12
4233700.000000 4015100.000000 2679.422119 18 12
4233800.000000 4015100.000000 2754.875000 19 12
4233900.000000 4015100.000000 2830.540039 20 12
4234000.000000 4015100.000000 2906.741943 21 12
4234100.000000 4015100.000000 2984.268066 22 12
4234200.000000 4015100.000000 3063.381104 23 12
4234300.000000 4015100.000000 3143.362061 24 12
4234400.000000 4015100.000000 3223.781982 25 12
4234500.000000 4015100.000000 3304.226074 26 12
4234600.000000 4015100.000000 3384.439941 27 12
4234700.000000 4015100.000000 3464.420898 28 12
4234800.000000 4015100.000000 3543.811035 29 12
4234900.000000 4015100.000000 3621.222900 30 12
4235000.000000 4015100.000000 3694.072021 31 12
4235100.000000 4015100.000000 3764.208984 32 12
4235200.000000 4015100.000000 3833.843018 33 12
4235300.000000 4015100.000000 3903.823975 34 12
4232600.000000 4015200.000000 1936.548950 7 13
4232700.000000 4015200.000000 1991.328003 8 13
4232800.000000 4015200.000000 2045.067017 9 13
4232900.000000 4015200.000000 2099.180908 10 13
4233000.000000 4015200.000000 2157.158936 11 13
4233100.000000 4015200.000000 2220.525879 12 13
4233200.000000 4015200.000000 2289.283936 13 13
4233300.000000 4015200.000000 2361.314941 14 13
4233400.000000 4015200.000000 2435.434082 15 13
4233500.000000 4015200.000000 2510.746094 16 13
4233600.000000 4015200.000000 2586.440918 17 13
4233700.000000 4015200.000000 2661.634033 18 13
4233800.000000 4015200.000000 2736.600098 19 13
4233900.000000 4015200.000000 2811.693115 20 13
4234000.000000 4015200.000000 2887.422119 21 13
4234100.000000 4015200.000000 2964.697998 22 13
4234200.000000 4015200.000000 3043.439941 23 13
4234300.000000 4015200.000000 3123.259033 24 13
4234400.000000 4015200.000000 3203.729980 25 13
4234500.000000 4015200.000000 3284.353027 26 13
4234600.000000 4015200.000000 3364.521973 27 13
4234700.000000 4015200.000000 3444.386963 28 13
4234800.000000 4015200.000000 3523.819092 29 13
4234900.000000 4015200.000000 3603.144043 30 13
4235000.000000 4015200.000000 3677.236084 31 13
4235100.000000 4015200.000000 3749.000000 32 13
4235200.000000 4015200.000000 3819.810059 33 13
4235300.000000 4015200.000000 3890.386963 34 13
4235400.000000 4015200.000000 3960.706055 35 13
4235500.000000 4015200.000000 4026.666016 36 13
4232600.000000 4015300.000000 1923.880981 7 14
4232700.000000 4015300.000000 1978.402954 8 14
4232800.000000 4015300.000000 2032.453979 9 14
4232900.000000 4015300.000000 2086.594971 10 14
4233000.000000 4015300.000000 2143.363037 11 14
4233100.000000 4015300.000000 2204.834961 12 14
4233200.000000 4015300.000000 2272.185059 13 14
4233300.000000 4015300.000000 2343.544922 14 14
4233400.000000 4015300.000000 2417.507080 15 14
4233500.000000 4015300.000000 2492.931885 16 14
4233600.000000 4015300.000000 2568.753906 17 14
4233700.000000 4015300.000000 2643.922119 18 14
4233800.000000 4015300.000000 2718.522949 19 14
4233900.000000 4015300.000000 2793.143066 20 14
4234000.000000 4015300.000000 2868.444092 21 14
4234100.000000 4015300.000000 2945.096924 22 14
4234200.000000 4015300.000000 3023.458008 23 14
4234300.000000 4015300.000000 3103.113037 24 14
4234400.000000 4015300.000000 3183.613037 25 14
4234500.000000 4015300.000000 3264.436035 26 14
4234600.000000 4015300.000000 3344.936035 27 14
4234700.000000 4015300.000000 3424.760986 28 14
4234800.000000 4015300.000000 3504.337891 29 14
4234900.000000 4015300.000000 3583.126953 30 14
4235000.000000 4015300.000000 3659.020020 31 14
4235100.000000 4015300.000000 3732.539063 32 14
4235200.000000 4015300.000000 3804.523926 33 14
4235300.000000 4015300.000000 3875.540039 34 14
4235400.000000 4015300.000000 3945.704102 35 14
4235500.000000 4015300.000000 4014.778076 36 14
4232600.000000 4015400.000000 1910.905029 7 15
4232700.000000 4015400.000000 1965.306030 8 15
4232800.000000 4015400.000000 2019.522949 9 15
4232900.000000 4015400.000000 2073.575928 10 15
4233000.000000 4015400.000000 2129.579102 11 15
4233100.000000 4015400.000000 2189.613037 12 15
4233200.000000 4015400.000000 2255.665039 13 15
4233300.000000 4015400.000000 2326.313965 14 15
4233400.000000 4015400.000000 2399.982910 15 15
4233500.000000 4015400.000000 2475.396973 16 15
4233600.000000 4015400.000000 2551.375000 17 15
4233700.000000 4015400.000000 2626.425049 18 15
4233800.000000 4015400.000000 2700.664063 19 15
4233900.000000 4015400.000000 2774.771973 20 15
4234000.000000 4015400.000000 2849.498047 21 15
4234100.000000 4015400.000000 2925.614990 22 15
4234200.000000 4015400.000000 3003.592041 23 15
4234300.000000 4015400.000000 3083.041992 24 15
4234400.000000 4015400.000000 3163.427979 25 15
4234500.000000 4015400.000000 3244.218018 26 15
4234600.000000 4015400.000000 3325.013916 27 15
4234700.000000 4015400.000000 3405.072998 28 15
4234800.000000 4015400.000000 3485.312012 29 15
4234900.000000 4015400.000000 3564.189941 30 15
4235000.000000 4015400.000000 3641.020020 31 15
4235100.000000 4015400.000000 3715.922119 32 15
4235200.000000 4015400.000000 3789.027100 33 15
4235300.000000 4015400.000000 3860.731934 34 15
4235400.000000 4015400.000000 3931.435059 35 15
4235500.000000 4015400.000000 4001.894043 36 15
4232600.000000 4015500.000000 1897.803955 7 16
4232700.000000 4015500.000000 1952.145996 8 16
4232800.000000 4015500.000000 2006.609009 9 16
4232900.000000 4015500.000000 2060.688965 10 16
4233000.000000 4015500.000000 2116.243896 11 16
4233100.000000 4015500.000000 2175.142090 12 16
4233200.000000 4015500.000000 2239.998047 13 16
4233300.000000 4015500.000000 2309.865967 14 16
4233400.000000 4015500.000000 2382.982910 15 16
4233500.000000 4015500.000000 2458.048096 16 16
4233600.000000 4015500.000000 2533.844971 17 16
4233700.000000 4015500.000000 2609.105957 18 16
4233800.000000 4015500.000000 2683.051025 19 16
4233900.000000 4015500.000000 2756.686035 20 16
4234000.000000 4015500.000000 2830.812988 21 16
4234100.000000 4015500.000000 2906.342041 22 16
4234200.000000 4015500.000000 2984.073975 23 16
4234300.000000 4015500.000000 3063.400879 24 16
4234400.000000 4015500.000000 3143.650879 25 16
4234500.000000 4015500.000000 3224.327881 26 16
4234600.000000 4015500.000000 3304.903076 27 16
4234700.000000 4015500.000000 3385.395020 28 16
4234800.000000 4015500.000000 3465.814941 29 16
4234900.000000 4015500.000000 3545.284912 30 16
4235000.000000 4015500.000000 3623.551025 31 16
4235100.000000 4015500.000000 3699.900879 32 16
4235200.000000 4015500.000000 3774.205078 33 16
4235300.000000 4015500.000000 3846.923096 34 16
4235400.000000 4015500.000000 3918.636963 35 16
4235500.000000 4015500.000000 3990.303955 36 16
4232700.000000 4015600.000000 1938.651978 8 17
4232800.000000 4015600.000000 1993.514038 9 17
4232900.000000 4015600.000000 2048.150879 10 17
4233000.000000 4015600.000000 2103.930908 11 17
4233100.000000 4015600.000000 2162.638916 12 17
4233200.000000 4015600.000000 2225.961914 13 17
4233300.000000 4015600.000000 2294.510010 14 17
4233400.000000 4015600.000000 2366.676025 15 17
4233500.000000 4015600.000000 2441.107910 16 17
4233600.000000 4015600.000000 2516.572021 17 17
4233700.000000 4015600.000000 2591.861084 18 17
4233800.000000 4015600.000000 2665.710938 19 17
4233900.000000 4015600.000000 2739.104004 20 17
4234000.000000 4015600.000000 2812.709961 21 17
4234100.000000 4015600.000000 2887.389893 22 17
4234200.000000 4015600.000000 2965.354004 23 17
4234300.000000 4015600.000000 3044.691895 24 17
4234400.000000 4015600.000000 3124.783936 25 17
4234500.000000 4015600.000000 3205.083008 26 17
4234600.000000 4015600.000000 3285.539063 27 17
4234700.000000 4015600.000000 3366.137939 28 17
4234800.000000 4015600.000000 3446.443115 29 17
4234900.000000 4015600.000000 3526.302002 30 17
4235000.000000 4015600.000000 3607.262939 31 17
4235100.000000 4015600.000000 3684.958008 32 17
4235200.000000 4015600.000000 3760.495117 33 17
4235300.000000 4015600.000000 3834.447021 34 17
4235400.000000 4015600.000000 3907.371094 35 17
4235500.000000 4015600.000000 3980.128906 36 17
4232700.000000 4015700.000000 1925.093018 8 18
4232800.000000 4015700.000000 1980.298950 9 18
4232900.000000 4015700.000000 2035.891968 10 18
4233000.000000 4015700.000000 2091.940918 11 18
4233100.000000 4015700.000000 2150.267090 12 18
4233200.000000 4015700.000000 2212.498047 13 18
4233300.000000 4015700.000000 2279.816895 14 18
4233400.000000 4015700.000000 2350.930908 15 18
4233500.000000 4015700.000000 2424.581055 16 18
4233600.000000 4015700.000000 2499.556885 17 18
4233700.000000 4015700.000000 2574.675049 18 18
4233800.000000 4015700.000000 2648.819092 19 18
4233900.000000 4015700.000000 2722.465088 20 18
4234000.000000 4015700.000000 2796.316895 21 18
4234100.000000 4015700.000000 2871.364990 22 18
4234200.000000 4015700.000000 2948.584961 23 18
4234300.000000 4015700.000000 3027.483887 24 18
4234400.000000 4015700.000000 3107.520020 25 18
4234500.000000 4015700.000000 3188.212891 26 18
4234600.000000 4015700.000000 3269.002930 27 18
4234700.000000 4015700.000000 3349.114990 28 18
4234800.000000 4015700.000000 3428.372070 29 18
4234900.000000 4015700.000000 3507.391113 30 18
4235000.000000 4015700.000000 3591.430908 31 18
4235100.000000 4015700.000000 3670.729004 32 18
4235200.000000 4015700.000000 3747.891113 33 18
4235300.000000 4015700.000000 3823.371094 34 18
4235400.000000 4015700.000000 3897.571045 35 18
4235500.000000 4015700.000000 3971.270996 36 18
4232700.000000 4015800.000000 1911.837036 8 19
4232800.000000 4015800.000000 1967.935059 9 19
4232900.000000 4015800.000000 2024.135010 10 19
4233000.000000 4015800.000000 2080.148926 11 19
4233100.000000 4015800.000000 2137.992920 12 19
4233200.000000 4015800.000000 2199.291016 13 19
4233300.000000 4015800.000000 2265.504883 14 19
4233400.000000 4015800.000000 2335.597900 15 19
4233500.000000 4015800.000000 2408.452881 16 19
4233600.000000 4015800.000000 2482.957031 17 19
4233700.000000 4015800.000000 2558.040039 18 19
4233800.000000 4015800.000000 2632.681885 19 19
4233900.000000 4015800.000000 2706.474121 20 19
4234000.000000 4015800.000000 2780.537109 21 19
4234100.000000 4015800.000000 2855.712891 22 19
4234200.000000 4015800.000000 2932.541992 23 19
4234300.000000 4015800.000000 3011.084961 24 19
4234400.000000 4015800.000000 3091.045898 25 19
4234500.000000 4015800.000000 3171.983887 26 19
4234600.000000 4015800.000000 3253.113037 27 19
4234700.000000 4015800.000000 3333.469971 28 19
4234800.000000 4015800.000000 3412.660889 29 19
4234900.000000 4015800.000000 3491.746094 30 19
4235000.000000 4015800.000000 3576.110107 31 19
4235100.000000 4015800.000000 3657.156006 32 19
4235200.000000 4015800.000000 3736.652100 33 19
4235300.000000 4015800.000000 3813.987061 34 19
4235400.000000 4015800.000000 3889.352051 35 19
4235500.000000 4015800.000000 3963.680908 36 19
4232700.000000 4015900.000000 1898.625000 8 20
4232800.000000 4015900.000000 1955.357056 9 20
4232900.000000 4015900.000000 2012.046997 10 20
4233000.000000 4015900.000000 2068.210938 11 20
4233100.000000 4015900.000000 2125.729980 12 20
4233200.000000 4015900.000000 2186.270996 13 20
4233300.000000 4015900.000000 2251.437012 14 20
4233400.000000 4015900.000000 2320.562988 15 20
4233500.000000 4015900.000000 2392.628906 16 20
4233600.000000 4015900.000000 2466.604004 17 20
4233700.000000 4015900.000000 2541.492920 18 20
4233800.000000 4015900.000000 2616.354004 19 20
4233900.000000 4015900.000000 2690.439941 20 20
4234000.000000 4015900.000000 2764.720947 21 20
4234100.000000 4015900.000000 2839.919922 22 20
4234200.000000 4015900.000000 2916.520996 23 20
4234300.000000 4015900.000000 2994.857910 24 20
4234400.000000 4015900.000000 3074.716064 25 20
4234500.000000 4015900.000000 3155.700928 26 20
4234600.000000 4015900.000000 3236.972900 27 20
4234700.000000 4015900.000000 3318.156006 28 20
4234800.000000 4015900.000000 3398.071045 29 20
4234900.000000 4015900.000000 3478.017090 30 20
4235000.000000 4015900.000000 3562.085938 31 20
4235100.000000 4015900.000000 3645.247070 32 20
4235200.000000 4015900.000000 3727.893066 33 20
4235300.000000 4015900.000000 3807.164063 34 20
4235400.000000 4015900.000000 3883.239990 35 20
4235500.000000 4015900.000000 3957.450928 36 20
4232800.000000 4016000.000000 1943.223999 9 21
4232900.000000 4016000.000000 1999.987061 10 21
4233000.000000 4016000.000000 2056.235107 11 21
4233100.000000 4016000.000000 2113.511963 12 21
4233200.000000 4016000.000000 2173.413086 13 21
4233300.000000 4016000.000000 2237.552002 14 21
4233400.000000 4016000.000000 2305.784912 15 21
4233500.000000 4016000.000000 2377.075928 16 21
4233600.000000 4016000.000000 2450.478027 17 21
4233700.000000 4016000.000000 2525.070068 18 21
4233800.000000 4016000.000000 2599.966064 19 21
4233900.000000 4016000.000000 2674.270996 20 21
4234000.000000 4016000.000000 2748.756104 21 21
4234100.000000 4016000.000000 2824.023926 22 21
4234200.000000 4016000.000000 2900.508057 23 21
4234300.000000 4016000.000000 2978.621094 24 21
4234400.000000 4016000.000000 3058.325928 25 21
4234500.000000 4016000.000000 3139.284912 26 21
4234600.000000 4016000.000000 3220.808105 27 21
4234700.000000 4016000.000000 3302.497070 28 21
4234800.000000 4016000.000000 3383.132080 29 21
4234900.000000 4016000.000000 3463.187012 30 21
4235000.000000 4016000.000000 3549.507080 31 21
4235100.000000 4016000.000000 3637.492920 32 21
4235200.000000 4016000.000000 3723.452881 33 21
4235300.000000 4016000.000000 3804.138916 34 21
4235400.000000 4016000.000000 3880.558105 35 21
4235500.000000 4016000.000000 3954.534912 36 21
4232800.000000 4016100.000000 1930.995972 9 22
4232900.000000 4016100.000000 1987.749023 10 22
4233000.000000 4016100.000000 2044.245972 11 22
4233100.000000 4016100.000000 2101.377930 12 22
4233200.000000 4016100.000000 2160.758057 13 22
4233300.000000 4016100.000000 2224.029053 14 22
4233400.000000 4016100.000000 2291.333984 15 22
4233500.000000 4016100.000000 2361.821045 16 22
4233600.000000 4016100.000000 2434.587891 17 22
4233700.000000 4016100.000000 2508.767090 18 22
4233800.000000 4016100.000000 2583.527100 19 22
4233900.000000 4016100.000000 2657.826904 20 22
4234000.000000 4016100.000000 2732.730957 21 22
4234100.000000 4016100.000000 2808.105957 22 22
4234200.000000 4016100.000000 2884.549072 23 22
4234300.000000 4016100.000000 2962.394043 24 22
4234400.000000 4016100.000000 3041.779053 25 22
4234500.000000 4016100.000000 3122.665039 26 22
4234600.000000 4016100.000000 3204.406982 27 22
4234700.000000 4016100.000000 3286.458008 28 22
4234800.000000 4016100.000000 3367.809082 29 22
4234900.000000 4016100.000000 3448.523926 30 22
4235000.000000 4016100.000000 3537.637939 31 22
4235100.000000 4016100.000000 3635.291992 32 22
4235200.000000 4016100.000000 3723.542969 33 22
4235300.000000 4016100.000000 3804.736084 34 22
4235400.000000 4016100.000000 3881.625000 35 22
4235500.000000 4016100.000000 3956.472900 36 22
4232800.000000 4016200.000000 1918.676025 9 23
4232900.000000 4016200.000000 1975.548950 10 23
4233000.000000 4016200.000000 2032.359009 11 23
4233100.000000 4016200.000000 2089.332031 12 23
4233200.000000 4016200.000000 2148.291992 13 23
4233300.000000 4016200.000000 2210.685059 14 23
4233400.000000 4016200.000000 2277.156006 15 23
4233500.000000 4016200.000000 2346.896973 16 23
4233600.000000 4016200.000000 2419.008057 17 23
4233700.000000 4016200.000000 2492.676025 18 23
4233800.000000 4016200.000000 2567.206055 19 23
4233900.000000 4016200.000000 2641.729004 20 23
4234000.000000 4016200.000000 2716.616943 21 23
4234100.000000 4016200.000000 2792.185059 22 23
4234200.000000 4016200.000000 2868.691895 23 23
4234300.000000 4016200.000000 2946.399902 24 23
4234400.000000 4016200.000000 3025.427002 25 23
4234500.000000 4016200.000000 3106.233887 26 23
4234600.000000 4016200.000000 3188.049072 27 23
4234700.000000 4016200.000000 3270.360107 28 23
4234800.000000 4016200.000000 3352.156006 29 23
4234900.000000 4016200.000000 3435.732910 30 23
4235000.000000 4016200.000000 3524.111084 31 23
4235100.000000 4016200.000000 3633.431885 32 23
4235200.000000 4016200.000000 3723.774902 33 23
4235300.000000 4016200.000000 3805.750000 34 23
4235400.000000 4016200.000000 3884.103027 35 23
4235500.000000 4016200.000000 3961.230957 36 23
4232800.000000 4016300.000000 1906.287964 9 24
4232900.000000 4016300.000000 1963.260986 10 24
4233000.000000 4016300.000000 2020.136963 11 24
4233100.000000 4016300.000000 2077.120117 12 24
4233200.000000 4016300.000000 2135.748047 13 24
4233300.000000 4016300.000000 2197.419922 14 24
4233400.000000 4016300.000000 2263.308105 15 24
4233500.000000 4016300.000000 2332.449951 16 24
4233600.000000 4016300.000000 2403.916992 17 24
4233700.000000 4016300.000000 2476.923096 18 24
4233800.000000 4016300.000000 2550.830078 19 24
4233900.000000 4016300.000000 2625.572998 20 24
4234000.000000 4016300.000000 2700.766113 21 24
4234100.000000 4016300.000000 2776.510010 22 24
4234200.000000 4016300.000000 2853.128906 23 24
4234300.000000 4016300.000000 2930.934082 24 24
4234400.000000 4016300.000000 3010.062988 25 24
4234500.000000 4016300.000000 3090.566895 26 24
4234600.000000 4016300.000000 3172.397949 27 24
4234700.000000 4016300.000000 3255.356934 28 24
4234800.000000 4016300.000000 3338.834961 29 24
4234900.000000 4016300.000000 3422.327881 30 24
4235000.000000 4016300.000000 3507.018066 31 24
4235100.000000 4016300.000000 3625.778076 32 24
4235200.000000 4016300.000000 3718.413086 33 24
4235300.000000 4016300.000000 3803.024902 34 24
4235400.000000 4016300.000000 3884.735107 35 24
4235500.000000 4016300.000000 3965.763916 36 24
4232800.000000 4016400.000000 1893.842041 9 25
4232900.000000 4016400.000000 1950.854004 10 25
4233000.000000 4016400.000000 2007.921021 11 25
4233100.000000 4016400.000000 2065.066895 12 25
4233200.000000 4016400.000000 2123.531982 13 25
4233300.000000 4016400.000000 2184.471924 14 25
4233400.000000 4016400.000000 2250.138916 15 25
4233500.000000 4016400.000000 2318.793945 16 25
4233600.000000 4016400.000000 2389.694092 17 25
4233700.000000 4016400.000000 2462.257080 18 25
4233800.000000 4016400.000000 2536.035889 19 25
4233900.000000 4016400.000000 2610.739990 20 25
4234000.000000 4016400.000000 2685.596924 21 25
4234100.000000 4016400.000000 2761.196045 22 25
4234200.000000 4016400.000000 2837.841064 23 25
4234300.000000 4016400.000000 2915.846924 24 25
4234400.000000 4016400.000000 2995.260986 25 25
4234500.000000 4016400.000000 3075.654053 26 25
4234600.000000 4016400.000000 3157.738037 27 25
4234700.000000 4016400.000000 3242.377930 28 25
4234800.000000 4016400.000000 3328.612061 29 25
4234900.000000 4016400.000000 3413.876953 30 25
4235000.000000 4016400.000000 3498.525879 31 25
4235100.000000 4016400.000000 3606.645996 32 25
4235200.000000 4016400.000000 3704.266113 33 25
4235300.000000 4016400.000000 3794.694092 34 25
4235400.000000 4016400.000000 3881.266113 35 25
4235500.000000 4016400.000000 3966.248047 36 25
4232900.000000 4016500.000000 1938.530029 10 26
4233000.000000 4016500.000000 1995.629028 11 26
4233100.000000 4016500.000000 2053.622070 12 26
4233200.000000 4016500.000000 2112.653076 13 26
4233300.000000 4016500.000000 2173.926025 14 26
4233400.000000 4016500.000000 2238.462891 15 26
4233500.000000 4016500.000000 2306.165039 16 26
4233600.000000 4016500.000000 2376.306885 17 26
4233700.000000 4016500.000000 2448.293945 18 26
4233800.000000 4016500.000000 2521.638916 19 26
4233900.000000 4016500.000000 2595.899902 20 26
4234000.000000 4016500.000000 2670.266113 21 26
4234100.000000 4016500.000000 2745.895996 22 26
4234200.000000 4016500.000000 2822.608887 23 26
4234300.000000 4016500.000000 2900.919922 24 26
4234400.000000 4016500.000000 2980.783936 25 26
4234500.000000 4016500.000000 3061.548096 26 26
4234600.000000 4016500.000000 3143.168945 27 26
4234700.000000 4016500.000000 3226.019043 28 26
4234800.000000 4016500.000000 3319.194092 29 26
4234900.000000 4016500.000000 3406.275879 30 26
4235000.000000 4016500.000000 3492.184082 31 26
4235100.000000 4016500.000000 3590.416016 32 26
4235200.000000 4016500.000000 3690.145996 33 26
4235300.000000 4016500.000000 3785.147949 34 26
4235400.000000 4016500.000000 3875.945068 35 26
4235500.000000 4016500.000000 3964.185059 36 26
4232900.000000 4016600.000000 1926.943970 10 27
4233000.000000 4016600.000000 1984.901978 11 27
4233100.000000 4016600.000000 2043.237061 12 27
4233200.000000 4016600.000000 2102.358887 13 27
4233300.000000 4016600.000000 2163.331055 14 27
4233400.000000 4016600.000000 2227.222900 15 27
4233500.000000 4016600.000000 2294.118896 16 27
4233600.000000 4016600.000000 2363.489990 17 27
4233700.000000 4016600.000000 2434.816895 18 27
4233800.000000 4016600.000000 2507.614014 19 27
4233900.000000 4016600.000000 2581.412109 20 27
4234000.000000 4016600.000000 2655.424072 21 27
4234100.000000 4016600.000000 2730.531006 22 27
4234200.000000 4016600.000000 2807.350098 23 27
4234300.000000 4016600.000000 2886.315918 24 27
4234400.000000 4016600.000000 2967.504883 25 27
4234500.000000 4016600.000000 3050.556885 26 27
4234600.000000 4016600.000000 3135.145020 27 27
4234700.000000 4016600.000000 3219.895996 28 27
4234800.000000 4016600.000000 3308.816895 29 27
4234900.000000 4016600.000000 3396.906982 30 27
4235000.000000 4016600.000000 3485.206055 31 27
4235100.000000 4016600.000000 3581.847900 32 27
4235200.000000 4016600.000000 3681.573975 33 27
4235300.000000 4016600.000000 3778.645020 34 27
4235400.000000 4016600.000000 3872.375000 35 27
4235500.000000 4016600.000000 3963.907959 36 27
4232900.000000 4016700.000000 1915.717041 10 28
4233000.000000 4016700.000000 1974.401978 11 28
4233100.000000 4016700.000000 2033.261963 12 28
4233200.000000 4016700.000000 2092.392090 13 28
4233300.000000 4016700.000000 2153.093994 14 28
4233400.000000 4016700.000000 2216.302002 15 28
4233500.000000 4016700.000000 2282.430908 16 28
4233600.000000 4016700.000000 2351.041992 17 28
4233700.000000 4016700.000000 2421.667969 18 28
4233800.000000 4016700.000000 2493.819092 19 28
4233900.000000 4016700.000000 2566.949951 20 28
4234000.000000 4016700.000000 2640.523926 21 28
4234100.000000 4016700.000000 2715.010986 22 28
4234200.000000 4016700.000000 2791.923096 23 28
4234300.000000 4016700.000000 2871.756104 24 28
4234400.000000 4016700.000000 2954.970947 25 28
4234500.000000 4016700.000000 3041.553955 26 28
4234600.000000 4016700.000000 3130.871094 27 28
4234700.000000 4016700.000000 3215.637939 28 28
4234800.000000 4016700.000000 3298.326904 29 28
4234900.000000 4016700.000000 3386.577881 30 28
4235000.000000 4016700.000000 3478.095947 31 28
4235100.000000 4016700.000000 3577.981934 32 28
4235200.000000 4016700.000000 3678.113037 33 28
4235300.000000 4016700.000000 3775.889893 34 28
4235400.000000 4016700.000000 3871.139893 35 28
4235500.000000 4016700.000000 3964.887939 36 28
4232900.000000 4016800.000000 1904.583008 10 29
4233000.000000 4016800.000000 1963.650024 11 29
4233100.000000 4016800.000000 2022.932983 12 29
4233200.000000 4016800.000000 2082.253906 13 29
4233300.000000 4016800.000000 2142.782959 14 29
4233400.000000 4016800.000000 2205.444092 15 29
4233500.000000 4016800.000000 2270.944092 16 29
4233600.000000 4016800.000000 2338.875977 17 29
4233700.000000 4016800.000000 2408.836914 18 29
4233800.000000 4016800.000000 2480.370117 19 29
4233900.000000 4016800.000000 2552.954102 20 29
4234000.000000 4016800.000000 2625.677002 21 29
4234100.000000 4016800.000000 2699.210938 22 29
4234200.000000 4016800.000000 2776.103027 23 29
4234300.000000 4016800.000000 2856.422119 24 29
4234400.000000 4016800.000000 2941.554932 25 29
4234500.000000 4016800.000000 3033.512939 26 29
4234600.000000 4016800.000000 3129.471924 27 29
4234700.000000 4016800.000000 3214.059082 28 29
4234800.000000 4016800.000000 3289.561035 29 29
4234900.000000 4016800.000000 3376.022949 30 29
4235000.000000 4016800.000000 3470.543945 31 29
4235100.000000 4016800.000000 3576.474121 32 29
4235200.000000 4016800.000000 3677.822021 33 29
4235300.000000 4016800.000000 3775.878906 34 29
4235400.000000 4016800.000000 3871.781006 35 29
4235500.000000 4016800.000000 3966.720947 36 29
4232900.000000 4016900.000000 1893.557983 10 30
4233000.000000 4016900.000000 1953.004028 11 30
4233100.000000 4016900.000000 2012.527954 12 30
4233200.000000 4016900.000000 2071.986084 13 30
4233300.000000 4016900.000000 2132.410889 14 30
4233400.000000 4016900.000000 2194.697998 15 30
4233500.000000 4016900.000000 2259.663086 16 30
4233600.000000 4016900.000000 2327.000000 17 30
4233700.000000 4016900.000000 2396.366943 18 30
4233800.000000 4016900.000000 2467.295898 19 30
4233900.000000 4016900.000000 2539.104980 20 30
4234000.000000 4016900.000000 2611.282959 21 30
4234100.000000 4016900.000000 2684.007080 22 30
4234200.000000 4016900.000000 2760.236084 23 30
4234300.000000 4016900.000000 2839.431885 24 30
4234400.000000 4016900.000000 2924.371094 25 30
4234500.000000 4016900.000000 3018.905029 26 30
4234600.000000 4016900.000000 3124.539063 27 30
4234700.000000 4016900.000000 3212.319092 28 30
4234800.000000 4016900.000000 3284.193115 29 30
4234900.000000 4016900.000000 3364.697998 30 30
4235000.000000 4016900.000000 3463.804932 31 30
4235100.000000 4016900.000000 3576.224121 32 30
4235200.000000 4016900.000000 3678.822998 33 30
4235300.000000 4016900.000000 3777.289063 34 30
4235400.000000 4016900.000000 3873.975098 35 30
4235500.000000 4016900.000000 3970.377930 36 30
4232900.000000 4017000.000000 1882.563965 10 31
4233000.000000 4017000.000000 1942.313965 11 31
4233100.000000 4017000.000000 2002.032959 12 31
4233200.000000 4017000.000000 2061.620117 13 31
4233300.000000 4017000.000000 2122.010010 14 31
4233400.000000 4017000.000000 2184.071045 15 31
4233500.000000 4017000.000000 2248.585938 16 31
4233600.000000 4017000.000000 2315.449951 17 31
4233700.000000 4017000.000000 2384.410889 18 31
4233800.000000 4017000.000000 2455.086914 19 31
4233900.000000 4017000.000000 2526.954102 20 31
4234000.000000 4017000.000000 2599.227051 21 31
4234100.000000 4017000.000000 2671.447998 22 31
4234200.000000 4017000.000000 2745.290039 23 31
4234300.000000 4017000.000000 2820.275879 24 31
4234400.000000 4017000.000000 2900.156982 25 31
4234500.000000 4017000.000000 2989.041992 26 31
4234600.000000 4017000.000000 3091.315918 27 31
4234700.000000 4017000.000000 3189.467041 28 31
4234800.000000 4017000.000000 3276.658936 29 31
4234900.000000 4017000.000000 3356.457031 30 31
4235000.000000 4017000.000000 3460.944092 31 31
4235100.000000 4017000.000000 3575.343018 32 31
4235200.000000 4017000.000000 3679.208008 33 31
4235300.000000 4017000.000000 3778.730957 34 31
4235400.000000 4017000.000000 3876.564941 35 31
4235500.000000 4017000.000000 3974.303955 36 31
4233000.000000 4017100.000000 1931.588013 11 32
4233100.000000 4017100.000000 1991.415039 12 32
4233200.000000 4017100.000000 2051.169922 13 32
4233300.000000 4017100.000000 2111.556885 14 32
4233400.000000 4017100.000000 2173.397949 15 32
4233500.000000 4017100.000000 2237.625000 16 32
4233600.000000 4017100.000000 2304.152100 17 32
4233700.000000 4017100.000000 2372.843994 18 32
4233800.000000 4017100.000000 2443.425049 19 32
4233900.000000 4017100.000000 2515.522949 20 32
4234000.000000 4017100.000000 2587.955078 21 32
4234100.000000 4017100.000000 2660.436035 22 32
4234200.000000 4017100.000000 2731.660889 23 32
4234300.000000 4017100.000000 2800.931885 24 32
4234400.000000 4017100.000000 2874.735107 25 32
4234500.000000 4017100.000000 2957.915039 26 32
4234600.000000 4017100.000000 3055.312988 27 32
4234700.000000 4017100.000000 3164.457031 28 32
4234800.000000 4017100.000000 3267.832031 29 32
4234900.000000 4017100.000000 3356.228027 30 32
4235000.000000 4017100.000000 3464.072998 31 32
4235100.000000 4017100.000000 3574.802002 32 32
4235200.000000 4017100.000000 3679.139893 33 32
4235300.000000 4017100.000000 3780.260010 34 32
4235400.000000 4017100.000000 3879.842041 35 32
4235500.000000 4017100.000000 3979.304932 36 32
4233000.000000 4017200.000000 1920.829956 11 33
4233100.000000 4017200.000000 1980.850952 12 33
4233200.000000 4017200.000000 2040.765991 13 33
4233300.000000 4017200.000000 2101.197021 14 33
4233400.000000 4017200.000000 2162.951904 15 33
4233500.000000 4017200.000000 2226.826904 16 33
4233600.000000 4017200.000000 2293.030029 17 33
4233700.000000 4017200.000000 2361.468018 18 33
4233800.000000 4017200.000000 2431.922119 19 33
4233900.000000 4017200.000000 2503.981934 20 33
4234000.000000 4017200.000000 2576.842041 21 33
4234100.000000 4017200.000000 2648.104004 22 33
4234200.000000 4017200.000000 2716.465088 23 33
4234300.000000 4017200.000000 2782.062012 24 33
4234400.000000 4017200.000000 2851.724121 25 33
4234500.000000 4017200.000000 2930.853027 26 33
4234600.000000 4017200.000000 3027.095947 27 33
4234700.000000 4017200.000000 3145.358887 28 33
4234800.000000 4017200.000000 3261.816895 29 33
4234900.000000 4017200.000000 3358.004883 30 33
4235000.000000 4017200.000000 3469.238037 31 33
4235100.000000 4017200.000000 3574.855957 32 33
4235200.000000 4017200.000000 3679.655029 33 33
4235300.000000 4017200.000000 3782.866943 34 33
4235400.000000 4017200.000000 3884.656006 35 33
4235500.000000 4017200.000000 3986.000000 36 33
4233000.000000 4017300.000000 1910.017944 11 34
4233100.000000 4017300.000000 1970.120972 12 34
4233200.000000 4017300.000000 2030.344971 13 34
4233300.000000 4017300.000000 2090.821045 14 34
4233400.000000 4017300.000000 2152.520996 15 34
4233500.000000 4017300.000000 2216.115967 16 34
4233600.000000 4017300.000000 2282.001953 17 34
4233700.000000 4017300.000000 2350.185059 18 34
4233800.000000 4017300.000000 2420.468994 19 34
4233900.000000 4017300.000000 2492.354980 20 34
4234000.000000 4017300.000000 2565.866943 21 34
4234100.000000 4017300.000000 2635.629883 22 34
4234200.000000 4017300.000000 2700.970947 23 34
4234300.000000 4017300.000000 2766.190918 24 34
4234400.000000 4017300.000000 2835.326904 25 34
4234500.000000 4017300.000000 2914.303955 26 34
4234600.000000 4017300.000000 3011.019043 27 34
4234700.000000 4017300.000000 3134.407959 28 34
4234800.000000 4017300.000000 3258.767090 29 34
4234900.000000 4017300.000000 3361.337891 30 34
4235000.000000 4017300.000000 3474.350098 31 34
4235100.000000 4017300.000000 3576.685059 32 34
4235200.000000 4017300.000000 3682.280029 33 34
4235300.000000 4017300.000000 3787.868896 34 34
4235400.000000 4017300.000000 3892.080078 35 34
4235500.000000 4017300.000000 3994.968994 36 34
4233000.000000 4017400.000000 1899.272949 11 35
4233100.000000 4017400.000000 1959.396973 12 35
4233200.000000 4017400.000000 2019.556030 13 35
4233300.000000 4017400.000000 2080.291992 14 35
4233400.000000 4017400.000000 2142.010986 15 35
4233500.000000 4017400.000000 2205.384033 16 35
4233600.000000 4017400.000000 2271.025879 17 35
4233700.000000 4017400.000000 2339.022949 18 35
4233800.000000 4017400.000000 2409.211914 19 35
4233900.000000 4017400.000000 2481.054932 20 35
4234000.000000 4017400.000000 2554.899902 21 35
4234100.000000 4017400.000000 2625.156982 22 35
4234200.000000 4017400.000000 2690.295898 23 35
4234300.000000 4017400.000000 2756.653076 24 35
4234400.000000 4017400.000000 2826.951904 25 35
4234500.000000 4017400.000000 2907.235107 26 35
4234600.000000 4017400.000000 3005.457031 27 35
4234700.000000 4017400.000000 3130.844971 28 35
4234800.000000 4017400.000000 3258.781982 29 35
4234900.000000 4017400.000000 3366.360107 30 35
4235000.000000 4017400.000000 3480.204102 31 35
4235100.000000 4017400.000000 3580.784912 32 35
4235200.000000 4017400.000000 3687.718018 33 35
4235300.000000 4017400.000000 3795.918945 34 35
4235400.000000 4017400.000000 3903.045898 35 35
4235500.000000 4017400.000000 4008.132080 36 35
4233000.000000 4017500.000000 1888.682007 11 36
4233100.000000 4017500.000000 1949.114990 12 36
4233200.000000 4017500.000000 2009.385010 13 36
4233300.000000 4017500.000000 2070.096924 14 36
4233400.000000 4017500.000000 2131.664063 15 36
4233500.000000 4017500.000000 2194.837891 16 36
4233600.000000 4017500.000000 2260.177002 17 36
4233700.000000 4017500.000000 2328.114990 18 36
4233800.000000 4017500.000000 2398.437012 19 36
4233900.000000 4017500.000000 2470.764893 20 36
4234000.000000 4017500.000000 2544.142090 21 36
4234100.000000 4017500.000000 2617.850098 22 36
4234200.000000 4017500.000000 2686.414063 23 36
4234300.000000 4017500.000000 2754.548096 24 36
4234400.000000 4017500.000000 2826.533936 25 36
4234500.000000 4017500.000000 2908.427002 26 36
4234600.000000 4017500.000000 3007.737061 27 36
4234700.000000 4017500.000000 3133.355957 28 36
4234800.000000 4017500.000000 3261.780029 29 36
4234900.000000 4017500.000000 3371.852051 30 36
4235000.000000 4017500.000000 3483.769043 31 36
4235100.000000 4017500.000000 3586.810059 32 36
4235200.000000 4017500.000000 3695.392090 33 36
4235300.000000 4017500.000000 3805.729004 34 36
4235400.000000 4017500.000000 3915.155029 35 36
4235500.000000 4017500.000000 4021.252930 36 36
4233100.000000 4017600.000000 1939.406006 12 37
4233200.000000 4017600.000000 1999.885010 13 37
4233300.000000 4017600.000000 2060.277100 14 37
4233400.000000 4017600.000000 2121.404053 15 37
4233500.000000 4017600.000000 2184.224121 16 37
4233600.000000 4017600.000000 2249.364014 17 37
4233700.000000 4017600.000000 2317.581055 18 37
4233800.000000 4017600.000000 2388.425049 19 37
4233900.000000 4017600.000000 2461.396973 20 37
4234000.000000 4017600.000000 2535.897949 21 37
4234100.000000 4017600.000000 2611.812988 22 37
4234200.000000 4017600.000000 2686.621094 23 37
4234300.000000 4017600.000000 2757.916016 24 37
4234400.000000 4017600.000000 2832.579102 25 37
4234500.000000 4017600.000000 2916.856934 26 37
4234600.000000 4017600.000000 3018.069092 27 37
4234700.000000 4017600.000000 3141.562012 28 37
4234800.000000 4017600.000000 3267.207031 29 37
4234900.000000 4017600.000000 3377.988037 30 37
4235000.000000 4017600.000000 3488.516113 31 37
4235100.000000 4017600.000000 3593.635010 32 37
4235200.000000 4017600.000000 3703.552979 33 37
4235300.000000 4017600.000000 3814.935059 34 37
4235400.000000 4017600.000000 3925.490967 35 37
4235500.000000 4017600.000000 4031.236084 36 37
4233100.000000 4017700.000000 1929.725952 12 38
4233200.000000 4017700.000000 1990.301025 13 38
4233300.000000 4017700.000000 2050.545898 14 38
4233400.000000 4017700.000000 2111.117920 15 38
4233500.000000 4017700.000000 2173.310059 16 38
4233600.000000 4017700.000000 2238.666992 17 38
4233700.000000 4017700.000000 2307.647949 18 38
4233800.000000 4017700.000000 2379.427979 19 38
4233900.000000 4017700.000000 2453.593994 20 38
4234000.000000 4017700.000000 2529.915039 21 38
4234100.000000 4017700.000000 2608.273926 22 38
4234200.000000 4017700.000000 2688.437988 23 38
4234300.000000 4017700.000000 2763.832031 24 38
4234400.000000 4017700.000000 2842.586914 25 38
4234500.000000 4017700.000000 2930.062012 26 38
4234600.000000 4017700.000000 3033.882080 27 38
4234700.000000 4017700.000000 3154.550049 28 38
4234800.000000 4017700.000000 3277.450928 29 38
4234900.000000 4017700.000000 3385.966064 30 38
4235000.000000 4017700.000000 3493.043945 31 38
4235100.000000 4017700.000000 3601.000977 32 38
4235200.000000 4017700.000000 3710.891113 33 38
4235300.000000 4017700.000000 3821.062012 34 38
4235400.000000 4017700.000000 3929.806885 35 38
4235500.000000 4017700.000000 4034.653076 36 38
4233100.000000 4017800.000000 1919.916992 12 39
4233200.000000 4017800.000000 1980.634033 13 39
4233300.000000 4017800.000000 2041.078003 14 39
4233400.000000 4017800.000000 2101.353027 15 39
4233500.000000 4017800.000000 2163.262939 16 39
4233600.000000 4017800.000000 2229.233887 17 39
4233700.000000 4017800.000000 2298.746094 18 39
4233800.000000 4017800.000000 2371.428955 19 39
4233900.000000 4017800.000000 2446.738037 20 39
4234000.000000 4017800.000000 2524.928955 21 39
4234100.000000 4017800.000000 2605.293945 22 39
4234200.000000 4017800.000000 2687.779053 23 39
4234300.000000 4017800.000000 2769.058105 24 39
4234400.000000 4017800.000000 2854.229004 25 39
4234500.000000 4017800.000000 2947.751953 26 39
4234600.000000 4017800.000000 3051.843994 27 39
4234700.000000 4017800.000000 3166.829102 28 39
4234800.000000 4017800.000000 3284.885986 29 39
4234900.000000 4017800.000000 3392.025879 30 39
4235000.000000 4017800.000000 3497.267090 31 39
4235100.000000 4017800.000000 3607.427979 32 39
4235200.000000 4017800.000000 3716.843994 33 39
4235300.000000 4017800.000000 3824.716064 34 39
4235400.000000 4017800.000000 3930.519043 35 39
4235500.000000 4017800.000000 4033.871094 36 39
4233100.000000 4017900.000000 1909.965942 12 40
4233200.000000 4017900.000000 1970.828979 13 40
4233300.000000 4017900.000000 2031.604980 14 40
4233400.000000 4017900.000000 2092.248047 15 40
4233500.000000 4017900.000000 2154.693115 16 40
4233600.000000 4017900.000000 2220.603027 17 40
4233700.000000 4017900.000000 2290.508057 18 40
4233800.000000 4017900.000000 2364.031006 19 40
4233900.000000 4017900.000000 2440.677002 20 40
4234000.000000 4017900.000000 2520.195068 21 40
4234100.000000 4017900.000000 2602.146973 22 40
4234200.000000 4017900.000000 2686.302002 23 40
4234300.000000 4017900.000000 2772.082031 24 40
4234400.000000 4017900.000000 2861.842041 25 40
4234500.000000 4017900.000000 2957.876953 26 40
4234600.000000 4017900.000000 3062.167969 27 40
4234700.000000 4017900.000000 3173.395020 28 40
4234800.000000 4017900.000000 3288.947021 29 40
4234900.000000 4017900.000000 3395.818115 30 40
4235000.000000 4017900.000000 3502.188965 31 40
4235100.000000 4017900.000000 3613.803955 32 40
4235200.000000 4017900.000000 3722.177002 33 40
4235300.000000 4017900.000000 3827.360107 34 40
4235400.000000 4017900.000000 3930.198975 35 40
4235500.000000 4017900.000000 4031.977051 36 40
4233100.000000 4018000.000000 1899.954956 12 41
4233200.000000 4018000.000000 1960.985962 13 41
4233300.000000 4018000.000000 2022.004028 14 41
4233400.000000 4018000.000000 2083.044922 15 41
4233500.000000 4018000.000000 2145.860107 16 41
4233600.000000 4018000.000000 2211.976074 17 41
4233700.000000 4018000.000000 2282.430908 18 41
4233800.000000 4018000.000000 2356.863037 19 41
4233900.000000 4018000.000000 2434.770996 20 41
4234000.000000 4018000.000000 2515.632080 21 41
4234100.000000 4018000.000000 2599.001953 22 41
4234200.000000 4018000.000000 2684.382080 23 41
4234300.000000 4018000.000000 2772.913086 24 41
4234400.000000 4018000.000000 2865.445068 25 41
4234500.000000 4018000.000000 2962.210938 26 41
4234600.000000 4018000.000000 3064.014893 27 41
4234700.000000 4018000.000000 3174.599121 28 41
4234800.000000 4018000.000000 3291.962891 29 41
4234900.000000 4018000.000000 3398.876953 30 41
4235000.000000 4018000.000000 3503.461914 31 41
4235100.000000 4018000.000000 3619.666016 32 41
4235200.000000 4018000.000000 3727.039063 33 41
4235300.000000 4018000.000000 3829.570068 34 41
4235400.000000 4018000.000000 3929.579102 35 41
4235500.000000 4018000.000000 4029.612061 36 41
4233100.000000 4018100.000000 1889.944946 12 42
4233200.000000 4018100.000000 1951.124023 13 42
4233300.000000 4018100.000000 2012.338989 14 42
4233400.000000 4018100.000000 2073.654053 15 42
4233500.000000 4018100.000000 2136.750000 16 42
4233600.000000 4018100.000000 2203.179932 17 42
4233700.000000 4018100.000000 2274.270020 18 42
4233800.000000 4018100.000000 2349.712891 19 42
4233900.000000 4018100.000000 2428.885986 20 42
4234000.000000 4018100.000000 2511.050049 21 42
4234100.000000 4018100.000000 2595.553955 22 42
4234200.000000 4018100.000000 2682.196045 23 42
4234300.000000 4018100.000000 2771.760010 24 42
4234400.000000 4018100.000000 2865.291016 25 42
4234500.000000 4018100.000000 2963.819092 26 42
4234600.000000 4018100.000000 3067.568115 27 42
4234700.000000 4018100.000000 3178.781982 28 42
4234800.000000 4018100.000000 3294.896973 29 42
4234900.000000 4018100.000000 3401.761963 30 42
4235000.000000 4018100.000000 3508.324951 31 42
4235100.000000 4018100.000000 3624.885986 32 42
4235200.000000 4018100.000000 3730.812988 33 42
4235300.000000 4018100.000000 3831.282959 34 42
4235400.000000 4018100.000000 3929.245117 35 42
4235500.000000 4018100.000000 4026.956055 36 42
4233100.000000 4018200.000000 1879.978027 12 43
4233200.000000 4018200.000000 1941.310059 13 43
4233300.000000 4018200.000000 2002.588989 14 43
4233400.000000 4018200.000000 2064.155029 15 43
4233500.000000 4018200.000000 2127.446045 16 43
4233600.000000 4018200.000000 2194.166992 17 43
4233700.000000 4018200.000000 2265.917969 18 43
4233800.000000 4018200.000000 2342.531982 19 43
4233900.000000 4018200.000000 2423.177979 20 43
4234000.000000 4018200.000000 2506.874023 21 43
4234100.000000 4018200.000000 2592.743896 22 43
4234200.000000 4018200.000000 2680.219971 23 43
4234300.000000 4018200.000000 2770.554932 24 43
4234400.000000 4018200.000000 2865.156982 25 43
4234500.000000 4018200.000000 2965.263916 26 43
4234600.000000 4018200.000000 3071.361084 27 43
4234700.000000 4018200.000000 3183.965088 28 43
4234800.000000 4018200.000000 3298.303955 29 43
4234900.000000 4018200.000000 3404.458008 30 43
4235000.000000 4018200.000000 3512.243896 31 43
4235100.000000 4018200.000000 3627.737061 32 43
4235200.000000 4018200.000000 3732.394043 33 43
4235300.000000 4018200.000000 3831.766113 34 43
4235400.000000 4018200.000000 3928.709961 35 43
4235500.000000 4018200.000000 4025.291016 36 43
4233200.000000 4018300.000000 1931.827026 13 44
4233300.000000 4018300.000000 1993.181030 14 44
4233400.000000 4018300.000000 2054.897949 15 44
4233500.000000 4018300.000000 2118.153076 16 44
4233600.000000 4018300.000000 2184.952881 17 44
4233700.000000 4018300.000000 2257.346924 18 44
4233800.000000 4018300.000000 2335.349121 19 44
4233900.000000 4018300.000000 2417.693115 20 44
4234000.000000 4018300.000000 2503.105957 21 44
4234100.000000 4018300.000000 2590.479980 22 44
4234200.000000 4018300.000000 2678.513916 23 44
4234300.000000 4018300.000000 2769.384033 24 44
4234400.000000 4018300.000000 2864.981934 25 44
4234500.000000 4018300.000000 2967.059082 26 44
4234600.000000 4018300.000000 3075.542969 27 44
4234700.000000 4018300.000000 3188.750000 28 44
4234800.000000 4018300.000000 3301.709961 29 44
4234900.000000 4018300.000000 3406.970947 30 44
4235000.000000 4018300.000000 3514.602051 31 44
4235100.000000 4018300.000000 3626.919922 32 44
4235200.000000 4018300.000000 3731.298096 33 44
4235300.000000 4018300.000000 3830.792969 34 44
4235400.000000 4018300.000000 3927.760010 35 44
4235500.000000 4018300.000000 4024.099121 36 44
4233200.000000 4018400.000000 1922.704956 13 45
4233300.000000 4018400.000000 1984.567993 14 45
4233400.000000 4018400.000000 2046.239014 15 45
4233500.000000 4018400.000000 2109.145996 16 45
4233600.000000 4018400.000000 2175.683105 17 45
4233700.000000 4018400.000000 2248.763916 18 45
4233800.000000 4018400.000000 2328.379883 19 45
4233900.000000 4018400.000000 2412.539063 20 45
4234000.000000 4018400.000000 2499.572021 21 45
4234100.000000 4018400.000000 2587.926025 22 45
4234200.000000 4018400.000000 2676.883057 23 45
4234300.000000 4018400.000000 2768.186035 24 45
4234400.000000 4018400.000000 2864.477051 25 45
4234500.000000 4018400.000000 2968.372070 26 45
4234600.000000 4018400.000000 3079.395996 27 45
4234700.000000 4018400.000000 3192.733887 28 45
4234800.000000 4018400.000000 3304.322021 29 45
4234900.000000 4018400.000000 3408.990967 30 45
4235000.000000 4018400.000000 3515.764893 31 45
4235100.000000 4018400.000000 3625.216064 32 45
4235200.000000 4018400.000000 3729.251953 33 45
4235300.000000 4018400.000000 3829.239014 34 45
4235400.000000 4018400.000000 3926.675049 35 45
4235500.000000 4018400.000000 4023.168945 36 45
4233200.000000 4018500.000000 1913.588989 13 46
4233300.000000 4018500.000000 1975.770020 14 46
4233400.000000 4018500.000000 2037.931030 15 46
4233500.000000 4018500.000000 2100.731934 16 46
4233600.000000 4018500.000000 2167.491943 17 46
4233700.000000 4018500.000000 2241.294922 18 46
4233800.000000 4018500.000000 2322.141113 19 46
4233900.000000 4018500.000000 2408.137939 20 46
4234000.000000 4018500.000000 2497.187012 21 46
4234100.000000 4018500.000000 2587.221924 22 46
4234200.000000 4018500.000000 2676.343994 23 46
4234300.000000 4018500.000000 2767.425049 24 46
4234400.000000 4018500.000000 2863.666016 25 46
4234500.000000 4018500.000000 2968.893066 26 46
4234600.000000 4018500.000000 3082.968018 27 46
4234700.000000 4018500.000000 3196.094971 28 46
4234800.000000 4018500.000000 3306.410889 29 46
4234900.000000 4018500.000000 3411.258057 30 46
4235000.000000 4018500.000000 3518.029053 31 46
4235100.000000 4018500.000000 3623.878906 32 46
4235200.000000 4018500.000000 3727.788086 33 46
4235300.000000 4018500.000000 3828.218994 34 46
4235400.000000 4018500.000000 3926.038086 35 46
4235500.000000 4018500.000000 4022.721924 36 46
4233200.000000 4018600.000000 1904.494019 13 47
4233300.000000 4018600.000000 1966.803955 14 47
4233400.000000 4018600.000000 2029.404053 15 47
4233500.000000 4018600.000000 2092.221924 16 47
4233600.000000 4018600.000000 2159.104004 17 47
4233700.000000 4018600.000000 2233.684082 18 47
4233800.000000 4018600.000000 2316.031006 19 47
4233900.000000 4018600.000000 2404.125000 20 47
4234000.000000 4018600.000000 2495.437012 21 47
4234100.000000 4018600.000000 2587.309082 22 47
4234200.000000 4018600.000000 2676.791016 23 47
4234300.000000 4018600.000000 2767.783936 24 47
4234400.000000 4018600.000000 2864.039063 25 47
4234500.000000 4018600.000000 2970.066895 26 47
4234600.000000 4018600.000000 3086.207031 27 47
4234700.000000 4018600.000000 3199.416016 28 47
4234800.000000 4018600.000000 3308.969971 29 47
4234900.000000 4018600.000000 3413.811035 30 47
4235000.000000 4018600.000000 3521.044922 31 47
4235100.000000 4018600.000000 3625.384033 32 47
4235200.000000 4018600.000000 3728.810059 33 47
4235300.000000 4018600.000000 3828.777100 34 47
4235400.000000 4018600.000000 3926.218018 35 47
4235500.000000 4018600.000000 4022.670898 36 47
4233200.000000 4018700.000000 1895.613037 13 48
4233300.000000 4018700.000000 1958.229004 14 48
4233400.000000 4018700.000000 2020.616943 15 48
4233500.000000 4018700.000000 2083.642090 16 48
4233600.000000 4018700.000000 2150.666016 17 48
4233700.000000 4018700.000000 2225.680908 18 48
4233800.000000 4018700.000000 2309.729004 19 48
4233900.000000 4018700.000000 2400.156982 20 48
4234000.000000 4018700.000000 2493.846924 21 48
4234100.000000 4018700.000000 2587.583008 22 48
4234200.000000 4018700.000000 2677.920898 23 48
4234300.000000 4018700.000000 2769.437988 24 48
4234400.000000 4018700.000000 2866.542969 25 48
4234500.000000 4018700.000000 2973.313965 26 48
4234600.000000 4018700.000000 3089.819092 27 48
4234700.000000 4018700.000000 3202.324951 28 48
4234800.000000 4018700.000000 3311.201904 29 48
4234900.000000 4018700.000000 3416.134033 30 48
4235000.000000 4018700.000000 3523.819092 31 48
4235100.000000 4018700.000000 3631.013916 32 48
4235200.000000 4018700.000000 3732.894043 33 48
4235300.000000 4018700.000000 3831.004883 34 48
4235400.000000 4018700.000000 3927.061035 35 48
4235500.000000 4018700.000000 4022.594971 36 48
4233200.000000 4018800.000000 1886.818970 13 49
4233300.000000 4018800.000000 1949.765991 14 49
4233400.000000 4018800.000000 2012.485962 15 49
4233500.000000 4018800.000000 2075.585938 16 49
4233600.000000 4018800.000000 2142.574951 17 49
4233700.000000 4018800.000000 2217.551025 18 49
4233800.000000 4018800.000000 2303.349121 19 49
4233900.000000 4018800.000000 2396.283936 20 49
4234000.000000 4018800.000000 2492.408936 21 49
4234100.000000 4018800.000000 2587.868896 22 49
4234200.000000 4018800.000000 2679.343994 23 49
4234300.000000 4018800.000000 2771.358887 24 49
4234400.000000 4018800.000000 2868.923096 25 49
4234500.000000 4018800.000000 2976.704102 26 49
4234600.000000 4018800.000000 3093.719971 27 49
4234700.000000 4018800.000000 3205.141113 28 49
4234800.000000 4018800.000000 3313.863037 29 49
4234900.000000 4018800.000000 3420.500000 30 49
4235000.000000 4018800.000000 3530.152100 31 49
4235100.000000 4018800.000000 3638.425049 32 49
4235200.000000 4018800.000000 3737.790039 33 49
4235300.000000 4018800.000000 3833.590088 34 49
4235400.000000 4018800.000000 3928.242920 35 49
4235500.000000 4018800.000000 4023.033936 36 49
4233200.000000 4018900.000000 1878.166016 13 50
4233300.000000 4018900.000000 1941.818970 14 50
4233400.000000 4018900.000000 2005.310059 15 50
4233500.000000 4018900.000000 2068.164063 16 50
4233600.000000 4018900.000000 2134.646973 17 50
4233700.000000 4018900.000000 2209.208008 18 50
4233800.000000 4018900.000000 2297.212891 19 50
4233900.000000 4018900.000000 2392.899902 20 50
4234000.000000 4018900.000000 2491.732910 21 50
4234100.000000 4018900.000000 2589.416992 22 50
4234200.000000 4018900.000000 2681.449951 23 50
4234300.000000 4018900.000000 2773.587891 24 50
4234400.000000 4018900.000000 2871.439941 25 50
4234500.000000 4018900.000000 2981.072998 26 50
4234600.000000 4018900.000000 3096.754883 27 50
4234700.000000 4018900.000000 3207.697021 28 50
4234800.000000 4018900.000000 3316.273926 29 50
4234900.000000 4018900.000000 3425.361084 30 50
4235000.000000 4018900.000000 3536.128906 31 50
4235100.000000 4018900.000000 3642.683105 32 50
4235200.000000 4018900.000000 3740.040039 33 50
4235300.000000 4018900.000000 3834.521973 34 50
4235400.000000 4018900.000000 3929.103027 35 50
4235500.000000 4018900.000000 4024.268066 36 50
4233300.000000 4019000.000000 1933.796997 14 51
4233400.000000 4019000.000000 1998.100952 15 51
4233500.000000 4019000.000000 2061.243896 16 51
4233600.000000 4019000.000000 2127.802979 17 51
4233700.000000 4019000.000000 2203.021973 18 51
4233800.000000 4019000.000000 2292.322021 19 51
4233900.000000 4019000.000000 2390.246094 20 51
4234000.000000 4019000.000000 2491.428955 21 51
4234100.000000 4019000.000000 2590.872070 22 51
4234200.000000 4019000.000000 2683.737061 23 51
4234300.000000 4019000.000000 2776.111084 24 51
4234400.000000 4019000.000000 2874.141113 25 51
4234500.000000 4019000.000000 2984.534912 26 51
4234600.000000 4019000.000000 3099.416016 27 51
4234700.000000 4019000.000000 3210.017090 28 51
4234800.000000 4019000.000000 3319.555908 29 51
4234900.000000 4019000.000000 3431.423096 30 51
4235000.000000 4019000.000000 3540.132080 31 51
4235100.000000 4019000.000000 3641.979004 32 51
4235200.000000 4019000.000000 3738.145996 33 51
4235300.000000 4019000.000000 3832.232910 34 51
4235400.000000 4019000.000000 3929.017090 35 51
4235500.000000 4019000.000000 4025.688965 36 51
4233300.000000 4019100.000000 1925.102051 14 52
4233400.000000 4019100.000000 1990.704956 15 52
4233500.000000 4019100.000000 2054.471924 16 52
4233600.000000 4019100.000000 2121.072998 17 52
4233700.000000 4019100.000000 2196.704102 18 52
4233800.000000 4019100.000000 2287.634033 19 52
4233900.000000 4019100.000000 2387.980957 20 52
4234000.000000 4019100.000000 2491.498047 21 52
4234100.000000 4019100.000000 2592.534912 22 52
4234200.000000 4019100.000000 2686.183105 23 52
4234300.000000 4019100.000000 2778.916016 24 52
4234400.000000 4019100.000000 2877.229004 25 52
4234500.000000 4019100.000000 2987.818115 26 52
4234600.000000 4019100.000000 3101.496094 27 52
4234700.000000 4019100.000000 3213.903076 28 52
4234800.000000 4019100.000000 3326.435059 29 52
4234900.000000 4019100.000000 3438.822998 30 52
4235000.000000 4019100.000000 3543.900879 31 52
4235100.000000 4019100.000000 3640.991943 32 52
4235200.000000 4019100.000000 3733.749023 33 52
4235300.000000 4019100.000000 3824.927002 34 52
4233300.000000 4019200.000000 1915.308960 14 53
4233400.000000 4019200.000000 1983.030029 15 53
4233500.000000 4019200.000000 2047.603027 16 53
4233600.000000 4019200.000000 2113.760010 17 53
4233700.000000 4019200.000000 2190.154053 18 53
4233800.000000 4019200.000000 2282.285889 19 53
4233900.000000 4019200.000000 2385.770996 20 53
4234000.000000 4019200.000000 2492.048096 21 53
4234100.000000 4019200.000000 2594.262939 22 53
4234200.000000 4019200.000000 2688.375977 23 53
4234300.000000 4019200.000000 2781.468994 24 53
4234400.000000 4019200.000000 2881.780029 25 53
4234500.000000 4019200.000000 2990.937988 26 53
4234600.000000 4019200.000000 3103.974121 27 53
4234700.000000 4019200.000000 3217.075928 28 53
4234800.000000 4019200.000000 3332.405029 29 53
4234900.000000 4019200.000000 3447.697021 30 53
4235000.000000 4019200.000000 3548.833008 31 53
4235100.000000 4019200.000000 3639.517090 32 53
4235200.000000 4019200.000000 3727.899902 33 53
4235300.000000 4019200.000000 3816.157959 34 53
4233300.000000 4019300.000000 1903.897949 14 54
4233400.000000 4019300.000000 1974.958008 15 54
4233500.000000 4019300.000000 2040.229004 16 54
4233600.000000 4019300.000000 2103.422119 17 54
4233700.000000 4019300.000000 2183.396973 18 54
4233800.000000 4019300.000000 2273.474121 19 54
4233900.000000 4019300.000000 2383.209961 20 54
4234000.000000 4019300.000000 2494.135986 21 54
4234100.000000 4019300.000000 2596.034912 22 54
4234200.000000 4019300.000000 2689.264893 23 54
4234300.000000 4019300.000000 2779.618896 24 54
4234400.000000 4019300.000000 2886.266113 25 54
4234500.000000 4019300.000000 2990.918945 26 54
4234600.000000 4019300.000000 3105.416016 27 54
4234700.000000 4019300.000000 3217.099121 28 54
4234800.000000 4019300.000000 3334.697021 29 54
4234900.000000 4019300.000000 3457.092041 30 54
4235000.000000 4019300.000000 3554.675049 31 54
4235100.000000 4019300.000000 3636.892090 32 54
4235200.000000 4019300.000000 3720.916016 33 54
4235300.000000 4019300.000000 3806.899902 34 54
4234700.000000 4019400.000000 3212.798096 28 55
4234800.000000 4019400.000000 3332.948975 29 55
4234900.000000 4019400.000000 3455.850098 30 55
4235000.000000 4019400.000000 3561.652100 31 55
