# Type: scattered data
# Version: 6
# Description: No description
# Format: free
# Field: 1 x
# Field: 2 y
# Field: 3 z undefined
# Field: 4 column
# Field: 5 row
# Projection: Local Rectangular
# Units: undefined
# End:
# Information from grid:
# Grid_size: 44 x 81
# Grid_space: 4237611.000000,4239761.000000,4017812.000000,4021812.000000
# Scattered data: Not_available
# Z_field: z
# Vertical_faults: Not_available
# History: No history
# Z_units: undefined
4239011.000000 4017862.000000 3272.729980 29 2
4239061.000000 4017862.000000 3149.269043 30 2
4239111.000000 4017862.000000 3026.135986 31 2
4239161.000000 4017862.000000 2900.133057 32 2
4239211.000000 4017862.000000 2772.944092 33 2
4239261.000000 4017862.000000 2645.224121 34 2
4239311.000000 4017862.000000 2517.230957 35 2
4239361.000000 4017862.000000 2389.062012 36 2
4239411.000000 4017862.000000 2260.740967 37 2
4239461.000000 4017862.000000 2132.291016 38 2
4239511.000000 4017862.000000 2003.770020 39 2
4239561.000000 4017862.000000 1875.322021 40 2
4239611.000000 4017862.000000 1747.233032 41 2
4239661.000000 4017862.000000 1620.098022 42 2
4239711.000000 4017862.000000 1495.297974 43 2
4239761.000000 4017862.000000 1376.307007 44 2
4239011.000000 4017912.000000 3247.104004 29 3
4239061.000000 4017912.000000 3124.227051 30 3
4239111.000000 4017912.000000 3000.989990 31 3
4239161.000000 4017912.000000 2875.787109 32 3
4239211.000000 4017912.000000 2749.541992 33 3
4239261.000000 4017912.000000 2622.649902 34 3
4239311.000000 4017912.000000 2495.298096 35 3
4239361.000000 4017912.000000 2367.606934 36 3
4239411.000000 4017912.000000 2239.695068 37 3
4239461.000000 4017912.000000 2111.719971 38 3
4239511.000000 4017912.000000 1983.869995 39 3
4239561.000000 4017912.000000 1856.357056 40 3
4239611.000000 4017912.000000 1729.422974 41 3
4239661.000000 4017912.000000 1603.432007 42 3
4239711.000000 4017912.000000 1479.208008 43 3
4239761.000000 4017912.000000 1358.746948 44 3
4239011.000000 4017962.000000 3221.145996 29 4
4239061.000000 4017962.000000 3098.429932 30 4
4239111.000000 4017962.000000 2975.291992 31 4
4239161.000000 4017962.000000 2851.129883 32 4
4239211.000000 4017962.000000 2725.974121 33 4
4239261.000000 4017962.000000 2599.965088 34 4
4239311.000000 4017962.000000 2473.249023 35 4
4239361.000000 4017962.000000 2346.001953 36 4
4239411.000000 4017962.000000 2218.476074 37 4
4239461.000000 4017962.000000 2090.991943 38 4
4239511.000000 4017962.000000 1963.896973 39 4
4239561.000000 4017962.000000 1837.498047 40 4
4239611.000000 4017962.000000 1712.006958 41 4
4239661.000000 4017962.000000 1587.593994 42 4
4239711.000000 4017962.000000 1464.494995 43 4
4239761.000000 4017962.000000 1343.223022 44 4
4239011.000000 4018012.000000 3194.924072 29 5
4239061.000000 4018012.000000 3072.405029 30 5
4239111.000000 4018012.000000 2949.621094 31 5
4239161.000000 4018012.000000 2826.423096 32 5
4239211.000000 4018012.000000 2702.270996 33 5
4239261.000000 4018012.000000 2577.075928 34 5
4239311.000000 4018012.000000 2450.937988 35 5
4239361.000000 4018012.000000 2324.105957 36 5
4239411.000000 4018012.000000 2196.968994 37 5
4239461.000000 4018012.000000 2070.029053 38 5
4239511.000000 4018012.000000 1943.796021 39 5
4239561.000000 4018012.000000 1818.650024 40 5
4239611.000000 4018012.000000 1694.740967 41 5
4239661.000000 4018012.000000 1571.999023 42 5
4239711.000000 4018012.000000 1450.048950 43 5
4239761.000000 4018012.000000 1328.750000 44 5
4238961.000000 4018062.000000 3290.846924 28 6
4239011.000000 4018062.000000 3168.617920 29 6
4239061.000000 4018062.000000 3046.428955 30 6
4239111.000000 4018062.000000 2924.239990 31 6
4239161.000000 4018062.000000 2801.802002 32 6
4239211.000000 4018062.000000 2678.384033 33 6
4239261.000000 4018062.000000 2553.805908 34 6
4239311.000000 4018062.000000 2428.152100 35 6
4239361.000000 4018062.000000 2301.727051 36 6
4239411.000000 4018062.000000 2175.044922 37 6
4239461.000000 4018062.000000 2048.753906 38 6
4239511.000000 4018062.000000 1923.484985 39 6
4239561.000000 4018062.000000 1799.655029 40 6
4239611.000000 4018062.000000 1677.258057 41 6
4239661.000000 4018062.000000 1555.753052 42 6
4239711.000000 4018062.000000 1434.890991 43 6
4239761.000000 4018062.000000 1314.479004 44 6
4238961.000000 4018112.000000 3263.750000 28 7
4239011.000000 4018112.000000 3142.355957 29 7
4239061.000000 4018112.000000 3020.726074 30 7
4239111.000000 4018112.000000 2899.251953 31 7
4239161.000000 4018112.000000 2777.159912 32 7
4239211.000000 4018112.000000 2654.101074 33 7
4239261.000000 4018112.000000 2529.913086 34 7
4239311.000000 4018112.000000 2404.668945 35 7
4239361.000000 4018112.000000 2278.708008 36 7
4239411.000000 4018112.000000 2152.607910 37 7
4239461.000000 4018112.000000 2027.092041 38 7
4239511.000000 4018112.000000 1902.859985 39 7
4239561.000000 4018112.000000 1780.389038 40 7
4239611.000000 4018112.000000 1659.786011 41 7
4239661.000000 4018112.000000 1540.583984 42 7
4239711.000000 4018112.000000 1420.641968 43 7
4239761.000000 4018112.000000 1300.224976 44 7
4238961.000000 4018162.000000 3236.600098 28 8
4239011.000000 4018162.000000 3116.343994 29 8
4239061.000000 4018162.000000 2996.079102 30 8
4239111.000000 4018162.000000 2874.278076 31 8
4239161.000000 4018162.000000 2752.043945 32 8
4239211.000000 4018162.000000 2629.083008 33 8
4239261.000000 4018162.000000 2505.170898 34 8
4239311.000000 4018162.000000 2380.361084 35 8
4239361.000000 4018162.000000 2254.990967 36 8
4239411.000000 4018162.000000 2129.634033 37 8
4239461.000000 4018162.000000 2004.985962 38 8
4239511.000000 4018162.000000 1881.680054 39 8
4239561.000000 4018162.000000 1760.093018 40 8
4239611.000000 4018162.000000 1640.192993 41 8
4239661.000000 4018162.000000 1521.375977 42 8
4239711.000000 4018162.000000 1402.495972 43 8
4239761.000000 4018162.000000 1284.748047 44 8
4238961.000000 4018212.000000 3209.082031 28 9
4239011.000000 4018212.000000 3089.031982 29 9
4239061.000000 4018212.000000 2968.664063 30 9
4239111.000000 4018212.000000 2847.603027 31 9
4239161.000000 4018212.000000 2725.754883 32 9
4239211.000000 4018212.000000 2603.070068 33 9
4239261.000000 4018212.000000 2479.530029 34 9
4239311.000000 4018212.000000 2355.280029 35 9
4239361.000000 4018212.000000 2230.672119 36 9
4239411.000000 4018212.000000 2106.226074 37 9
4239461.000000 4018212.000000 1982.521973 38 9
4239511.000000 4018212.000000 1860.040039 39 9
4239561.000000 4018212.000000 1738.984009 40 9
4239611.000000 4018212.000000 1619.172974 41 9
4239661.000000 4018212.000000 1500.022949 42 9
4239711.000000 4018212.000000 1381.254028 43 9
4238961.000000 4018262.000000 3181.282959 28 10
4239011.000000 4018262.000000 3061.312988 29 10
4239061.000000 4018262.000000 2941.006104 30 10
4239111.000000 4018262.000000 2820.231934 31 10
4239161.000000 4018262.000000 2698.675049 32 10
4239211.000000 4018262.000000 2576.310059 33 10
4239261.000000 4018262.000000 2453.239014 34 10
4239311.000000 4018262.000000 2329.680908 35 10
4239361.000000 4018262.000000 2205.983887 36 10
4239411.000000 4018262.000000 2082.570068 37 10
4239461.000000 4018262.000000 1959.866943 38 10
4239511.000000 4018262.000000 1838.181030 39 10
4239561.000000 4018262.000000 1717.578003 40 10
4239611.000000 4018262.000000 1597.849976 41 10
4239661.000000 4018262.000000 1478.558960 42 10
4239711.000000 4018262.000000 1359.576050 43 10
4238911.000000 4018312.000000 3272.883057 27 11
4238961.000000 4018312.000000 3153.385986 28 11
4239011.000000 4018312.000000 3033.611084 29 11
4239061.000000 4018312.000000 2913.396973 30 11
4239111.000000 4018312.000000 2792.676025 31 11
4239161.000000 4018312.000000 2671.282959 32 11
4239211.000000 4018312.000000 2549.239014 33 11
4239261.000000 4018312.000000 2426.700928 34 11
4239311.000000 4018312.000000 2303.919922 35 11
4239361.000000 4018312.000000 2181.195068 36 11
4239411.000000 4018312.000000 2058.843018 37 11
4239461.000000 4018312.000000 1937.130005 38 11
4239511.000000 4018312.000000 1816.211060 39 11
4239561.000000 4018312.000000 1696.062988 40 11
4239611.000000 4018312.000000 1576.432007 41 11
4239661.000000 4018312.000000 1457.046997 42 11
4239711.000000 4018312.000000 1337.817017 43 11
4238911.000000 4018362.000000 3245.437012 27 12
4238961.000000 4018362.000000 3125.761963 28 12
4239011.000000 4018362.000000 3005.967041 29 12
4239061.000000 4018362.000000 2885.795898 30 12
4239111.000000 4018362.000000 2765.137939 31 12
4239161.000000 4018362.000000 2643.938965 32 12
4239211.000000 4018362.000000 2522.270996 33 12
4239261.000000 4018362.000000 2400.318115 34 12
4239311.000000 4018362.000000 2278.320068 35 12
4239361.000000 4018362.000000 2156.524902 36 12
4239411.000000 4018362.000000 2035.144043 37 12
4239461.000000 4018362.000000 1914.316040 38 12
4239511.000000 4018362.000000 1794.093994 39 12
4239561.000000 4018362.000000 1674.397949 40 12
4239611.000000 4018362.000000 1554.961060 41 12
4239661.000000 4018362.000000 1435.494995 42 12
4239711.000000 4018362.000000 1316.042969 43 12
4238911.000000 4018412.000000 3218.174072 27 13
4238961.000000 4018412.000000 3098.318115 28 13
4239011.000000 4018412.000000 2978.399902 29 13
4239061.000000 4018412.000000 2858.240967 30 13
4239111.000000 4018412.000000 2737.743896 31 13
4239161.000000 4018412.000000 2616.888916 32 13
4239211.000000 4018412.000000 2495.722900 33 13
4239261.000000 4018412.000000 2374.391113 34 13
4239311.000000 4018412.000000 2253.114014 35 13
4239361.000000 4018412.000000 2132.101074 36 13
4239411.000000 4018412.000000 2011.495972 37 13
4239461.000000 4018412.000000 1891.363037 38 13
4239511.000000 4018412.000000 1771.697998 39 13
4239561.000000 4018412.000000 1652.438965 40 13
4239611.000000 4018412.000000 1533.392944 41 13
4239661.000000 4018412.000000 1413.780029 42 13
4239711.000000 4018412.000000 1294.214966 43 13
4238911.000000 4018462.000000 3190.993896 27 14
4238961.000000 4018462.000000 3070.868896 28 14
4239011.000000 4018462.000000 2950.766113 29 14
4239061.000000 4018462.000000 2830.593018 30 14
4239111.000000 4018462.000000 2710.447998 31 14
4239161.000000 4018462.000000 2590.242920 32 14
4239211.000000 4018462.000000 2469.798096 33 14
4239261.000000 4018462.000000 2349.127930 34 14
4239311.000000 4018462.000000 2228.441895 35 14
4239361.000000 4018462.000000 2107.981934 36 14
4239411.000000 4018462.000000 1987.894043 37 14
4239461.000000 4018462.000000 1868.203003 38 14
4239511.000000 4018462.000000 1748.858032 39 14
4239561.000000 4018462.000000 1629.759033 40 14
4239611.000000 4018462.000000 1510.729004 41 14
4239661.000000 4018462.000000 1391.536987 42 14
4239711.000000 4018462.000000 1272.300049 43 14
4238861.000000 4018512.000000 3284.155029 26 15
4238911.000000 4018512.000000 3164.043945 27 15
4238961.000000 4018512.000000 3043.408936 28 15
4239011.000000 4018512.000000 2922.728027 29 15
4239061.000000 4018512.000000 2802.272949 30 15
4239111.000000 4018512.000000 2682.873047 31 15
4239161.000000 4018512.000000 2563.940918 32 15
4239211.000000 4018512.000000 2444.635986 33 15
4239261.000000 4018512.000000 2324.701904 34 15
4239311.000000 4018512.000000 2204.431885 35 15
4239361.000000 4018512.000000 2084.245117 36 15
4239411.000000 4018512.000000 1964.396973 37 15
4239461.000000 4018512.000000 1844.932983 38 15
4239511.000000 4018512.000000 1725.786011 39 15
4239561.000000 4018512.000000 1606.869019 40 15
4239611.000000 4018512.000000 1488.119019 41 15
4239661.000000 4018512.000000 1369.298950 42 15
4239711.000000 4018512.000000 1250.447998 43 15
4238861.000000 4018562.000000 3260.324951 26 16
4238911.000000 4018562.000000 3137.670898 27 16
4238961.000000 4018562.000000 3014.656006 28 16
4239011.000000 4018562.000000 2892.139893 29 16
4239061.000000 4018562.000000 2771.722900 30 16
4239111.000000 4018562.000000 2654.202881 31 16
4239161.000000 4018562.000000 2537.850098 32 16
4239211.000000 4018562.000000 2420.424072 33 16
4239261.000000 4018562.000000 2301.345947 34 16
4239311.000000 4018562.000000 2181.258057 35 16
4239361.000000 4018562.000000 2061.019043 36 16
4239411.000000 4018562.000000 1941.145996 37 16
4239461.000000 4018562.000000 1821.749023 38 16
4239511.000000 4018562.000000 1702.725952 39 16
4239561.000000 4018562.000000 1584.000977 40 16
4239611.000000 4018562.000000 1465.661011 41 16
4239661.000000 4018562.000000 1347.311035 42 16
4239711.000000 4018562.000000 1228.824951 43 16
4238861.000000 4018612.000000 3236.720947 26 17
4238911.000000 4018612.000000 3111.349121 27 17
4238961.000000 4018612.000000 2984.666016 28 17
4239011.000000 4018612.000000 2858.187012 29 17
4239061.000000 4018612.000000 2737.424072 30 17
4239111.000000 4018612.000000 2623.568115 31 17
4239161.000000 4018612.000000 2512.039063 32 17
4239211.000000 4018612.000000 2397.555908 33 17
4239261.000000 4018612.000000 2279.392090 34 17
4239311.000000 4018612.000000 2159.136963 35 17
4239361.000000 4018612.000000 2038.484985 36 17
4239411.000000 4018612.000000 1918.359985 37 17
4239461.000000 4018612.000000 1798.942017 38 17
4239511.000000 4018612.000000 1680.029053 39 17
4239561.000000 4018612.000000 1561.457031 40 17
4239611.000000 4018612.000000 1443.437012 41 17
4239661.000000 4018612.000000 1325.963013 42 17
4238861.000000 4018662.000000 3212.168945 26 18
4238911.000000 4018662.000000 3083.886963 27 18
4238961.000000 4018662.000000 2952.168945 28 18
4239011.000000 4018662.000000 2817.925049 29 18
4239061.000000 4018662.000000 2696.616943 30 18
4239111.000000 4018662.000000 2589.873047 31 18
4239161.000000 4018662.000000 2487.031006 32 18
4239211.000000 4018662.000000 2376.591064 33 18
4239261.000000 4018662.000000 2259.063965 34 18
4239311.000000 4018662.000000 2138.134033 35 18
4239361.000000 4018662.000000 2016.728027 36 18
4239411.000000 4018662.000000 1896.227051 37 18
4239461.000000 4018662.000000 1776.840942 38 18
4239511.000000 4018662.000000 1658.232056 39 18
4239561.000000 4018662.000000 1540.072998 40 18
4239611.000000 4018662.000000 1422.437012 41 18
4239661.000000 4018662.000000 1305.358032 42 18
4238811.000000 4018712.000000 3316.717041 25 19
4238861.000000 4018712.000000 3185.320068 26 19
4238911.000000 4018712.000000 3053.868896 27 19
4238961.000000 4018712.000000 2912.701904 28 19
4239011.000000 4018712.000000 2766.498047 29 19
4239061.000000 4018712.000000 2645.857910 30 19
4239111.000000 4018712.000000 2552.248047 31 19
4239161.000000 4018712.000000 2463.991943 32 19
4239211.000000 4018712.000000 2357.582031 33 19
4239261.000000 4018712.000000 2239.778076 34 19
4239311.000000 4018712.000000 2117.693115 35 19
4239361.000000 4018712.000000 1995.462036 36 19
4239411.000000 4018712.000000 1874.701050 37 19
4239461.000000 4018712.000000 1755.526978 38 19
4239511.000000 4018712.000000 1637.433960 39 19
4239561.000000 4018712.000000 1519.937012 40 19
4239611.000000 4018712.000000 1402.538940 41 19
4239661.000000 4018712.000000 1285.552002 42 19
4238811.000000 4018762.000000 3280.042969 25 20
4238861.000000 4018762.000000 3153.469971 26 20
4238911.000000 4018762.000000 3021.357910 27 20
4238961.000000 4018762.000000 2865.090088 28 20
4239011.000000 4018762.000000 2703.606934 29 20
4239061.000000 4018762.000000 2585.388916 30 20
4239111.000000 4018762.000000 2511.215088 31 20
4239161.000000 4018762.000000 2443.240967 32 20
4239211.000000 4018762.000000 2337.980957 33 20
4239261.000000 4018762.000000 2218.985107 34 20
4239311.000000 4018762.000000 2096.184082 35 20
4239361.000000 4018762.000000 1973.859009 36 20
4239411.000000 4018762.000000 1853.418945 37 20
4239461.000000 4018762.000000 1734.781006 38 20
4239511.000000 4018762.000000 1617.233032 39 20
4239561.000000 4018762.000000 1500.025024 40 20
4239611.000000 4018762.000000 1383.142944 41 20
4239661.000000 4018762.000000 1266.366943 42 20
4238811.000000 4018812.000000 3241.680908 25 21
4238861.000000 4018812.000000 3117.833984 26 21
4238911.000000 4018812.000000 2987.403076 27 21
4238961.000000 4018812.000000 2829.782959 28 21
4239011.000000 4018812.000000 2648.931885 29 21
4239061.000000 4018812.000000 2530.240967 30 21
4239111.000000 4018812.000000 2470.523926 31 21
4239161.000000 4018812.000000 2411.685059 32 21
4239211.000000 4018812.000000 2309.113037 33 21
4239261.000000 4018812.000000 2192.201904 34 21
4239311.000000 4018812.000000 2071.470947 35 21
4239361.000000 4018812.000000 1950.953003 36 21
4239411.000000 4018812.000000 1831.953003 37 21
4239461.000000 4018812.000000 1714.459961 38 21
4239511.000000 4018812.000000 1597.868042 39 21
4239561.000000 4018812.000000 1481.328003 40 21
4239611.000000 4018812.000000 1364.536987 41 21
4239661.000000 4018812.000000 1247.734985 42 21
4238811.000000 4018862.000000 3201.931885 25 22
4238861.000000 4018862.000000 3081.138916 26 22
4238911.000000 4018862.000000 2960.051025 27 22
4238961.000000 4018862.000000 2834.459961 28 22
4239011.000000 4018862.000000 2667.680908 29 22
4239061.000000 4018862.000000 2538.123047 30 22
4239111.000000 4018862.000000 2451.269043 31 22
4239161.000000 4018862.000000 2371.500000 32 22
4239211.000000 4018862.000000 2270.906006 33 22
4239261.000000 4018862.000000 2159.365967 34 22
4239311.000000 4018862.000000 2043.572998 35 22
4239361.000000 4018862.000000 1926.719971 36 22
4239411.000000 4018862.000000 1810.142944 37 22
4239461.000000 4018862.000000 1694.185059 38 22
4239511.000000 4018862.000000 1578.678955 39 22
4239561.000000 4018862.000000 1462.812012 40 22
4239611.000000 4018862.000000 1346.311035 41 22
4239661.000000 4018862.000000 1229.515991 42 22
4238761.000000 4018912.000000 3278.170898 24 23
4238811.000000 4018912.000000 3163.653076 25 23
4238861.000000 4018912.000000 3046.726074 26 23
4238911.000000 4018912.000000 2934.850098 27 23
4238961.000000 4018912.000000 2824.935059 28 23
4239011.000000 4018912.000000 2678.165039 29 23
4239061.000000 4018912.000000 2546.435059 30 23
4239111.000000 4018912.000000 2438.989014 31 23
4239161.000000 4018912.000000 2339.562988 32 23
4239211.000000 4018912.000000 2233.952881 33 23
4239261.000000 4018912.000000 2126.052979 34 23
4239311.000000 4018912.000000 2015.340942 35 23
4239361.000000 4018912.000000 1902.521973 36 23
4239411.000000 4018912.000000 1788.483032 37 23
4239461.000000 4018912.000000 1673.802979 38 23
4239511.000000 4018912.000000 1558.741943 39 23
4239561.000000 4018912.000000 1443.621948 40 23
4239611.000000 4018912.000000 1328.499023 41 23
4238761.000000 4018962.000000 3246.635010 24 24
4238811.000000 4018962.000000 3132.010010 25 24
4238861.000000 4018962.000000 3017.922119 26 24
4238911.000000 4018962.000000 2907.792969 27 24
4238961.000000 4018962.000000 2795.577881 28 24
4239011.000000 4018962.000000 2666.051025 29 24
4239061.000000 4018962.000000 2539.523926 30 24
4239111.000000 4018962.000000 2423.812012 31 24
4239161.000000 4018962.000000 2313.212891 32 24
4239211.000000 4018962.000000 2201.927979 33 24
4239261.000000 4018962.000000 2097.143066 34 24
4239311.000000 4018962.000000 1990.233032 35 24
4239361.000000 4018962.000000 1880.385010 36 24
4239411.000000 4018962.000000 1768.193970 37 24
4239461.000000 4018962.000000 1654.458008 38 24
4239511.000000 4018962.000000 1540.031006 39 24
4239561.000000 4018962.000000 1425.566040 40 24
4239611.000000 4018962.000000 1311.110962 41 24
4238761.000000 4019012.000000 3216.576904 24 25
4238811.000000 4019012.000000 3102.913086 25 25
4238861.000000 4019012.000000 2989.644043 26 25
4238911.000000 4019012.000000 2877.452881 27 25
4238961.000000 4019012.000000 2762.762939 28 25
4239011.000000 4019012.000000 2641.029053 29 25
4239061.000000 4019012.000000 2520.010010 30 25
4239111.000000 4019012.000000 2404.301025 31 25
4239161.000000 4019012.000000 2292.437988 32 25
4239211.000000 4019012.000000 2182.633057 33 25
4239261.000000 4019012.000000 2076.812012 34 25
4239311.000000 4019012.000000 1970.395020 35 25
4239361.000000 4019012.000000 1861.496948 36 25
4239411.000000 4019012.000000 1749.962036 37 25
4239461.000000 4019012.000000 1636.364014 38 25
4239511.000000 4019012.000000 1521.729004 39 25
4239561.000000 4019012.000000 1407.963013 40 25
4239611.000000 4019012.000000 1294.276001 41 25
4238761.000000 4019062.000000 3187.353027 24 26
4238811.000000 4019062.000000 3074.113037 25 26
4238861.000000 4019062.000000 2959.959961 26 26
4238911.000000 4019062.000000 2844.641113 27 26
4238961.000000 4019062.000000 2727.240967 28 26
4239011.000000 4019062.000000 2607.945068 29 26
4239061.000000 4019062.000000 2491.100098 30 26
4239111.000000 4019062.000000 2379.099121 31 26
4239161.000000 4019062.000000 2270.756104 32 26
4239211.000000 4019062.000000 2164.458008 33 26
4239261.000000 4019062.000000 2059.577881 34 26
4239311.000000 4019062.000000 1953.614014 35 26
4239361.000000 4019062.000000 1845.094971 36 26
4239411.000000 4019062.000000 1733.813965 37 26
4239461.000000 4019062.000000 1620.329956 38 26
4239511.000000 4019062.000000 1505.750000 39 26
4239561.000000 4019062.000000 1392.000000 40 26
4239611.000000 4019062.000000 1278.416992 41 26
4238711.000000 4019112.000000 3269.827881 23 27
4238761.000000 4019112.000000 3158.396973 24 27
4238811.000000 4019112.000000 3045.883057 25 27
4238861.000000 4019112.000000 2929.889893 26 27
4238911.000000 4019112.000000 2810.343994 27 27
4238961.000000 4019112.000000 2689.173096 28 27
4239011.000000 4019112.000000 2569.142090 29 27
4239061.000000 4019112.000000 2455.083984 30 27
4239111.000000 4019112.000000 2348.174072 31 27
4239161.000000 4019112.000000 2245.427002 32 27
4239211.000000 4019112.000000 2143.991943 33 27
4239261.000000 4019112.000000 2041.931030 34 27
4239311.000000 4019112.000000 1937.474976 35 27
4239361.000000 4019112.000000 1829.777954 36 27
4239411.000000 4019112.000000 1719.010986 37 27
4239461.000000 4019112.000000 1606.010986 38 27
4239511.000000 4019112.000000 1491.979004 39 27
4239561.000000 4019112.000000 1377.760010 40 27
4239611.000000 4019112.000000 1263.676025 41 27
4238711.000000 4019162.000000 3240.982910 23 28
4238761.000000 4019162.000000 3129.585938 24 28
4238811.000000 4019162.000000 3016.362061 25 28
4238861.000000 4019162.000000 2898.187012 26 28
4238911.000000 4019162.000000 2775.504883 27 28
4238961.000000 4019162.000000 2650.500000 28 28
4239011.000000 4019162.000000 2527.771973 29 28
4239061.000000 4019162.000000 2415.527100 30 28
4239111.000000 4019162.000000 2314.232910 31 28
4239161.000000 4019162.000000 2217.520996 32 28
4239211.000000 4019162.000000 2121.334961 33 28
4239261.000000 4019162.000000 2022.990967 34 28
4239311.000000 4019162.000000 1920.871948 35 28
4239361.000000 4019162.000000 1814.552979 36 28
4239411.000000 4019162.000000 1704.614014 37 28
4239461.000000 4019162.000000 1592.166992 38 28
4239511.000000 4019162.000000 1478.405029 39 28
4239561.000000 4019162.000000 1364.458984 40 28
4239611.000000 4019162.000000 1249.843994 41 28
4238711.000000 4019212.000000 3212.302002 23 29
4238761.000000 4019212.000000 3101.084961 24 29
4238811.000000 4019212.000000 2987.336914 25 29
4238861.000000 4019212.000000 2868.030029 26 29
4238911.000000 4019212.000000 2743.898926 27 29
4238961.000000 4019212.000000 2616.584961 28 29
4239011.000000 4019212.000000 2490.667969 29 29
4239061.000000 4019212.000000 2379.772949 30 29
4239111.000000 4019212.000000 2283.392090 31 29
4239161.000000 4019212.000000 2191.013916 32 29
4239211.000000 4019212.000000 2098.851074 33 29
4239261.000000 4019212.000000 2003.790039 34 29
4239311.000000 4019212.000000 1904.009033 35 29
4239361.000000 4019212.000000 1799.211060 36 29
4239411.000000 4019212.000000 1690.272949 37 29
4239461.000000 4019212.000000 1578.720947 38 29
4239511.000000 4019212.000000 1466.093994 39 29
4239561.000000 4019212.000000 1352.852051 40 29
4238711.000000 4019262.000000 3183.285889 23 30
4238761.000000 4019262.000000 3072.409912 24 30
4238811.000000 4019262.000000 2958.575928 25 30
4238861.000000 4019262.000000 2840.564941 26 30
4238911.000000 4019262.000000 2718.459961 27 30
4238961.000000 4019262.000000 2594.260986 28 30
4239011.000000 4019262.000000 2472.835938 29 30
4239061.000000 4019262.000000 2362.383057 30 30
4239111.000000 4019262.000000 2263.393066 31 30
4239161.000000 4019262.000000 2170.206055 32 30
4239211.000000 4019262.000000 2079.355957 33 30
4239261.000000 4019262.000000 1986.019043 34 30
4239311.000000 4019262.000000 1887.709961 35 30
4239361.000000 4019262.000000 1783.968018 36 30
4239411.000000 4019262.000000 1675.744995 37 30
4239461.000000 4019262.000000 1564.737061 38 30
4239511.000000 4019262.000000 1453.047974 39 30
4239561.000000 4019262.000000 1341.016968 40 30
4238661.000000 4019312.000000 3262.346924 22 31
4238711.000000 4019312.000000 3153.687012 23 31
4238761.000000 4019312.000000 3043.599121 24 31
4238811.000000 4019312.000000 2930.965088 25 31
4238861.000000 4019312.000000 2815.266113 26 31
4238911.000000 4019312.000000 2696.855957 27 31
4238961.000000 4019312.000000 2577.583008 28 31
4239011.000000 4019312.000000 2461.134033 29 31
4239061.000000 4019312.000000 2351.971924 30 31
4239111.000000 4019312.000000 2250.611084 31 31
4239161.000000 4019312.000000 2155.041992 32 31
4239211.000000 4019312.000000 2064.016113 33 31
4239261.000000 4019312.000000 1970.755981 34 31
4239311.000000 4019312.000000 1872.625000 35 31
4239361.000000 4019312.000000 1769.196045 36 31
4239411.000000 4019312.000000 1661.405029 37 31
4239461.000000 4019312.000000 1550.975952 38 31
4239511.000000 4019312.000000 1440.109009 39 31
4239561.000000 4019312.000000 1329.081055 40 31
4238661.000000 4019362.000000 3234.434082 22 32
4238711.000000 4019362.000000 3125.224121 23 32
4238761.000000 4019362.000000 3015.435059 24 32
4238811.000000 4019362.000000 2903.811035 25 32
4238861.000000 4019362.000000 2790.496094 26 32
4238911.000000 4019362.000000 2676.008057 27 32
4238961.000000 4019362.000000 2561.819092 28 32
4239011.000000 4019362.000000 2450.321045 29 32
4239061.000000 4019362.000000 2343.892090 30 32
4239111.000000 4019362.000000 2243.019043 31 32
4239161.000000 4019362.000000 2146.656982 32 32
4239211.000000 4019362.000000 2053.041016 33 32
4239261.000000 4019362.000000 1957.808960 34 32
4239311.000000 4019362.000000 1858.532959 35 32
4239361.000000 4019362.000000 1754.717041 36 32
4239411.000000 4019362.000000 1647.186035 37 32
4239461.000000 4019362.000000 1537.441040 38 32
4239511.000000 4019362.000000 1427.312012 39 32
4239561.000000 4019362.000000 1317.112061 40 32
4238661.000000 4019412.000000 3206.957031 22 33
4238711.000000 4019412.000000 3097.097900 23 33
4238761.000000 4019412.000000 2986.862061 24 33
4238811.000000 4019412.000000 2876.216064 25 33
4238861.000000 4019412.000000 2764.989014 26 33
4238911.000000 4019412.000000 2653.951904 27 33
4238961.000000 4019412.000000 2544.302979 28 33
4239011.000000 4019412.000000 2437.418945 29 33
4239061.000000 4019412.000000 2334.319092 30 33
4239111.000000 4019412.000000 2234.941895 31 33
4239161.000000 4019412.000000 2138.256104 32 33
4239211.000000 4019412.000000 2042.485962 33 33
4239261.000000 4019412.000000 1945.000000 34 33
4239311.000000 4019412.000000 1844.168945 35 33
4239361.000000 4019412.000000 1739.765991 36 33
4239411.000000 4019412.000000 1632.589966 37 33
4239461.000000 4019412.000000 1523.965942 38 33
4239511.000000 4019412.000000 1414.461060 39 33
4239561.000000 4019412.000000 1305.062012 40 33
4238661.000000 4019462.000000 3179.967041 22 34
4238711.000000 4019462.000000 3069.583984 23 34
4238761.000000 4019462.000000 2959.166992 24 34
4238811.000000 4019462.000000 2848.726074 25 34
4238861.000000 4019462.000000 2738.772949 26 34
4238911.000000 4019462.000000 2630.306885 27 34
4238961.000000 4019462.000000 2524.263916 28 34
4239011.000000 4019462.000000 2421.243896 29 34
4239061.000000 4019462.000000 2321.250000 30 34
4239111.000000 4019462.000000 2223.558105 31 34
4239161.000000 4019462.000000 2126.889893 32 34
4239211.000000 4019462.000000 2029.718994 33 34
4239261.000000 4019462.000000 1930.496948 34 34
4239311.000000 4019462.000000 1828.425049 35 34
4239361.000000 4019462.000000 1723.583984 36 34
4239411.000000 4019462.000000 1616.668945 37 34
4239461.000000 4019462.000000 1508.667969 38 34
4239511.000000 4019462.000000 1400.766968 39 34
4239561.000000 4019462.000000 1292.823975 40 34
4238611.000000 4019512.000000 3263.822021 21 35
4238661.000000 4019512.000000 3153.267090 22 35
4238711.000000 4019512.000000 3043.062988 23 35
4238761.000000 4019512.000000 2932.500000 24 35
4238811.000000 4019512.000000 2821.769043 25 35
4238861.000000 4019512.000000 2712.440918 26 35
4238911.000000 4019512.000000 2605.686035 27 35
4238961.000000 4019512.000000 2502.219971 28 35
4239011.000000 4019512.000000 2402.074951 29 35
4239061.000000 4019512.000000 2304.538086 30 35
4239111.000000 4019512.000000 2208.302002 31 35
4239161.000000 4019512.000000 2111.886963 32 35
4239211.000000 4019512.000000 2014.006958 33 35
4239261.000000 4019512.000000 1913.845947 34 35
4239311.000000 4019512.000000 1811.219971 35 35
4239361.000000 4019512.000000 1706.508057 36 35
4239411.000000 4019512.000000 1600.371948 37 35
4239461.000000 4019512.000000 1493.614014 38 35
4239511.000000 4019512.000000 1387.128052 39 35
4239561.000000 4019512.000000 1280.609009 40 35
4238611.000000 4019562.000000 3234.402100 21 36
4238661.000000 4019562.000000 3125.884033 22 36
4238711.000000 4019562.000000 3016.528076 23 36
4238761.000000 4019562.000000 2906.073975 24 36
4238811.000000 4019562.000000 2795.552002 25 36
4238861.000000 4019562.000000 2686.747070 26 36
4238911.000000 4019562.000000 2581.065918 27 36
4238961.000000 4019562.000000 2479.188965 28 36
4239011.000000 4019562.000000 2380.889893 29 36
4239061.000000 4019562.000000 2285.034912 30 36
4239111.000000 4019562.000000 2189.947998 31 36
4239161.000000 4019562.000000 2093.966064 32 36
4239211.000000 4019562.000000 1996.009033 33 36
4239261.000000 4019562.000000 1895.697998 34 36
4239311.000000 4019562.000000 1793.246948 35 36
4239361.000000 4019562.000000 1689.193970 36 36
4239411.000000 4019562.000000 1584.214966 37 36
4239461.000000 4019562.000000 1478.962036 38 36
4239511.000000 4019562.000000 1373.833008 39 36
4239561.000000 4019562.000000 1268.578003 40 36
4238611.000000 4019612.000000 3204.235107 21 37
4238661.000000 4019612.000000 3098.337891 22 37
4238711.000000 4019612.000000 2990.437012 23 37
4238761.000000 4019612.000000 2880.952881 24 37
4238811.000000 4019612.000000 2771.032959 25 37
4238861.000000 4019612.000000 2662.702881 26 37
4238911.000000 4019612.000000 2557.475098 27 37
4238961.000000 4019612.000000 2456.178955 28 37
4239011.000000 4019612.000000 2358.678955 29 37
4239061.000000 4019612.000000 2263.795898 30 37
4239111.000000 4019612.000000 2169.625000 31 37
4239161.000000 4019612.000000 2074.309082 32 37
4239211.000000 4019612.000000 1976.843994 33 37
4239261.000000 4019612.000000 1877.095947 34 37
4239311.000000 4019612.000000 1775.409058 35 37
4239361.000000 4019612.000000 1672.328979 36 37
4239411.000000 4019612.000000 1568.484985 37 37
4239461.000000 4019612.000000 1464.713989 38 37
4239511.000000 4019612.000000 1361.037964 39 37
4238611.000000 4019662.000000 3172.489014 21 38
4238661.000000 4019662.000000 3071.115967 22 38
4238711.000000 4019662.000000 2966.072021 23 38
4238761.000000 4019662.000000 2857.919922 24 38
4238811.000000 4019662.000000 2748.934082 25 38
4238861.000000 4019662.000000 2641.097900 26 38
4238911.000000 4019662.000000 2535.652100 27 38
4238961.000000 4019662.000000 2433.791016 28 38
4239011.000000 4019662.000000 2336.003906 29 38
4239061.000000 4019662.000000 2241.445068 30 38
4239111.000000 4019662.000000 2148.114014 31 38
4239161.000000 4019662.000000 2053.728027 32 38
4239211.000000 4019662.000000 1957.286987 33 38
4239261.000000 4019662.000000 1858.735962 34 38
4239311.000000 4019662.000000 1758.343018 35 38
4239361.000000 4019662.000000 1656.458008 36 38
4239411.000000 4019662.000000 1553.484985 37 38
4239461.000000 4019662.000000 1450.834961 38 38
4239511.000000 4019662.000000 1348.484009 39 38
4238561.000000 4019712.000000 3224.728027 20 39
4238611.000000 4019712.000000 3137.034912 21 39
4238661.000000 4019712.000000 3043.721924 22 39
4238711.000000 4019712.000000 2942.445068 23 39
4238761.000000 4019712.000000 2835.832031 24 39
4238811.000000 4019712.000000 2728.697021 25 39
4238861.000000 4019712.000000 2621.940918 26 39
4238911.000000 4019712.000000 2515.625000 27 39
4238961.000000 4019712.000000 2411.909912 28 39
4239011.000000 4019712.000000 2312.644043 29 39
4239061.000000 4019712.000000 2217.806885 30 39
4239111.000000 4019712.000000 2125.371094 31 39
4239161.000000 4019712.000000 2032.166992 32 39
4239211.000000 4019712.000000 1937.206055 33 39
4239261.000000 4019712.000000 1840.480957 34 39
4239311.000000 4019712.000000 1742.032959 35 39
4239361.000000 4019712.000000 1641.982056 36 39
4239411.000000 4019712.000000 1540.630981 37 39
4239461.000000 4019712.000000 1438.801025 38 39
4239511.000000 4019712.000000 1336.395020 39 39
4238511.000000 4019762.000000 3273.604004 19 40
4238561.000000 4019762.000000 3185.300049 20 40
4238611.000000 4019762.000000 3099.670898 21 40
4238661.000000 4019762.000000 3013.093018 22 40
4238711.000000 4019762.000000 2912.688965 23 40
4238761.000000 4019762.000000 2810.172119 24 40
4238811.000000 4019762.000000 2707.803955 25 40
4238861.000000 4019762.000000 2603.958984 26 40
4238911.000000 4019762.000000 2496.196045 27 40
4238961.000000 4019762.000000 2389.273926 28 40
4239011.000000 4019762.000000 2287.397949 29 40
4239061.000000 4019762.000000 2191.686035 30 40
4239111.000000 4019762.000000 2100.403076 31 40
4239161.000000 4019762.000000 2008.473999 32 40
4239211.000000 4019762.000000 1915.473999 33 40
4239261.000000 4019762.000000 1821.227051 34 40
4239311.000000 4019762.000000 1725.326050 35 40
4239361.000000 4019762.000000 1627.454956 36 40
4239411.000000 4019762.000000 1527.269043 37 40
4239461.000000 4019762.000000 1426.336060 38 40
4239511.000000 4019762.000000 1323.907959 39 40
4238511.000000 4019812.000000 3226.771973 19 41
4238561.000000 4019812.000000 3138.267090 20 41
4238611.000000 4019812.000000 3050.455078 21 41
4238661.000000 4019812.000000 2961.801025 22 41
4238711.000000 4019812.000000 2870.284912 23 41
4238761.000000 4019812.000000 2776.729004 24 41
4238811.000000 4019812.000000 2682.524902 25 41
4238861.000000 4019812.000000 2584.384033 26 41
4238911.000000 4019812.000000 2474.188965 27 41
4238961.000000 4019812.000000 2363.229004 28 41
4239011.000000 4019812.000000 2258.315918 29 41
4239061.000000 4019812.000000 2161.189941 30 41
4239111.000000 4019812.000000 2069.896973 31 41
4239161.000000 4019812.000000 1980.363037 32 41
4239211.000000 4019812.000000 1890.556030 33 41
4239261.000000 4019812.000000 1799.524048 34 41
4239311.000000 4019812.000000 1706.859985 35 41
4239361.000000 4019812.000000 1612.349976 36 41
4239411.000000 4019812.000000 1515.064941 37 41
4239461.000000 4019812.000000 1413.725952 38 41
4239511.000000 4019812.000000 1310.357056 39 41
4238461.000000 4019862.000000 3272.400879 18 42
4238511.000000 4019862.000000 3178.185059 19 42
4238561.000000 4019862.000000 3087.181885 20 42
4238611.000000 4019862.000000 2997.648926 21 42
4238661.000000 4019862.000000 2909.996094 22 42
4238711.000000 4019862.000000 2822.354004 23 42
4238761.000000 4019862.000000 2734.729004 24 42
4238811.000000 4019862.000000 2647.542969 25 42
4238861.000000 4019862.000000 2556.629883 26 42
4238911.000000 4019862.000000 2442.937012 27 42
4238961.000000 4019862.000000 2329.650879 28 42
4239011.000000 4019862.000000 2223.837891 29 42
4239061.000000 4019862.000000 2126.850098 30 42
4239111.000000 4019862.000000 2036.626953 31 42
4239161.000000 4019862.000000 1949.494995 32 42
4239211.000000 4019862.000000 1862.588989 33 42
4239261.000000 4019862.000000 1774.348022 34 42
4239311.000000 4019862.000000 1684.416992 35 42
4239361.000000 4019862.000000 1593.409058 36 42
4239411.000000 4019862.000000 1501.395996 37 42
4239461.000000 4019862.000000 1398.228027 38 42
4239511.000000 4019862.000000 1294.459961 39 42
4238461.000000 4019912.000000 3211.248047 18 43
4238511.000000 4019912.000000 3124.197021 19 43
4238561.000000 4019912.000000 3034.196045 20 43
4238611.000000 4019912.000000 2944.763916 21 43
4238661.000000 4019912.000000 2856.834961 22 43
4238711.000000 4019912.000000 2769.364990 23 43
4238761.000000 4019912.000000 2682.051025 24 43
4238811.000000 4019912.000000 2593.895996 25 43
4238861.000000 4019912.000000 2500.257080 26 43
4238911.000000 4019912.000000 2393.650879 27 43
4238961.000000 4019912.000000 2285.775879 28 43
4239011.000000 4019912.000000 2183.750977 29 43
4239061.000000 4019912.000000 2089.581055 30 43
4239111.000000 4019912.000000 2001.719971 31 43
4239161.000000 4019912.000000 1916.913940 32 43
4239211.000000 4019912.000000 1832.109985 33 43
4239261.000000 4019912.000000 1745.312988 34 43
4239311.000000 4019912.000000 1655.751953 35 43
4239361.000000 4019912.000000 1563.677002 36 43
4239411.000000 4019912.000000 1469.847046 37 43
4239461.000000 4019912.000000 1373.034058 38 43
4239511.000000 4019912.000000 1274.987061 39 43
4238411.000000 4019962.000000 3215.556885 17 44
4238461.000000 4019962.000000 3147.428955 18 44
4238511.000000 4019962.000000 3069.589111 19 44
4238561.000000 4019962.000000 2981.480957 20 44
4238611.000000 4019962.000000 2892.135010 21 44
4238661.000000 4019962.000000 2802.820068 22 44
4238711.000000 4019962.000000 2713.470947 23 44
4238761.000000 4019962.000000 2623.781006 24 44
4238811.000000 4019962.000000 2533.050049 25 44
4238861.000000 4019962.000000 2438.353027 26 44
4238911.000000 4019962.000000 2337.731934 27 44
4238961.000000 4019962.000000 2236.905029 28 44
4239011.000000 4019962.000000 2140.748047 29 44
4239061.000000 4019962.000000 2050.856934 30 44
4239111.000000 4019962.000000 1965.937012 31 44
4239161.000000 4019962.000000 1883.214966 32 44
4239211.000000 4019962.000000 1799.875977 33 44
4239261.000000 4019962.000000 1713.909058 34 44
4239311.000000 4019962.000000 1624.360962 35 44
4239361.000000 4019962.000000 1531.682983 36 44
4239411.000000 4019962.000000 1438.548950 37 44
4239461.000000 4019962.000000 1345.156982 38 44
4239511.000000 4019962.000000 1253.650024 39 44
4238361.000000 4020012.000000 3216.885010 16 45
4238411.000000 4020012.000000 3153.184082 17 45
4238461.000000 4020012.000000 3087.101074 18 45
4238511.000000 4020012.000000 3015.563965 19 45
4238561.000000 4020012.000000 2928.278076 20 45
4238611.000000 4020012.000000 2838.449951 21 45
4238661.000000 4020012.000000 2748.031006 22 45
4238711.000000 4020012.000000 2656.845947 23 45
4238761.000000 4020012.000000 2564.613037 24 45
4238811.000000 4020012.000000 2472.310059 25 45
4238861.000000 4020012.000000 2378.158936 26 45
4238911.000000 4020012.000000 2282.238037 27 45
4238961.000000 4020012.000000 2187.674072 28 45
4239011.000000 4020012.000000 2097.215088 29 45
4239061.000000 4020012.000000 2011.520996 30 45
4239111.000000 4020012.000000 1929.291992 31 45
4239161.000000 4020012.000000 1848.228027 32 45
4239211.000000 4020012.000000 1766.062012 33 45
4239261.000000 4020012.000000 1681.107056 34 45
4239311.000000 4020012.000000 1592.347046 35 45
4239361.000000 4020012.000000 1500.069946 36 45
4239411.000000 4020012.000000 1407.317017 37 45
4239461.000000 4020012.000000 1314.296021 38 45
4238311.000000 4020062.000000 3217.474121 15 46
4238361.000000 4020062.000000 3154.175049 16 46
4238411.000000 4020062.000000 3089.423096 17 46
4238461.000000 4020062.000000 3021.747070 18 46
4238511.000000 4020062.000000 2949.135010 19 46
4238561.000000 4020062.000000 2867.637939 20 46
4238611.000000 4020062.000000 2781.122070 21 46
4238661.000000 4020062.000000 2692.000000 22 46
4238711.000000 4020062.000000 2600.751953 23 46
4238761.000000 4020062.000000 2506.908936 24 46
4238811.000000 4020062.000000 2414.569092 25 46
4238861.000000 4020062.000000 2321.683105 26 46
4238911.000000 4020062.000000 2229.437012 27 46
4238961.000000 4020062.000000 2139.740967 28 46
4239011.000000 4020062.000000 2053.781982 29 46
4239061.000000 4020062.000000 1971.352051 30 46
4239111.000000 4020062.000000 1891.061035 31 46
4239161.000000 4020062.000000 1811.103027 32 46
4239211.000000 4020062.000000 1729.937988 33 46
4239261.000000 4020062.000000 1646.489990 34 46
4239311.000000 4020062.000000 1559.748047 35 46
4239361.000000 4020062.000000 1468.729004 36 46
4239411.000000 4020062.000000 1375.483032 37 46
4239461.000000 4020062.000000 1282.814941 38 46
4238261.000000 4020112.000000 3217.710938 14 47
4238311.000000 4020112.000000 3155.329102 15 47
4238361.000000 4020112.000000 3091.501953 16 47
4238411.000000 4020112.000000 3025.785889 17 47
4238461.000000 4020112.000000 2956.844971 18 47
4238511.000000 4020112.000000 2884.302002 19 47
4238561.000000 4020112.000000 2805.718018 20 47
4238611.000000 4020112.000000 2722.160889 21 47
4238661.000000 4020112.000000 2635.311035 22 47
4238711.000000 4020112.000000 2546.322998 23 47
4238761.000000 4020112.000000 2454.538086 24 47
4238811.000000 4020112.000000 2360.815918 25 47
4238861.000000 4020112.000000 2268.585938 26 47
4238911.000000 4020112.000000 2178.976074 27 47
4238961.000000 4020112.000000 2092.739990 28 47
4239011.000000 4020112.000000 2009.915039 29 47
4239061.000000 4020112.000000 1929.600952 30 47
4239111.000000 4020112.000000 1850.355957 31 47
4239161.000000 4020112.000000 1770.791992 32 47
4239211.000000 4020112.000000 1690.076050 33 47
4239261.000000 4020112.000000 1608.042969 34 47
4239311.000000 4020112.000000 1524.406006 35 47
4239361.000000 4020112.000000 1432.821045 36 47
4239411.000000 4020112.000000 1340.249023 37 47
4238211.000000 4020162.000000 3217.677002 13 48
4238261.000000 4020162.000000 3156.566895 14 48
4238311.000000 4020162.000000 3093.825928 15 48
4238361.000000 4020162.000000 3029.574951 16 48
4238411.000000 4020162.000000 2963.297119 17 48
4238461.000000 4020162.000000 2894.368896 18 48
4238511.000000 4020162.000000 2822.000977 19 48
4238561.000000 4020162.000000 2744.840088 20 48
4238611.000000 4020162.000000 2662.918945 21 48
4238661.000000 4020162.000000 2577.115967 22 48
4238711.000000 4020162.000000 2488.499023 23 48
4238761.000000 4020162.000000 2398.268066 24 48
4238811.000000 4020162.000000 2306.685059 25 48
4238861.000000 4020162.000000 2216.558105 26 48
4238911.000000 4020162.000000 2129.425049 27 48
4238961.000000 4020162.000000 2045.734009 28 48
4239011.000000 4020162.000000 1964.942993 29 48
4239061.000000 4020162.000000 1885.813965 30 48
4239111.000000 4020162.000000 1806.868042 31 48
4239161.000000 4020162.000000 1726.902954 32 48
4239211.000000 4020162.000000 1645.275024 33 48
4239261.000000 4020162.000000 1561.774048 34 48
4239311.000000 4020162.000000 1476.144043 35 48
4239361.000000 4020162.000000 1389.548950 36 48
4239411.000000 4020162.000000 1301.801025 37 48
4238161.000000 4020212.000000 3217.215088 12 49
4238211.000000 4020212.000000 3157.378906 13 49
4238261.000000 4020212.000000 3096.350098 14 49
4238311.000000 4020212.000000 3033.395996 15 49
4238361.000000 4020212.000000 2968.941895 16 49
4238411.000000 4020212.000000 2902.813965 17 49
4238461.000000 4020212.000000 2834.229004 18 49
4238511.000000 4020212.000000 2762.340088 19 49
4238561.000000 4020212.000000 2686.104004 20 49
4238611.000000 4020212.000000 2605.106934 21 49
4238661.000000 4020212.000000 2520.020996 22 49
4238711.000000 4020212.000000 2432.164063 23 49
4238761.000000 4020212.000000 2342.802979 24 49
4238811.000000 4020212.000000 2253.117920 25 49
4238861.000000 4020212.000000 2165.114990 26 49
4238911.000000 4020212.000000 2080.081055 27 49
4238961.000000 4020212.000000 1998.199951 28 49
4239011.000000 4020212.000000 1918.701050 29 49
4239061.000000 4020212.000000 1840.213989 30 49
4239111.000000 4020212.000000 1761.285034 31 49
4239161.000000 4020212.000000 1680.817017 32 49
4239211.000000 4020212.000000 1598.375000 33 49
4239261.000000 4020212.000000 1514.384033 34 49
4239311.000000 4020212.000000 1429.520020 35 49
4239361.000000 4020212.000000 1344.843994 36 49
4239411.000000 4020212.000000 1261.708984 37 49
4238111.000000 4020262.000000 3216.343018 11 50
4238161.000000 4020262.000000 3157.172119 12 50
4238211.000000 4020262.000000 3097.521973 13 50
4238261.000000 4020262.000000 3037.168945 14 50
4238311.000000 4020262.000000 2974.600098 15 50
4238361.000000 4020262.000000 2910.270996 16 50
4238411.000000 4020262.000000 2844.399902 17 50
4238461.000000 4020262.000000 2776.322021 18 50
4238511.000000 4020262.000000 2705.150879 19 50
4238561.000000 4020262.000000 2629.808105 20 50
4238611.000000 4020262.000000 2549.441895 21 50
4238661.000000 4020262.000000 2464.908936 22 50
4238711.000000 4020262.000000 2377.366943 23 50
4238761.000000 4020262.000000 2288.708008 24 50
4238811.000000 4020262.000000 2200.458008 25 50
4238861.000000 4020262.000000 2114.149902 26 50
4238911.000000 4020262.000000 2030.689941 27 50
4238961.000000 4020262.000000 1950.067017 28 50
4239011.000000 4020262.000000 1871.423950 29 50
4239061.000000 4020262.000000 1793.416016 30 50
4239111.000000 4020262.000000 1714.626953 31 50
4239161.000000 4020262.000000 1633.983032 32 50
4239211.000000 4020262.000000 1551.182007 33 50
4239261.000000 4020262.000000 1467.156006 34 50
4239311.000000 4020262.000000 1382.421997 35 50
4239361.000000 4020262.000000 1297.540039 36 50
4238061.000000 4020312.000000 3215.310059 10 51
4238111.000000 4020312.000000 3156.458008 11 51
4238161.000000 4020312.000000 3097.179932 12 51
4238211.000000 4020312.000000 3037.638916 13 51
4238261.000000 4020312.000000 2977.732910 14 51
4238311.000000 4020312.000000 2916.082031 15 51
4238361.000000 4020312.000000 2852.669922 16 51
4238411.000000 4020312.000000 2787.466064 17 51
4238461.000000 4020312.000000 2720.022949 18 51
4238511.000000 4020312.000000 2649.629883 19 51
4238561.000000 4020312.000000 2575.303955 20 51
4238611.000000 4020312.000000 2495.711914 21 51
4238661.000000 4020312.000000 2410.666016 22 51
4238711.000000 4020312.000000 2323.290039 23 51
4238761.000000 4020312.000000 2235.375000 24 51
4238811.000000 4020312.000000 2148.344971 25 51
4238861.000000 4020312.000000 2063.372070 26 51
4238911.000000 4020312.000000 1981.088989 27 51
4238961.000000 4020312.000000 1901.369995 28 51
4239011.000000 4020312.000000 1823.407959 29 51
4239061.000000 4020312.000000 1745.962036 30 51
4239111.000000 4020312.000000 1667.687012 31 51
4239161.000000 4020312.000000 1587.453003 32 51
4239211.000000 4020312.000000 1504.984985 33 51
4239261.000000 4020312.000000 1420.413940 34 51
4239311.000000 4020312.000000 1335.219971 35 51
4239361.000000 4020312.000000 1250.172974 36 51
4238011.000000 4020362.000000 3214.167969 9 52
4238061.000000 4020362.000000 3155.818115 10 52
4238111.000000 4020362.000000 3096.891113 11 52
4238161.000000 4020362.000000 3037.778076 12 52
4238211.000000 4020362.000000 2978.691895 13 52
4238261.000000 4020362.000000 2919.405029 14 52
4238311.000000 4020362.000000 2858.770020 15 52
4238361.000000 4020362.000000 2796.290039 16 52
4238411.000000 4020362.000000 2731.638916 17 52
4238461.000000 4020362.000000 2664.424072 18 52
4238511.000000 4020362.000000 2594.143066 19 52
4238561.000000 4020362.000000 2519.990967 20 52
4238611.000000 4020362.000000 2439.653076 21 52
4238661.000000 4020362.000000 2355.133057 22 52
4238711.000000 4020362.000000 2268.653076 23 52
4238761.000000 4020362.000000 2181.888916 24 52
4238811.000000 4020362.000000 2096.138916 25 52
4238861.000000 4020362.000000 2012.374023 26 52
4238911.000000 4020362.000000 1931.066040 27 52
4238961.000000 4020362.000000 1852.082031 28 52
4239011.000000 4020362.000000 1774.734009 29 52
4239061.000000 4020362.000000 1697.973022 30 52
4239111.000000 4020362.000000 1620.552979 31 52
4239161.000000 4020362.000000 1541.060059 32 52
4239211.000000 4020362.000000 1458.376953 33 52
4239261.000000 4020362.000000 1373.380005 34 52
4239311.000000 4020362.000000 1287.751953 35 52
4237961.000000 4020412.000000 3212.887939 8 53
4238011.000000 4020412.000000 3155.263916 9 53
4238061.000000 4020412.000000 3096.804932 10 53
4238111.000000 4020412.000000 3038.056885 11 53
4238161.000000 4020412.000000 2979.509033 12 53
4238211.000000 4020412.000000 2921.289063 13 53
4238261.000000 4020412.000000 2862.843018 14 53
4238311.000000 4020412.000000 2803.158936 15 53
4238361.000000 4020412.000000 2741.349121 16 53
4238411.000000 4020412.000000 2676.711914 17 53
4238461.000000 4020412.000000 2608.835938 18 53
4238511.000000 4020412.000000 2537.281982 19 53
4238561.000000 4020412.000000 2461.687012 20 53
4238611.000000 4020412.000000 2381.531006 21 53
4238661.000000 4020412.000000 2298.042969 22 53
4238711.000000 4020412.000000 2212.937012 23 53
4238761.000000 4020412.000000 2127.666992 24 53
4238811.000000 4020412.000000 2043.365967 25 53
4238861.000000 4020412.000000 1960.836060 26 53
4238911.000000 4020412.000000 1880.453003 27 53
4238961.000000 4020412.000000 1802.103027 28 53
4239011.000000 4020412.000000 1725.243042 29 53
4239061.000000 4020412.000000 1649.099976 30 53
4239111.000000 4020412.000000 1572.890015 31 53
4239161.000000 4020412.000000 1495.743042 32 53
4239211.000000 4020412.000000 1411.782959 33 53
4239261.000000 4020412.000000 1325.996948 34 53
4239311.000000 4020412.000000 1240.348022 35 53
4237911.000000 4020462.000000 3211.403076 7 54
4237961.000000 4020462.000000 3154.793945 8 54
4238011.000000 4020462.000000 3096.909912 9 54
4238061.000000 4020462.000000 3038.477051 10 54
4238111.000000 4020462.000000 2980.194092 11 54
4238161.000000 4020462.000000 2922.521973 12 54
4238211.000000 4020462.000000 2865.342041 13 54
4238261.000000 4020462.000000 2807.979004 14 54
4238311.000000 4020462.000000 2749.275879 15 54
4238361.000000 4020462.000000 2687.861084 16 54
4238411.000000 4020462.000000 2622.604980 17 54
4238461.000000 4020462.000000 2553.323975 18 54
4238511.000000 4020462.000000 2479.822998 19 54
4238561.000000 4020462.000000 2402.727051 20 54
4238611.000000 4020462.000000 2322.378906 21 54
4238661.000000 4020462.000000 2239.778076 22 54
4238711.000000 4020462.000000 2156.135986 23 54
4238761.000000 4020462.000000 2072.537109 24 54
4238811.000000 4020462.000000 1989.843994 25 54
4238861.000000 4020462.000000 1908.654053 26 54
4238911.000000 4020462.000000 1829.218994 27 54
4238961.000000 4020462.000000 1751.395020 28 54
4239011.000000 4020462.000000 1674.689941 29 54
4239061.000000 4020462.000000 1598.369995 30 54
4239111.000000 4020462.000000 1521.555054 31 54
4239161.000000 4020462.000000 1444.171021 32 54
4239211.000000 4020462.000000 1362.436035 33 54
4239261.000000 4020462.000000 1277.482056 34 54
4237861.000000 4020512.000000 3209.535889 6 55
4237911.000000 4020512.000000 3154.456055 7 55
4237961.000000 4020512.000000 3097.292969 8 55
4238011.000000 4020512.000000 3039.051025 9 55
4238061.000000 4020512.000000 2980.763916 10 55
4238111.000000 4020512.000000 2923.122070 11 55
4238161.000000 4020512.000000 2866.413086 12 55
4238211.000000 4020512.000000 2810.392090 13 55
4238261.000000 4020512.000000 2754.264893 14 55
4238311.000000 4020512.000000 2696.608887 15 55
4238361.000000 4020512.000000 2635.436035 16 55
4238411.000000 4020512.000000 2568.874023 17 55
4238461.000000 4020512.000000 2497.621094 18 55
4238511.000000 4020512.000000 2421.820068 19 55
4238561.000000 4020512.000000 2343.085938 20 55
4238611.000000 4020512.000000 2262.375000 21 55
4238661.000000 4020512.000000 2180.539063 22 55
4238711.000000 4020512.000000 2098.371094 23 55
4238761.000000 4020512.000000 2016.545044 24 55
4238811.000000 4020512.000000 1935.604980 25 55
4238861.000000 4020512.000000 1855.899048 26 55
4238911.000000 4020512.000000 1777.496948 27 55
4238961.000000 4020512.000000 1700.162964 28 55
4239011.000000 4020512.000000 1623.479004 29 55
4239061.000000 4020512.000000 1546.954956 30 55
4239111.000000 4020512.000000 1469.784058 31 55
4239161.000000 4020512.000000 1392.467041 32 55
4239211.000000 4020512.000000 1313.910034 33 55
4237811.000000 4020562.000000 3206.621094 5 56
4237861.000000 4020562.000000 3152.868896 6 56
4237911.000000 4020562.000000 3097.875000 7 56
4237961.000000 4020562.000000 3039.865967 8 56
4238011.000000 4020562.000000 2981.226074 9 56
4238061.000000 4020562.000000 2923.221924 10 56
4238111.000000 4020562.000000 2866.314941 11 56
4238161.000000 4020562.000000 2810.545898 12 56
4238211.000000 4020562.000000 2755.564941 13 56
4238261.000000 4020562.000000 2700.516113 14 56
4238311.000000 4020562.000000 2643.876953 15 56
4238361.000000 4020562.000000 2583.112061 16 56
4238411.000000 4020562.000000 2514.409912 17 56
4238461.000000 4020562.000000 2440.410889 18 56
4238511.000000 4020562.000000 2362.319092 19 56
4238561.000000 4020562.000000 2282.218994 20 56
4238611.000000 4020562.000000 2201.334961 21 56
4238661.000000 4020562.000000 2120.366943 22 56
4238711.000000 4020562.000000 2039.745972 23 56
4238761.000000 4020562.000000 1959.791016 24 56
4238811.000000 4020562.000000 1880.739990 25 56
4238861.000000 4020562.000000 1802.683960 26 56
4238911.000000 4020562.000000 1725.437988 27 56
4238961.000000 4020562.000000 1648.562988 28 56
4239011.000000 4020562.000000 1571.650024 29 56
4239061.000000 4020562.000000 1494.542969 30 56
4239111.000000 4020562.000000 1417.296997 31 56
4239161.000000 4020562.000000 1340.385010 32 56
4239211.000000 4020562.000000 1264.463989 33 56
4237761.000000 4020612.000000 3202.511963 4 57
4237811.000000 4020612.000000 3148.441895 5 57
4237861.000000 4020612.000000 3094.756104 6 57
4237911.000000 4020612.000000 3040.373047 7 57
4237961.000000 4020612.000000 2981.502930 8 57
4238011.000000 4020612.000000 2922.730957 9 57
4238061.000000 4020612.000000 2865.289063 10 57
4238111.000000 4020612.000000 2809.216064 11 57
4238161.000000 4020612.000000 2754.158936 12 57
4238211.000000 4020612.000000 2699.621094 13 57
4238261.000000 4020612.000000 2644.808105 14 57
4238311.000000 4020612.000000 2588.559082 15 57
4238361.000000 4020612.000000 2528.843994 16 57
4238411.000000 4020612.000000 2458.831055 17 57
4238461.000000 4020612.000000 2380.868896 18 57
4238511.000000 4020612.000000 2300.492920 19 57
4238561.000000 4020612.000000 2219.590088 20 57
4238611.000000 4020612.000000 2139.050049 21 57
4238661.000000 4020612.000000 2059.258057 22 57
4238711.000000 4020612.000000 1980.337036 23 57
4238761.000000 4020612.000000 1902.333984 24 57
4238811.000000 4020612.000000 1825.267944 25 57
4238861.000000 4020612.000000 1749.020020 26 57
4238911.000000 4020612.000000 1673.128052 27 57
4238961.000000 4020612.000000 1596.810059 28 57
4239011.000000 4020612.000000 1519.503052 29 57
4239061.000000 4020612.000000 1441.750977 30 57
4239111.000000 4020612.000000 1363.911011 31 57
4239161.000000 4020612.000000 1286.847046 32 57
4237711.000000 4020662.000000 3197.681885 3 58
4237761.000000 4020662.000000 3142.260010 4 58
4237811.000000 4020662.000000 3087.406006 5 58
4237861.000000 4020662.000000 3032.646973 6 58
4237911.000000 4020662.000000 2977.606934 7 58
4237961.000000 4020662.000000 2919.586914 8 58
4238011.000000 4020662.000000 2862.186035 9 58
4238061.000000 4020662.000000 2806.281006 10 58
4238111.000000 4020662.000000 2751.364990 11 58
4238161.000000 4020662.000000 2696.572021 12 58
4238211.000000 4020662.000000 2641.394043 13 58
4238261.000000 4020662.000000 2585.038086 14 58
4238311.000000 4020662.000000 2526.304932 15 58
4238361.000000 4020662.000000 2464.135986 16 58
4238411.000000 4020662.000000 2392.639893 17 58
4238461.000000 4020662.000000 2314.865967 18 58
4238511.000000 4020662.000000 2234.831055 19 58
4238561.000000 4020662.000000 2154.693115 20 58
4238611.000000 4020662.000000 2075.407959 21 58
4238661.000000 4020662.000000 1997.258057 22 58
4238711.000000 4020662.000000 1920.206055 23 58
4238761.000000 4020662.000000 1844.154053 24 58
4238811.000000 4020662.000000 1769.024048 25 58
4238861.000000 4020662.000000 1694.637939 26 58
4238911.000000 4020662.000000 1620.354004 27 58
4238961.000000 4020662.000000 1544.848999 28 58
4239011.000000 4020662.000000 1467.170044 29 58
4239061.000000 4020662.000000 1388.243042 30 58
4239111.000000 4020662.000000 1309.230957 31 58
4237661.000000 4020712.000000 3192.207031 2 59
4237711.000000 4020712.000000 3135.580078 3 59
4237761.000000 4020712.000000 3079.395996 4 59
4237811.000000 4020712.000000 3023.233887 5 59
4237861.000000 4020712.000000 2966.829102 6 59
4237911.000000 4020712.000000 2910.507080 7 59
4237961.000000 4020712.000000 2854.212891 8 59
4238011.000000 4020712.000000 2799.416016 9 59
4238061.000000 4020712.000000 2746.069092 10 59
4238111.000000 4020712.000000 2692.631104 11 59
4238161.000000 4020712.000000 2637.443115 12 59
4238211.000000 4020712.000000 2580.614990 13 59
4238261.000000 4020712.000000 2521.549072 14 59
4238311.000000 4020712.000000 2459.239990 15 59
4238361.000000 4020712.000000 2393.147949 16 59
4238411.000000 4020712.000000 2321.003906 17 59
4238461.000000 4020712.000000 2244.452881 18 59
4238511.000000 4020712.000000 2166.148926 19 59
4238561.000000 4020712.000000 2087.927002 20 59
4238611.000000 4020712.000000 2010.657959 21 59
4238661.000000 4020712.000000 1934.542969 22 59
4238711.000000 4020712.000000 1859.438965 23 59
4238761.000000 4020712.000000 1785.144043 24 59
4238811.000000 4020712.000000 1711.586060 25 59
4238861.000000 4020712.000000 1638.759033 26 59
4238911.000000 4020712.000000 1566.171021 27 59
4238961.000000 4020712.000000 1492.099976 28 59
4239011.000000 4020712.000000 1413.265015 29 59
4239061.000000 4020712.000000 1333.327026 30 59
4239111.000000 4020712.000000 1253.942993 31 59
4237611.000000 4020762.000000 3186.071045 1 60
4237661.000000 4020762.000000 3128.023926 2 60
4237711.000000 4020762.000000 3070.888916 3 60
4237761.000000 4020762.000000 3013.342041 4 60
4237811.000000 4020762.000000 2955.250000 5 60
4237861.000000 4020762.000000 2897.159912 6 60
4237911.000000 4020762.000000 2840.589111 7 60
4237961.000000 4020762.000000 2786.250000 8 60
4238011.000000 4020762.000000 2734.649902 9 60
4238061.000000 4020762.000000 2684.625000 10 60
4238111.000000 4020762.000000 2632.972900 11 60
4238161.000000 4020762.000000 2576.349121 12 60
4238211.000000 4020762.000000 2516.950928 13 60
4238261.000000 4020762.000000 2454.813965 14 60
4238311.000000 4020762.000000 2388.927979 15 60
4238361.000000 4020762.000000 2319.875977 16 60
4238411.000000 4020762.000000 2247.239990 17 60
4238461.000000 4020762.000000 2172.033936 18 60
4238511.000000 4020762.000000 2095.891113 19 60
4238561.000000 4020762.000000 2020.078979 20 60
4238611.000000 4020762.000000 1945.215942 21 60
4238661.000000 4020762.000000 1871.342041 22 60
4238711.000000 4020762.000000 1798.135986 23 60
4238761.000000 4020762.000000 1725.188965 24 60
4238811.000000 4020762.000000 1652.366943 25 60
4238861.000000 4020762.000000 1580.041016 26 60
4238911.000000 4020762.000000 1507.807007 27 60
4238961.000000 4020762.000000 1433.349976 28 60
4239011.000000 4020762.000000 1355.780029 29 60
4239061.000000 4020762.000000 1276.107056 30 60
4237611.000000 4020812.000000 3120.306885 1 61
4237661.000000 4020812.000000 3061.160889 2 61
4237711.000000 4020812.000000 3002.843994 3 61
4237761.000000 4020812.000000 2942.784912 4 61
4237811.000000 4020812.000000 2882.955078 5 61
4237861.000000 4020812.000000 2824.240967 6 61
4237911.000000 4020812.000000 2768.106934 7 61
4237961.000000 4020812.000000 2715.693115 8 61
4238011.000000 4020812.000000 2667.282959 9 61
4238061.000000 4020812.000000 2621.048096 10 61
4238111.000000 4020812.000000 2571.978027 11 61
4238161.000000 4020812.000000 2512.302979 12 61
4238211.000000 4020812.000000 2449.845947 13 61
4238261.000000 4020812.000000 2384.445068 14 61
4238311.000000 4020812.000000 2316.159912 15 61
4238361.000000 4020812.000000 2245.547119 16 61
4238411.000000 4020812.000000 2172.937012 17 61
4238461.000000 4020812.000000 2099.121094 18 61
4238511.000000 4020812.000000 2025.126953 19 61
4238561.000000 4020812.000000 1951.761963 20 61
4238611.000000 4020812.000000 1879.365967 21 61
4238661.000000 4020812.000000 1807.777954 22 61
4238711.000000 4020812.000000 1736.385010 23 61
4238761.000000 4020812.000000 1664.338013 24 61
4238811.000000 4020812.000000 1591.211060 25 61
4238861.000000 4020812.000000 1518.131958 26 61
4238911.000000 4020812.000000 1445.457031 27 61
4238961.000000 4020812.000000 1371.754028 28 61
4239011.000000 4020812.000000 1297.126953 29 61
4237611.000000 4020862.000000 3053.889893 1 62
4237661.000000 4020862.000000 2991.333008 2 62
4237711.000000 4020862.000000 2929.677979 3 62
4237761.000000 4020862.000000 2868.354004 4 62
4237811.000000 4020862.000000 2807.826904 5 62
4237861.000000 4020862.000000 2748.974121 6 62
4237911.000000 4020862.000000 2693.229004 7 62
4237961.000000 4020862.000000 2641.919922 8 62
4238011.000000 4020862.000000 2595.457031 9 62
4238061.000000 4020862.000000 2552.312012 10 62
4238111.000000 4020862.000000 2507.308105 11 62
4238161.000000 4020862.000000 2444.811035 12 62
4238211.000000 4020862.000000 2378.948975 13 62
4238261.000000 4020862.000000 2311.253906 14 62
4238311.000000 4020862.000000 2241.775879 15 62
4238361.000000 4020862.000000 2170.812988 16 62
4238411.000000 4020862.000000 2098.803955 17 62
4238461.000000 4020862.000000 2026.406982 18 62
4238511.000000 4020862.000000 1954.350952 19 62
4238561.000000 4020862.000000 1883.176025 20 62
4238611.000000 4020862.000000 1813.050049 21 62
4238661.000000 4020862.000000 1743.647949 22 62
4238711.000000 4020862.000000 1674.052979 23 62
4238761.000000 4020862.000000 1602.741943 24 62
4238811.000000 4020862.000000 1528.277954 25 62
4238861.000000 4020862.000000 1454.120972 26 62
4238911.000000 4020862.000000 1380.660034 27 62
4238961.000000 4020862.000000 1307.706055 28 62
4239011.000000 4020862.000000 1236.527954 29 62
4237611.000000 4020912.000000 2987.499023 1 63
4237661.000000 4020912.000000 2920.851074 2 63
4237711.000000 4020912.000000 2854.125000 3 63
4237761.000000 4020912.000000 2791.709961 4 63
4237811.000000 4020912.000000 2731.031006 5 63
4237861.000000 4020912.000000 2672.208008 6 63
4237911.000000 4020912.000000 2616.371094 7 63
4237961.000000 4020912.000000 2564.674072 8 63
4238011.000000 4020912.000000 2517.278076 9 63
4238061.000000 4020912.000000 2472.208008 10 63
4238111.000000 4020912.000000 2424.261963 11 63
4238161.000000 4020912.000000 2365.561035 12 63
4238211.000000 4020912.000000 2301.559082 13 63
4238261.000000 4020912.000000 2234.738037 14 63
4238311.000000 4020912.000000 2165.989014 15 63
4238361.000000 4020912.000000 2095.881104 16 63
4238411.000000 4020912.000000 2024.998047 17 63
4238461.000000 4020912.000000 1954.006958 18 63
4238511.000000 4020912.000000 1883.557007 19 63
4238561.000000 4020912.000000 1814.114990 20 63
4238611.000000 4020912.000000 1745.790039 21 63
4238661.000000 4020912.000000 1678.197998 22 63
4238711.000000 4020912.000000 1610.296021 23 63
4238761.000000 4020912.000000 1539.864990 24 63
4238811.000000 4020912.000000 1463.349976 25 63
4238861.000000 4020912.000000 1387.699951 26 63
4238911.000000 4020912.000000 1313.120972 27 63
4238961.000000 4020912.000000 1239.972046 28 63
4237711.000000 4020962.000000 2773.541992 3 64
4237761.000000 4020962.000000 2713.001953 4 64
4237811.000000 4020962.000000 2653.169922 5 64
4237861.000000 4020962.000000 2594.687012 6 64
4237911.000000 4020962.000000 2538.562012 7 64
4237961.000000 4020962.000000 2485.724121 8 64
4238011.000000 4020962.000000 2436.186035 9 64
4238061.000000 4020962.000000 2388.218018 10 64
4238111.000000 4020962.000000 2338.075928 11 64
4238161.000000 4020962.000000 2281.799072 12 64
4238211.000000 4020962.000000 2220.674072 13 64
4238261.000000 4020962.000000 2156.221924 14 64
4238311.000000 4020962.000000 2089.389893 15 64
4238361.000000 4020962.000000 2020.894043 16 64
4238411.000000 4020962.000000 1951.427979 17 64
4238461.000000 4020962.000000 1881.729004 18 64
4238511.000000 4020962.000000 1812.483032 19 64
4238561.000000 4020962.000000 1744.170044 20 64
4238611.000000 4020962.000000 1676.880005 21 64
4238661.000000 4020962.000000 1610.166016 22 64
4238711.000000 4020962.000000 1542.866943 23 64
4238761.000000 4020962.000000 1472.053955 24 64
4238811.000000 4020962.000000 1395.146973 25 64
4238861.000000 4020962.000000 1318.147949 26 64
4238911.000000 4020962.000000 1242.641968 27 64
4237711.000000 4021012.000000 2692.666992 3 65
4237761.000000 4021012.000000 2633.548096 4 65
4237811.000000 4021012.000000 2574.778076 5 65
4237861.000000 4021012.000000 2516.907959 6 65
4237911.000000 4021012.000000 2460.709961 7 65
4237961.000000 4021012.000000 2406.875000 8 65
4238011.000000 4021012.000000 2355.399902 9 65
4238061.000000 4021012.000000 2305.066895 10 65
4238111.000000 4021012.000000 2253.490967 11 65
4238161.000000 4021012.000000 2198.371094 12 65
4238211.000000 4021012.000000 2139.507080 13 65
4238261.000000 4021012.000000 2077.422119 14 65
4238311.000000 4021012.000000 2012.719971 15 65
4238361.000000 4021012.000000 1946.010986 16 65
4238411.000000 4021012.000000 1877.967041 17 65
4238461.000000 4021012.000000 1809.343018 18 65
4238511.000000 4021012.000000 1740.880981 19 65
4238561.000000 4021012.000000 1673.083008 20 65
4238611.000000 4021012.000000 1606.021973 21 65
4238661.000000 4021012.000000 1538.988037 22 65
4238711.000000 4021012.000000 1471.136963 23 65
4238761.000000 4021012.000000 1398.552002 24 65
4238811.000000 4021012.000000 1321.970947 25 65
4238861.000000 4021012.000000 1244.847046 26 65
4237711.000000 4021062.000000 2611.645996 3 66
4237761.000000 4021062.000000 2553.677002 4 66
4237811.000000 4021062.000000 2495.971924 5 66
4237861.000000 4021062.000000 2438.926025 6 66
4237911.000000 4021062.000000 2383.062012 7 66
4237961.000000 4021062.000000 2328.823975 8 66
4238011.000000 4021062.000000 2276.200928 9 66
4238061.000000 4021062.000000 2224.392090 10 66
4238111.000000 4021062.000000 2171.894043 11 66
4238161.000000 4021062.000000 2117.218994 12 66
4238211.000000 4021062.000000 2059.735107 13 66
4238261.000000 4021062.000000 1999.420044 14 66
4238311.000000 4021062.000000 1936.511963 15 66
4238361.000000 4021062.000000 1871.401978 16 66
4238411.000000 4021062.000000 1804.597046 17 66
4238461.000000 4021062.000000 1736.770996 18 66
4238511.000000 4021062.000000 1668.713989 19 66
4238561.000000 4021062.000000 1600.958984 20 66
4238611.000000 4021062.000000 1533.620972 21 66
4238661.000000 4021062.000000 1465.733032 22 66
4238711.000000 4021062.000000 1395.776978 23 66
4238761.000000 4021062.000000 1322.218018 24 66
4238811.000000 4021062.000000 1245.859985 25 66
4237711.000000 4021112.000000 2530.611084 3 67
4237761.000000 4021112.000000 2473.520020 4 67
4237811.000000 4021112.000000 2416.735107 5 67
4237861.000000 4021112.000000 2360.579102 6 67
4237911.000000 4021112.000000 2305.368896 7 67
4237961.000000 4021112.000000 2251.335938 8 67
4238011.000000 4021112.000000 2198.387939 9 67
4238061.000000 4021112.000000 2145.938965 10 67
4238111.000000 4021112.000000 2092.974121 11 67
4238161.000000 4021112.000000 2038.451050 12 67
4238211.000000 4021112.000000 1981.727051 13 67
4238261.000000 4021112.000000 1922.576050 14 67
4238311.000000 4021112.000000 1861.042969 15 67
4238361.000000 4021112.000000 1797.274048 16 67
4238411.000000 4021112.000000 1731.489014 17 67
4238461.000000 4021112.000000 1664.157959 18 67
4238511.000000 4021112.000000 1596.213989 19 67
4238561.000000 4021112.000000 1528.072021 20 67
4238611.000000 4021112.000000 1460.312012 21 67
4238661.000000 4021112.000000 1391.045044 22 67
4238711.000000 4021112.000000 1319.561035 23 67
4238761.000000 4021112.000000 1245.316040 24 67
4237711.000000 4021162.000000 2449.763916 3 68
4237761.000000 4021162.000000 2393.272949 4 68
4237811.000000 4021162.000000 2337.186035 5 68
4237861.000000 4021162.000000 2281.810059 6 68
4237911.000000 4021162.000000 2227.363037 7 68
4237961.000000 4021162.000000 2173.900879 8 68
4238011.000000 4021162.000000 2121.217041 9 68
4238061.000000 4021162.000000 2068.766113 10 68
4238111.000000 4021162.000000 2015.753052 11 68
4238161.000000 4021162.000000 1961.384033 12 68
4238211.000000 4021162.000000 1905.128052 13 68
4238261.000000 4021162.000000 1846.785034 14 68
4238311.000000 4021162.000000 1786.362061 15 68
4238361.000000 4021162.000000 1723.822021 16 68
4238411.000000 4021162.000000 1658.956055 17 68
4238461.000000 4021162.000000 1591.793945 18 68
4238511.000000 4021162.000000 1523.833984 19 68
4238561.000000 4021162.000000 1455.279053 20 68
4238611.000000 4021162.000000 1386.474976 21 68
4238661.000000 4021162.000000 1316.161011 22 68
4238711.000000 4021162.000000 1243.810059 23 68
4237711.000000 4021212.000000 2369.311035 3 69
4237761.000000 4021212.000000 2313.227051 4 69
4237811.000000 4021212.000000 2257.614014 5 69
4237861.000000 4021212.000000 2202.824951 6 69
4237911.000000 4021212.000000 2149.050049 7 69
4237961.000000 4021212.000000 2096.252930 8 69
4238011.000000 4021212.000000 2044.109985 9 69
4238061.000000 4021212.000000 1992.036011 10 69
4238111.000000 4021212.000000 1939.295044 11 69
4238161.000000 4021212.000000 1885.208008 12 69
4238211.000000 4021212.000000 1829.350952 13 69
4238261.000000 4021212.000000 1771.635986 14 69
4238311.000000 4021212.000000 1712.208984 15 69
4238361.000000 4021212.000000 1650.991943 16 69
4238411.000000 4021212.000000 1587.241943 17 69
4238461.000000 4021212.000000 1519.739990 18 69
4238511.000000 4021212.000000 1451.680054 19 69
4238561.000000 4021212.000000 1382.678955 20 69
4238611.000000 4021212.000000 1312.885010 21 69
4238661.000000 4021212.000000 1241.772949 22 69
4237711.000000 4021262.000000 2289.377930 3 70
4237761.000000 4021262.000000 2233.637939 4 70
4237811.000000 4021262.000000 2178.379883 5 70
4237861.000000 4021262.000000 2124.007080 6 70
4237911.000000 4021262.000000 2070.741943 7 70
4237961.000000 4021262.000000 2018.510986 8 70
4238011.000000 4021262.000000 1966.932007 9 70
4238061.000000 4021262.000000 1915.357056 10 70
4238111.000000 4021262.000000 1863.050049 11 70
4238161.000000 4021262.000000 1809.352051 12 70
4238211.000000 4021262.000000 1753.859009 13 70
4238261.000000 4021262.000000 1696.552979 14 70
4238311.000000 4021262.000000 1637.886963 15 70
4238361.000000 4021262.000000 1578.062988 16 70
4238411.000000 4021262.000000 1516.010986 17 70
4238461.000000 4021262.000000 1448.562988 18 70
4238511.000000 4021262.000000 1379.730957 19 70
4238561.000000 4021262.000000 1309.989990 20 70
4238611.000000 4021262.000000 1239.389038 21 70
4237711.000000 4021312.000000 2209.962891 3 71
4237761.000000 4021312.000000 2154.635010 4 71
4237811.000000 4021312.000000 2099.743896 5 71
4237861.000000 4021312.000000 2045.732056 6 71
4237911.000000 4021312.000000 1992.857056 7 71
4237961.000000 4021312.000000 1941.057007 8 71
4238011.000000 4021312.000000 1889.915039 9 71
4238061.000000 4021312.000000 1838.770996 10 71
4238111.000000 4021312.000000 1786.887939 11 71
4238161.000000 4021312.000000 1733.609985 12 71
4238211.000000 4021312.000000 1678.407959 13 71
4238261.000000 4021312.000000 1621.073975 14 71
4238311.000000 4021312.000000 1562.484985 15 71
4238361.000000 4021312.000000 1503.010010 16 71
4238411.000000 4021312.000000 1441.188965 17 71
4238461.000000 4021312.000000 1375.249023 18 71
4238511.000000 4021312.000000 1306.748047 19 71
4238561.000000 4021312.000000 1236.666016 20 71
4237711.000000 4021362.000000 2130.955078 3 72
4237761.000000 4021362.000000 2076.183105 4 72
4237811.000000 4021362.000000 2021.782959 5 72
4237861.000000 4021362.000000 1968.204956 6 72
4237911.000000 4021362.000000 1915.727051 7 72
4237961.000000 4021362.000000 1864.277954 8 72
4238011.000000 4021362.000000 1813.426025 9 72
4238061.000000 4021362.000000 1762.520020 10 72
4238111.000000 4021362.000000 1710.921997 11 72
4238161.000000 4021362.000000 1658.055054 12 72
4238211.000000 4021362.000000 1603.212036 13 72
4238261.000000 4021362.000000 1545.464966 14 72
4238311.000000 4021362.000000 1486.463013 15 72
4238361.000000 4021362.000000 1427.287964 16 72
4238411.000000 4021362.000000 1365.879028 17 72
4238461.000000 4021362.000000 1301.344971 18 72
4238511.000000 4021362.000000 1233.234985 19 72
4237711.000000 4021412.000000 2052.202881 3 73
4237761.000000 4021412.000000 1998.135010 4 73
4237811.000000 4021412.000000 1944.394043 5 73
4237861.000000 4021412.000000 1891.416016 6 73
4237911.000000 4021412.000000 1839.454956 7 73
4237961.000000 4021412.000000 1788.387939 8 73
4238011.000000 4021412.000000 1737.714966 9 73
4238061.000000 4021412.000000 1686.788940 10 73
4238111.000000 4021412.000000 1635.168945 11 73
4238161.000000 4021412.000000 1582.608032 12 73
4238211.000000 4021412.000000 1528.562988 13 73
4238261.000000 4021412.000000 1470.442017 14 73
4238311.000000 4021412.000000 1411.703979 15 73
4238361.000000 4021412.000000 1352.166016 16 73
4238411.000000 4021412.000000 1291.088989 17 73
4238461.000000 4021412.000000 1228.562012 18 73
4237711.000000 4021462.000000 1973.579956 3 74
4237761.000000 4021462.000000 1920.302979 4 74
4237811.000000 4021462.000000 1867.355957 5 74
4237861.000000 4021462.000000 1815.155029 6 74
4237911.000000 4021462.000000 1763.890991 7 74
4237961.000000 4021462.000000 1713.336060 8 74
4238011.000000 4021462.000000 1662.821045 9 74
4238061.000000 4021462.000000 1611.568970 10 74
4238111.000000 4021462.000000 1559.406982 11 74
4238161.000000 4021462.000000 1506.499023 12 74
4238211.000000 4021462.000000 1452.810059 13 74
4238261.000000 4021462.000000 1395.631958 14 74
4238311.000000 4021462.000000 1337.313965 15 74
4238361.000000 4021462.000000 1277.593994 16 74
4237711.000000 4021512.000000 1895.020996 3 75
4237761.000000 4021512.000000 1842.517944 4 75
4237811.000000 4021512.000000 1790.396973 5 75
4237861.000000 4021512.000000 1739.062988 6 75
4237911.000000 4021512.000000 1688.644043 7 75
4237961.000000 4021512.000000 1638.781982 8 75
4238011.000000 4021512.000000 1588.548950 9 75
4238061.000000 4021512.000000 1536.728027 10 75
4238111.000000 4021512.000000 1483.781982 11 75
4238161.000000 4021512.000000 1430.444946 12 75
4238211.000000 4021512.000000 1376.121948 13 75
4238261.000000 4021512.000000 1320.338013 14 75
4238311.000000 4021512.000000 1263.719971 15 75
4237711.000000 4021562.000000 1816.515991 3 76
4237761.000000 4021562.000000 1764.642944 4 76
4237811.000000 4021562.000000 1713.229004 5 76
4237861.000000 4021562.000000 1662.699951 6 76
4237911.000000 4021562.000000 1613.118042 7 76
4237961.000000 4021562.000000 1564.057007 8 76
4238011.000000 4021562.000000 1514.225952 9 76
4238061.000000 4021562.000000 1461.681030 10 76
4238111.000000 4021562.000000 1408.406006 11 76
4238161.000000 4021562.000000 1354.750977 12 76
4237711.000000 4021612.000000 1738.095947 3 77
4237761.000000 4021612.000000 1686.593994 4 77
4237811.000000 4021612.000000 1635.615967 5 77
4237861.000000 4021612.000000 1585.666992 6 77
4237911.000000 4021612.000000 1536.661011 7 77
4237961.000000 4021612.000000 1488.160034 8 77
4238011.000000 4021612.000000 1438.327026 9 77
4238061.000000 4021612.000000 1386.083984 10 77
4237711.000000 4021662.000000 1659.805054 3 78
4237761.000000 4021662.000000 1608.364990 4 78
4237811.000000 4021662.000000 1557.459961 5 78
4237861.000000 4021662.000000 1507.822998 6 78
4237911.000000 4021662.000000 1459.234985 7 78
4237961.000000 4021662.000000 1411.469971 8 78
4238011.000000 4021662.000000 1363.041992 9 78
4237711.000000 4021712.000000 1581.654053 3 79
4237761.000000 4021712.000000 1530.082031 4 79
4237811.000000 4021712.000000 1478.875977 5 79
4237861.000000 4021712.000000 1429.284058 6 79
4237911.000000 4021712.000000 1380.807007 7 79
4237711.000000 4021762.000000 1503.490967 3 80
4237761.000000 4021762.000000 1451.989990 4 80
4237811.000000 4021762.000000 1400.788940 5 80
4237861.000000 4021762.000000 1350.156982 6 80
4237711.000000 4021812.000000 1424.556030 3 81
4237761.000000 4021812.000000 1373.933960 4 81
