# Type: scattered data
# Version: 6
# Description: No description
# Format: free
# Field: 1 x
# Field: 2 y
# Field: 3 z undefined
# Field: 4 column
# Field: 5 row
# Projection: Local Rectangular
# Units: undefined
# End:
# Information from grid:
# Grid_size: 51 x 96
# Grid_space: 4226417.000000,4231417.000000,4017834.000000,4027334.000000
# Scattered data: Not_available
# Z_field: z
# Vertical_faults: Not_available
# History: No history
# Z_units: undefined
4230917.000000 4017834.000000 3298.870117 46 1
4231017.000000 4017834.000000 3108.759033 47 1
4231117.000000 4017834.000000 2914.240967 48 1
4231217.000000 4017834.000000 2705.426025 49 1
4231317.000000 4017834.000000 2489.139893 50 1
4231417.000000 4017834.000000 2270.503906 51 1
4230717.000000 4017934.000000 3637.863037 44 2
4230817.000000 4017934.000000 3454.128906 45 2
4230917.000000 4017934.000000 3273.916016 46 2
4231017.000000 4017934.000000 3082.492920 47 2
4231117.000000 4017934.000000 2877.899902 48 2
4231217.000000 4017934.000000 2659.487061 49 2
4231317.000000 4017934.000000 2443.531006 50 2
4231417.000000 4017934.000000 2239.102051 51 2
4230717.000000 4018034.000000 3628.739014 44 3
4230817.000000 4018034.000000 3443.363037 45 3
4230917.000000 4018034.000000 3247.333984 46 3
4231017.000000 4018034.000000 3035.123047 47 3
4231117.000000 4018034.000000 2820.458008 48 3
4231217.000000 4018034.000000 2598.833008 49 3
4231317.000000 4018034.000000 2386.857910 50 3
4231417.000000 4018034.000000 2212.090088 51 3
4230717.000000 4018134.000000 3615.191895 44 4
4230817.000000 4018134.000000 3423.027100 45 4
4230917.000000 4018134.000000 3211.885986 46 4
4231017.000000 4018134.000000 2980.343018 47 4
4231117.000000 4018134.000000 2761.306885 48 4
4231217.000000 4018134.000000 2537.906006 49 4
4231317.000000 4018134.000000 2335.905029 50 4
4231417.000000 4018134.000000 2200.000000 51 4
4230317.000000 4018234.000000 4392.866211 40 5
4230417.000000 4018234.000000 4170.935059 41 5
4230617.000000 4018234.000000 3801.736084 43 5
4230717.000000 4018234.000000 3586.351074 44 5
4230817.000000 4018234.000000 3372.781982 45 5
4230917.000000 4018234.000000 3148.613037 46 5
4231017.000000 4018234.000000 2922.877930 47 5
4231117.000000 4018234.000000 2708.075928 48 5
4231217.000000 4018234.000000 2475.726074 49 5
4231317.000000 4018234.000000 2294.196045 50 5
4231417.000000 4018234.000000 2200.000000 51 5
4230317.000000 4018334.000000 4433.861816 40 6
4230417.000000 4018334.000000 4202.950195 41 6
4230517.000000 4018334.000000 3990.986084 42 6
4230617.000000 4018334.000000 3771.653076 43 6
4230717.000000 4018334.000000 3552.033936 44 6
4230817.000000 4018334.000000 3328.367920 45 6
4230917.000000 4018334.000000 3103.676025 46 6
4231017.000000 4018334.000000 2878.470947 47 6
4231117.000000 4018334.000000 2653.975098 48 6
4231217.000000 4018334.000000 2411.801025 49 6
4231317.000000 4018334.000000 2271.604980 50 6
4231417.000000 4018334.000000 2200.000000 51 6
4230117.000000 4018434.000000 4677.194824 38 7
4230217.000000 4018434.000000 4594.666016 39 7
4230317.000000 4018434.000000 4435.428223 40 7
4230417.000000 4018434.000000 4196.455078 41 7
4230517.000000 4018434.000000 3959.633057 42 7
4230617.000000 4018434.000000 3742.875000 43 7
4230717.000000 4018434.000000 3525.232910 44 7
4230817.000000 4018434.000000 3301.251953 45 7
4230917.000000 4018434.000000 3072.832031 46 7
4231017.000000 4018434.000000 2839.474121 47 7
4231117.000000 4018434.000000 2603.166992 48 7
4231217.000000 4018434.000000 2373.291992 49 7
4231317.000000 4018434.000000 2254.122070 50 7
4231417.000000 4018434.000000 2200.000000 51 7
4230017.000000 4018534.000000 4785.351074 37 8
4230117.000000 4018534.000000 4675.428223 38 8
4230217.000000 4018534.000000 4560.148926 39 8
4230317.000000 4018534.000000 4387.305176 40 8
4230417.000000 4018534.000000 4156.354004 41 8
4230517.000000 4018534.000000 3930.987061 42 8
4230617.000000 4018534.000000 3721.102051 43 8
4230717.000000 4018534.000000 3506.224121 44 8
4230817.000000 4018534.000000 3280.620117 45 8
4230917.000000 4018534.000000 3046.572021 46 8
4231017.000000 4018534.000000 2805.201904 47 8
4231117.000000 4018534.000000 2562.141113 48 8
4231217.000000 4018534.000000 2337.041016 49 8
4231317.000000 4018534.000000 2233.016113 50 8
4231417.000000 4018534.000000 2200.000000 51 8
4230017.000000 4018634.000000 4777.857910 37 9
4230117.000000 4018634.000000 4657.681152 38 9
4230217.000000 4018634.000000 4519.625000 39 9
4230317.000000 4018634.000000 4331.608887 40 9
4230417.000000 4018634.000000 4112.454102 41 9
4230517.000000 4018634.000000 3903.087891 42 9
4230617.000000 4018634.000000 3703.683105 43 9
4230717.000000 4018634.000000 3492.017090 44 9
4230817.000000 4018634.000000 3266.410889 45 9
4230917.000000 4018634.000000 3027.575928 46 9
4231017.000000 4018634.000000 2782.090088 47 9
4231117.000000 4018634.000000 2538.653076 48 9
4231217.000000 4018634.000000 2321.532959 49 9
4231317.000000 4018634.000000 2200.000000 50 9
4230017.000000 4018734.000000 4768.222168 37 10
4230117.000000 4018734.000000 4633.545898 38 10
4230217.000000 4018734.000000 4472.173828 39 10
4230317.000000 4018734.000000 4268.453125 40 10
4230417.000000 4018734.000000 4055.364014 41 10
4230517.000000 4018734.000000 3865.283936 42 10
4230617.000000 4018734.000000 3678.650879 43 10
4230717.000000 4018734.000000 3468.977051 44 10
4230817.000000 4018734.000000 3242.346924 45 10
4230917.000000 4018734.000000 2996.447998 46 10
4231017.000000 4018734.000000 2757.649902 47 10
4231117.000000 4018734.000000 2514.791992 48 10
4231217.000000 4018734.000000 2312.173096 49 10
4231317.000000 4018734.000000 2200.000000 50 10
4230017.000000 4018834.000000 4747.358887 37 11
4230117.000000 4018834.000000 4600.397949 38 11
4230217.000000 4018834.000000 4416.541992 39 11
4230317.000000 4018834.000000 4191.541992 40 11
4230417.000000 4018834.000000 3975.952881 41 11
4230517.000000 4018834.000000 3802.423096 42 11
4230617.000000 4018834.000000 3620.496094 43 11
4230717.000000 4018834.000000 3420.895996 44 11
4230817.000000 4018834.000000 3197.208984 45 11
4230917.000000 4018834.000000 2953.110107 46 11
4231017.000000 4018834.000000 2723.506104 47 11
4231117.000000 4018834.000000 2487.083008 48 11
4231217.000000 4018834.000000 2299.717041 49 11
4231317.000000 4018834.000000 2200.000000 50 11
4229917.000000 4018934.000000 4855.854004 36 12
4230017.000000 4018934.000000 4712.790039 37 12
4230117.000000 4018934.000000 4556.117188 38 12
4230217.000000 4018934.000000 4349.965820 39 12
4230317.000000 4018934.000000 4105.063965 40 12
4230417.000000 4018934.000000 3894.355957 41 12
4230517.000000 4018934.000000 3717.183105 42 12
4230617.000000 4018934.000000 3539.731934 43 12
4230717.000000 4018934.000000 3348.334961 44 12
4230817.000000 4018934.000000 3129.413086 45 12
4230917.000000 4018934.000000 2904.412109 46 12
4231017.000000 4018934.000000 2680.489014 47 12
4231117.000000 4018934.000000 2455.332031 48 12
4231217.000000 4018934.000000 2296.376953 49 12
4231317.000000 4018934.000000 2200.000000 50 12
4229917.000000 4019034.000000 4820.604004 36 13
4230017.000000 4019034.000000 4675.545898 37 13
4230117.000000 4019034.000000 4504.850098 38 13
4230217.000000 4019034.000000 4271.298828 39 13
4230317.000000 4019034.000000 4018.028076 40 13
4230417.000000 4019034.000000 3820.214111 41 13
4230517.000000 4019034.000000 3634.170898 42 13
4230617.000000 4019034.000000 3450.461914 43 13
4230717.000000 4019034.000000 3260.010986 44 13
4230817.000000 4019034.000000 3056.643066 45 13
4230917.000000 4019034.000000 2844.500000 46 13
4231017.000000 4019034.000000 2627.898926 47 13
4231117.000000 4019034.000000 2409.533936 48 13
4231217.000000 4019034.000000 2278.704102 49 13
4231317.000000 4019034.000000 2200.000000 50 13
4229917.000000 4019134.000000 4782.266113 36 14
4230017.000000 4019134.000000 4634.159180 37 14
4230117.000000 4019134.000000 4448.050781 38 14
4230217.000000 4019134.000000 4198.779785 39 14
4230317.000000 4019134.000000 3949.558105 40 14
4230417.000000 4019134.000000 3744.958984 41 14
4230517.000000 4019134.000000 3549.930908 42 14
4230617.000000 4019134.000000 3359.775879 43 14
4230717.000000 4019134.000000 3170.042969 44 14
4230817.000000 4019134.000000 2975.342041 45 14
4230917.000000 4019134.000000 2772.113037 46 14
4231017.000000 4019134.000000 2560.491943 47 14
4231117.000000 4019134.000000 2352.697021 48 14
4231217.000000 4019134.000000 2252.368896 49 14
4231317.000000 4019134.000000 2200.000000 50 14
4229817.000000 4019234.000000 4868.460938 35 15
4229917.000000 4019234.000000 4736.859863 36 15
4230017.000000 4019234.000000 4587.271973 37 15
4230117.000000 4019234.000000 4382.872070 38 15
4230217.000000 4019234.000000 4124.282227 39 15
4230317.000000 4019234.000000 3885.178955 40 15
4230417.000000 4019234.000000 3672.241943 41 15
4230517.000000 4019234.000000 3467.514893 42 15
4230617.000000 4019234.000000 3271.906006 43 15
4230717.000000 4019234.000000 3084.551025 44 15
4230817.000000 4019234.000000 2889.406982 45 15
4230917.000000 4019234.000000 2684.352051 46 15
4231017.000000 4019234.000000 2461.976074 47 15
4231117.000000 4019234.000000 2299.847900 48 15
4231217.000000 4019234.000000 2227.383057 49 15
4231317.000000 4019234.000000 2200.000000 50 15
4229817.000000 4019334.000000 4830.129883 35 16
4229917.000000 4019334.000000 4696.099121 36 16
4230017.000000 4019334.000000 4535.208008 37 16
4230117.000000 4019334.000000 4310.459961 38 16
4230217.000000 4019334.000000 4054.637939 39 16
4230317.000000 4019334.000000 3824.128906 40 16
4230417.000000 4019334.000000 3601.876953 41 16
4230517.000000 4019334.000000 3386.535889 42 16
4230617.000000 4019334.000000 3184.376953 43 16
4230717.000000 4019334.000000 2992.124023 44 16
4230817.000000 4019334.000000 2792.041016 45 16
4230917.000000 4019334.000000 2576.259033 46 16
4231017.000000 4019334.000000 2361.853027 47 16
4231117.000000 4019334.000000 2251.198975 48 16
4231217.000000 4019334.000000 2200.000000 49 16
4229817.000000 4019434.000000 4790.415039 35 17
4229917.000000 4019434.000000 4654.310059 36 17
4230017.000000 4019434.000000 4478.546875 37 17
4230117.000000 4019434.000000 4238.232910 38 17
4230217.000000 4019434.000000 3987.177002 39 17
4230317.000000 4019434.000000 3763.279053 40 17
4230417.000000 4019434.000000 3533.206055 41 17
4230517.000000 4019434.000000 3308.622070 42 17
4230617.000000 4019434.000000 3102.956055 43 17
4230717.000000 4019434.000000 2901.531982 44 17
4230817.000000 4019434.000000 2698.946045 45 17
4230917.000000 4019434.000000 2471.843018 46 17
4231017.000000 4019434.000000 2295.812012 47 17
4231117.000000 4019434.000000 2222.266113 48 17
4231217.000000 4019434.000000 2200.000000 49 17
4229717.000000 4019534.000000 4859.811035 34 18
4229817.000000 4019534.000000 4743.735840 35 18
4229917.000000 4019534.000000 4608.922852 36 18
4230017.000000 4019534.000000 4417.004883 37 18
4230117.000000 4019534.000000 4162.426758 38 18
4230217.000000 4019534.000000 3920.346924 39 18
4230317.000000 4019534.000000 3698.867920 40 18
4230417.000000 4019534.000000 3466.427979 41 18
4230517.000000 4019534.000000 3238.920898 42 18
4230617.000000 4019534.000000 3025.127930 43 18
4230717.000000 4019534.000000 2817.360107 44 18
4230817.000000 4019534.000000 2606.947998 45 18
4230917.000000 4019534.000000 2384.357910 46 18
4231017.000000 4019534.000000 2257.456055 47 18
4231117.000000 4019534.000000 2200.000000 48 18
4229717.000000 4019634.000000 4826.154785 34 19
4229817.000000 4019634.000000 4702.286133 35 19
4229917.000000 4019634.000000 4554.506836 36 19
4230017.000000 4019634.000000 4346.248047 37 19
4230117.000000 4019634.000000 4086.459961 38 19
4230217.000000 4019634.000000 3854.444092 39 19
4230317.000000 4019634.000000 3632.904053 40 19
4230417.000000 4019634.000000 3398.364014 41 19
4230517.000000 4019634.000000 3172.117920 42 19
4230617.000000 4019634.000000 2954.523926 43 19
4230717.000000 4019634.000000 2739.422119 44 19
4230817.000000 4019634.000000 2519.721924 45 19
4230917.000000 4019634.000000 2333.379883 46 19
4231017.000000 4019634.000000 2234.422119 47 19
4231117.000000 4019634.000000 2200.000000 48 19
4229717.000000 4019734.000000 4793.077148 34 20
4229817.000000 4019734.000000 4660.466797 35 20
4229917.000000 4019734.000000 4493.937012 36 20
4230017.000000 4019734.000000 4265.708008 37 20
4230117.000000 4019734.000000 4011.345947 38 20
4230217.000000 4019734.000000 3791.970947 39 20
4230317.000000 4019734.000000 3563.341064 40 20
4230417.000000 4019734.000000 3325.125977 41 20
4230517.000000 4019734.000000 3103.079102 42 20
4230617.000000 4019734.000000 2884.559082 43 20
4230717.000000 4019734.000000 2669.352051 44 20
4230817.000000 4019734.000000 2453.813965 45 20
4230917.000000 4019734.000000 2300.110107 46 20
4231017.000000 4019734.000000 2201.989990 47 20
4229617.000000 4019834.000000 4879.921875 33 21
4229717.000000 4019834.000000 4755.076172 34 21
4229817.000000 4019834.000000 4614.336914 35 21
4229917.000000 4019834.000000 4427.149902 36 21
4230017.000000 4019834.000000 4185.782227 37 21
4230117.000000 4019834.000000 3939.458008 38 21
4230217.000000 4019834.000000 3722.415039 39 21
4230317.000000 4019834.000000 3484.511963 40 21
4230417.000000 4019834.000000 3247.771973 41 21
4230517.000000 4019834.000000 3031.715088 42 21
4230617.000000 4019834.000000 2813.384033 43 21
4230717.000000 4019834.000000 2601.833008 44 21
4230817.000000 4019834.000000 2400.363037 45 21
4230917.000000 4019834.000000 2275.871094 46 21
4231017.000000 4019834.000000 2200.000000 47 21
4229617.000000 4019934.000000 4866.549805 33 22
4229717.000000 4019934.000000 4721.323242 34 22
4229817.000000 4019934.000000 4560.465820 35 22
4229917.000000 4019934.000000 4353.541016 36 22
4230017.000000 4019934.000000 4103.700195 37 22
4230117.000000 4019934.000000 3869.253906 38 22
4230217.000000 4019934.000000 3650.312012 39 22
4230317.000000 4019934.000000 3402.602051 40 22
4230417.000000 4019934.000000 3169.520996 41 22
4230517.000000 4019934.000000 2953.830078 42 22
4230617.000000 4019934.000000 2741.008057 43 22
4230717.000000 4019934.000000 2538.882080 44 22
4230817.000000 4019934.000000 2356.634033 45 22
4230917.000000 4019934.000000 2251.039063 46 22
4231017.000000 4019934.000000 2200.000000 47 22
4229517.000000 4020034.000000 5010.058105 32 23
4229617.000000 4020034.000000 4847.575195 33 23
4229717.000000 4020034.000000 4681.212891 34 23
4229817.000000 4020034.000000 4495.029785 35 23
4229917.000000 4020034.000000 4272.798828 36 23
4230017.000000 4020034.000000 4028.571045 37 23
4230117.000000 4020034.000000 3803.413086 38 23
4230217.000000 4020034.000000 3569.107910 39 23
4230317.000000 4020034.000000 3320.840088 40 23
4230417.000000 4020034.000000 3090.814941 41 23
4230517.000000 4020034.000000 2875.779053 42 23
4230617.000000 4020034.000000 2672.302979 43 23
4230717.000000 4020034.000000 2474.610107 44 23
4230817.000000 4020034.000000 2315.135010 45 23
4230917.000000 4020034.000000 2210.691895 46 23
4229317.000000 4020134.000000 5265.185059 30 24
4229417.000000 4020134.000000 5157.423828 31 24
4229517.000000 4020134.000000 5007.027832 32 24
4229617.000000 4020134.000000 4823.416016 33 24
4229717.000000 4020134.000000 4630.250977 34 24
4229817.000000 4020134.000000 4421.601074 35 24
4229917.000000 4020134.000000 4192.741211 36 24
4230017.000000 4020134.000000 3954.804932 37 24
4230117.000000 4020134.000000 3723.357910 38 24
4230217.000000 4020134.000000 3481.645996 39 24
4230317.000000 4020134.000000 3236.247070 40 24
4230417.000000 4020134.000000 3005.400879 41 24
4230517.000000 4020134.000000 2797.118896 42 24
4230617.000000 4020134.000000 2601.736084 43 24
4230717.000000 4020134.000000 2415.188965 44 24
4230817.000000 4020134.000000 2287.301025 45 24
4230917.000000 4020134.000000 2200.000000 46 24
4229217.000000 4020234.000000 5300.000000 29 25
4229317.000000 4020234.000000 5247.240234 30 25
4229417.000000 4020234.000000 5153.854004 31 25
4229517.000000 4020234.000000 4994.442871 32 25
4229617.000000 4020234.000000 4779.110840 33 25
4229717.000000 4020234.000000 4563.235840 34 25
4229817.000000 4020234.000000 4342.104004 35 25
4229917.000000 4020234.000000 4110.205078 36 25
4230017.000000 4020234.000000 3875.302979 37 25
4230117.000000 4020234.000000 3638.365967 38 25
4230217.000000 4020234.000000 3390.544922 39 25
4230317.000000 4020234.000000 3142.889893 40 25
4230417.000000 4020234.000000 2915.634033 41 25
4230517.000000 4020234.000000 2719.352051 42 25
4230617.000000 4020234.000000 2534.695068 43 25
4230717.000000 4020234.000000 2368.062988 44 25
4230817.000000 4020234.000000 2265.686035 45 25
4230917.000000 4020234.000000 2200.000000 46 25
4229217.000000 4020334.000000 5300.000000 29 26
4229317.000000 4020334.000000 5226.978027 30 26
4229417.000000 4020334.000000 5113.787109 31 26
4229517.000000 4020334.000000 4930.853027 32 26
4229617.000000 4020334.000000 4708.861816 33 26
4229717.000000 4020334.000000 4488.579102 34 26
4229817.000000 4020334.000000 4261.250977 35 26
4229917.000000 4020334.000000 4027.315918 36 26
4230017.000000 4020334.000000 3792.277100 37 26
4230117.000000 4020334.000000 3550.115967 38 26
4230217.000000 4020334.000000 3299.583008 39 26
4230317.000000 4020334.000000 3045.118896 40 26
4230417.000000 4020334.000000 2831.298096 41 26
4230517.000000 4020334.000000 2643.631104 42 26
4230617.000000 4020334.000000 2460.691895 43 26
4230717.000000 4020334.000000 2325.595947 44 26
4230817.000000 4020334.000000 2243.316895 45 26
4230917.000000 4020334.000000 2200.000000 46 26
4229217.000000 4020434.000000 5289.475098 29 27
4229317.000000 4020434.000000 5198.957031 30 27
4229417.000000 4020434.000000 5062.669922 31 27
4229517.000000 4020434.000000 4855.653809 32 27
4229617.000000 4020434.000000 4634.842773 33 27
4229717.000000 4020434.000000 4410.602051 34 27
4229817.000000 4020434.000000 4179.754883 35 27
4229917.000000 4020434.000000 3944.491943 36 27
4230017.000000 4020434.000000 3705.989014 37 27
4230117.000000 4020434.000000 3459.143066 38 27
4230217.000000 4020434.000000 3202.927979 39 27
4230317.000000 4020434.000000 2948.698975 40 27
4230417.000000 4020434.000000 2748.895996 41 27
4230517.000000 4020434.000000 2569.544922 42 27
4230617.000000 4020434.000000 2400.927979 43 27
4230717.000000 4020434.000000 2287.981934 44 27
4230817.000000 4020434.000000 2210.985107 45 27
4229117.000000 4020534.000000 5300.000000 28 28
4229217.000000 4020534.000000 5252.325195 29 28
4229317.000000 4020534.000000 5159.050781 30 28
4229417.000000 4020534.000000 5000.368164 31 28
4229517.000000 4020534.000000 4781.293945 32 28
4229617.000000 4020534.000000 4559.327148 33 28
4229717.000000 4020534.000000 4331.049805 34 28
4229817.000000 4020534.000000 4096.854980 35 28
4229917.000000 4020534.000000 3860.100098 36 28
4230017.000000 4020534.000000 3617.538086 37 28
4230117.000000 4020534.000000 3364.287109 38 28
4230217.000000 4020534.000000 3090.637939 39 28
4230317.000000 4020534.000000 2859.033936 40 28
4230417.000000 4020534.000000 2673.621094 41 28
4230517.000000 4020534.000000 2496.635010 42 28
4230617.000000 4020534.000000 2350.315918 43 28
4230717.000000 4020534.000000 2260.152100 44 28
4230817.000000 4020534.000000 2200.000000 45 28
4229117.000000 4020634.000000 5291.192871 28 29
4229217.000000 4020634.000000 5222.783203 29 29
4229317.000000 4020634.000000 5110.569824 30 29
4229417.000000 4020634.000000 4925.223145 31 29
4229517.000000 4020634.000000 4704.528809 32 29
4229617.000000 4020634.000000 4482.941895 33 29
4229717.000000 4020634.000000 4250.684082 34 29
4229817.000000 4020634.000000 4013.172119 35 29
4229917.000000 4020634.000000 3773.489014 36 29
4230017.000000 4020634.000000 3525.193115 37 29
4230117.000000 4020634.000000 3263.605957 38 29
4230217.000000 4020634.000000 2993.270996 39 29
4230317.000000 4020634.000000 2779.179932 40 29
4230417.000000 4020634.000000 2599.070068 41 29
4230517.000000 4020634.000000 2430.267090 42 29
4230617.000000 4020634.000000 2312.104004 43 29
4230717.000000 4020634.000000 2239.669922 44 29
4230817.000000 4020634.000000 2200.000000 45 29
4229017.000000 4020734.000000 5300.000000 27 30
4229117.000000 4020734.000000 5261.086914 28 30
4229217.000000 4020734.000000 5185.478027 29 30
4229317.000000 4020734.000000 5053.862793 30 30
4229417.000000 4020734.000000 4843.865234 31 30
4229517.000000 4020734.000000 4625.192871 32 30
4229617.000000 4020734.000000 4402.462891 33 30
4229717.000000 4020734.000000 4167.276855 34 30
4229817.000000 4020734.000000 3927.739990 35 30
4229917.000000 4020734.000000 3684.210938 36 30
4230017.000000 4020734.000000 3434.231934 37 30
4230117.000000 4020734.000000 3157.597900 38 30
4230217.000000 4020734.000000 2899.165039 39 30
4230317.000000 4020734.000000 2703.657959 40 30
4230417.000000 4020734.000000 2528.179932 41 30
4230517.000000 4020734.000000 2374.145996 42 30
4230617.000000 4020734.000000 2276.479980 43 30
4230717.000000 4020734.000000 2211.725098 44 30
4229017.000000 4020834.000000 5292.294922 27 31
4229117.000000 4020834.000000 5233.522949 28 31
4229217.000000 4020834.000000 5137.139160 29 31
4229317.000000 4020834.000000 4975.387207 30 31
4229417.000000 4020834.000000 4763.155762 31 31
4229517.000000 4020834.000000 4545.642090 32 31
4229617.000000 4020834.000000 4318.104004 33 31
4229717.000000 4020834.000000 4080.457031 34 31
4229817.000000 4020834.000000 3839.747070 35 31
4229917.000000 4020834.000000 3592.743896 36 31
4230017.000000 4020834.000000 3336.420898 37 31
4230117.000000 4020834.000000 3045.568115 38 31
4230217.000000 4020834.000000 2815.459961 39 31
4230317.000000 4020834.000000 2630.878906 40 31
4230417.000000 4020834.000000 2455.200928 41 31
4230517.000000 4020834.000000 2326.409912 42 31
4230617.000000 4020834.000000 2247.126953 43 31
4230717.000000 4020834.000000 2200.000000 44 31
4228917.000000 4020934.000000 5300.000000 26 32
4229017.000000 4020934.000000 5263.801758 27 32
4229117.000000 4020934.000000 5194.425781 28 32
4229217.000000 4020934.000000 5072.652832 29 32
4229317.000000 4020934.000000 4890.399902 30 32
4229417.000000 4020934.000000 4682.054199 31 32
4229517.000000 4020934.000000 4462.458008 32 32
4229617.000000 4020934.000000 4232.296875 33 32
4229717.000000 4020934.000000 3993.021973 34 32
4229817.000000 4020934.000000 3749.343994 35 32
4229917.000000 4020934.000000 3492.395996 36 32
4230017.000000 4020934.000000 3224.710938 37 32
4230117.000000 4020934.000000 2943.384033 38 32
4230217.000000 4020934.000000 2734.579102 39 32
4230317.000000 4020934.000000 2558.680908 40 32
4230417.000000 4020934.000000 2394.860107 41 32
4230517.000000 4020934.000000 2286.448975 42 32
4230617.000000 4020934.000000 2214.644043 43 32
4228917.000000 4021034.000000 5289.941895 26 33
4229017.000000 4021034.000000 5235.220215 27 33
4229117.000000 4021034.000000 5146.520996 28 33
4229217.000000 4021034.000000 4995.083008 29 33
4229317.000000 4021034.000000 4791.408203 30 33
4229417.000000 4021034.000000 4584.940918 31 33
4229517.000000 4021034.000000 4371.121094 32 33
4229617.000000 4021034.000000 4143.037109 33 33
4229717.000000 4021034.000000 3902.832031 34 33
4229817.000000 4021034.000000 3652.940918 35 33
4229917.000000 4021034.000000 3384.564941 36 33
4230017.000000 4021034.000000 3106.758057 37 33
4230117.000000 4021034.000000 2857.224121 38 33
4230217.000000 4021034.000000 2660.813965 39 33
4230317.000000 4021034.000000 2482.730957 40 33
4230417.000000 4021034.000000 2341.375977 41 33
4230517.000000 4021034.000000 2252.718018 42 33
4230617.000000 4021034.000000 2200.000000 43 33
4228817.000000 4021134.000000 5298.672852 25 34
4228917.000000 4021134.000000 5258.077148 26 34
4229017.000000 4021134.000000 5189.162109 27 34
4229117.000000 4021134.000000 5073.092773 28 34
4229217.000000 4021134.000000 4895.103027 29 34
4229317.000000 4021134.000000 4692.446777 30 34
4229417.000000 4021134.000000 4492.520020 31 34
4229517.000000 4021134.000000 4280.832031 32 34
4229617.000000 4021134.000000 4053.090088 33 34
4229717.000000 4021134.000000 3804.104004 34 34
4229817.000000 4021134.000000 3542.742920 35 34
4229917.000000 4021134.000000 3270.656006 36 34
4230017.000000 4021134.000000 3006.539063 37 34
4230117.000000 4021134.000000 2777.245117 38 34
4230217.000000 4021134.000000 2583.589111 39 34
4230317.000000 4021134.000000 2414.923096 40 34
4230417.000000 4021134.000000 2297.063965 41 34
4230517.000000 4021134.000000 2214.733887 42 34
4228717.000000 4021234.000000 5300.000000 24 35
4228817.000000 4021234.000000 5271.878906 25 35
4228917.000000 4021234.000000 5219.883789 26 35
4229017.000000 4021234.000000 5126.014160 27 35
4229117.000000 4021234.000000 4972.350098 28 35
4229217.000000 4021234.000000 4781.658203 29 35
4229317.000000 4021234.000000 4595.088867 30 35
4229417.000000 4021234.000000 4400.059082 31 35
4229517.000000 4021234.000000 4182.582031 32 35
4229617.000000 4021234.000000 3945.933105 33 35
4229717.000000 4021234.000000 3688.047119 34 35
4229817.000000 4021234.000000 3422.679932 35 35
4229917.000000 4021234.000000 3162.884033 36 35
4230017.000000 4021234.000000 2917.592041 37 35
4230117.000000 4021234.000000 2701.229004 38 35
4230217.000000 4021234.000000 2509.905029 39 35
4230317.000000 4021234.000000 2357.595947 40 35
4230417.000000 4021234.000000 2263.565918 41 35
4230517.000000 4021234.000000 2200.000000 42 35
4228717.000000 4021334.000000 5289.507813 24 36
4228817.000000 4021334.000000 5243.671875 25 36
4228917.000000 4021334.000000 5169.788086 26 36
4229017.000000 4021334.000000 5042.111816 27 36
4229117.000000 4021334.000000 4863.088867 28 36
4229217.000000 4021334.000000 4671.122070 29 36
4229317.000000 4021334.000000 4490.261230 30 36
4229417.000000 4021334.000000 4291.709961 31 36
4229517.000000 4021334.000000 4070.895020 32 36
4229617.000000 4021334.000000 3827.760986 33 36
4229717.000000 4021334.000000 3568.143066 34 36
4229817.000000 4021334.000000 3301.448975 35 36
4229917.000000 4021334.000000 3062.742920 36 36
4230017.000000 4021334.000000 2833.812988 37 36
4230117.000000 4021334.000000 2624.669922 38 36
4230217.000000 4021334.000000 2438.467041 39 36
4230317.000000 4021334.000000 2313.727051 40 36
4230417.000000 4021334.000000 2239.802002 41 36
4230517.000000 4021334.000000 2200.000000 42 36
4228617.000000 4021434.000000 5298.737793 23 37
4228717.000000 4021434.000000 5258.911133 24 37
4228817.000000 4021434.000000 5198.338867 25 37
4228917.000000 4021434.000000 5098.731934 26 37
4229017.000000 4021434.000000 4937.227051 27 37
4229117.000000 4021434.000000 4747.741211 28 37
4229217.000000 4021434.000000 4571.368164 29 37
4229317.000000 4021434.000000 4382.060059 30 37
4229417.000000 4021434.000000 4174.305176 31 37
4229517.000000 4021434.000000 3945.684082 32 37
4229617.000000 4021434.000000 3696.270996 33 37
4229717.000000 4021434.000000 3433.951904 34 37
4229817.000000 4021434.000000 3192.342041 35 37
4229917.000000 4021434.000000 2973.808105 36 37
4230017.000000 4021434.000000 2754.555908 37 37
4230117.000000 4021434.000000 2551.139893 38 37
4230217.000000 4021434.000000 2376.728027 39 37
4230317.000000 4021434.000000 2273.645996 40 37
4230417.000000 4021434.000000 2210.382080 41 37
4228517.000000 4021534.000000 5300.000000 22 38
4228617.000000 4021534.000000 5265.524902 23 38
4228717.000000 4021534.000000 5214.854004 24 38
4228817.000000 4021534.000000 5128.597168 25 38
4228917.000000 4021534.000000 4993.307129 26 38
4229017.000000 4021534.000000 4819.875977 27 38
4229117.000000 4021534.000000 4639.047852 28 38
4229217.000000 4021534.000000 4457.774902 29 38
4229317.000000 4021534.000000 4260.562012 30 38
4229417.000000 4021534.000000 4047.625000 31 38
4229517.000000 4021534.000000 3814.326904 32 38
4229617.000000 4021534.000000 3567.051025 33 38
4229717.000000 4021534.000000 3313.989014 34 38
4229817.000000 4021534.000000 3098.029053 35 38
4229917.000000 4021534.000000 2887.258057 36 38
4230017.000000 4021534.000000 2675.705078 37 38
4230117.000000 4021534.000000 2473.375000 38 38
4230217.000000 4021534.000000 2321.791016 39 38
4230317.000000 4021534.000000 2241.225098 40 38
4230417.000000 4021534.000000 2200.000000 41 38
4228417.000000 4021634.000000 5299.173828 21 39
4228517.000000 4021634.000000 5265.271973 22 39
4228617.000000 4021634.000000 5221.907227 23 39
4228717.000000 4021634.000000 5150.549805 24 39
4228817.000000 4021634.000000 5030.979980 25 39
4228917.000000 4021634.000000 4872.586914 26 39
4229017.000000 4021634.000000 4697.184082 27 39
4229117.000000 4021634.000000 4526.974121 28 39
4229217.000000 4021634.000000 4333.812012 29 39
4229317.000000 4021634.000000 4127.791016 30 39
4229417.000000 4021634.000000 3910.788086 31 39
4229517.000000 4021634.000000 3673.687988 32 39
4229617.000000 4021634.000000 3428.409912 33 39
4229717.000000 4021634.000000 3203.762939 34 39
4229817.000000 4021634.000000 3005.881104 35 39
4229917.000000 4021634.000000 2809.045898 36 39
4230017.000000 4021634.000000 2601.837891 37 39
4230117.000000 4021634.000000 2400.291992 38 39
4230217.000000 4021634.000000 2277.833008 39 39
4230317.000000 4021634.000000 2207.959961 40 39
4228317.000000 4021734.000000 5292.359863 20 40
4228417.000000 4021734.000000 5257.949219 21 40
4228517.000000 4021734.000000 5216.145020 22 40
4228617.000000 4021734.000000 5152.916992 23 40
4228717.000000 4021734.000000 5049.264160 24 40
4228817.000000 4021734.000000 4903.270996 25 40
4228917.000000 4021734.000000 4742.021973 26 40
4229017.000000 4021734.000000 4583.623047 27 40
4229117.000000 4021734.000000 4403.636230 28 40
4229217.000000 4021734.000000 4198.908203 29 40
4229317.000000 4021734.000000 3986.620117 30 40
4229417.000000 4021734.000000 3767.574951 31 40
4229517.000000 4021734.000000 3537.167969 32 40
4229617.000000 4021734.000000 3309.385986 33 40
4229717.000000 4021734.000000 3106.358887 34 40
4229817.000000 4021734.000000 2917.615967 35 40
4229917.000000 4021734.000000 2736.822998 36 40
4230017.000000 4021734.000000 2528.486084 37 40
4230117.000000 4021734.000000 2341.071045 38 40
4230217.000000 4021734.000000 2243.647949 39 40
4230317.000000 4021734.000000 2200.000000 40 40
4228117.000000 4021834.000000 5300.000000 18 41
4228217.000000 4021834.000000 5280.204102 19 41
4228317.000000 4021834.000000 5245.884766 20 41
4228417.000000 4021834.000000 5202.782227 21 41
4228517.000000 4021834.000000 5139.931152 22 41
4228617.000000 4021834.000000 5046.479004 23 41
4228717.000000 4021834.000000 4911.155762 24 41
4228817.000000 4021834.000000 4757.680176 25 41
4228917.000000 4021834.000000 4609.045898 26 41
4229017.000000 4021834.000000 4457.183105 27 41
4229117.000000 4021834.000000 4263.893066 28 41
4229217.000000 4021834.000000 4056.187988 29 41
4229317.000000 4021834.000000 3852.129883 30 41
4229417.000000 4021834.000000 3633.045898 31 41
4229517.000000 4021834.000000 3402.785889 32 41
4229617.000000 4021834.000000 3196.306885 33 41
4229717.000000 4021834.000000 3013.427979 34 41
4229817.000000 4021834.000000 2834.706055 35 41
4229917.000000 4021834.000000 2655.954102 36 41
4230017.000000 4021834.000000 2444.475098 37 41
4230117.000000 4021834.000000 2298.856934 38 41
4230217.000000 4021834.000000 2206.027100 39 41
4228017.000000 4021934.000000 5290.790039 17 42
4228117.000000 4021934.000000 5260.201172 18 42
4228217.000000 4021934.000000 5228.145996 19 42
4228317.000000 4021934.000000 5182.967773 20 42
4228417.000000 4021934.000000 5119.097168 21 42
4228517.000000 4021934.000000 5025.033203 22 42
4228617.000000 4021934.000000 4903.882813 23 42
4228717.000000 4021934.000000 4760.567871 24 42
4228817.000000 4021934.000000 4622.123047 25 42
4228917.000000 4021934.000000 4488.538086 26 42
4229017.000000 4021934.000000 4316.323242 27 42
4229117.000000 4021934.000000 4116.015137 28 42
4229217.000000 4021934.000000 3913.379883 29 42
4229317.000000 4021934.000000 3713.333008 30 42
4229417.000000 4021934.000000 3495.599121 31 42
4229517.000000 4021934.000000 3282.527100 32 42
4229617.000000 4021934.000000 3099.414063 33 42
4229717.000000 4021934.000000 2922.409912 34 42
4229817.000000 4021934.000000 2747.808105 35 42
4229917.000000 4021934.000000 2571.721924 36 42
4230017.000000 4021934.000000 2390.191895 37 42
4230117.000000 4021934.000000 2273.918945 38 42
4230217.000000 4021934.000000 2200.000000 39 42
4227817.000000 4022034.000000 5300.000000 15 43
4227917.000000 4022034.000000 5277.628906 16 43
4228017.000000 4022034.000000 5244.228027 17 43
4228117.000000 4022034.000000 5205.147949 18 43
4228217.000000 4022034.000000 5156.062012 19 43
4228317.000000 4022034.000000 5087.724121 20 43
4228417.000000 4022034.000000 4993.193848 21 43
4228517.000000 4022034.000000 4879.259766 22 43
4228617.000000 4022034.000000 4753.345215 23 43
4228717.000000 4022034.000000 4624.701172 24 43
4228817.000000 4022034.000000 4496.248047 25 43
4228917.000000 4022034.000000 4347.000000 26 43
4229017.000000 4022034.000000 4169.520020 27 43
4229117.000000 4022034.000000 3973.694092 28 43
4229217.000000 4022034.000000 3775.322021 29 43
4229317.000000 4022034.000000 3574.299072 30 43
4229417.000000 4022034.000000 3366.705078 31 43
4229517.000000 4022034.000000 3178.465088 32 43
4229617.000000 4022034.000000 3008.483887 33 43
4229717.000000 4022034.000000 2834.523926 34 43
4229817.000000 4022034.000000 2663.025879 35 43
4229917.000000 4022034.000000 2491.701904 36 43
4230017.000000 4022034.000000 2346.081055 37 43
4230117.000000 4022034.000000 2251.815918 38 43
4230217.000000 4022034.000000 2200.000000 39 43
4227717.000000 4022134.000000 5300.000000 14 44
4227817.000000 4022134.000000 5263.438965 15 44
4227917.000000 4022134.000000 5228.009766 16 44
4228017.000000 4022134.000000 5183.497070 17 44
4228117.000000 4022134.000000 5123.558105 18 44
4228217.000000 4022134.000000 5047.292969 19 44
4228317.000000 4022134.000000 4950.462891 20 44
4228417.000000 4022134.000000 4839.875000 21 44
4228517.000000 4022134.000000 4719.765137 22 44
4228617.000000 4022134.000000 4601.103027 23 44
4228717.000000 4022134.000000 4484.330078 24 44
4228817.000000 4022134.000000 4351.548828 25 44
4228917.000000 4022134.000000 4196.330078 26 44
4229017.000000 4022134.000000 4017.126953 27 44
4229117.000000 4022134.000000 3824.065918 28 44
4229217.000000 4022134.000000 3634.361084 29 44
4229317.000000 4022134.000000 3444.308105 30 44
4229417.000000 4022134.000000 3257.186035 31 44
4229517.000000 4022134.000000 3089.626953 32 44
4229617.000000 4022134.000000 2920.797119 33 44
4229717.000000 4022134.000000 2747.962891 34 44
4229817.000000 4022134.000000 2580.325928 35 44
4229917.000000 4022134.000000 2421.445068 36 44
4230017.000000 4022134.000000 2303.951904 37 44
4230117.000000 4022134.000000 2216.933105 38 44
4227617.000000 4022234.000000 5300.000000 13 45
4227717.000000 4022234.000000 5258.717773 14 45
4227817.000000 4022234.000000 5214.413086 15 45
4227917.000000 4022234.000000 5163.428223 16 45
4228017.000000 4022234.000000 5097.191895 17 45
4228117.000000 4022234.000000 5005.784180 18 45
4228217.000000 4022234.000000 4902.805176 19 45
4228317.000000 4022234.000000 4790.937988 20 45
4228417.000000 4022234.000000 4678.057129 21 45
4228517.000000 4022234.000000 4564.513184 22 45
4228617.000000 4022234.000000 4451.304199 23 45
4228717.000000 4022234.000000 4333.434082 24 45
4228817.000000 4022234.000000 4200.083008 25 45
4228917.000000 4022234.000000 4043.293945 26 45
4229017.000000 4022234.000000 3864.149902 27 45
4229117.000000 4022234.000000 3679.892090 28 45
4229217.000000 4022234.000000 3503.170898 29 45
4229317.000000 4022234.000000 3329.710938 30 45
4229417.000000 4022234.000000 3164.813965 31 45
4229517.000000 4022234.000000 3003.979004 32 45
4229617.000000 4022234.000000 2834.403076 33 45
4229717.000000 4022234.000000 2664.339111 34 45
4229817.000000 4022234.000000 2505.262939 35 45
4229917.000000 4022234.000000 2365.707031 36 45
4230017.000000 4022234.000000 2271.531006 37 45
4230117.000000 4022234.000000 2201.843018 38 45
4227517.000000 4022334.000000 5300.000000 12 46
4227617.000000 4022334.000000 5257.368164 13 46
4227717.000000 4022334.000000 5208.957031 14 46
4227817.000000 4022334.000000 5146.664063 15 46
4227917.000000 4022334.000000 5070.903809 16 46
4228017.000000 4022334.000000 4972.685059 17 46
4228117.000000 4022334.000000 4861.562988 18 46
4228217.000000 4022334.000000 4746.028809 19 46
4228317.000000 4022334.000000 4632.488770 20 46
4228417.000000 4022334.000000 4520.859863 21 46
4228517.000000 4022334.000000 4410.647949 22 46
4228617.000000 4022334.000000 4298.714844 23 46
4228717.000000 4022334.000000 4180.016113 24 46
4228817.000000 4022334.000000 4047.622070 25 46
4228917.000000 4022334.000000 3888.258057 26 46
4229017.000000 4022334.000000 3716.931885 27 46
4229117.000000 4022334.000000 3550.022949 28 46
4229217.000000 4022334.000000 3387.711914 29 46
4229317.000000 4022334.000000 3231.236084 30 46
4229417.000000 4022334.000000 3079.759033 31 46
4229517.000000 4022334.000000 2919.174072 32 46
4229617.000000 4022334.000000 2749.926025 33 46
4229717.000000 4022334.000000 2584.781982 34 46
4229817.000000 4022334.000000 2429.560059 35 46
4229917.000000 4022334.000000 2319.425049 36 46
4230017.000000 4022334.000000 2246.240967 37 46
4230117.000000 4022334.000000 2200.000000 38 46
4227417.000000 4022434.000000 5300.000000 11 47
4227517.000000 4022434.000000 5257.382813 12 47
4227617.000000 4022434.000000 5208.175781 13 47
4227717.000000 4022434.000000 5143.228027 14 47
4227817.000000 4022434.000000 5052.876953 15 47
4227917.000000 4022434.000000 4945.470215 16 47
4228017.000000 4022434.000000 4827.062988 17 47
4228117.000000 4022434.000000 4709.827148 18 47
4228217.000000 4022434.000000 4596.772949 19 47
4228317.000000 4022434.000000 4481.495117 20 47
4228417.000000 4022434.000000 4372.132813 21 47
4228517.000000 4022434.000000 4261.708984 22 47
4228617.000000 4022434.000000 4147.546875 23 47
4228717.000000 4022434.000000 4026.445068 24 47
4228817.000000 4022434.000000 3896.008057 25 47
4228917.000000 4022434.000000 3737.000977 26 47
4229017.000000 4022434.000000 3584.874023 27 47
4229117.000000 4022434.000000 3434.379883 28 47
4229217.000000 4022434.000000 3286.447998 29 47
4229317.000000 4022434.000000 3143.085938 30 47
4229417.000000 4022434.000000 2995.834961 31 47
4229517.000000 4022434.000000 2830.866943 32 47
4229617.000000 4022434.000000 2662.620117 33 47
4229717.000000 4022434.000000 2504.267090 34 47
4229817.000000 4022434.000000 2367.324951 35 47
4229917.000000 4022434.000000 2278.614990 36 47
4230017.000000 4022434.000000 2216.063965 37 47
4227317.000000 4022534.000000 5300.000000 10 48
4227417.000000 4022534.000000 5258.534180 11 48
4227517.000000 4022534.000000 5208.767090 12 48
4227617.000000 4022534.000000 5140.880859 13 48
4227717.000000 4022534.000000 5047.934082 14 48
4227817.000000 4022534.000000 4929.687988 15 48
4227917.000000 4022534.000000 4804.808105 16 48
4228017.000000 4022534.000000 4678.261230 17 48
4228117.000000 4022534.000000 4567.948242 18 48
4228217.000000 4022534.000000 4456.665039 19 48
4228317.000000 4022534.000000 4343.373047 20 48
4228417.000000 4022534.000000 4231.943848 21 48
4228517.000000 4022534.000000 4117.699219 22 48
4228617.000000 4022534.000000 3999.782959 23 48
4228717.000000 4022534.000000 3876.395996 24 48
4228817.000000 4022534.000000 3746.877930 25 48
4228917.000000 4022534.000000 3610.690918 26 48
4229017.000000 4022534.000000 3469.064941 27 48
4229117.000000 4022534.000000 3329.998047 28 48
4229217.000000 4022534.000000 3193.894043 29 48
4229317.000000 4022534.000000 3055.394043 30 48
4229417.000000 4022534.000000 2903.333984 31 48
4229517.000000 4022534.000000 2737.937988 32 48
4229617.000000 4022534.000000 2572.311035 33 48
4229717.000000 4022534.000000 2418.668945 34 48
4229817.000000 4022534.000000 2313.647949 35 48
4229917.000000 4022534.000000 2245.711914 36 48
4230017.000000 4022534.000000 2200.000000 37 48
4227217.000000 4022634.000000 5300.000000 9 49
4227317.000000 4022634.000000 5260.181152 10 49
4227417.000000 4022634.000000 5212.559082 11 49
4227517.000000 4022634.000000 5144.599121 12 49
4227617.000000 4022634.000000 5045.926758 13 49
4227717.000000 4022634.000000 4920.368164 14 49
4227817.000000 4022634.000000 4790.537109 15 49
4227917.000000 4022634.000000 4667.482910 16 49
4228017.000000 4022634.000000 4549.881836 17 49
4228117.000000 4022634.000000 4434.854004 18 49
4228217.000000 4022634.000000 4322.354980 19 49
4228317.000000 4022634.000000 4208.645020 20 49
4228417.000000 4022634.000000 4094.600098 21 49
4228517.000000 4022634.000000 3974.903076 22 49
4228617.000000 4022634.000000 3853.408936 23 49
4228717.000000 4022634.000000 3731.851074 24 49
4228817.000000 4022634.000000 3607.760986 25 49
4228917.000000 4022634.000000 3484.983887 26 49
4229017.000000 4022634.000000 3356.947998 27 49
4229117.000000 4022634.000000 3227.970947 28 49
4229217.000000 4022634.000000 3101.670898 29 49
4229317.000000 4022634.000000 2965.232910 30 49
4229417.000000 4022634.000000 2810.681885 31 49
4229517.000000 4022634.000000 2645.197021 32 49
4229617.000000 4022634.000000 2476.688965 33 49
4229717.000000 4022634.000000 2349.267090 34 49
4229817.000000 4022634.000000 2269.466064 35 49
4229917.000000 4022634.000000 2214.624023 36 49
4227117.000000 4022734.000000 5300.000000 8 50
4227217.000000 4022734.000000 5262.986816 9 50
4227317.000000 4022734.000000 5215.750977 10 50
4227417.000000 4022734.000000 5153.121094 11 50
4227517.000000 4022734.000000 5057.731934 12 50
4227617.000000 4022734.000000 4926.083008 13 50
4227717.000000 4022734.000000 4782.312988 14 50
4227817.000000 4022734.000000 4657.957031 15 50
4227917.000000 4022734.000000 4541.490234 16 50
4228017.000000 4022734.000000 4426.474121 17 50
4228117.000000 4022734.000000 4309.469238 18 50
4228217.000000 4022734.000000 4192.142090 19 50
4228317.000000 4022734.000000 4072.839111 20 50
4228417.000000 4022734.000000 3952.773926 21 50
4228517.000000 4022734.000000 3826.960938 22 50
4228617.000000 4022734.000000 3707.597900 23 50
4228717.000000 4022734.000000 3593.914063 24 50
4228817.000000 4022734.000000 3481.407959 25 50
4228917.000000 4022734.000000 3367.981934 26 50
4229017.000000 4022734.000000 3252.430908 27 50
4229117.000000 4022734.000000 3132.291016 28 50
4229217.000000 4022734.000000 3008.762939 29 50
4229317.000000 4022734.000000 2870.270020 30 50
4229417.000000 4022734.000000 2722.616943 31 50
4229517.000000 4022734.000000 2570.033936 32 50
4229617.000000 4022734.000000 2416.351074 33 50
4229717.000000 4022734.000000 2309.710938 34 50
4229817.000000 4022734.000000 2241.620117 35 50
4229917.000000 4022734.000000 2200.000000 36 50
4227117.000000 4022834.000000 5278.020996 8 51
4227217.000000 4022834.000000 5225.331055 9 51
4227317.000000 4022834.000000 5159.748047 10 51
4227417.000000 4022834.000000 5071.539063 11 51
4227517.000000 4022834.000000 4946.866211 12 51
4227617.000000 4022834.000000 4802.090820 13 51
4227717.000000 4022834.000000 4661.655762 14 51
4227817.000000 4022834.000000 4544.941895 15 51
4227917.000000 4022834.000000 4423.786133 16 51
4228017.000000 4022834.000000 4304.997070 17 51
4228117.000000 4022834.000000 4186.196777 18 51
4228217.000000 4022834.000000 4063.270020 19 51
4228317.000000 4022834.000000 3934.122070 20 51
4228417.000000 4022834.000000 3804.645020 21 51
4228517.000000 4022834.000000 3677.247070 22 51
4228617.000000 4022834.000000 3565.066895 23 51
4228717.000000 4022834.000000 3460.007080 24 51
4228817.000000 4022834.000000 3358.273926 25 51
4228917.000000 4022834.000000 3251.020996 26 51
4229017.000000 4022834.000000 3142.472900 27 51
4229117.000000 4022834.000000 3028.108887 28 51
4229217.000000 4022834.000000 2903.469971 29 51
4229317.000000 4022834.000000 2770.528076 30 51
4229417.000000 4022834.000000 2635.871094 31 51
4229517.000000 4022834.000000 2499.581055 32 51
4229617.000000 4022834.000000 2372.839111 33 51
4229717.000000 4022834.000000 2280.968994 34 51
4229817.000000 4022834.000000 2213.730957 35 51
4227017.000000 4022934.000000 5300.000000 7 52
4227117.000000 4022934.000000 5246.672852 8 52
4227217.000000 4022934.000000 5180.933105 9 52
4227317.000000 4022934.000000 5090.562988 10 52
4227417.000000 4022934.000000 4972.367188 11 52
4227517.000000 4022934.000000 4831.225098 12 52
4227617.000000 4022934.000000 4685.155762 13 52
4227717.000000 4022934.000000 4558.632813 14 52
4227817.000000 4022934.000000 4436.002930 15 52
4227917.000000 4022934.000000 4310.757813 16 52
4228017.000000 4022934.000000 4186.445801 17 52
4228117.000000 4022934.000000 4065.357910 18 52
4228217.000000 4022934.000000 3937.012939 19 52
4228317.000000 4022934.000000 3798.618896 20 52
4228417.000000 4022934.000000 3664.667969 21 52
4228517.000000 4022934.000000 3541.081055 22 52
4228617.000000 4022934.000000 3430.041992 23 52
4228717.000000 4022934.000000 3328.288086 24 52
4228817.000000 4022934.000000 3232.710938 25 52
4228917.000000 4022934.000000 3132.541016 26 52
4229017.000000 4022934.000000 3027.672119 27 52
4229117.000000 4022934.000000 2914.972900 28 52
4229217.000000 4022934.000000 2794.593994 29 52
4229317.000000 4022934.000000 2670.482910 30 52
4229417.000000 4022934.000000 2553.055908 31 52
4229517.000000 4022934.000000 2437.966064 32 52
4229617.000000 4022934.000000 2338.054932 33 52
4229717.000000 4022934.000000 2257.907959 34 52
4229817.000000 4022934.000000 2200.000000 35 52
4227017.000000 4023034.000000 5274.997070 7 53
4227117.000000 4023034.000000 5210.789063 8 53
4227217.000000 4023034.000000 5128.913086 9 53
4227317.000000 4023034.000000 5011.719238 10 53
4227417.000000 4023034.000000 4873.645996 11 53
4227517.000000 4023034.000000 4727.230957 12 53
4227617.000000 4023034.000000 4591.966797 13 53
4227717.000000 4023034.000000 4467.581055 14 53
4227817.000000 4023034.000000 4336.912109 15 53
4227917.000000 4023034.000000 4204.717773 16 53
4228017.000000 4023034.000000 4072.007080 17 53
4228117.000000 4023034.000000 3943.782959 18 53
4228217.000000 4023034.000000 3809.772949 19 53
4228317.000000 4023034.000000 3668.178955 20 53
4228417.000000 4023034.000000 3535.730957 21 53
4228517.000000 4023034.000000 3413.065918 22 53
4228617.000000 4023034.000000 3301.020996 23 53
4228717.000000 4023034.000000 3200.587891 24 53
4228817.000000 4023034.000000 3107.270996 25 53
4228917.000000 4023034.000000 3012.101074 26 53
4229017.000000 4023034.000000 2910.073975 27 53
4229117.000000 4023034.000000 2802.254883 28 53
4229217.000000 4023034.000000 2690.406982 29 53
4229317.000000 4023034.000000 2579.241943 30 53
4229417.000000 4023034.000000 2478.208984 31 53
4229517.000000 4023034.000000 2385.250000 32 53
4229617.000000 4023034.000000 2301.082031 33 53
4229717.000000 4023034.000000 2226.050049 34 53
4226917.000000 4023134.000000 5300.000000 6 54
4227017.000000 4023134.000000 5238.330078 7 54
4227117.000000 4023134.000000 5162.916016 8 54
4227217.000000 4023134.000000 5061.251953 9 54
4227317.000000 4023134.000000 4927.472168 10 54
4227417.000000 4023134.000000 4781.607910 11 54
4227517.000000 4023134.000000 4641.164063 12 54
4227617.000000 4023134.000000 4507.391113 13 54
4227717.000000 4023134.000000 4377.273926 14 54
4227817.000000 4023134.000000 4243.827148 15 54
4227917.000000 4023134.000000 4110.315918 16 54
4228017.000000 4023134.000000 3979.429932 17 54
4228117.000000 4023134.000000 3839.426025 18 54
4228217.000000 4023134.000000 3698.379883 19 54
4228317.000000 4023134.000000 3553.529053 20 54
4228417.000000 4023134.000000 3417.186035 21 54
4228517.000000 4023134.000000 3291.814941 22 54
4228617.000000 4023134.000000 3176.013916 23 54
4228717.000000 4023134.000000 3074.689941 24 54
4228817.000000 4023134.000000 2982.528076 25 54
4228917.000000 4023134.000000 2889.730957 26 54
4229017.000000 4023134.000000 2793.266113 27 54
4229117.000000 4023134.000000 2693.304932 28 54
4229217.000000 4023134.000000 2592.725098 29 54
4229317.000000 4023134.000000 2496.479004 30 54
4229417.000000 4023134.000000 2409.965088 31 54
4229517.000000 4023134.000000 2334.391113 32 54
4229617.000000 4023134.000000 2264.862061 33 54
4229717.000000 4023134.000000 2200.000000 34 54
4226917.000000 4023234.000000 5273.875000 6 55
4227017.000000 4023234.000000 5198.738770 7 55
4227117.000000 4023234.000000 5103.213867 8 55
4227217.000000 4023234.000000 4984.700195 9 55
4227317.000000 4023234.000000 4842.907227 10 55
4227417.000000 4023234.000000 4696.105957 11 55
4227517.000000 4023234.000000 4563.976074 12 55
4227617.000000 4023234.000000 4430.729980 13 55
4227717.000000 4023234.000000 4294.583008 14 55
4227817.000000 4023234.000000 4156.816895 15 55
4227917.000000 4023234.000000 4019.195068 16 55
4228017.000000 4023234.000000 3884.790039 17 55
4228117.000000 4023234.000000 3741.676025 18 55
4228217.000000 4023234.000000 3598.694092 19 55
4228317.000000 4023234.000000 3446.708984 20 55
4228417.000000 4023234.000000 3304.818115 21 55
4228517.000000 4023234.000000 3173.995117 22 55
4228617.000000 4023234.000000 3053.503906 23 55
4228717.000000 4023234.000000 2950.576904 24 55
4228817.000000 4023234.000000 2858.129883 25 55
4228917.000000 4023234.000000 2769.305908 26 55
4229017.000000 4023234.000000 2679.500977 27 55
4229117.000000 4023234.000000 2588.537109 28 55
4229217.000000 4023234.000000 2500.220947 29 55
4229317.000000 4023234.000000 2420.187988 30 55
4229417.000000 4023234.000000 2350.355957 31 55
4229517.000000 4023234.000000 2287.900879 32 55
4229617.000000 4023234.000000 2230.613037 33 55
4226817.000000 4023334.000000 5300.000000 5 56
4226917.000000 4023334.000000 5239.486816 6 56
4227017.000000 4023334.000000 5161.330078 7 56
4227117.000000 4023334.000000 5053.481934 8 56
4227217.000000 4023334.000000 4917.222168 9 56
4227317.000000 4023334.000000 4768.983887 10 56
4227417.000000 4023334.000000 4626.045898 11 56
4227517.000000 4023334.000000 4490.574219 12 56
4227617.000000 4023334.000000 4357.018066 13 56
4227717.000000 4023334.000000 4219.231934 14 56
4227817.000000 4023334.000000 4079.695068 15 56
4227917.000000 4023334.000000 3942.368896 16 56
4228017.000000 4023334.000000 3805.062012 17 56
4228117.000000 4023334.000000 3658.034912 18 56
4228217.000000 4023334.000000 3503.739014 19 56
4228317.000000 4023334.000000 3345.427979 20 56
4228417.000000 4023334.000000 3200.367920 21 56
4228517.000000 4023334.000000 3065.947021 22 56
4228617.000000 4023334.000000 2941.688965 23 56
4228717.000000 4023334.000000 2833.437988 24 56
4228817.000000 4023334.000000 2738.509033 25 56
4228917.000000 4023334.000000 2652.551025 26 56
4229017.000000 4023334.000000 2568.020996 27 56
4229117.000000 4023334.000000 2486.657959 28 56
4229217.000000 4023334.000000 2413.238037 29 56
4229317.000000 4023334.000000 2351.450928 30 56
4229417.000000 4023334.000000 2295.778076 31 56
4229517.000000 4023334.000000 2245.004883 32 56
4229617.000000 4023334.000000 2200.000000 33 56
4226817.000000 4023434.000000 5276.413086 5 57
4226917.000000 4023434.000000 5206.837891 6 57
4227017.000000 4023434.000000 5119.104004 7 57
4227117.000000 4023434.000000 4997.091797 8 57
4227217.000000 4023434.000000 4853.956055 9 57
4227317.000000 4023434.000000 4708.564941 10 57
4227417.000000 4023434.000000 4570.437012 11 57
4227517.000000 4023434.000000 4433.495117 12 57
4227617.000000 4023434.000000 4296.235840 13 57
4227717.000000 4023434.000000 4155.235840 14 57
4227817.000000 4023434.000000 4011.553955 15 57
4227917.000000 4023434.000000 3877.812012 16 57
4228017.000000 4023434.000000 3738.917969 17 57
4228117.000000 4023434.000000 3584.740967 18 57
4228217.000000 4023434.000000 3423.068115 19 57
4228317.000000 4023434.000000 3262.266113 20 57
4228417.000000 4023434.000000 3108.198975 21 57
4228517.000000 4023434.000000 2967.826904 22 57
4228617.000000 4023434.000000 2838.034912 23 57
4228717.000000 4023434.000000 2723.189941 24 57
4228817.000000 4023434.000000 2623.900879 25 57
4228917.000000 4023434.000000 2537.243896 26 57
4229017.000000 4023434.000000 2450.107910 27 57
4229117.000000 4023434.000000 2390.198975 28 57
4229217.000000 4023434.000000 2337.782959 29 57
4229317.000000 4023434.000000 2289.954102 30 57
4229417.000000 4023434.000000 2245.391113 31 57
4229517.000000 4023434.000000 2200.207031 32 57
4226717.000000 4023534.000000 5300.000000 4 58
4226817.000000 4023534.000000 5244.600098 5 58
4226917.000000 4023534.000000 5170.339844 6 58
4227017.000000 4023534.000000 5072.526855 7 58
4227117.000000 4023534.000000 4940.294922 8 58
4227217.000000 4023534.000000 4792.564941 9 58
4227317.000000 4023534.000000 4651.103027 10 58
4227417.000000 4023534.000000 4518.767090 11 58
4227517.000000 4023534.000000 4383.971191 12 58
4227617.000000 4023534.000000 4247.352051 13 58
4227717.000000 4023534.000000 4108.046875 14 58
4227817.000000 4023534.000000 3967.126953 15 58
4227917.000000 4023534.000000 3828.751953 16 58
4228017.000000 4023534.000000 3682.092041 17 58
4228117.000000 4023534.000000 3521.804932 18 58
4228217.000000 4023534.000000 3352.460938 19 58
4228317.000000 4023534.000000 3184.819092 20 58
4228417.000000 4023534.000000 3023.353027 21 58
4228517.000000 4023534.000000 2877.894043 22 58
4228617.000000 4023534.000000 2743.400879 23 58
4228717.000000 4023534.000000 2622.966064 24 58
4228817.000000 4023534.000000 2520.996094 25 58
4228917.000000 4023534.000000 2435.345947 26 58
4229017.000000 4023534.000000 2361.762939 27 58
4229117.000000 4023534.000000 2314.950928 28 58
4229217.000000 4023534.000000 2274.864990 29 58
4229317.000000 4023534.000000 2234.722900 30 58
4229417.000000 4023534.000000 2200.000000 31 58
4226717.000000 4023634.000000 5292.221191 4 59
4226817.000000 4023634.000000 5220.157227 5 59
4226917.000000 4023634.000000 5133.717773 6 59
4227017.000000 4023634.000000 5022.978027 7 59
4227117.000000 4023634.000000 4887.509766 8 59
4227217.000000 4023634.000000 4742.258789 9 59
4227317.000000 4023634.000000 4604.724121 10 59
4227417.000000 4023634.000000 4473.719238 11 59
4227517.000000 4023634.000000 4340.307129 12 59
4227617.000000 4023634.000000 4205.324219 13 59
4227717.000000 4023634.000000 4069.021973 14 59
4227817.000000 4023634.000000 3930.180908 15 59
4227917.000000 4023634.000000 3788.855957 16 59
4228017.000000 4023634.000000 3636.554932 17 59
4228117.000000 4023634.000000 3471.499023 18 59
4228217.000000 4023634.000000 3298.297119 19 59
4228317.000000 4023634.000000 3119.460938 20 59
4228417.000000 4023634.000000 2952.542969 21 59
4228517.000000 4023634.000000 2802.272949 22 59
4228617.000000 4023634.000000 2662.544922 23 59
4228717.000000 4023634.000000 2537.907959 24 59
4228817.000000 4023634.000000 2434.135986 25 59
4228917.000000 4023634.000000 2354.985107 26 59
4229017.000000 4023634.000000 2298.809082 27 59
4229117.000000 4023634.000000 2259.409912 28 59
4229217.000000 4023634.000000 2222.695068 29 59
4226717.000000 4023734.000000 5279.559082 4 60
4226817.000000 4023734.000000 5195.788086 5 60
4226917.000000 4023734.000000 5097.158203 6 60
4227017.000000 4023734.000000 4976.753906 7 60
4227117.000000 4023734.000000 4839.894043 8 60
4227217.000000 4023734.000000 4699.443848 9 60
4227317.000000 4023734.000000 4566.161133 10 60
4227417.000000 4023734.000000 4433.475098 11 60
4227517.000000 4023734.000000 4299.658203 12 60
4227617.000000 4023734.000000 4165.055176 13 60
4227717.000000 4023734.000000 4029.521973 14 60
4227817.000000 4023734.000000 3890.717041 15 60
4227917.000000 4023734.000000 3745.594971 16 60
4228017.000000 4023734.000000 3590.764893 17 60
4228117.000000 4023734.000000 3425.086914 18 60
4228217.000000 4023734.000000 3248.977051 19 60
4228317.000000 4023734.000000 3065.938965 20 60
4228417.000000 4023734.000000 2896.446045 21 60
4228517.000000 4023734.000000 2740.983887 22 60
4228617.000000 4023734.000000 2594.886963 23 60
4228717.000000 4023734.000000 2457.572021 24 60
4228817.000000 4023734.000000 2360.458008 25 60
4228917.000000 4023734.000000 2296.168945 26 60
4229017.000000 4023734.000000 2250.971924 27 60
4229117.000000 4023734.000000 2213.989990 28 60
4226717.000000 4023834.000000 5259.329102 4 61
4226817.000000 4023834.000000 5170.198242 5 61
4226917.000000 4023834.000000 5062.641113 6 61
4227017.000000 4023834.000000 4934.126953 7 61
4227117.000000 4023834.000000 4794.889160 8 61
4227217.000000 4023834.000000 4658.120117 9 61
4227317.000000 4023834.000000 4526.167969 10 61
4227417.000000 4023834.000000 4393.541016 11 61
4227517.000000 4023834.000000 4259.730957 12 61
4227617.000000 4023834.000000 4125.070801 13 61
4227717.000000 4023834.000000 3989.840088 14 61
4227817.000000 4023834.000000 3853.333008 15 61
4227917.000000 4023834.000000 3709.054932 16 61
4228017.000000 4023834.000000 3551.945068 17 61
4228117.000000 4023834.000000 3382.334961 18 61
4228217.000000 4023834.000000 3199.916992 19 61
4228317.000000 4023834.000000 3010.040039 20 61
4228417.000000 4023834.000000 2841.400879 21 61
4228517.000000 4023834.000000 2684.858887 22 61
4228617.000000 4023834.000000 2531.332031 23 61
4228717.000000 4023834.000000 2390.547119 24 61
4228817.000000 4023834.000000 2304.510986 25 61
4228917.000000 4023834.000000 2250.469971 26 61
4229017.000000 4023834.000000 2209.423096 27 61
4226617.000000 4023934.000000 5300.000000 3 62
4226717.000000 4023934.000000 5228.495117 4 62
4226817.000000 4023934.000000 5138.876953 5 62
4226917.000000 4023934.000000 5026.354004 6 62
4227017.000000 4023934.000000 4892.918945 7 62
4227117.000000 4023934.000000 4752.536133 8 62
4227217.000000 4023934.000000 4617.979004 9 62
4227317.000000 4023934.000000 4487.357910 10 62
4227417.000000 4023934.000000 4354.954102 11 62
4227517.000000 4023934.000000 4221.012207 12 62
4227617.000000 4023934.000000 4086.568115 13 62
4227717.000000 4023934.000000 3952.467041 14 62
4227817.000000 4023934.000000 3818.146973 15 62
4227917.000000 4023934.000000 3673.633057 16 62
4228017.000000 4023934.000000 3514.523926 17 62
4228117.000000 4023934.000000 3340.023926 18 62
4228217.000000 4023934.000000 3144.975098 19 62
4228317.000000 4023934.000000 2953.147949 20 62
4228417.000000 4023934.000000 2787.434082 21 62
4228517.000000 4023934.000000 2630.977051 22 62
4228617.000000 4023934.000000 2460.353027 23 62
4228717.000000 4023934.000000 2334.278076 24 62
4228817.000000 4023934.000000 2257.979980 25 62
4228917.000000 4023934.000000 2209.166992 26 62
4226617.000000 4024034.000000 5288.748047 3 63
4226717.000000 4024034.000000 5204.395020 4 63
4226817.000000 4024034.000000 5107.470215 5 63
4226917.000000 4024034.000000 4987.890137 6 63
4227017.000000 4024034.000000 4852.354004 7 63
4227117.000000 4024034.000000 4712.158203 8 63
4227217.000000 4024034.000000 4583.055176 9 63
4227317.000000 4024034.000000 4452.487793 10 63
4227417.000000 4024034.000000 4318.619141 11 63
4227517.000000 4024034.000000 4184.090820 12 63
4227617.000000 4024034.000000 4050.343994 13 63
4227717.000000 4024034.000000 3918.396973 14 63
4227817.000000 4024034.000000 3785.649902 15 63
4227917.000000 4024034.000000 3638.596924 16 63
4228017.000000 4024034.000000 3476.066895 17 63
4228117.000000 4024034.000000 3298.581055 18 63
4228217.000000 4024034.000000 3094.374023 19 63
4228317.000000 4024034.000000 2905.467041 20 63
4228417.000000 4024034.000000 2736.347900 21 63
4228517.000000 4024034.000000 2575.050049 22 63
4228617.000000 4024034.000000 2410.931885 23 63
4228717.000000 4024034.000000 2296.126953 24 63
4228817.000000 4024034.000000 2216.560059 25 63
4226617.000000 4024134.000000 5273.779785 3 64
4226717.000000 4024134.000000 5180.452148 4 64
4226817.000000 4024134.000000 5074.205078 5 64
4226917.000000 4024134.000000 4951.179199 6 64
4227017.000000 4024134.000000 4815.942871 7 64
4227117.000000 4024134.000000 4679.039063 8 64
4227217.000000 4024134.000000 4548.520996 9 64
4227317.000000 4024134.000000 4416.616211 10 64
4227417.000000 4024134.000000 4282.524902 11 64
4227517.000000 4024134.000000 4148.198242 12 64
4227617.000000 4024134.000000 4015.686035 13 64
4227717.000000 4024134.000000 3888.128906 14 64
4227817.000000 4024134.000000 3754.240967 15 64
4227917.000000 4024134.000000 3601.501953 16 64
4228017.000000 4024134.000000 3431.863037 17 64
4228117.000000 4024134.000000 3251.581055 18 64
4228217.000000 4024134.000000 3056.441895 19 64
4228317.000000 4024134.000000 2869.305908 20 64
4228417.000000 4024134.000000 2693.916992 21 64
4228517.000000 4024134.000000 2526.207031 22 64
4228617.000000 4024134.000000 2366.418945 23 64
4228717.000000 4024134.000000 2271.447998 24 64
4228817.000000 4024134.000000 2200.000000 25 64
4226617.000000 4024234.000000 5253.953125 3 65
4226717.000000 4024234.000000 5158.007813 4 65
4226817.000000 4024234.000000 5046.633789 5 65
4226917.000000 4024234.000000 4918.462891 6 65
4227017.000000 4024234.000000 4781.520996 7 65
4227117.000000 4024234.000000 4646.159180 8 65
4227217.000000 4024234.000000 4513.707031 9 65
4227317.000000 4024234.000000 4381.253906 10 65
4227417.000000 4024234.000000 4247.310059 11 65
4227517.000000 4024234.000000 4113.935059 12 65
4227617.000000 4024234.000000 3983.891113 13 65
4227717.000000 4024234.000000 3858.677002 14 65
4227817.000000 4024234.000000 3721.199951 15 65
4227917.000000 4024234.000000 3557.260010 16 65
4228017.000000 4024234.000000 3381.624023 17 65
4228117.000000 4024234.000000 3205.904053 18 65
4228217.000000 4024234.000000 3027.250000 19 65
4228317.000000 4024234.000000 2838.913086 20 65
4228417.000000 4024234.000000 2661.794922 21 65
4228517.000000 4024234.000000 2502.061035 22 65
4228617.000000 4024234.000000 2361.624023 23 65
4228717.000000 4024234.000000 2269.941895 24 65
4228817.000000 4024234.000000 2200.000000 25 65
4226517.000000 4024334.000000 5300.000000 2 66
4226617.000000 4024334.000000 5226.288086 3 66
4226717.000000 4024334.000000 5133.464844 4 66
4226817.000000 4024334.000000 5019.828125 5 66
4226917.000000 4024334.000000 4887.749023 6 66
4227017.000000 4024334.000000 4749.033203 7 66
4227117.000000 4024334.000000 4614.541016 8 66
4227217.000000 4024334.000000 4482.953125 9 66
4227317.000000 4024334.000000 4348.595215 10 66
4227417.000000 4024334.000000 4213.520996 11 66
4227517.000000 4024334.000000 4080.486084 12 66
4227617.000000 4024334.000000 3952.722900 13 66
4227717.000000 4024334.000000 3829.027100 14 66
4227817.000000 4024334.000000 3684.683105 15 66
4227917.000000 4024334.000000 3506.979004 16 66
4228017.000000 4024334.000000 3323.074951 17 66
4228117.000000 4024334.000000 3157.313965 18 66
4228217.000000 4024334.000000 2988.793945 19 66
4228317.000000 4024334.000000 2801.457031 20 66
4228417.000000 4024334.000000 2626.301025 21 66
4228517.000000 4024334.000000 2479.855957 22 66
4228617.000000 4024334.000000 2346.607910 23 66
4226517.000000 4024434.000000 5294.043945 2 67
4226617.000000 4024434.000000 5208.069824 3 67
4226717.000000 4024434.000000 5110.243164 4 67
4226817.000000 4024434.000000 4991.353027 5 67
4226917.000000 4024434.000000 4857.972168 6 67
4227017.000000 4024434.000000 4719.742188 7 67
4227117.000000 4024434.000000 4587.599121 8 67
4227217.000000 4024434.000000 4454.186035 9 67
4227317.000000 4024434.000000 4317.650879 10 67
4227417.000000 4024434.000000 4180.979004 11 67
4227517.000000 4024434.000000 4047.475098 12 67
4227617.000000 4024434.000000 3922.053955 13 67
4227717.000000 4024434.000000 3799.936035 14 67
4227817.000000 4024434.000000 3645.356934 15 67
4227917.000000 4024434.000000 3454.327881 16 67
4228017.000000 4024434.000000 3261.083008 17 67
4228117.000000 4024434.000000 3101.884033 18 67
4228217.000000 4024434.000000 2934.439941 19 67
4228317.000000 4024434.000000 2754.685059 20 67
4228417.000000 4024434.000000 2589.679932 21 67
4228517.000000 4024434.000000 2462.498047 22 67
4228617.000000 4024434.000000 2342.500977 23 67
4226517.000000 4024534.000000 5284.765137 2 68
4226617.000000 4024534.000000 5190.498047 3 68
4226717.000000 4024534.000000 5085.551758 4 68
4226817.000000 4024534.000000 4963.291992 5 68
4226917.000000 4024534.000000 4829.714844 6 68
4227017.000000 4024534.000000 4693.277832 7 68
4227117.000000 4024534.000000 4559.866211 8 68
4227217.000000 4024534.000000 4424.949219 9 68
4227317.000000 4024534.000000 4287.981934 10 68
4227417.000000 4024534.000000 4150.639160 11 68
4227517.000000 4024534.000000 4017.396973 12 68
4227617.000000 4024534.000000 3894.864990 13 68
4227717.000000 4024534.000000 3767.001953 14 68
4227817.000000 4024534.000000 3604.456055 15 68
4227917.000000 4024534.000000 3408.854980 16 68
4228017.000000 4024534.000000 3218.814941 17 68
4228117.000000 4024534.000000 3042.327881 18 68
4228217.000000 4024534.000000 2871.186035 19 68
4228317.000000 4024534.000000 2703.886963 20 68
4228417.000000 4024534.000000 2570.761963 21 68
4228517.000000 4024534.000000 2454.136963 22 68
4228617.000000 4024534.000000 2335.095947 23 68
4226517.000000 4024634.000000 5271.445801 2 69
4226617.000000 4024634.000000 5172.779785 3 69
4226717.000000 4024634.000000 5061.842773 4 69
4226817.000000 4024634.000000 4936.380859 5 69
4226917.000000 4024634.000000 4801.866211 6 69
4227017.000000 4024634.000000 4667.209961 7 69
4227117.000000 4024634.000000 4534.884766 8 69
4227217.000000 4024634.000000 4399.548828 9 69
4227317.000000 4024634.000000 4261.645020 10 69
4227417.000000 4024634.000000 4123.155762 11 69
4227517.000000 4024634.000000 3988.846924 12 69
4227617.000000 4024634.000000 3866.378906 13 69
4227717.000000 4024634.000000 3733.854980 14 69
4227817.000000 4024634.000000 3564.750000 15 69
4227917.000000 4024634.000000 3370.509033 16 69
4228017.000000 4024634.000000 3174.326904 17 69
4228117.000000 4024634.000000 2982.875000 18 69
4228217.000000 4024634.000000 2803.379883 19 69
4228317.000000 4024634.000000 2626.392090 20 69
4226517.000000 4024734.000000 5252.977051 2 70
4226617.000000 4024734.000000 5154.131836 3 70
4226717.000000 4024734.000000 5040.721191 4 70
4226817.000000 4024734.000000 4911.541016 5 70
4226917.000000 4024734.000000 4774.688965 6 70
4227017.000000 4024734.000000 4641.464844 7 70
4227117.000000 4024734.000000 4512.541992 8 70
4227217.000000 4024734.000000 4377.400879 9 70
4227317.000000 4024734.000000 4239.065918 10 70
4227417.000000 4024734.000000 4099.538086 11 70
4227517.000000 4024734.000000 3963.191895 12 70
4227617.000000 4024734.000000 3837.127930 13 70
4227717.000000 4024734.000000 3699.670898 14 70
4227817.000000 4024734.000000 3524.024902 15 70
4227917.000000 4024734.000000 3327.697998 16 70
4228017.000000 4024734.000000 3119.024902 17 70
4228117.000000 4024734.000000 2921.922119 18 70
4228217.000000 4024734.000000 2738.045898 19 70
4228317.000000 4024734.000000 2551.371094 20 70
4226417.000000 4024834.000000 5300.000000 1 71
4226517.000000 4024834.000000 5226.933105 2 71
4226617.000000 4024834.000000 5133.463867 3 71
4226717.000000 4024834.000000 5020.169922 4 71
4226817.000000 4024834.000000 4889.398926 5 71
4226917.000000 4024834.000000 4752.873047 6 71
4227017.000000 4024834.000000 4620.354980 7 71
4227117.000000 4024834.000000 4491.440918 8 71
4227217.000000 4024834.000000 4357.270996 9 71
4227317.000000 4024834.000000 4219.964844 10 71
4227417.000000 4024834.000000 4080.665039 11 71
4227517.000000 4024834.000000 3942.149902 12 71
4227617.000000 4024834.000000 3805.169922 13 71
4227717.000000 4024834.000000 3654.712891 14 71
4227817.000000 4024834.000000 3475.332031 15 71
4227917.000000 4024834.000000 3277.975098 16 71
4228017.000000 4024834.000000 3063.500977 17 71
4228117.000000 4024834.000000 2865.608887 18 71
4228217.000000 4024834.000000 2682.847900 19 71
4226417.000000 4024934.000000 5299.173828 1 72
4226517.000000 4024934.000000 5212.431152 2 72
4226617.000000 4024934.000000 5114.540039 3 72
4226717.000000 4024934.000000 4997.544922 4 72
4226817.000000 4024934.000000 4866.812012 5 72
4226917.000000 4024934.000000 4731.333008 6 72
4227017.000000 4024934.000000 4600.091797 7 72
4227117.000000 4024934.000000 4470.545898 8 72
4227217.000000 4024934.000000 4338.090820 9 72
4227317.000000 4024934.000000 4203.426758 10 72
4227417.000000 4024934.000000 4066.690918 11 72
4227517.000000 4024934.000000 3924.261963 12 72
4227617.000000 4024934.000000 3775.000977 13 72
4227717.000000 4024934.000000 3609.385010 14 72
4227817.000000 4024934.000000 3424.529053 15 72
4227917.000000 4024934.000000 3224.572021 16 72
4228017.000000 4024934.000000 3013.000977 17 72
4228117.000000 4024934.000000 2819.093018 18 72
4228217.000000 4024934.000000 2636.662109 19 72
4226417.000000 4025034.000000 5295.769043 1 73
4226517.000000 4025034.000000 5199.619141 2 73
4226617.000000 4025034.000000 5095.407227 3 73
4226717.000000 4025034.000000 4975.122070 4 73
4226817.000000 4025034.000000 4844.267090 5 73
4226917.000000 4025034.000000 4710.129883 6 73
4227017.000000 4025034.000000 4579.457031 7 73
4227117.000000 4025034.000000 4449.184082 8 73
4227217.000000 4025034.000000 4318.361816 9 73
4227317.000000 4025034.000000 4185.145996 10 73
4227417.000000 4025034.000000 4048.479004 11 73
4227517.000000 4025034.000000 3905.708984 12 73
4227617.000000 4025034.000000 3753.441895 13 73
4227717.000000 4025034.000000 3580.094971 14 73
4227817.000000 4025034.000000 3387.162109 15 73
4227917.000000 4025034.000000 3178.482910 16 73
4228017.000000 4025034.000000 2964.782959 17 73
4228117.000000 4025034.000000 2776.177979 18 73
4228217.000000 4025034.000000 2593.958008 19 73
4226417.000000 4025134.000000 5289.905762 1 74
4226517.000000 4025134.000000 5186.643066 2 74
4226617.000000 4025134.000000 5076.205078 3 74
4226717.000000 4025134.000000 4952.594238 4 74
4226817.000000 4025134.000000 4821.063965 5 74
4226917.000000 4025134.000000 4687.749023 6 74
4227017.000000 4025134.000000 4558.157227 7 74
4227117.000000 4025134.000000 4428.901855 8 74
4227217.000000 4025134.000000 4299.324219 9 74
4227317.000000 4025134.000000 4166.746094 10 74
4227417.000000 4025134.000000 4029.311035 11 74
4227517.000000 4025134.000000 3890.732910 12 74
4227617.000000 4025134.000000 3741.657959 13 74
4227717.000000 4025134.000000 3559.367920 14 74
4227817.000000 4025134.000000 3361.676025 15 74
4227917.000000 4025134.000000 3133.777100 16 74
4228017.000000 4025134.000000 2924.406982 17 74
4228117.000000 4025134.000000 2740.435059 18 74
4228217.000000 4025134.000000 2552.854004 19 74
4226417.000000 4025234.000000 5282.100098 1 75
4226517.000000 4025234.000000 5172.478027 2 75
4226617.000000 4025234.000000 5055.650879 3 75
4226717.000000 4025234.000000 4929.212891 4 75
4226817.000000 4025234.000000 4797.036133 5 75
4226917.000000 4025234.000000 4664.736816 6 75
4227017.000000 4025234.000000 4536.344238 7 75
4227117.000000 4025234.000000 4409.368164 8 75
4227217.000000 4025234.000000 4281.916992 9 75
4227317.000000 4025234.000000 4151.013184 10 75
4227417.000000 4025234.000000 4012.940918 11 75
4227517.000000 4025234.000000 3866.514893 12 75
4227617.000000 4025234.000000 3708.241943 13 75
4227717.000000 4025234.000000 3521.322021 14 75
4227817.000000 4025234.000000 3321.771973 15 75
4227917.000000 4025234.000000 3112.181885 16 75
4228017.000000 4025234.000000 2912.521973 17 75
4228117.000000 4025234.000000 2723.135010 18 75
4226417.000000 4025334.000000 5272.226074 1 76
4226517.000000 4025334.000000 5155.857910 2 76
4226617.000000 4025334.000000 5034.055176 3 76
4226717.000000 4025334.000000 4905.375000 4 76
4226817.000000 4025334.000000 4772.797852 5 76
4226917.000000 4025334.000000 4642.346191 6 76
4227017.000000 4025334.000000 4515.118164 7 76
4227117.000000 4025334.000000 4390.117188 8 76
4227217.000000 4025334.000000 4265.090820 9 76
4227317.000000 4025334.000000 4136.262207 10 76
4227417.000000 4025334.000000 3996.822021 11 76
4227517.000000 4025334.000000 3834.397949 12 76
4227617.000000 4025334.000000 3658.645996 13 76
4227717.000000 4025334.000000 3475.520996 14 76
4227817.000000 4025334.000000 3282.922119 15 76
4227917.000000 4025334.000000 3096.084961 16 76
4228017.000000 4025334.000000 2906.674072 17 76
4228117.000000 4025334.000000 2714.889893 18 76
4226417.000000 4025434.000000 5261.060059 1 77
4226517.000000 4025434.000000 5139.169922 2 77
4226617.000000 4025434.000000 5013.078125 3 77
4226717.000000 4025434.000000 4882.123047 4 77
4226817.000000 4025434.000000 4749.696777 5 77
4226917.000000 4025434.000000 4619.909180 6 77
4227017.000000 4025434.000000 4493.234863 7 77
4227117.000000 4025434.000000 4370.017090 8 77
4227217.000000 4025434.000000 4246.845215 9 77
4227317.000000 4025434.000000 4119.440918 10 77
4227417.000000 4025434.000000 3979.582031 11 77
4227517.000000 4025434.000000 3809.482910 12 77
4227617.000000 4025434.000000 3629.618896 13 77
4227717.000000 4025434.000000 3444.087891 14 77
4227817.000000 4025434.000000 3258.899902 15 77
4227917.000000 4025434.000000 3080.844971 16 77
4228017.000000 4025434.000000 2896.595947 17 77
4228117.000000 4025434.000000 2705.930908 18 77
4226417.000000 4025534.000000 5248.013184 1 78
4226517.000000 4025534.000000 5121.238770 2 78
4226617.000000 4025534.000000 4990.904785 3 78
4226717.000000 4025534.000000 4858.230957 4 78
4226817.000000 4025534.000000 4726.588867 5 78
4226917.000000 4025534.000000 4597.567871 6 78
4227017.000000 4025534.000000 4471.389160 7 78
4227117.000000 4025534.000000 4348.999023 8 78
4227217.000000 4025534.000000 4226.185059 9 78
4227317.000000 4025534.000000 4098.599121 10 78
4227417.000000 4025534.000000 3959.100098 11 78
4227517.000000 4025534.000000 3800.415039 12 78
4227617.000000 4025534.000000 3619.386963 13 78
4227717.000000 4025534.000000 3418.509033 14 78
4227817.000000 4025534.000000 3229.947021 15 78
4227917.000000 4025534.000000 3055.093018 16 78
4228017.000000 4025534.000000 2875.753906 17 78
4228117.000000 4025534.000000 2691.423096 18 78
4226417.000000 4025634.000000 5232.462891 1 79
4226517.000000 4025634.000000 5101.880859 2 79
4226617.000000 4025634.000000 4967.171875 3 79
4226717.000000 4025634.000000 4832.301758 4 79
4226817.000000 4025634.000000 4700.652832 5 79
4226917.000000 4025634.000000 4574.805176 6 79
4227017.000000 4025634.000000 4450.433105 7 79
4227117.000000 4025634.000000 4327.538086 8 79
4227217.000000 4025634.000000 4203.749023 9 79
4227317.000000 4025634.000000 4075.352051 10 79
4227417.000000 4025634.000000 3937.513916 11 79
4227517.000000 4025634.000000 3788.076904 12 79
4227617.000000 4025634.000000 3603.012939 13 79
4227717.000000 4025634.000000 3385.169922 14 79
4227817.000000 4025634.000000 3193.738037 15 79
4227917.000000 4025634.000000 3026.314941 16 79
4228017.000000 4025634.000000 2851.488037 17 79
4228117.000000 4025634.000000 2673.072998 18 79
4226417.000000 4025734.000000 5213.812012 1 80
4226517.000000 4025734.000000 5078.865234 2 80
4226617.000000 4025734.000000 4941.267090 3 80
4226717.000000 4025734.000000 4805.297852 4 80
4226817.000000 4025734.000000 4675.328125 5 80
4226917.000000 4025734.000000 4552.997070 6 80
4227017.000000 4025734.000000 4429.400879 7 80
4227117.000000 4025734.000000 4304.771973 8 80
4227217.000000 4025734.000000 4178.734863 9 80
4227317.000000 4025734.000000 4048.554932 10 80
4227417.000000 4025734.000000 3908.006104 11 80
4227517.000000 4025734.000000 3752.562012 12 80
4227617.000000 4025734.000000 3561.871094 13 80
4227717.000000 4025734.000000 3344.821045 14 80
4227817.000000 4025734.000000 3161.928955 15 80
4227917.000000 4025734.000000 2996.530029 16 80
4228017.000000 4025734.000000 2825.589111 17 80
4228117.000000 4025734.000000 2652.211914 18 80
4226417.000000 4025834.000000 5192.978027 1 81
4226517.000000 4025834.000000 5054.055176 2 81
4226617.000000 4025834.000000 4914.202148 3 81
4226717.000000 4025834.000000 4777.657227 4 81
4226817.000000 4025834.000000 4650.358887 5 81
4226917.000000 4025834.000000 4532.220215 6 81
4227017.000000 4025834.000000 4407.339844 7 81
4227117.000000 4025834.000000 4279.623047 8 81
4227217.000000 4025834.000000 4149.975098 9 81
4227317.000000 4025834.000000 4016.512939 10 81
4227417.000000 4025834.000000 3876.324951 11 81
4227517.000000 4025834.000000 3714.604004 12 81
4227617.000000 4025834.000000 3514.870117 13 81
4227717.000000 4025834.000000 3305.254883 14 81
4227817.000000 4025834.000000 3130.268066 15 81
4227917.000000 4025834.000000 2966.743896 16 81
4228017.000000 4025834.000000 2798.989014 17 81
4228117.000000 4025834.000000 2631.728027 18 81
4226417.000000 4025934.000000 5170.902832 1 82
4226517.000000 4025934.000000 5029.020996 2 82
4226617.000000 4025934.000000 4887.310059 3 82
4226717.000000 4025934.000000 4751.347168 4 82
4226817.000000 4025934.000000 4626.211914 5 82
4226917.000000 4025934.000000 4509.037109 6 82
4227017.000000 4025934.000000 4382.587891 7 82
4227117.000000 4025934.000000 4251.795898 8 82
4227217.000000 4025934.000000 4118.936035 9 82
4227317.000000 4025934.000000 3983.488037 10 82
4227417.000000 4025934.000000 3843.239990 11 82
4227517.000000 4025934.000000 3675.843018 12 82
4227617.000000 4025934.000000 3470.093018 13 82
4227717.000000 4025934.000000 3268.514893 14 82
4227817.000000 4025934.000000 3100.145996 15 82
4227917.000000 4025934.000000 2935.980957 16 82
4228017.000000 4025934.000000 2771.940918 17 82
4226417.000000 4026034.000000 5147.312988 1 83
4226517.000000 4026034.000000 5001.795898 2 83
4226617.000000 4026034.000000 4858.641113 3 83
4226717.000000 4026034.000000 4723.525879 4 83
4226817.000000 4026034.000000 4603.391113 5 83
4226917.000000 4026034.000000 4484.389160 6 83
4227017.000000 4026034.000000 4355.188965 7 83
4227117.000000 4026034.000000 4221.229004 8 83
4227217.000000 4026034.000000 4085.343994 9 83
4227317.000000 4026034.000000 3948.725098 10 83
4227417.000000 4026034.000000 3809.375000 11 83
4227517.000000 4026034.000000 3635.147949 12 83
4227617.000000 4026034.000000 3424.007080 13 83
4227717.000000 4026034.000000 3232.531982 14 83
4227817.000000 4026034.000000 3068.116943 15 83
4227917.000000 4026034.000000 2906.131104 16 83
4228017.000000 4026034.000000 2745.312012 17 83
4226417.000000 4026134.000000 5123.187012 1 84
4226517.000000 4026134.000000 4968.963867 2 84
4226617.000000 4026134.000000 4827.418945 3 84
4226717.000000 4026134.000000 4695.096191 4 84
4226817.000000 4026134.000000 4579.448242 5 84
4226917.000000 4026134.000000 4457.184082 6 84
4227017.000000 4026134.000000 4324.857910 7 84
4227117.000000 4026134.000000 4188.091797 8 84
4227217.000000 4026134.000000 4049.845947 9 84
4227317.000000 4026134.000000 3911.435059 10 84
4227417.000000 4026134.000000 3768.341064 11 84
4227517.000000 4026134.000000 3590.967041 12 84
4227617.000000 4026134.000000 3383.727051 13 84
4227717.000000 4026134.000000 3198.617920 14 84
4227817.000000 4026134.000000 3036.718018 15 84
4227917.000000 4026134.000000 2877.570068 16 84
4228017.000000 4026134.000000 2720.293945 17 84
4226517.000000 4026234.000000 4924.334961 2 85
4226617.000000 4026234.000000 4793.664063 3 85
4226717.000000 4026234.000000 4667.798828 4 85
4226817.000000 4026234.000000 4551.398926 5 85
4226917.000000 4026234.000000 4426.103027 6 85
4227017.000000 4026234.000000 4291.460938 7 85
4227117.000000 4026234.000000 4152.808105 8 85
4227217.000000 4026234.000000 4013.697021 9 85
4227317.000000 4026234.000000 3875.908936 10 85
4227417.000000 4026234.000000 3726.790039 11 85
4227517.000000 4026234.000000 3544.281982 12 85
4227617.000000 4026234.000000 3345.770996 13 85
4227717.000000 4026234.000000 3168.058105 14 85
4227817.000000 4026234.000000 3006.949951 15 85
4227917.000000 4026234.000000 2850.853027 16 85
4228017.000000 4026234.000000 2696.791016 17 85
4226517.000000 4026334.000000 4880.373047 2 86
4226617.000000 4026334.000000 4760.773926 3 86
4226717.000000 4026334.000000 4641.522949 4 86
4226817.000000 4026334.000000 4522.425781 5 86
4226917.000000 4026334.000000 4393.280762 6 86
4227017.000000 4026334.000000 4256.170898 7 86
4227117.000000 4026334.000000 4115.699219 8 86
4227217.000000 4026334.000000 3975.845947 9 86
4227317.000000 4026334.000000 3838.292969 10 86
4227417.000000 4026334.000000 3684.794922 11 86
4227517.000000 4026334.000000 3501.257080 12 86
4227617.000000 4026334.000000 3310.164063 13 86
4227717.000000 4026334.000000 3137.875000 14 86
4227817.000000 4026334.000000 2978.012939 15 86
4227917.000000 4026334.000000 2824.378906 16 86
4228017.000000 4026334.000000 2673.690918 17 86
4226517.000000 4026434.000000 4839.915039 2 87
4226617.000000 4026434.000000 4727.609863 3 87
4226717.000000 4026434.000000 4612.838867 4 87
4226817.000000 4026434.000000 4492.311035 5 87
4226917.000000 4026434.000000 4360.163086 6 87
4227017.000000 4026434.000000 4220.564941 7 87
4227117.000000 4026434.000000 4078.061035 8 87
4227217.000000 4026434.000000 3938.214111 9 87
4227317.000000 4026434.000000 3800.256104 10 87
4227417.000000 4026434.000000 3641.650879 11 87
4227517.000000 4026434.000000 3459.571045 12 87
4227617.000000 4026434.000000 3275.458008 13 87
4227717.000000 4026434.000000 3107.476074 14 87
4227817.000000 4026434.000000 2948.198975 15 87
4227917.000000 4026434.000000 2795.335938 16 87
4228017.000000 4026434.000000 2645.200928 17 87
4226617.000000 4026534.000000 4696.300781 3 88
4226717.000000 4026534.000000 4583.223145 4 88
4226817.000000 4026534.000000 4460.867188 5 88
4226917.000000 4026534.000000 4327.065918 6 88
4227017.000000 4026534.000000 4185.831055 7 88
4227117.000000 4026534.000000 4042.007080 8 88
4227217.000000 4026534.000000 3900.809082 9 88
4227317.000000 4026534.000000 3759.417969 10 88
4227417.000000 4026534.000000 3598.518066 11 88
4227517.000000 4026534.000000 3418.926025 12 88
4227617.000000 4026534.000000 3242.751953 13 88
4227717.000000 4026534.000000 3074.810059 14 88
4227817.000000 4026534.000000 2914.058105 15 88
4227917.000000 4026534.000000 2758.458008 16 88
4226517.000000 4026634.000000 4766.920898 2 89
4226617.000000 4026634.000000 4662.987793 3 89
4226717.000000 4026634.000000 4552.916992 4 89
4226817.000000 4026634.000000 4430.116211 5 89
4226917.000000 4026634.000000 4294.395020 6 89
4227017.000000 4026634.000000 4151.967773 7 89
4227117.000000 4026634.000000 4007.812988 8 89
4227217.000000 4026634.000000 3865.541992 9 89
4227317.000000 4026634.000000 3718.884033 10 89
4227417.000000 4026634.000000 3556.909912 11 89
4227517.000000 4026634.000000 3382.426025 12 89
4227617.000000 4026634.000000 3209.681885 13 89
4227717.000000 4026634.000000 3040.976074 14 89
4227817.000000 4026634.000000 2880.125000 15 89
4227917.000000 4026634.000000 2724.211914 16 89
4226517.000000 4026734.000000 4739.411133 2 90
4226617.000000 4026734.000000 4634.039063 3 90
4226717.000000 4026734.000000 4523.192871 4 90
4226817.000000 4026734.000000 4397.881836 5 90
4226917.000000 4026734.000000 4260.740234 6 90
4227017.000000 4026734.000000 4117.569824 7 90
4227117.000000 4026734.000000 3973.571045 8 90
4227217.000000 4026734.000000 3831.218018 9 90
4227317.000000 4026734.000000 3682.159912 10 90
4227417.000000 4026734.000000 3519.860107 11 90
4227517.000000 4026734.000000 3348.344971 12 90
4227617.000000 4026734.000000 3174.811035 13 90
4227717.000000 4026734.000000 3005.659912 14 90
4227817.000000 4026734.000000 2846.860107 15 90
4227917.000000 4026734.000000 2692.081055 16 90
4226517.000000 4026834.000000 4714.562012 2 91
4226617.000000 4026834.000000 4607.816895 3 91
4226717.000000 4026834.000000 4493.816895 4 91
4226817.000000 4026834.000000 4365.371094 5 91
4226917.000000 4026834.000000 4226.395996 6 91
4227017.000000 4026834.000000 4082.403076 7 91
4227117.000000 4026834.000000 3939.446045 8 91
4227217.000000 4026834.000000 3797.638916 9 91
4227317.000000 4026834.000000 3646.656006 10 91
4227417.000000 4026834.000000 3484.712891 11 91
4227517.000000 4026834.000000 3314.500000 12 91
4227617.000000 4026834.000000 3139.956055 13 91
4227717.000000 4026834.000000 2971.430908 14 91
4227817.000000 4026834.000000 2813.916992 15 91
4227917.000000 4026834.000000 2660.724121 16 91
4226517.000000 4026934.000000 4690.680176 2 92
4226617.000000 4026934.000000 4581.565918 3 92
4226717.000000 4026934.000000 4463.216797 4 92
4226817.000000 4026934.000000 4332.194824 5 92
4226917.000000 4026934.000000 4191.837891 6 92
4227017.000000 4026934.000000 4047.361084 7 92
4227117.000000 4026934.000000 3904.795898 8 92
4227217.000000 4026934.000000 3763.020020 9 92
4227317.000000 4026934.000000 3611.770020 10 92
4227417.000000 4026934.000000 3450.441895 11 92
4227517.000000 4026934.000000 3280.812012 12 92
4227617.000000 4026934.000000 3104.458008 13 92
4227717.000000 4026934.000000 2936.782959 14 92
4227817.000000 4026934.000000 2778.752930 15 92
4227917.000000 4026934.000000 2623.381104 16 92
4226517.000000 4027034.000000 4664.833984 2 93
4226617.000000 4027034.000000 4553.812012 3 93
4226717.000000 4027034.000000 4432.303223 4 93
4226817.000000 4027034.000000 4298.921875 5 93
4226917.000000 4027034.000000 4157.923828 6 93
4227017.000000 4027034.000000 4014.343994 7 93
4227117.000000 4027034.000000 3872.095947 8 93
4227217.000000 4027034.000000 3728.844971 9 93
4227317.000000 4027034.000000 3577.516113 10 93
4227417.000000 4027034.000000 3416.842041 11 93
4227517.000000 4027034.000000 3247.467041 12 93
4227617.000000 4027034.000000 3070.583984 13 93
4227717.000000 4027034.000000 2900.626953 14 93
4227817.000000 4027034.000000 2736.249023 15 93
4226517.000000 4027134.000000 4634.907227 2 94
4226617.000000 4027134.000000 4524.858887 3 94
4226717.000000 4027134.000000 4400.479980 4 94
4226817.000000 4027134.000000 4265.349121 5 94
4226917.000000 4027134.000000 4124.014160 6 94
4227017.000000 4027134.000000 3982.113037 7 94
4227117.000000 4027134.000000 3839.646973 8 94
4227217.000000 4027134.000000 3695.604980 9 94
4227317.000000 4027134.000000 3544.773926 10 94
4227417.000000 4027134.000000 3384.581055 11 94
4227517.000000 4027134.000000 3214.565918 12 94
4227617.000000 4027134.000000 3035.875000 13 94
4227717.000000 4027134.000000 2864.156006 14 94
4227817.000000 4027134.000000 2696.352051 15 94
4226517.000000 4027234.000000 4598.257813 2 95
4226617.000000 4027234.000000 4495.759766 3 95
4226717.000000 4027234.000000 4368.539063 4 95
4226817.000000 4027234.000000 4232.206055 5 95
4226917.000000 4027234.000000 4089.715088 6 95
4227017.000000 4027234.000000 3951.062012 7 95
4227117.000000 4027234.000000 3808.032959 8 95
4227217.000000 4027234.000000 3662.549072 9 95
4227317.000000 4027234.000000 3513.961914 10 95
4227417.000000 4027234.000000 3352.061035 11 95
4227517.000000 4027234.000000 3179.908936 12 95
4227617.000000 4027234.000000 3000.080078 13 95
4227717.000000 4027234.000000 2827.902100 14 95
4227817.000000 4027234.000000 2657.845947 15 95
4226517.000000 4027334.000000 4599.255859 2 96
4226617.000000 4027334.000000 4468.942871 3 96
4227017.000000 4027334.000000 3949.791992 7 96
4227117.000000 4027334.000000 3782.674072 8 96
4227517.000000 4027334.000000 3142.302979 12 96
4227617.000000 4027334.000000 2966.283936 13 96
4227717.000000 4027334.000000 2792.729004 14 96
4227817.000000 4027334.000000 2618.772949 15 96
