# Type: scattered data
# Version: 6
# Description: No description
# Format: free
# Field: 1 x
# Field: 2 y
# Field: 3 z undefined
# Field: 4 column
# Field: 5 row
# Projection: Local Rectangular
# Units: undefined
# End:
# Information from grid:
# Grid_size: 21 x 48
# Grid_space: 4227918.684654,4228918.684654,4023173.225999,4025523.225999
# Scattered data: Not_available
# Z_field: z
# Vertical_faults: Not_available
# History: No history
# Z_units: undefined
4228568.684654 4023223.225999 2607.693848 14 2
4228618.684654 4023223.225999 2567.926025 15 2
4228668.684654 4023223.225999 2529.928955 16 2
4228718.684654 4023223.225999 2494.429932 17 2
4228768.684654 4023223.225999 2461.923096 18 2
4228818.684654 4023223.225999 2433.672607 19 2
4228868.684654 4023223.225999 2408.464600 20 2
4228518.684654 4023273.225999 2668.691650 13 3
4228568.684654 4023273.225999 2628.083984 14 3
4228618.684654 4023273.225999 2588.258301 15 3
4228668.684654 4023273.225999 2549.372314 16 3
4228718.684654 4023273.225999 2511.331543 17 3
4228768.684654 4023273.225999 2474.843262 18 3
4228818.684654 4023273.225999 2444.550049 19 3
4228868.684654 4023273.225999 2418.707031 20 3
4228468.684654 4023323.225999 2730.289795 12 4
4228518.684654 4023323.225999 2688.835449 13 4
4228568.684654 4023323.225999 2647.718506 14 4
4228618.684654 4023323.225999 2607.369385 15 4
4228668.684654 4023323.225999 2567.599609 16 4
4228718.684654 4023323.225999 2527.002197 17 4
4228768.684654 4023323.225999 2484.873047 18 4
4228818.684654 4023323.225999 2452.450928 19 4
4228868.684654 4023323.225999 2426.973389 20 4
4228418.684654 4023373.225999 2792.588867 11 5
4228468.684654 4023373.225999 2750.399414 12 5
4228518.684654 4023373.225999 2707.565918 13 5
4228568.684654 4023373.225999 2665.216309 14 5
4228618.684654 4023373.225999 2623.611084 15 5
4228668.684654 4023373.225999 2582.802979 16 5
4228718.684654 4023373.225999 2540.398193 17 5
4228768.684654 4023373.225999 2485.207275 18 5
4228818.684654 4023373.225999 2456.369141 19 5
4228868.684654 4023373.225999 2433.374268 20 5
4228318.684654 4023423.225999 2893.854736 9 6
4228368.684654 4023423.225999 2854.817139 10 6
4228418.684654 4023423.225999 2812.399170 11 6
4228468.684654 4023423.225999 2767.966553 12 6
4228518.684654 4023423.225999 2723.072266 13 6
4228568.684654 4023423.225999 2678.641602 14 6
4228618.684654 4023423.225999 2633.632324 15 6
4228668.684654 4023423.225999 2590.322754 16 6
4228718.684654 4023423.225999 2546.609863 17 6
4228768.684654 4023423.225999 2501.691650 18 6
4228818.684654 4023423.225999 2465.525391 19 6
4228868.684654 4023423.225999 2439.998779 20 6
4228268.684654 4023473.225999 2950.311523 8 7
4228318.684654 4023473.225999 2915.337891 9 7
4228368.684654 4023473.225999 2874.131836 10 7
4228418.684654 4023473.225999 2828.722656 11 7
4228468.684654 4023473.225999 2780.916748 12 7
4228518.684654 4023473.225999 2733.025879 13 7
4228568.684654 4023473.225999 2686.254150 14 7
4228618.684654 4023473.225999 2634.998291 15 7
4228668.684654 4023473.225999 2584.529053 16 7
4228718.684654 4023473.225999 2532.648193 17 7
4228768.684654 4023473.225999 2491.627930 18 7
4228818.684654 4023473.225999 2464.431396 19 7
4228868.684654 4023473.225999 2442.006104 20 7
4228218.684654 4023523.225999 2997.168457 7 8
4228268.684654 4023523.225999 2968.623291 8 8
4228318.684654 4023523.225999 2933.154297 9 8
4228368.684654 4023523.225999 2889.065430 10 8
4228418.684654 4023523.225999 2840.078125 11 8
4228468.684654 4023523.225999 2788.100342 12 8
4228518.684654 4023523.225999 2736.040039 13 8
4228568.684654 4023523.225999 2687.217529 14 8
4228618.684654 4023523.225999 2631.592041 15 8
4228668.684654 4023523.225999 2577.345703 16 8
4228718.684654 4023523.225999 2532.674805 17 8
4228768.684654 4023523.225999 2493.120117 18 8
4228818.684654 4023523.225999 2464.993164 19 8
4228868.684654 4023523.225999 2442.848633 20 8
4228218.684654 4023573.225999 3009.503418 7 9
4228268.684654 4023573.225999 2981.622314 8 9
4228318.684654 4023573.225999 2945.661621 9 9
4228368.684654 4023573.225999 2897.680664 10 9
4228418.684654 4023573.225999 2845.714600 11 9
4228468.684654 4023573.225999 2790.063232 12 9
4228518.684654 4023573.225999 2735.051270 13 9
4228568.684654 4023573.225999 2679.805420 14 9
4228618.684654 4023573.225999 2620.028320 15 9
4228668.684654 4023573.225999 2566.669678 16 9
4228718.684654 4023573.225999 2524.834717 17 9
4228768.684654 4023573.225999 2490.027344 18 9
4228818.684654 4023573.225999 2463.195557 19 9
4228868.684654 4023573.225999 2440.766602 20 9
4228168.684654 4023623.225999 3039.824219 6 10
4228218.684654 4023623.225999 3015.712158 7 10
4228268.684654 4023623.225999 2987.721924 8 10
4228318.684654 4023623.225999 2952.294189 9 10
4228368.684654 4023623.225999 2898.120605 10 10
4228418.684654 4023623.225999 2843.482422 11 10
4228468.684654 4023623.225999 2786.393066 12 10
4228518.684654 4023623.225999 2729.515381 13 10
4228568.684654 4023623.225999 2669.925537 14 10
4228618.684654 4023623.225999 2607.099854 15 10
4228668.684654 4023623.225999 2557.717529 16 10
4228718.684654 4023623.225999 2516.713867 17 10
4228768.684654 4023623.225999 2484.012695 18 10
4228818.684654 4023623.225999 2457.894043 19 10
4228868.684654 4023623.225999 2435.612793 20 10
4228168.684654 4023673.225999 3039.965332 6 11
4228218.684654 4023673.225999 3014.733398 7 11
4228268.684654 4023673.225999 2985.114014 8 11
4228318.684654 4023673.225999 2946.979492 9 11
4228368.684654 4023673.225999 2893.844482 10 11
4228418.684654 4023673.225999 2840.227783 11 11
4228468.684654 4023673.225999 2785.957275 12 11
4228518.684654 4023673.225999 2727.346191 13 11
4228568.684654 4023673.225999 2664.509521 14 11
4228618.684654 4023673.225999 2598.356445 15 11
4228668.684654 4023673.225999 2544.211914 16 11
4228718.684654 4023673.225999 2505.461670 17 11
4228768.684654 4023673.225999 2474.987793 18 11
4228818.684654 4023673.225999 2449.717529 19 11
4228868.684654 4023673.225999 2427.728271 20 11
4228168.684654 4023723.225999 3034.197510 6 12
4228218.684654 4023723.225999 3008.388916 7 12
4228268.684654 4023723.225999 2979.233398 8 12
4228318.684654 4023723.225999 2945.914063 9 12
4228368.684654 4023723.225999 2894.860107 10 12
4228418.684654 4023723.225999 2843.482422 11 12
4228468.684654 4023723.225999 2788.815430 12 12
4228518.684654 4023723.225999 2726.394043 13 12
4228568.684654 4023723.225999 2655.665283 14 12
4228618.684654 4023723.225999 2585.690674 15 12
4228668.684654 4023723.225999 2531.247314 16 12
4228718.684654 4023723.225999 2492.725342 17 12
4228768.684654 4023723.225999 2463.659424 18 12
4228818.684654 4023723.225999 2439.068115 19 12
4228168.684654 4023773.225999 3022.653564 6 13
4228218.684654 4023773.225999 2995.822266 7 13
4228268.684654 4023773.225999 2968.167236 8 13
4228318.684654 4023773.225999 2933.755615 9 13
4228368.684654 4023773.225999 2890.777344 10 13
4228418.684654 4023773.225999 2843.545654 11 13
4228468.684654 4023773.225999 2790.508301 12 13
4228518.684654 4023773.225999 2725.367676 13 13
4228568.684654 4023773.225999 2647.826904 14 13
4228618.684654 4023773.225999 2569.426025 15 13
4228668.684654 4023773.225999 2512.503906 16 13
4228718.684654 4023773.225999 2476.319580 17 13
4228768.684654 4023773.225999 2449.289063 18 13
4228818.684654 4023773.225999 2425.803223 19 13
4228118.684654 4023823.225999 3035.012207 5 14
4228168.684654 4023823.225999 3005.224365 6 14
4228218.684654 4023823.225999 2974.369385 7 14
4228268.684654 4023823.225999 2941.946777 8 14
4228318.684654 4023823.225999 2909.221436 9 14
4228368.684654 4023823.225999 2877.635742 10 14
4228418.684654 4023823.225999 2834.268799 11 14
4228468.684654 4023823.225999 2783.708252 12 14
4228518.684654 4023823.225999 2714.568115 13 14
4228568.684654 4023823.225999 2630.394287 14 14
4228618.684654 4023823.225999 2529.015381 15 14
4228668.684654 4023823.225999 2483.507080 16 14
4228718.684654 4023823.225999 2456.057617 17 14
4228768.684654 4023823.225999 2432.871582 18 14
4228818.684654 4023823.225999 2410.500488 19 14
4228118.684654 4023873.225999 3020.322754 5 15
4228168.684654 4023873.225999 2986.145508 6 15
4228218.684654 4023873.225999 2951.041016 7 15
4228268.684654 4023873.225999 2914.776855 8 15
4228318.684654 4023873.225999 2877.787598 9 15
4228368.684654 4023873.225999 2857.877686 10 15
4228418.684654 4023873.225999 2812.563477 11 15
4228468.684654 4023873.225999 2754.001221 12 15
4228518.684654 4023873.225999 2686.810791 13 15
4228568.684654 4023873.225999 2597.068604 14 15
4228618.684654 4023873.225999 2509.609131 15 15
4228668.684654 4023873.225999 2467.495361 16 15
4228718.684654 4023873.225999 2441.534180 17 15
4228768.684654 4023873.225999 2418.032227 18 15
4228818.684654 4023873.225999 2394.458008 19 15
4228118.684654 4023923.225999 3008.666748 5 16
4228168.684654 4023923.225999 2969.927490 6 16
4228218.684654 4023923.225999 2931.172363 7 16
4228268.684654 4023923.225999 2893.126953 8 16
4228318.684654 4023923.225999 2857.680664 9 16
4228368.684654 4023923.225999 2833.951660 10 16
4228418.684654 4023923.225999 2788.657227 11 16
4228468.684654 4023923.225999 2725.976807 12 16
4228518.684654 4023923.225999 2663.225586 13 16
4228568.684654 4023923.225999 2582.961670 14 16
4228618.684654 4023923.225999 2512.235840 15 16
4228668.684654 4023923.225999 2465.348389 16 16
4228718.684654 4023923.225999 2433.393066 17 16
4228768.684654 4023923.225999 2405.001953 18 16
4228818.684654 4023923.225999 2377.662354 19 16
4228118.684654 4023973.225999 3003.684570 5 17
4228168.684654 4023973.225999 2960.209473 6 17
4228218.684654 4023973.225999 2917.624512 7 17
4228268.684654 4023973.225999 2877.125244 8 17
4228318.684654 4023973.225999 2842.831299 9 17
4228368.684654 4023973.225999 2820.884033 10 17
4228418.684654 4023973.225999 2777.278076 11 17
4228468.684654 4023973.225999 2715.675293 12 17
4228518.684654 4023973.225999 2647.312744 13 17
4228568.684654 4023973.225999 2584.602783 14 17
4228618.684654 4023973.225999 2516.322754 15 17
4228668.684654 4023973.225999 2464.965576 16 17
4228718.684654 4023973.225999 2425.116455 17 17
4228768.684654 4023973.225999 2390.608643 18 17
4228118.684654 4024023.225999 3008.365723 5 18
4228168.684654 4024023.225999 2960.406006 6 18
4228218.684654 4024023.225999 2913.405029 7 18
4228268.684654 4024023.225999 2869.152832 8 18
4228318.684654 4024023.225999 2836.193848 9 18
4228368.684654 4024023.225999 2819.311035 10 18
4228418.684654 4024023.225999 2773.925537 11 18
4228468.684654 4024023.225999 2713.635254 12 18
4228518.684654 4024023.225999 2634.367432 13 18
4228568.684654 4024023.225999 2567.804688 14 18
4228618.684654 4024023.225999 2506.233154 15 18
4228668.684654 4024023.225999 2454.312256 16 18
4228718.684654 4024023.225999 2410.785645 17 18
4228768.684654 4024023.225999 2371.719238 18 18
4228068.684654 4024073.225999 3076.315430 4 19
4228118.684654 4024073.225999 3024.508789 5 19
4228168.684654 4024073.225999 2972.293945 6 19
4228218.684654 4024073.225999 2920.963623 7 19
4228268.684654 4024073.225999 2869.099609 8 19
4228318.684654 4024073.225999 2831.606445 9 19
4228368.684654 4024073.225999 2809.218994 10 19
4228418.684654 4024073.225999 2768.038330 11 19
4228468.684654 4024073.225999 2703.338379 12 19
4228518.684654 4024073.225999 2619.525146 13 19
4228568.684654 4024073.225999 2549.830078 14 19
4228618.684654 4024073.225999 2486.661133 15 19
4228668.684654 4024073.225999 2433.925049 16 19
4228718.684654 4024073.225999 2388.337402 17 19
4228768.684654 4024073.225999 2346.315430 18 19
4228068.684654 4024123.225999 3106.245361 4 20
4228118.684654 4024123.225999 3052.263916 5 20
4228168.684654 4024123.225999 2997.291748 6 20
4228218.684654 4024123.225999 2941.623779 7 20
4228268.684654 4024123.225999 2891.258789 8 20
4228318.684654 4024123.225999 2855.496094 9 20
4228368.684654 4024123.225999 2817.504150 10 20
4228418.684654 4024123.225999 2760.384521 11 20
4228468.684654 4024123.225999 2690.763184 12 20
4228518.684654 4024123.225999 2589.161865 13 20
4228568.684654 4024123.225999 2513.268066 14 20
4228618.684654 4024123.225999 2453.541504 15 20
4228668.684654 4024123.225999 2402.237061 16 20
4228718.684654 4024123.225999 2356.325928 17 20
4228768.684654 4024123.225999 2312.931396 18 20
4228068.684654 4024173.225999 3144.562500 4 21
4228118.684654 4024173.225999 3090.653320 5 21
4228168.684654 4024173.225999 3036.491455 6 21
4228218.684654 4024173.225999 2981.757324 7 21
4228268.684654 4024173.225999 2931.356201 8 21
4228318.684654 4024173.225999 2880.650879 9 21
4228368.684654 4024173.225999 2824.193848 10 21
4228418.684654 4024173.225999 2748.960205 11 21
4228468.684654 4024173.225999 2659.649902 12 21
4228518.684654 4024173.225999 2561.010498 13 21
4228568.684654 4024173.225999 2482.541260 14 21
4228618.684654 4024173.225999 2415.948486 15 21
4228668.684654 4024173.225999 2362.119629 16 21
4228718.684654 4024173.225999 2315.275879 17 21
4228068.684654 4024223.225999 3187.039063 4 22
4228118.684654 4024223.225999 3134.115723 5 22
4228168.684654 4024223.225999 3081.749023 6 22
4228218.684654 4024223.225999 3027.648682 7 22
4228268.684654 4024223.225999 2967.582764 8 22
4228318.684654 4024223.225999 2886.584961 9 22
4228368.684654 4024223.225999 2823.375977 10 22
4228418.684654 4024223.225999 2729.753174 11 22
4228468.684654 4024223.225999 2622.473389 12 22
4228518.684654 4024223.225999 2521.405518 13 22
4228568.684654 4024223.225999 2435.236816 14 22
4228618.684654 4024223.225999 2367.239502 15 22
4228668.684654 4024223.225999 2312.782227 16 22
4228718.684654 4024223.225999 2266.112793 17 22
4228068.684654 4024273.225999 3227.968506 4 23
4228118.684654 4024273.225999 3175.059570 5 23
4228168.684654 4024273.225999 3121.440918 6 23
4228218.684654 4024273.225999 3063.542236 7 23
4228268.684654 4024273.225999 2988.099609 8 23
4228318.684654 4024273.225999 2896.723633 9 23
4228368.684654 4024273.225999 2796.221436 10 23
4228418.684654 4024273.225999 2697.073242 11 23
4228468.684654 4024273.225999 2575.698242 12 23
4228518.684654 4024273.225999 2462.080811 13 23
4228568.684654 4024273.225999 2377.428711 14 23
4228618.684654 4024273.225999 2311.669434 15 23
4228668.684654 4024273.225999 2258.614014 16 23
4228718.684654 4024273.225999 2212.749512 17 23
4228018.684654 4024323.225999 3318.864014 3 24
4228068.684654 4024323.225999 3262.989014 4 24
4228118.684654 4024323.225999 3208.705322 5 24
4228168.684654 4024323.225999 3148.554932 6 24
4228218.684654 4024323.225999 3076.166992 7 24
4228268.684654 4024323.225999 2998.015137 8 24
4228318.684654 4024323.225999 2903.013916 9 24
4228368.684654 4024323.225999 2781.757813 10 24
4228418.684654 4024323.225999 2651.148926 11 24
4228468.684654 4024323.225999 2519.436768 12 24
4228518.684654 4024323.225999 2402.207031 13 24
4228568.684654 4024323.225999 2320.694580 14 24
4228618.684654 4024323.225999 2257.542725 15 24
4228668.684654 4024323.225999 2206.069824 16 24
4228718.684654 4024323.225999 2160.902832 17 24
4228018.684654 4024373.225999 3348.242188 3 25
4228068.684654 4024373.225999 3291.698730 4 25
4228118.684654 4024373.225999 3236.744141 5 25
4228168.684654 4024373.225999 3175.555420 6 25
4228218.684654 4024373.225999 3095.244141 7 25
4228268.684654 4024373.225999 3001.791016 8 25
4228318.684654 4024373.225999 2895.721436 9 25
4228368.684654 4024373.225999 2766.386230 10 25
4228418.684654 4024373.225999 2624.394775 11 25
4228468.684654 4024373.225999 2482.211914 12 25
4228518.684654 4024373.225999 2361.610352 13 25
4228568.684654 4024373.225999 2275.199707 14 25
4228618.684654 4024373.225999 2212.138672 15 25
4228668.684654 4024373.225999 2161.258545 16 25
4228718.684654 4024373.225999 2116.088379 17 25
4228018.684654 4024423.225999 3370.585449 3 26
4228068.684654 4024423.225999 3313.949951 4 26
4228118.684654 4024423.225999 3257.587158 5 26
4228168.684654 4024423.225999 3196.915283 6 26
4228218.684654 4024423.225999 3117.972412 7 26
4228268.684654 4024423.225999 3012.295654 8 26
4228318.684654 4024423.225999 2892.260010 9 26
4228368.684654 4024423.225999 2754.997559 10 26
4228418.684654 4024423.225999 2605.886475 11 26
4228468.684654 4024423.225999 2461.828125 12 26
4228518.684654 4024423.225999 2333.481934 13 26
4228568.684654 4024423.225999 2243.109375 14 26
4228618.684654 4024423.225999 2178.655273 15 26
4228668.684654 4024423.225999 2127.422607 16 26
4228018.684654 4024473.225999 3385.360596 3 27
4228068.684654 4024473.225999 3328.276855 4 27
4228118.684654 4024473.225999 3268.367920 5 27
4228168.684654 4024473.225999 3195.473877 6 27
4228218.684654 4024473.225999 3101.823975 7 27
4228268.684654 4024473.225999 3007.146973 8 27
4228318.684654 4024473.225999 2883.749268 9 27
4228368.684654 4024473.225999 2743.119873 10 27
4228418.684654 4024473.225999 2587.312012 11 27
4228468.684654 4024473.225999 2436.032227 12 27
4228518.684654 4024473.225999 2304.569824 13 27
4228568.684654 4024473.225999 2218.064941 14 27
4228618.684654 4024473.225999 2155.341553 15 27
4228668.684654 4024473.225999 2104.374512 16 27
4228018.684654 4024523.225999 3391.682617 3 28
4228068.684654 4024523.225999 3334.984619 4 28
4228118.684654 4024523.225999 3274.282471 5 28
4228168.684654 4024523.225999 3198.983398 6 28
4228218.684654 4024523.225999 3101.295654 7 28
4228268.684654 4024523.225999 2990.288330 8 28
4228318.684654 4024523.225999 2864.714355 9 28
4228368.684654 4024523.225999 2723.060059 10 28
4228418.684654 4024523.225999 2557.829590 11 28
4228468.684654 4024523.225999 2410.400146 12 28
4228518.684654 4024523.225999 2287.704590 13 28
4228568.684654 4024523.225999 2204.005859 14 28
4228618.684654 4024523.225999 2141.930908 15 28
4228668.684654 4024523.225999 2090.589600 16 28
4227968.684654 4024573.225999 3446.039551 2 29
4228018.684654 4024573.225999 3387.087402 3 29
4228068.684654 4024573.225999 3330.798340 4 29
4228118.684654 4024573.225999 3269.696045 5 29
4228168.684654 4024573.225999 3192.723633 6 29
4228218.684654 4024573.225999 3089.152344 7 29
4228268.684654 4024573.225999 2957.436523 8 29
4228318.684654 4024573.225999 2826.666992 9 29
4228368.684654 4024573.225999 2681.445801 10 29
4228418.684654 4024573.225999 2518.296875 11 29
4228468.684654 4024573.225999 2392.413574 12 29
4228518.684654 4024573.225999 2280.940186 13 29
4228568.684654 4024573.225999 2197.374268 14 29
4228618.684654 4024573.225999 2134.414551 15 29
4228668.684654 4024573.225999 2082.204834 16 29
4227968.684654 4024623.225999 3428.799561 2 30
4228018.684654 4024623.225999 3368.680908 3 30
4228068.684654 4024623.225999 3311.062500 4 30
4228118.684654 4024623.225999 3247.380859 5 30
4228168.684654 4024623.225999 3165.908691 6 30
4228218.684654 4024623.225999 3055.921875 7 30
4228268.684654 4024623.225999 2908.480225 8 30
4228318.684654 4024623.225999 2780.738770 9 30
4228368.684654 4024623.225999 2635.976074 10 30
4228418.684654 4024623.225999 2472.139160 11 30
4228468.684654 4024623.225999 2362.999512 12 30
4228518.684654 4024623.225999 2266.343262 13 30
4228568.684654 4024623.225999 2188.132568 14 30
4228618.684654 4024623.225999 2126.193115 15 30
4227968.684654 4024673.225999 3401.499268 2 31
4228018.684654 4024673.225999 3335.525879 3 31
4228068.684654 4024673.225999 3269.508545 4 31
4228118.684654 4024673.225999 3196.397705 5 31
4228168.684654 4024673.225999 3098.456787 6 31
4228218.684654 4024673.225999 2960.301758 7 31
4228268.684654 4024673.225999 2808.935303 8 31
4228318.684654 4024673.225999 2666.611084 9 31
4228368.684654 4024673.225999 2532.144287 10 31
4228418.684654 4024673.225999 2431.009033 11 31
4228468.684654 4024673.225999 2330.821045 12 31
4228518.684654 4024673.225999 2243.637451 13 31
4228568.684654 4024673.225999 2171.973389 14 31
4228618.684654 4024673.225999 2113.476318 15 31
4227968.684654 4024723.225999 3368.266357 2 32
4228018.684654 4024723.225999 3291.682617 3 32
4228068.684654 4024723.225999 3209.091309 4 32
4228118.684654 4024723.225999 3110.672119 5 32
4228168.684654 4024723.225999 2985.138428 6 32
4228218.684654 4024723.225999 2858.514404 7 32
4228268.684654 4024723.225999 2709.772217 8 32
4228318.684654 4024723.225999 2553.893066 9 32
4228368.684654 4024723.225999 2437.752686 10 32
4228418.684654 4024723.225999 2364.879150 11 32
4228468.684654 4024723.225999 2280.402588 12 32
4228518.684654 4024723.225999 2206.744629 13 32
4228568.684654 4024723.225999 2145.432861 14 32
4228618.684654 4024723.225999 2093.510498 15 32
4227968.684654 4024773.225999 3335.798340 2 33
4228018.684654 4024773.225999 3249.193359 3 33
4228068.684654 4024773.225999 3153.238770 4 33
4228118.684654 4024773.225999 3040.018066 5 33
4228168.684654 4024773.225999 2896.405518 6 33
4228218.684654 4024773.225999 2753.768799 7 33
4228268.684654 4024773.225999 2611.648438 8 33
4228318.684654 4024773.225999 2452.053955 9 33
4228368.684654 4024773.225999 2334.789551 10 33
4228418.684654 4024773.225999 2271.203613 11 33
4228468.684654 4024773.225999 2212.054443 12 33
4228518.684654 4024773.225999 2157.082764 13 33
4228568.684654 4024773.225999 2109.057373 14 33
4228618.684654 4024773.225999 2065.826904 15 33
4227968.684654 4024823.225999 3308.242188 2 34
4228018.684654 4024823.225999 3214.865967 3 34
4228068.684654 4024823.225999 3111.935791 4 34
4228118.684654 4024823.225999 3000.087891 5 34
4228168.684654 4024823.225999 2850.064209 6 34
4228218.684654 4024823.225999 2685.942139 7 34
4228268.684654 4024823.225999 2532.818359 8 34
4228318.684654 4024823.225999 2374.093506 9 34
4228368.684654 4024823.225999 2256.073975 10 34
4228418.684654 4024823.225999 2196.595459 11 34
4228468.684654 4024823.225999 2149.625488 12 34
4228518.684654 4024823.225999 2107.237549 13 34
4228568.684654 4024823.225999 2068.989746 14 34
4228618.684654 4024823.225999 2033.109863 15 34
4227968.684654 4024873.225999 3285.977295 2 35
4228018.684654 4024873.225999 3191.336426 3 35
4228068.684654 4024873.225999 3076.997559 4 35
4228118.684654 4024873.225999 2952.730225 5 35
4228168.684654 4024873.225999 2792.532227 6 35
4228218.684654 4024873.225999 2621.997803 7 35
4228268.684654 4024873.225999 2475.590576 8 35
4228318.684654 4024873.225999 2332.749268 9 35
4228368.684654 4024873.225999 2226.943604 10 35
4228418.684654 4024873.225999 2154.783691 11 35
4228468.684654 4024873.225999 2104.360107 12 35
4228518.684654 4024873.225999 2064.347412 13 35
4228568.684654 4024873.225999 2030.337524 14 35
4227968.684654 4024923.225999 3270.192383 2 36
4228018.684654 4024923.225999 3187.692139 3 36
4228068.684654 4024923.225999 3092.659424 4 36
4228118.684654 4024923.225999 2958.938721 5 36
4228168.684654 4024923.225999 2767.939453 6 36
4228218.684654 4024923.225999 2570.919922 7 36
4228268.684654 4024923.225999 2438.250732 8 36
4228318.684654 4024923.225999 2303.383789 9 36
4228368.684654 4024923.225999 2193.364014 10 36
4228418.684654 4024923.225999 2123.797363 11 36
4228468.684654 4024923.225999 2070.737793 12 36
4228518.684654 4024923.225999 2029.586060 13 36
4228568.684654 4024923.225999 1996.099976 14 36
4227968.684654 4024973.225999 3246.653809 2 37
4228018.684654 4024973.225999 3172.032715 3 37
4228068.684654 4024973.225999 3077.111328 4 37
4228118.684654 4024973.225999 2929.528320 5 37
4228168.684654 4024973.225999 2739.074951 6 37
4228218.684654 4024973.225999 2542.814697 7 37
4228268.684654 4024973.225999 2397.477539 8 37
4228318.684654 4024973.225999 2275.584229 9 37
4228368.684654 4024973.225999 2184.350586 10 37
4228418.684654 4024973.225999 2106.181396 11 37
4228468.684654 4024973.225999 2049.498047 12 37
4228518.684654 4024973.225999 2004.821655 13 37
4228568.684654 4024973.225999 1968.913818 14 37
4227968.684654 4025023.225999 3213.344238 2 38
4228018.684654 4025023.225999 3142.325195 3 38
4228068.684654 4025023.225999 3039.789063 4 38
4228118.684654 4025023.225999 2873.680664 5 38
4228168.684654 4025023.225999 2680.370361 6 38
4228218.684654 4025023.225999 2512.825195 7 38
4228268.684654 4025023.225999 2371.296387 8 38
4228318.684654 4025023.225999 2261.837402 9 38
4228368.684654 4025023.225999 2182.602783 10 38
4228418.684654 4025023.225999 2104.152832 11 38
4228468.684654 4025023.225999 2040.692383 12 38
4228518.684654 4025023.225999 1990.567627 13 38
4228568.684654 4025023.225999 1950.208862 14 38
4227968.684654 4025073.225999 3178.312988 2 39
4228018.684654 4025073.225999 3116.225098 3 39
4228068.684654 4025073.225999 3021.676758 4 39
4228118.684654 4025073.225999 2832.992920 5 39
4228168.684654 4025073.225999 2648.133545 6 39
4228218.684654 4025073.225999 2488.448242 7 39
4228268.684654 4025073.225999 2365.948730 8 39
4228318.684654 4025073.225999 2261.943604 9 39
4228368.684654 4025073.225999 2178.431396 10 39
4228418.684654 4025073.225999 2101.436523 11 39
4228468.684654 4025073.225999 2037.784180 12 39
4228518.684654 4025073.225999 1984.387695 13 39
4227968.684654 4025123.225999 3143.537842 2 40
4228018.684654 4025123.225999 3086.278564 3 40
4228068.684654 4025123.225999 3008.777100 4 40
4228118.684654 4025123.225999 2789.273438 5 40
4228168.684654 4025123.225999 2619.693848 6 40
4228218.684654 4025123.225999 2469.153076 7 40
4228268.684654 4025123.225999 2355.183838 8 40
4228318.684654 4025123.225999 2262.104248 9 40
4228368.684654 4025123.225999 2182.385742 10 40
4228418.684654 4025123.225999 2109.159668 11 40
4228468.684654 4025123.225999 2044.276611 12 40
4228518.684654 4025123.225999 1987.466187 13 40
4227968.684654 4025173.225999 3100.329346 2 41
4228018.684654 4025173.225999 3034.598145 3 41
4228068.684654 4025173.225999 2947.348145 4 41
4228118.684654 4025173.225999 2829.938232 5 41
4228168.684654 4025173.225999 2587.761719 6 41
4228218.684654 4025173.225999 2449.503662 7 41
4228268.684654 4025173.225999 2349.034424 8 41
4228318.684654 4025173.225999 2269.083740 9 41
4228368.684654 4025173.225999 2196.800537 10 41
4228418.684654 4025173.225999 2127.029297 11 41
4228468.684654 4025173.225999 2060.967041 12 41
4228518.684654 4025173.225999 2000.225098 13 41
4227968.684654 4025223.225999 3060.625732 2 42
4228018.684654 4025223.225999 2994.127441 3 42
4228068.684654 4025223.225999 2913.809814 4 42
4228118.684654 4025223.225999 2815.100586 5 42
4228168.684654 4025223.225999 2592.178467 6 42
4228218.684654 4025223.225999 2451.242920 7 42
4228268.684654 4025223.225999 2358.828613 8 42
4228318.684654 4025223.225999 2289.138184 9 42
4228368.684654 4025223.225999 2222.904297 10 42
4228418.684654 4025223.225999 2155.033447 11 42
4228468.684654 4025223.225999 2087.132813 12 42
4227968.684654 4025273.225999 3026.571045 2 43
4228018.684654 4025273.225999 2963.147461 3 43
4228068.684654 4025273.225999 2894.091553 4 43
4228118.684654 4025273.225999 2823.474121 5 43
4228168.684654 4025273.225999 2641.949951 6 43
4228218.684654 4025273.225999 2472.827881 7 43
4228268.684654 4025273.225999 2391.135986 8 43
4228318.684654 4025273.225999 2325.667725 9 43
4228368.684654 4025273.225999 2260.012207 10 43
4228418.684654 4025273.225999 2190.934814 11 43
4228468.684654 4025273.225999 2120.158447 12 43
4227968.684654 4025323.225999 2997.307617 2 44
4228018.684654 4025323.225999 2937.227783 3 44
4228068.684654 4025323.225999 2877.671631 4 44
4228118.684654 4025323.225999 2815.043457 5 44
4228168.684654 4025323.225999 2703.950195 6 44
4228218.684654 4025323.225999 2575.418945 7 44
4228268.684654 4025323.225999 2464.584229 8 44
4228318.684654 4025323.225999 2379.614258 9 44
4228368.684654 4025323.225999 2304.273926 10 44
4228418.684654 4025323.225999 2230.300537 11 44
4227968.684654 4025373.225999 2969.905029 2 45
4228018.684654 4025373.225999 2909.915283 3 45
4228068.684654 4025373.225999 2850.749268 4 45
4228118.684654 4025373.225999 2787.267822 5 45
4228168.684654 4025373.225999 2705.697998 6 45
4228218.684654 4025373.225999 2615.194824 7 45
4228268.684654 4025373.225999 2512.612549 8 45
4228318.684654 4025373.225999 2423.129639 9 45
4228368.684654 4025373.225999 2343.361328 10 45
4228418.684654 4025373.225999 2266.669434 11 45
4228018.684654 4025423.225999 2883.206055 3 46
4228068.684654 4025423.225999 2823.125732 4 46
4228118.684654 4025423.225999 2760.975830 5 46
4228168.684654 4025423.225999 2691.219482 6 46
4228218.684654 4025423.225999 2616.249023 7 46
4228268.684654 4025423.225999 2532.433838 8 46
4228318.684654 4025423.225999 2450.545410 9 46
4228368.684654 4025423.225999 2373.252441 10 46
