# Type: scattered data
# Version: 6
# Description: No description
# Format: free
# Field: 1 x
# Field: 2 y
# Field: 3 z undefined
# Field: 4 column
# Field: 5 row
# Projection: Local Rectangular
# Units: undefined
# End:
# Information from grid:
# Grid_size: 42 x 33
# Grid_space: 4212000.000000,4220200.000000,4021100.000000,4033000.000000
# Scattered data: Not_available
# Z_field: z
# Vertical_faults: Not_available
# History: No history
# Z_units: undefined
4212000.000000 4021100.000000 31799.396484 1 1
4212200.000000 4021100.000000 30988.882813 2 1
4212400.000000 4021100.000000 30176.335938 3 1
4212600.000000 4021100.000000 29362.791016 4 1
4212800.000000 4021100.000000 28547.212891 5 1
4213000.000000 4021100.000000 27729.669922 6 1
4213200.000000 4021100.000000 26908.128906 7 1
4213400.000000 4021100.000000 26082.560547 8 1
4213600.000000 4021100.000000 25252.027344 9 1
4213800.000000 4021100.000000 24415.466797 10 1
4214000.000000 4021100.000000 23572.912109 11 1
4214200.000000 4021100.000000 22723.330078 12 1
4214400.000000 4021100.000000 21865.787109 13 1
4214600.000000 4021100.000000 21001.216797 14 1
4214800.000000 4021100.000000 20131.650391 15 1
4215000.000000 4021100.000000 19254.056641 16 1
4215200.000000 4021100.000000 18368.466797 17 1
4215400.000000 4021100.000000 17477.878906 18 1
4215600.000000 4021100.000000 16584.291016 19 1
4215800.000000 4021100.000000 15686.698242 20 1
4216000.000000 4021100.000000 14786.093750 21 1
4216200.000000 4021100.000000 13878.434570 22 1
4216400.000000 4021100.000000 12961.752930 23 1
4216600.000000 4021100.000000 12034.061523 24 1
4216800.000000 4021100.000000 11092.336914 25 1
4217000.000000 4021100.000000 10137.583008 26 1
4217200.000000 4021100.000000 9166.834961 27 1
4217400.000000 4021100.000000 8179.087402 28 1
4217600.000000 4021100.000000 7177.307129 29 1
4217800.000000 4021100.000000 6168.491211 30 1
4218000.000000 4021100.000000 5155.671387 31 1
4218200.000000 4021100.000000 4144.878418 32 1
4218400.000000 4021100.000000 3151.077637 33 1
4218600.000000 4021100.000000 2196.311523 34 1
4218800.000000 4021100.000000 1299.524536 35 1
4219000.000000 4021100.000000 473.800598 36 1
4219200.000000 4021100.000000 -282.936035 37 1
4219400.000000 4021100.000000 -980.648071 38 1
4219600.000000 4021100.000000 -1632.391602 39 1
4219800.000000 4021100.000000 -2247.161133 40 1
4220000.000000 4021100.000000 -2843.897461 41 1
4220200.000000 4021100.000000 -3428.692383 42 1
4212000.000000 4021471.875000 31290.164063 1 2
4212200.000000 4021471.875000 30487.607422 2 2
4212400.000000 4021471.875000 29683.050781 3 2
4212600.000000 4021471.875000 28877.529297 4 2
4212800.000000 4021471.875000 28069.976563 5 2
4213000.000000 4021471.875000 27260.421875 6 2
4213200.000000 4021471.875000 26445.875000 7 2
4213400.000000 4021471.875000 25628.328125 8 2
4213600.000000 4021471.875000 24804.753906 9 2
4213800.000000 4021471.875000 23976.216797 10 2
4214000.000000 4021471.875000 23141.652344 11 2
4214200.000000 4021471.875000 22301.091797 12 2
4214400.000000 4021471.875000 21452.537109 13 2
4214600.000000 4021471.875000 20597.955078 14 2
4214800.000000 4021471.875000 19737.375000 15 2
4215000.000000 4021471.875000 18869.800781 16 2
4215200.000000 4021471.875000 17994.230469 17 2
4215400.000000 4021471.875000 17114.625000 18 2
4215600.000000 4021471.875000 16231.020508 19 2
4215800.000000 4021471.875000 15343.446289 20 2
4216000.000000 4021471.875000 14452.827148 21 2
4216200.000000 4021471.875000 13557.179688 22 2
4216400.000000 4021471.875000 12653.475586 23 2
4216600.000000 4021471.875000 11739.757813 24 2
4216800.000000 4021471.875000 10815.038086 25 2
4217000.000000 4021471.875000 9879.285156 26 2
4217200.000000 4021471.875000 8931.532227 27 2
4217400.000000 4021471.875000 7969.742676 28 2
4217600.000000 4021471.875000 6996.951172 29 2
4217800.000000 4021471.875000 6022.154297 30 2
4218000.000000 4021471.875000 5039.362305 31 2
4218200.000000 4021471.875000 4050.549561 32 2
4218400.000000 4021471.875000 3075.783691 33 2
4218600.000000 4021471.875000 2139.036133 34 2
4218800.000000 4021471.875000 1262.346802 35 2
4219000.000000 4021471.875000 463.660706 36 2
4219200.000000 4021471.875000 -264.997772 37 2
4219400.000000 4021471.875000 -938.622192 38 2
4219600.000000 4021471.875000 -1569.272339 39 2
4219800.000000 4021471.875000 -2168.939941 40 2
4220000.000000 4021471.875000 -2758.594971 41 2
4220200.000000 4021471.875000 -3338.268555 42 2
4212000.000000 4021843.750000 30782.896484 1 3
4212200.000000 4021843.750000 29988.330078 2 3
4212400.000000 4021843.750000 29192.798828 3 3
4212600.000000 4021843.750000 28395.267578 4 3
4212800.000000 4021843.750000 27595.703125 5 3
4213000.000000 4021843.750000 26793.175781 6 3
4213200.000000 4021843.750000 25987.617188 7 3
4213400.000000 4021843.750000 25177.062500 8 3
4213600.000000 4021843.750000 24361.511719 9 3
4213800.000000 4021843.750000 23540.964844 10 3
4214000.000000 4021843.750000 22715.388672 11 3
4214200.000000 4021843.750000 21883.851563 12 3
4214400.000000 4021843.750000 21044.285156 13 3
4214600.000000 4021843.750000 20199.689453 14 3
4214800.000000 4021843.750000 19349.130859 15 3
4215000.000000 4021843.750000 18492.541016 16 3
4215200.000000 4021843.750000 17626.955078 17 3
4215400.000000 4021843.750000 16757.371094 18 3
4215600.000000 4021843.750000 15883.784180 19 3
4215800.000000 4021843.750000 15007.161133 20 3
4216000.000000 4021843.750000 14127.558594 21 3
4216200.000000 4021843.750000 13242.893555 22 3
4216400.000000 4021843.750000 12352.200195 23 3
4216600.000000 4021843.750000 11452.492188 24 3
4216800.000000 4021843.750000 10544.743164 25 3
4217000.000000 4021843.750000 9626.994141 26 3
4217200.000000 4021843.750000 8700.241211 27 3
4217400.000000 4021843.750000 7760.448730 28 3
4217600.000000 4021843.750000 6814.651855 29 3
4217800.000000 4021843.750000 5869.848145 30 3
4218000.000000 4021843.750000 4909.031250 31 3
4218200.000000 4021843.750000 3933.247803 32 3
4218400.000000 4021843.750000 2969.499023 33 3
4218600.000000 4021843.750000 2044.817139 34 3
4218800.000000 4021843.750000 1187.166748 35 3
4219000.000000 4021843.750000 413.592499 36 3
4219200.000000 4021843.750000 -288.983795 37 3
4219400.000000 4021843.750000 -936.524719 38 3
4219600.000000 4021843.750000 -1541.092041 39 3
4219800.000000 4021843.750000 -2117.674561 40 3
4220000.000000 4021843.750000 -2692.266113 41 3
4220200.000000 4021843.750000 -3263.860596 42 3
4212000.000000 4022215.625000 30277.628906 1 4
4212200.000000 4022215.625000 29492.085938 2 4
4212400.000000 4022215.625000 28703.544922 3 4
4212600.000000 4022215.625000 27915.003906 4 4
4212800.000000 4022215.625000 27123.464844 5 4
4213000.000000 4022215.625000 26328.927734 6 4
4213200.000000 4022215.625000 25531.359375 7 4
4213400.000000 4022215.625000 24729.826172 8 4
4213600.000000 4022215.625000 23922.267578 9 4
4213800.000000 4022215.625000 23110.710938 10 4
4214000.000000 4022215.625000 22294.156250 11 4
4214200.000000 4022215.625000 21471.574219 12 4
4214400.000000 4022215.625000 20641.031250 13 4
4214600.000000 4022215.625000 19806.455078 14 4
4214800.000000 4022215.625000 18965.882813 15 4
4215000.000000 4022215.625000 18119.314453 16 4
4215200.000000 4022215.625000 17263.716797 17 4
4215400.000000 4022215.625000 16405.115234 18 4
4215600.000000 4022215.625000 15541.515625 19 4
4215800.000000 4022215.625000 14675.911133 20 4
4216000.000000 4022215.625000 13806.294922 21 4
4216200.000000 4022215.625000 12933.645508 22 4
4216400.000000 4022215.625000 12055.930664 23 4
4216600.000000 4022215.625000 11171.232422 24 4
4216800.000000 4022215.625000 10278.492188 25 4
4217000.000000 4022215.625000 9378.714844 26 4
4217200.000000 4022215.625000 8469.966797 27 4
4217400.000000 4022215.625000 7548.180664 28 4
4217600.000000 4022215.625000 6620.358887 29 4
4217800.000000 4022215.625000 5692.568848 30 4
4218000.000000 4022215.625000 4747.771973 31 4
4218200.000000 4022215.625000 3786.987549 32 4
4218400.000000 4022215.625000 2839.289551 33 4
4218600.000000 4022215.625000 1929.643799 34 4
4218800.000000 4022215.625000 1090.074097 35 4
4219000.000000 4022215.625000 338.585358 36 4
4219200.000000 4022215.625000 -342.904327 37 4
4219400.000000 4022215.625000 -967.398987 38 4
4219600.000000 4022215.625000 -1549.892700 39 4
4219800.000000 4022215.625000 -2106.401611 40 4
4220000.000000 4022215.625000 -2660.917969 41 4
4220200.000000 4022215.625000 -3212.428467 42 4
4212000.000000 4022587.500000 29774.361328 1 5
4212200.000000 4022587.500000 28997.841797 2 5
4212400.000000 4022587.500000 28218.291016 3 5
4212600.000000 4022587.500000 27437.738281 4 5
4212800.000000 4022587.500000 26655.222656 5 5
4213000.000000 4022587.500000 25868.675781 6 5
4213200.000000 4022587.500000 25079.099609 7 5
4213400.000000 4022587.500000 24286.556641 8 5
4213600.000000 4022587.500000 23488.019531 9 5
4213800.000000 4022587.500000 22685.453125 10 5
4214000.000000 4022587.500000 21877.888672 11 5
4214200.000000 4022587.500000 21064.328125 12 5
4214400.000000 4022587.500000 20243.773438 13 5
4214600.000000 4022587.500000 19419.218750 14 5
4214800.000000 4022587.500000 18588.636719 15 5
4215000.000000 4022587.500000 17753.052734 16 5
4215200.000000 4022587.500000 16907.474609 17 5
4215400.000000 4022587.500000 16058.895508 18 5
4215600.000000 4022587.500000 15207.281250 19 5
4215800.000000 4022587.500000 14351.696289 20 5
4216000.000000 4022587.500000 13493.066406 21 5
4216200.000000 4022587.500000 12631.402344 22 5
4216400.000000 4022587.500000 11766.701172 23 5
4216600.000000 4022587.500000 10895.982422 24 5
4216800.000000 4022587.500000 10018.220703 25 5
4217000.000000 4022587.500000 9132.489258 26 5
4217200.000000 4022587.500000 8239.717773 27 5
4217400.000000 4022587.500000 7333.910645 28 5
4217600.000000 4022587.500000 6418.108887 29 5
4217800.000000 4022587.500000 5497.316895 30 5
4218000.000000 4022587.500000 4565.516602 31 5
4218200.000000 4022587.500000 3624.799561 32 5
4218400.000000 4022587.500000 2697.123047 33 5
4218600.000000 4022587.500000 1804.550049 34 5
4218800.000000 4022587.500000 984.060059 35 5
4219000.000000 4022587.500000 253.619919 36 5
4219200.000000 4022587.500000 -409.784363 37 5
4219400.000000 4022587.500000 -1017.216431 38 5
4219600.000000 4022587.500000 -1582.718628 39 5
4219800.000000 4022587.500000 -2121.213135 40 5
4220000.000000 4022587.500000 -2653.718262 41 5
4220200.000000 4022587.500000 -3181.213135 42 5
4212000.000000 4022959.375000 29274.125000 1 6
4212200.000000 4022959.375000 28505.595703 2 6
4212400.000000 4022959.375000 27735.035156 3 6
4212600.000000 4022959.375000 26963.507813 4 6
4212800.000000 4022959.375000 26189.947266 5 6
4213000.000000 4022959.375000 25412.423828 6 6
4213200.000000 4022959.375000 24631.869141 7 6
4213400.000000 4022959.375000 23847.318359 8 6
4213600.000000 4022959.375000 23057.771484 9 6
4213800.000000 4022959.375000 22264.226563 10 6
4214000.000000 4022959.375000 21466.652344 11 6
4214200.000000 4022959.375000 20663.113281 12 6
4214400.000000 4022959.375000 19852.546875 13 6
4214600.000000 4022959.375000 19037.982422 14 6
4214800.000000 4022959.375000 18218.417969 15 6
4215000.000000 4022959.375000 17392.824219 16 6
4215200.000000 4022959.375000 16558.232422 17 6
4215400.000000 4022959.375000 15720.640625 18 6
4215600.000000 4022959.375000 14879.047852 19 6
4215800.000000 4022959.375000 14034.450195 20 6
4216000.000000 4022959.375000 13186.840820 21 6
4216200.000000 4022959.375000 12337.162109 22 6
4216400.000000 4022959.375000 11484.479492 23 6
4216600.000000 4022959.375000 10626.743164 24 6
4216800.000000 4022959.375000 9762.997070 25 6
4217000.000000 4022959.375000 8892.246094 26 6
4217200.000000 4022959.375000 8012.491699 27 6
4217400.000000 4022959.375000 7120.701172 28 6
4217600.000000 4022959.375000 6218.887207 29 6
4217800.000000 4022959.375000 5309.092773 30 6
4218000.000000 4022959.375000 4391.327148 31 6
4218200.000000 4022959.375000 3470.620117 32 6
4218400.000000 4022959.375000 2563.031494 33 6
4218600.000000 4022959.375000 1691.513184 34 6
4218800.000000 4022959.375000 891.043213 35 6
4219000.000000 4022959.375000 177.674530 36 6
4219200.000000 4022959.375000 -469.671265 37 6
4219400.000000 4022959.375000 -1063.073120 38 6
4219600.000000 4022959.375000 -1616.661499 39 6
4219800.000000 4022959.375000 -2140.318115 40 6
4220000.000000 4022959.375000 -2651.974609 41 6
4220200.000000 4022959.375000 -3158.546875 42 6
4212000.000000 4023331.250000 28776.855469 1 7
4212200.000000 4023331.250000 28017.349609 2 7
4212400.000000 4023331.250000 27255.810547 3 7
4212600.000000 4023331.250000 26493.240234 4 7
4212800.000000 4023331.250000 25727.703125 5 7
4213000.000000 4023331.250000 24959.169922 6 7
4213200.000000 4023331.250000 24187.640625 7 7
4213400.000000 4023331.250000 23413.078125 8 7
4213600.000000 4023331.250000 22632.519531 9 7
4213800.000000 4023331.250000 21848.998047 10 7
4214000.000000 4023331.250000 21060.414063 11 7
4214200.000000 4023331.250000 20266.863281 12 7
4214400.000000 4023331.250000 19466.320313 13 7
4214600.000000 4023331.250000 18661.742188 14 7
4214800.000000 4023331.250000 17852.167969 15 7
4215000.000000 4023331.250000 17037.595703 16 7
4215200.000000 4023331.250000 16214.026367 17 7
4215400.000000 4023331.250000 15386.422852 18 7
4215600.000000 4023331.250000 14555.851563 19 7
4215800.000000 4023331.250000 13722.242188 20 7
4216000.000000 4023331.250000 12885.621094 21 7
4216200.000000 4023331.250000 12047.962891 22 7
4216400.000000 4023331.250000 11208.265625 23 7
4216600.000000 4023331.250000 10363.548828 24 7
4216800.000000 4023331.250000 9512.789063 25 7
4217000.000000 4023331.250000 8656.055664 26 7
4217200.000000 4023331.250000 7791.285645 27 7
4217400.000000 4023331.250000 6913.480957 28 7
4217600.000000 4023331.250000 6025.691895 29 7
4217800.000000 4023331.250000 5130.927734 30 7
4218000.000000 4023331.250000 4229.200684 31 7
4218200.000000 4023331.250000 3326.510742 32 7
4218400.000000 4023331.250000 2439.958008 33 7
4218600.000000 4023331.250000 1590.423340 34 7
4218800.000000 4023331.250000 808.992004 35 7
4219000.000000 4023331.250000 111.650223 36 7
4219200.000000 4023331.250000 -521.559326 37 7
4219400.000000 4023331.250000 -1104.978760 38 7
4219600.000000 4023331.250000 -1649.841064 39 7
4219800.000000 4023331.250000 -2158.832031 40 7
4220000.000000 4023331.250000 -2651.730713 41 7
4220200.000000 4023331.250000 -3138.437988 42 7
4212000.000000 4023703.125000 28282.617188 1 8
4212200.000000 4023703.125000 27532.101563 2 8
4212400.000000 4023703.125000 26779.552734 3 8
4212600.000000 4023703.125000 26026.003906 4 8
4212800.000000 4023703.125000 25269.458984 5 8
4213000.000000 4023703.125000 24509.916016 6 8
4213200.000000 4023703.125000 23747.375000 7 8
4213400.000000 4023703.125000 22981.835938 8 8
4213600.000000 4023703.125000 22211.302734 9 8
4213800.000000 4023703.125000 21437.736328 10 8
4214000.000000 4023703.125000 20658.207031 11 8
4214200.000000 4023703.125000 19873.648438 12 8
4214400.000000 4023703.125000 19084.093750 13 8
4214600.000000 4023703.125000 18289.505859 14 8
4214800.000000 4023703.125000 17489.955078 15 8
4215000.000000 4023703.125000 16686.371094 16 8
4215200.000000 4023703.125000 15874.789063 17 8
4215400.000000 4023703.125000 15058.208008 18 8
4215600.000000 4023703.125000 14238.625977 19 8
4215800.000000 4023703.125000 13416.040039 20 8
4216000.000000 4023703.125000 12591.407227 21 8
4216200.000000 4023703.125000 11764.772461 22 8
4216400.000000 4023703.125000 10937.066406 23 8
4216600.000000 4023703.125000 10105.372070 24 8
4216800.000000 4023703.125000 9268.633789 25 8
4217000.000000 4023703.125000 8425.888672 26 8
4217200.000000 4023703.125000 7575.106445 27 8
4217400.000000 4023703.125000 6712.322754 28 8
4217600.000000 4023703.125000 5840.561523 29 8
4217800.000000 4023703.125000 4962.831055 30 8
4218000.000000 4023703.125000 4078.112061 31 8
4218200.000000 4023703.125000 3193.459961 32 8
4218400.000000 4023703.125000 2324.858398 33 8
4218600.000000 4023703.125000 1494.259766 34 8
4218800.000000 4023703.125000 731.711548 35 8
4219000.000000 4023703.125000 50.455235 36 8
4219200.000000 4023703.125000 -569.462708 37 8
4219400.000000 4023703.125000 -1143.869263 38 8
4219600.000000 4023703.125000 -1679.256104 39 8
4219800.000000 4023703.125000 -2174.736084 40 8
4220000.000000 4023703.125000 -2650.073242 41 8
4220200.000000 4023703.125000 -3116.039551 42 8
4212000.000000 4024075.000000 27794.373047 1 9
4212200.000000 4024075.000000 27052.847656 2 9
4212400.000000 4024075.000000 26309.322266 3 9
4212600.000000 4024075.000000 25563.765625 4 9
4212800.000000 4024075.000000 24816.244141 5 9
4213000.000000 4024075.000000 24066.689453 6 9
4213200.000000 4024075.000000 23313.140625 7 9
4213400.000000 4024075.000000 22556.625000 8 9
4213600.000000 4024075.000000 21796.080078 9 9
4213800.000000 4024075.000000 21031.503906 10 9
4214000.000000 4024075.000000 20261.964844 11 9
4214200.000000 4024075.000000 19487.429688 12 9
4214400.000000 4024075.000000 18706.865234 13 9
4214600.000000 4024075.000000 17923.300781 14 9
4214800.000000 4024075.000000 17134.738281 15 9
4215000.000000 4024075.000000 16341.177734 16 9
4215200.000000 4024075.000000 15539.587891 17 9
4215400.000000 4024075.000000 14735.029297 18 9
4215600.000000 4024075.000000 13927.435547 19 9
4215800.000000 4024075.000000 13116.839844 20 9
4216000.000000 4024075.000000 12303.231445 21 9
4216200.000000 4024075.000000 11488.588867 22 9
4216400.000000 4024075.000000 10672.909180 23 9
4216600.000000 4024075.000000 9854.208008 24 9
4216800.000000 4024075.000000 9031.459961 25 9
4217000.000000 4024075.000000 8202.739258 26 9
4217200.000000 4024075.000000 7366.979980 27 9
4217400.000000 4024075.000000 6519.189453 28 9
4217600.000000 4024075.000000 5662.461914 29 9
4217800.000000 4024075.000000 4800.735352 30 9
4218000.000000 4024075.000000 3933.051758 31 9
4218200.000000 4024075.000000 3067.408203 32 9
4218400.000000 4024075.000000 2216.693115 33 9
4218600.000000 4024075.000000 1403.962158 34 9
4218800.000000 4024075.000000 659.309387 35 9
4219000.000000 4024075.000000 -6.668838 36 9
4219200.000000 4024075.000000 -612.978333 37 9
4219400.000000 4024075.000000 -1178.246948 38 9
4219600.000000 4024075.000000 -1704.281372 39 9
4219800.000000 4024075.000000 -2187.350098 40 9
4220000.000000 4024075.000000 -2643.224365 41 9
4220200.000000 4024075.000000 -3085.824219 42 9
4212000.000000 4024446.875000 27311.125000 1 10
4212200.000000 4024446.875000 26578.589844 2 10
4212400.000000 4024446.875000 25844.054688 3 10
4212600.000000 4024446.875000 25108.521484 4 10
4212800.000000 4024446.875000 24369.988281 5 10
4213000.000000 4024446.875000 23628.460938 6 10
4213200.000000 4024446.875000 22884.931641 7 10
4213400.000000 4024446.875000 22137.375000 8 10
4213600.000000 4024446.875000 21385.853516 9 10
4213800.000000 4024446.875000 20630.302734 10 10
4214000.000000 4024446.875000 19870.753906 11 10
4214200.000000 4024446.875000 19106.208984 12 10
4214400.000000 4024446.875000 18335.632813 13 10
4214600.000000 4024446.875000 17562.093750 14 10
4214800.000000 4024446.875000 16784.521484 15 10
4215000.000000 4024446.875000 16000.951172 16 10
4215200.000000 4024446.875000 15211.382813 17 10
4215400.000000 4024446.875000 14417.815430 18 10
4215600.000000 4024446.875000 13622.246094 19 10
4215800.000000 4024446.875000 12822.641602 20 10
4216000.000000 4024446.875000 12021.057617 21 10
4216200.000000 4024446.875000 11218.408203 22 10
4216400.000000 4024446.875000 10414.757813 23 10
4216600.000000 4024446.875000 9609.049805 24 10
4216800.000000 4024446.875000 8800.329102 25 10
4217000.000000 4024446.875000 7985.602051 26 10
4217200.000000 4024446.875000 7163.870605 27 10
4217400.000000 4024446.875000 6330.112305 28 10
4217600.000000 4024446.875000 5489.388672 29 10
4217800.000000 4024446.875000 4643.696289 30 10
4218000.000000 4024446.875000 3794.000244 31 10
4218200.000000 4024446.875000 2945.329102 32 10
4218400.000000 4024446.875000 2112.469238 33 10
4218600.000000 4024446.875000 1317.552002 34 10
4218800.000000 4024446.875000 589.757019 35 10
4219000.000000 4024446.875000 -61.828701 36 10
4219200.000000 4024446.875000 -655.262695 37 10
4219400.000000 4024446.875000 -1210.158936 38 10
4219600.000000 4024446.875000 -1728.138794 39 10
4219800.000000 4024446.875000 -2200.142822 40 10
4220000.000000 4024446.875000 -2636.896240 41 10
4220200.000000 4024446.875000 -3049.892090 42 10
4212000.000000 4024818.750000 26830.875000 1 11
4212200.000000 4024818.750000 26108.361328 2 11
4212400.000000 4024818.750000 25382.818359 3 11
4212600.000000 4024818.750000 24656.306641 4 11
4212800.000000 4024818.750000 23926.765625 5 11
4213000.000000 4024818.750000 23194.226563 6 11
4213200.000000 4024818.750000 22459.689453 7 11
4213400.000000 4024818.750000 21722.156250 8 11
4213600.000000 4024818.750000 20979.625000 9 11
4213800.000000 4024818.750000 20233.064453 10 11
4214000.000000 4024818.750000 19483.539063 11 11
4214200.000000 4024818.750000 18728.984375 12 11
4214400.000000 4024818.750000 17968.433594 13 11
4214600.000000 4024818.750000 17204.884766 14 11
4214800.000000 4024818.750000 16437.337891 15 11
4215000.000000 4024818.750000 15664.757813 16 11
4215200.000000 4024818.750000 14886.181641 17 11
4215400.000000 4024818.750000 14104.636719 18 11
4215600.000000 4024818.750000 13320.059570 19 11
4215800.000000 4024818.750000 12532.479492 20 11
4216000.000000 4024818.750000 11741.889648 21 11
4216200.000000 4024818.750000 10952.267578 22 11
4216400.000000 4024818.750000 10160.580078 23 11
4216600.000000 4024818.750000 9368.902344 24 11
4216800.000000 4024818.750000 8572.213867 25 11
4217000.000000 4024818.750000 7771.482910 26 11
4217200.000000 4024818.750000 6964.782227 27 11
4217400.000000 4024818.750000 6147.061523 28 11
4217600.000000 4024818.750000 5321.344727 29 11
4217800.000000 4024818.750000 4491.643555 30 11
4218000.000000 4024818.750000 3658.974121 31 11
4218200.000000 4024818.750000 2826.177246 32 11
4218400.000000 4024818.750000 2009.076904 33 11
4218600.000000 4024818.750000 1229.847900 34 11
4218800.000000 4024818.750000 518.886658 35 11
4219000.000000 4024818.750000 -116.283562 36 11
4219200.000000 4024818.750000 -696.832642 37 11
4219400.000000 4024818.750000 -1243.568970 38 11
4219600.000000 4024818.750000 -1755.362305 39 11
4219800.000000 4024818.750000 -2221.789307 40 11
4220000.000000 4024818.750000 -2637.320557 41 11
4220200.000000 4024818.750000 -3011.158203 42 11
4212000.000000 4025190.625000 26355.656250 1 12
4212200.000000 4025190.625000 25641.132813 2 12
4212400.000000 4025190.625000 24925.578125 3 12
4212600.000000 4025190.625000 24208.058594 4 12
4212800.000000 4025190.625000 23487.541016 5 12
4213000.000000 4025190.625000 22763.992188 6 12
4213200.000000 4025190.625000 22038.447266 7 12
4213400.000000 4025190.625000 21309.935547 8 12
4213600.000000 4025190.625000 20576.396484 9 12
4213800.000000 4025190.625000 19839.861328 10 12
4214000.000000 4025190.625000 19099.328125 11 12
4214200.000000 4025190.625000 18354.763672 12 12
4214400.000000 4025190.625000 17604.238281 13 12
4214600.000000 4025190.625000 16850.679688 14 12
4214800.000000 4025190.625000 16094.122070 15 12
4215000.000000 4025190.625000 15332.568359 16 12
4215200.000000 4025190.625000 14564.017578 17 12
4215400.000000 4025190.625000 13793.433594 18 12
4215600.000000 4025190.625000 13019.881836 19 12
4215800.000000 4025190.625000 12244.293945 20 12
4216000.000000 4025190.625000 11466.731445 21 12
4216200.000000 4025190.625000 10689.106445 22 12
4216400.000000 4025190.625000 9911.484375 23 12
4216600.000000 4025190.625000 9131.809570 24 12
4216800.000000 4025190.625000 8349.122070 25 12
4217000.000000 4025190.625000 7562.429688 26 12
4217200.000000 4025190.625000 6769.738281 27 12
4217400.000000 4025190.625000 5967.032715 28 12
4217600.000000 4025190.625000 5156.345215 29 12
4217800.000000 4025190.625000 4343.622559 30 12
4218000.000000 4025190.625000 3526.822754 31 12
4218200.000000 4025190.625000 2709.756836 32 12
4218400.000000 4025190.625000 1909.147217 33 12
4218600.000000 4025190.625000 1145.317261 34 12
4218800.000000 4025190.625000 447.753510 35 12
4219000.000000 4025190.625000 -173.536133 36 12
4219200.000000 4025190.625000 -743.786377 37 12
4219400.000000 4025190.625000 -1283.706665 38 12
4219600.000000 4025190.625000 -1795.471313 39 12
4219800.000000 4025190.625000 -2256.945557 40 12
4220000.000000 4025190.625000 -2632.911865 41 12
4220200.000000 4025190.625000 -2952.095459 42 12
4212000.000000 4025562.500000 25884.400391 1 13
4212200.000000 4025562.500000 25178.900391 2 13
4212400.000000 4025562.500000 24472.369141 3 13
4212600.000000 4025562.500000 23762.841797 4 13
4212800.000000 4025562.500000 23051.314453 5 13
4213000.000000 4025562.500000 22337.755859 6 13
4213200.000000 4025562.500000 21620.236328 7 13
4213400.000000 4025562.500000 20900.716797 8 13
4213600.000000 4025562.500000 20177.167969 9 13
4213800.000000 4025562.500000 19449.623047 10 13
4214000.000000 4025562.500000 18719.115234 11 13
4214200.000000 4025562.500000 17983.576172 12 13
4214400.000000 4025562.500000 17244.007813 13 13
4214600.000000 4025562.500000 16500.474609 14 13
4214800.000000 4025562.500000 15753.943359 15 13
4215000.000000 4025562.500000 15002.382813 16 13
4215200.000000 4025562.500000 14244.825195 17 13
4215400.000000 4025562.500000 13485.266602 18 13
4215600.000000 4025562.500000 12723.708008 19 13
4215800.000000 4025562.500000 11959.149414 20 13
4216000.000000 4025562.500000 11193.581055 21 13
4216200.000000 4025562.500000 10427.989258 22 13
4216400.000000 4025562.500000 9663.369141 23 13
4216600.000000 4025562.500000 8897.733398 24 13
4216800.000000 4025562.500000 8129.055664 25 13
4217000.000000 4025562.500000 7355.411133 26 13
4217200.000000 4025562.500000 6577.737305 27 13
4217400.000000 4025562.500000 5790.082031 28 13
4217600.000000 4025562.500000 4994.390625 29 13
4217800.000000 4025562.500000 4196.541504 30 13
4218000.000000 4025562.500000 3395.516846 31 13
4218200.000000 4025562.500000 2592.920898 32 13
4218400.000000 4025562.500000 1806.385986 33 13
4218600.000000 4025562.500000 1055.436035 34 13
4218800.000000 4025562.500000 371.722504 35 13
4219000.000000 4025562.500000 -237.039429 36 13
4219200.000000 4025562.500000 -795.626587 37 13
4219400.000000 4025562.500000 -1328.679199 38 13
4219600.000000 4025562.500000 -1838.760132 39 13
4219800.000000 4025562.500000 -2304.150879 40 13
4220000.000000 4025562.500000 -2666.777588 41 13
4220200.000000 4025562.500000 -2933.741943 42 13
4212000.000000 4025934.375000 25417.173828 1 14
4212200.000000 4025934.375000 24720.664063 2 14
4212400.000000 4025934.375000 24022.125000 3 14
4212600.000000 4025934.375000 23321.587891 4 14
4212800.000000 4025934.375000 22619.085938 5 14
4213000.000000 4025934.375000 21913.552734 6 14
4213200.000000 4025934.375000 21206.021484 7 14
4213400.000000 4025934.375000 20494.496094 8 14
4213600.000000 4025934.375000 19779.972656 9 14
4213800.000000 4025934.375000 19062.417969 10 14
4214000.000000 4025934.375000 18340.902344 11 14
4214200.000000 4025934.375000 17615.355469 12 14
4214400.000000 4025934.375000 16885.810547 13 14
4214600.000000 4025934.375000 16152.270508 14 14
4214800.000000 4025934.375000 15415.732422 15 14
4215000.000000 4025934.375000 14675.197266 16 14
4215200.000000 4025934.375000 13928.666016 17 14
4215400.000000 4025934.375000 13180.101563 18 14
4215600.000000 4025934.375000 12429.571289 19 14
4215800.000000 4025934.375000 11677.005859 20 14
4216000.000000 4025934.375000 10922.435547 21 14
4216200.000000 4025934.375000 10168.876953 22 14
4216400.000000 4025934.375000 9417.261719 23 14
4216600.000000 4025934.375000 8664.633789 24 14
4216800.000000 4025934.375000 7910.035645 25 14
4217000.000000 4025934.375000 7151.408203 26 14
4217200.000000 4025934.375000 6386.759277 27 14
4217400.000000 4025934.375000 5614.157227 28 14
4217600.000000 4025934.375000 4834.419434 29 14
4217800.000000 4025934.375000 4050.458252 30 14
4218000.000000 4025934.375000 3263.178955 31 14
4218200.000000 4025934.375000 2475.026367 32 14
4218400.000000 4025934.375000 1701.426025 33 14
4218600.000000 4025934.375000 964.073547 34 14
4218800.000000 4025934.375000 291.847626 35 14
4219000.000000 4025934.375000 -306.837433 36 14
4219200.000000 4025934.375000 -855.966003 37 14
4219400.000000 4025934.375000 -1376.946411 38 14
4219600.000000 4025934.375000 -1868.265259 39 14
4219800.000000 4025934.375000 -2302.471436 40 14
4220000.000000 4025934.375000 -2662.835205 41 14
4220200.000000 4025934.375000 -2921.324951 42 14
4212000.000000 4026306.250000 24952.943359 1 15
4212200.000000 4026306.250000 24264.427734 2 15
4212400.000000 4026306.250000 23573.912109 3 15
4212600.000000 4026306.250000 22882.365234 4 15
4212800.000000 4026306.250000 22187.855469 5 15
4213000.000000 4026306.250000 21491.314453 6 15
4213200.000000 4026306.250000 20792.808594 7 15
4213400.000000 4026306.250000 20090.273438 8 15
4213600.000000 4026306.250000 19384.742188 9 15
4213800.000000 4026306.250000 18676.212891 10 15
4214000.000000 4026306.250000 17964.687500 11 15
4214200.000000 4026306.250000 17249.166016 12 15
4214400.000000 4026306.250000 16528.615234 13 15
4214600.000000 4026306.250000 15805.101563 14 15
4214800.000000 4026306.250000 15078.556641 15 15
4215000.000000 4026306.250000 14348.014648 16 15
4215200.000000 4026306.250000 13612.477539 17 15
4215400.000000 4026306.250000 12874.940430 18 15
4215600.000000 4026306.250000 12135.404297 19 15
4215800.000000 4026306.250000 11393.868164 20 15
4216000.000000 4026306.250000 10652.325195 21 15
4216200.000000 4026306.250000 9910.734375 22 15
4216400.000000 4026306.250000 9172.157227 23 15
4216600.000000 4026306.250000 8432.572266 24 15
4216800.000000 4026306.250000 7690.989258 25 15
4217000.000000 4026306.250000 6945.382813 26 15
4217200.000000 4026306.250000 6195.825195 27 15
4217400.000000 4026306.250000 5437.248047 28 15
4217600.000000 4026306.250000 4671.507813 29 15
4217800.000000 4026306.250000 3903.449219 30 15
4218000.000000 4026306.250000 3129.879395 31 15
4218200.000000 4026306.250000 2354.224121 32 15
4218400.000000 4026306.250000 1592.620239 33 15
4218600.000000 4026306.250000 867.808105 34 15
4218800.000000 4026306.250000 206.850006 35 15
4219000.000000 4026306.250000 -382.249817 36 15
4219200.000000 4026306.250000 -920.329529 37 15
4219400.000000 4026306.250000 -1427.574341 38 15
4219600.000000 4026306.250000 -1885.003540 39 15
4219800.000000 4026306.250000 -2264.477295 40 15
4220000.000000 4026306.250000 -2639.831787 41 15
4220200.000000 4026306.250000 -2932.298340 42 15
4212000.000000 4026678.125000 24490.712891 1 16
4212200.000000 4026678.125000 23810.189453 2 16
4212400.000000 4026678.125000 23128.664063 3 16
4212600.000000 4026678.125000 22445.142578 4 16
4212800.000000 4026678.125000 21759.625000 5 16
4213000.000000 4026678.125000 21072.107422 6 16
4213200.000000 4026678.125000 20381.593750 7 16
4213400.000000 4026678.125000 19688.050781 8 16
4213600.000000 4026678.125000 18991.544922 9 16
4213800.000000 4026678.125000 18292.007813 10 16
4214000.000000 4026678.125000 17589.474609 11 16
4214200.000000 4026678.125000 16882.947266 12 16
4214400.000000 4026678.125000 16172.421875 13 16
4214600.000000 4026678.125000 15458.900391 14 16
4214800.000000 4026678.125000 14742.381836 15 16
4215000.000000 4026678.125000 14021.833984 16 16
4215200.000000 4026678.125000 13297.323242 17 16
4215400.000000 4026678.125000 12570.780273 18 16
4215600.000000 4026678.125000 11842.239258 19 16
4215800.000000 4026678.125000 11112.730469 20 16
4216000.000000 4026678.125000 10382.185547 21 16
4216200.000000 4026678.125000 9652.628906 22 16
4216400.000000 4026678.125000 8926.057617 23 16
4216600.000000 4026678.125000 8199.514648 24 16
4216800.000000 4026678.125000 7470.945313 25 16
4217000.000000 4026678.125000 6739.388672 26 16
4217200.000000 4026678.125000 6003.854004 27 16
4217400.000000 4026678.125000 5258.337891 28 16
4217600.000000 4026678.125000 4507.590820 29 16
4217800.000000 4026678.125000 3753.475342 30 16
4218000.000000 4026678.125000 2992.810303 31 16
4218200.000000 4026678.125000 2229.875977 32 16
4218400.000000 4026678.125000 1480.539551 33 16
4218600.000000 4026678.125000 766.598206 34 16
4218800.000000 4026678.125000 116.050163 35 16
4219000.000000 4026678.125000 -462.677399 36 16
4219200.000000 4026678.125000 -992.763245 37 16
4219400.000000 4026678.125000 -1494.238892 38 16
4219600.000000 4026678.125000 -1952.357178 39 16
4219800.000000 4026678.125000 -2319.668457 40 16
4220000.000000 4026678.125000 -2697.625488 41 16
4220200.000000 4026678.125000 -2994.036377 42 16
4212000.000000 4027050.000000 24032.478516 1 17
4212200.000000 4027050.000000 23359.945313 2 17
4212400.000000 4027050.000000 22685.447266 3 17
4212600.000000 4027050.000000 22009.917969 4 17
4212800.000000 4027050.000000 21333.390625 5 17
4213000.000000 4027050.000000 20653.900391 6 17
4213200.000000 4027050.000000 19972.378906 7 17
4213400.000000 4027050.000000 19286.828125 8 17
4213600.000000 4027050.000000 18599.312500 9 17
4213800.000000 4027050.000000 17908.802734 10 17
4214000.000000 4027050.000000 17216.294922 11 17
4214200.000000 4027050.000000 16518.757813 12 17
4214400.000000 4027050.000000 15818.226563 13 17
4214600.000000 4027050.000000 15114.730469 14 17
4214800.000000 4027050.000000 14408.205078 15 17
4215000.000000 4027050.000000 13697.684570 16 17
4215200.000000 4027050.000000 12983.134766 17 17
4215400.000000 4027050.000000 12267.620117 18 17
4215600.000000 4027050.000000 11550.106445 19 17
4215800.000000 4027050.000000 10831.593750 20 17
4216000.000000 4027050.000000 10112.045898 21 17
4216200.000000 4027050.000000 9394.523438 22 17
4216400.000000 4027050.000000 8679.990234 23 17
4216600.000000 4027050.000000 7965.422852 24 17
4216800.000000 4027050.000000 7249.897461 25 17
4217000.000000 4027050.000000 6531.388184 26 17
4217200.000000 4027050.000000 5808.870605 27 17
4217400.000000 4027050.000000 5077.375000 28 17
4217600.000000 4027050.000000 4338.679199 29 17
4217800.000000 4027050.000000 3596.605957 30 17
4218000.000000 4027050.000000 2849.966064 31 17
4218200.000000 4027050.000000 2099.931152 32 17
4218400.000000 4027050.000000 1363.324585 33 17
4218600.000000 4027050.000000 661.811768 34 17
4218800.000000 4027050.000000 20.330320 35 17
4219000.000000 4027050.000000 -552.085266 36 17
4219200.000000 4027050.000000 -1081.060303 37 17
4219400.000000 4027050.000000 -1590.212891 38 17
4219600.000000 4027050.000000 -2059.454834 39 17
4219800.000000 4027050.000000 -2362.724609 40 17
4220000.000000 4027050.000000 -2698.418701 41 17
4220200.000000 4027050.000000 -3035.394287 42 17
4212000.000000 4027421.875000 23579.238281 1 18
4212200.000000 4027421.875000 22914.730469 2 18
4212400.000000 4027421.875000 22249.222656 3 18
4212600.000000 4027421.875000 21581.685547 4 18
4212800.000000 4027421.875000 20912.185547 5 18
4213000.000000 4027421.875000 20240.652344 6 18
4213200.000000 4027421.875000 19567.156250 7 18
4213400.000000 4027421.875000 18890.632813 8 18
4213600.000000 4027421.875000 18211.111328 9 18
4213800.000000 4027421.875000 17529.591797 10 18
4214000.000000 4027421.875000 16845.078125 11 18
4214200.000000 4027421.875000 16156.568359 12 18
4214400.000000 4027421.875000 15465.063477 13 18
4214600.000000 4027421.875000 14770.528320 14 18
4214800.000000 4027421.875000 14073.031250 15 18
4215000.000000 4027421.875000 13372.503906 16 18
4215200.000000 4027421.875000 12668.981445 17 18
4215400.000000 4027421.875000 11962.461914 18 18
4215600.000000 4027421.875000 11254.945313 19 18
4215800.000000 4027421.875000 10547.427734 20 18
4216000.000000 4027421.875000 9838.910156 21 18
4216200.000000 4027421.875000 9132.388672 22 18
4216400.000000 4027421.875000 8428.894531 23 18
4216600.000000 4027421.875000 7727.367188 24 18
4216800.000000 4027421.875000 7022.852051 25 18
4217000.000000 4027421.875000 6316.353516 26 18
4217200.000000 4027421.875000 5606.879395 27 18
4217400.000000 4027421.875000 4888.431641 28 18
4217600.000000 4027421.875000 4163.768555 29 18
4217800.000000 4027421.875000 3435.790039 30 18
4218000.000000 4027421.875000 2701.251709 31 18
4218200.000000 4027421.875000 1963.405762 32 18
4218400.000000 4027421.875000 1237.926270 33 18
4218600.000000 4027421.875000 546.409546 34 18
4218800.000000 4027421.875000 -85.285721 35 18
4219000.000000 4027421.875000 -651.865112 36 18
4219200.000000 4027421.875000 -1181.495361 37 18
4219400.000000 4027421.875000 -1718.149170 38 18
4219600.000000 4027421.875000 -2240.149170 39 18
4219800.000000 4027421.875000 -2485.386719 40 18
4220000.000000 4027421.875000 -2739.193115 41 18
4220200.000000 4027421.875000 -3118.534668 42 18
4212000.000000 4027793.750000 23128.027344 1 19
4212200.000000 4027793.750000 22471.511719 2 19
4212400.000000 4027793.750000 21813.996094 3 19
4212600.000000 4027793.750000 21155.484375 4 19
4212800.000000 4027793.750000 20492.943359 5 19
4213000.000000 4027793.750000 19829.437500 6 19
4213200.000000 4027793.750000 19163.933594 7 19
4213400.000000 4027793.750000 18495.402344 8 19
4213600.000000 4027793.750000 17823.908203 9 19
4213800.000000 4027793.750000 17150.382813 10 19
4214000.000000 4027793.750000 16474.894531 11 19
4214200.000000 4027793.750000 15795.377930 12 19
4214400.000000 4027793.750000 15111.867188 13 19
4214600.000000 4027793.750000 14426.359375 14 19
4214800.000000 4027793.750000 13738.822266 15 19
4215000.000000 4027793.750000 13047.323242 16 19
4215200.000000 4027793.750000 12352.830078 17 19
4215400.000000 4027793.750000 11656.306641 18 19
4215600.000000 4027793.750000 10959.816406 19 19
4215800.000000 4027793.750000 10261.296875 20 19
4216000.000000 4027793.750000 9562.777344 21 19
4216200.000000 4027793.750000 8867.290039 22 19
4216400.000000 4027793.750000 8174.800293 23 19
4216600.000000 4027793.750000 7484.279785 24 19
4216800.000000 4027793.750000 6791.804199 25 19
4217000.000000 4027793.750000 6096.312012 26 19
4217200.000000 4027793.750000 5397.876953 27 19
4217400.000000 4027793.750000 4692.436523 28 19
4217600.000000 4027793.750000 3980.858643 29 19
4217800.000000 4027793.750000 3265.997559 30 19
4218000.000000 4027793.750000 2543.669678 31 19
4218200.000000 4027793.750000 1817.244629 32 19
4218400.000000 4027793.750000 1104.402588 33 19
4218600.000000 4027793.750000 423.581970 34 19
4218800.000000 4027793.750000 -200.469177 35 19
4219000.000000 4027793.750000 -759.479858 36 19
4219200.000000 4027793.750000 -1283.213745 37 19
4219400.000000 4027793.750000 -1812.817871 38 19
4219600.000000 4027793.750000 -2333.487549 39 19
4219800.000000 4027793.750000 -2585.802490 40 19
4220000.000000 4027793.750000 -2832.962158 41 19
4220200.000000 4027793.750000 -3240.783691 42 19
4212000.000000 4028165.625000 22679.779297 1 20
4212200.000000 4028165.625000 22031.289063 2 20
4212400.000000 4028165.625000 21380.767578 3 20
4212600.000000 4028165.625000 20729.248047 4 20
4212800.000000 4028165.625000 20074.732422 5 20
4213000.000000 4028165.625000 19418.220703 6 20
4213200.000000 4028165.625000 18760.710938 7 20
4213400.000000 4028165.625000 18101.203125 8 20
4213600.000000 4028165.625000 17437.703125 9 20
4213800.000000 4028165.625000 16772.171875 10 20
4214000.000000 4028165.625000 16104.676758 11 20
4214200.000000 4028165.625000 15433.155273 12 20
4214400.000000 4028165.625000 14758.670898 13 20
4214600.000000 4028165.625000 14082.157227 14 20
4214800.000000 4028165.625000 13403.647461 15 20
4215000.000000 4028165.625000 12721.143555 16 20
4215200.000000 4028165.625000 12035.645508 17 20
4215400.000000 4028165.625000 11349.149414 18 20
4215600.000000 4028165.625000 10661.656250 19 20
4215800.000000 4028165.625000 9973.166016 20 20
4216000.000000 4028165.625000 9285.643555 21 20
4216200.000000 4028165.625000 8600.156250 22 20
4216400.000000 4028165.625000 7917.670898 23 20
4216600.000000 4028165.625000 7237.188477 24 20
4216800.000000 4028165.625000 6554.717285 25 20
4217000.000000 4028165.625000 5871.258301 26 20
4217200.000000 4028165.625000 5183.821777 27 20
4217400.000000 4028165.625000 4489.420410 28 20
4217600.000000 4028165.625000 3788.913818 29 20
4217800.000000 4028165.625000 3086.221680 30 20
4218000.000000 4028165.625000 2376.235107 31 20
4218200.000000 4028165.625000 1661.423096 32 20
4218400.000000 4028165.625000 960.721802 33 20
4218600.000000 4028165.625000 291.368103 34 20
4218800.000000 4028165.625000 -325.161713 35 20
4219000.000000 4028165.625000 -874.926514 36 20
4219200.000000 4028165.625000 -1382.276855 37 20
4219400.000000 4028165.625000 -1867.155396 38 20
4219600.000000 4028165.625000 -2326.153320 39 20
4219800.000000 4028165.625000 -2652.348877 40 20
4220000.000000 4028165.625000 -2966.460938 41 20
4220200.000000 4028165.625000 -3342.507568 42 20
4212000.000000 4028537.500000 22232.564453 1 21
4212200.000000 4028537.500000 21591.033203 2 21
4212400.000000 4028537.500000 20948.537109 3 21
4212600.000000 4028537.500000 20304.011719 4 21
4212800.000000 4028537.500000 19657.521484 5 21
4213000.000000 4028537.500000 19010.001953 6 21
4213200.000000 4028537.500000 18359.484375 7 21
4213400.000000 4028537.500000 17707.005859 8 21
4213600.000000 4028537.500000 17051.498047 9 21
4213800.000000 4028537.500000 16394.992188 10 21
4214000.000000 4028537.500000 15735.491211 11 21
4214200.000000 4028537.500000 15071.962891 12 21
4214400.000000 4028537.500000 14406.472656 13 21
4214600.000000 4028537.500000 13737.954102 14 21
4214800.000000 4028537.500000 13067.472656 15 21
4215000.000000 4028537.500000 12393.963867 16 21
4215200.000000 4028537.500000 11718.492188 17 21
4215400.000000 4028537.500000 11040.992188 18 21
4215600.000000 4028537.500000 10362.495117 19 21
4215800.000000 4028537.500000 9683.000977 20 21
4216000.000000 4028537.500000 9003.511719 21 21
4216200.000000 4028537.500000 8328.057617 22 21
4216400.000000 4028537.500000 7655.574219 23 21
4216600.000000 4028537.500000 6985.094727 24 21
4216800.000000 4028537.500000 6313.657715 25 21
4217000.000000 4028537.500000 5640.197754 26 21
4217200.000000 4028537.500000 4962.758301 27 21
4217400.000000 4028537.500000 4279.359375 28 21
4217600.000000 4028537.500000 3589.953125 29 21
4217800.000000 4028537.500000 2900.459229 30 21
4218000.000000 4028537.500000 2200.786133 31 21
4218200.000000 4028537.500000 1495.651733 32 21
4218400.000000 4028537.500000 803.151245 33 21
4218600.000000 4028537.500000 142.521576 34 21
4218800.000000 4028537.500000 -465.030487 35 21
4219000.000000 4028537.500000 -1006.109192 36 21
4219200.000000 4028537.500000 -1499.061157 37 21
4219400.000000 4028537.500000 -1959.696533 38 21
4219600.000000 4028537.500000 -2383.651611 39 21
4219800.000000 4028537.500000 -2745.065186 40 21
4220000.000000 4028537.500000 -3096.783691 41 21
4220200.000000 4028537.500000 -3451.376465 42 21
4212000.000000 4028909.375000 21788.310547 1 22
4212200.000000 4028909.375000 21153.806641 2 22
4212400.000000 4028909.375000 20518.304688 3 22
4212600.000000 4028909.375000 19880.804688 4 22
4212800.000000 4028909.375000 19242.273438 5 22
4213000.000000 4028909.375000 18601.781250 6 22
4213200.000000 4028909.375000 17959.291016 7 22
4213400.000000 4028909.375000 17314.769531 8 22
4213600.000000 4028909.375000 16667.289063 9 22
4213800.000000 4028909.375000 16017.777344 10 22
4214000.000000 4028909.375000 15365.271484 11 22
4214200.000000 4028909.375000 14709.771484 12 22
4214400.000000 4028909.375000 14052.275391 13 22
4214600.000000 4028909.375000 13392.783203 14 22
4214800.000000 4028909.375000 12730.296875 15 22
4215000.000000 4028909.375000 12065.782227 16 22
4215200.000000 4028909.375000 11398.307617 17 22
4215400.000000 4028909.375000 10729.835938 18 22
4215600.000000 4028909.375000 10060.333984 19 22
4215800.000000 4028909.375000 9388.870117 20 22
4216000.000000 4028909.375000 8719.375977 21 22
4216200.000000 4028909.375000 8051.922852 22 22
4216400.000000 4028909.375000 7388.441895 23 22
4216600.000000 4028909.375000 6725.999512 24 22
4216800.000000 4028909.375000 6062.564453 25 22
4217000.000000 4028909.375000 5398.137207 26 22
4217200.000000 4028909.375000 4730.692383 27 22
4217400.000000 4028909.375000 4057.324219 28 22
4217600.000000 4028909.375000 3378.962891 29 22
4217800.000000 4028909.375000 2700.595703 30 22
4218000.000000 4028909.375000 2011.205811 31 22
4218200.000000 4028909.375000 1314.581421 32 22
4218400.000000 4028909.375000 631.216064 33 22
4218600.000000 4028909.375000 -20.851801 34 22
4218800.000000 4028909.375000 -621.424683 35 22
4219000.000000 4028909.375000 -1155.726563 36 22
4219200.000000 4028909.375000 -1640.511230 37 22
4219400.000000 4028909.375000 -2090.281982 38 22
4219600.000000 4028909.375000 -2505.080322 39 22
4219800.000000 4028909.375000 -2879.385986 40 22
4220000.000000 4028909.375000 -3238.696777 41 22
4220200.000000 4028909.375000 -3590.064941 42 22
4212000.000000 4029281.250000 21345.087891 1 23
4212200.000000 4029281.250000 20717.576172 2 23
4212400.000000 4029281.250000 20090.066406 3 23
4212600.000000 4029281.250000 19460.558594 4 23
4212800.000000 4029281.250000 18829.054688 5 23
4213000.000000 4029281.250000 18195.554688 6 23
4213200.000000 4029281.250000 17560.058594 7 23
4213400.000000 4029281.250000 16922.566406 8 23
4213600.000000 4029281.250000 16283.044922 9 23
4213800.000000 4029281.250000 15640.561523 10 23
4214000.000000 4029281.250000 14996.048828 11 23
4214200.000000 4029281.250000 14348.575195 12 23
4214400.000000 4029281.250000 13698.074219 13 23
4214600.000000 4029281.250000 13046.577148 14 23
4214800.000000 4029281.250000 12392.084961 15 23
4215000.000000 4029281.250000 11735.598633 16 23
4215200.000000 4029281.250000 11076.119141 17 23
4215400.000000 4029281.250000 10415.642578 18 23
4215600.000000 4029281.250000 9754.169922 19 23
4215800.000000 4029281.250000 9091.702148 20 23
4216000.000000 4029281.250000 8429.239258 21 23
4216200.000000 4029281.250000 7769.751953 22 23
4216400.000000 4029281.250000 7113.339355 23 23
4216600.000000 4029281.250000 6457.899414 24 23
4216800.000000 4029281.250000 5802.465820 25 23
4217000.000000 4029281.250000 5146.038086 26 23
4217200.000000 4029281.250000 4486.622559 27 23
4217400.000000 4029281.250000 3822.206543 28 23
4217600.000000 4029281.250000 3153.874023 29 23
4217800.000000 4029281.250000 2485.534668 30 23
4218000.000000 4029281.250000 1805.227173 31 23
4218200.000000 4029281.250000 1116.874268 32 23
4218400.000000 4029281.250000 441.151733 33 23
4218600.000000 4029281.250000 -203.982590 34 23
4218800.000000 4029281.250000 -799.407532 35 23
4219000.000000 4029281.250000 -1327.519287 36 23
4219200.000000 4029281.250000 -1805.693237 37 23
4219400.000000 4029281.250000 -2248.565674 38 23
4219600.000000 4029281.250000 -2660.908691 39 23
4219800.000000 4029281.250000 -3038.998779 40 23
4220000.000000 4029281.250000 -3400.695068 41 23
4220200.000000 4029281.250000 -3752.611328 42 23
4212000.000000 4029653.125000 20904.859375 1 24
4212200.000000 4029653.125000 20284.341797 2 24
4212400.000000 4029653.125000 19663.857422 3 24
4212600.000000 4029653.125000 19040.343750 4 24
4212800.000000 4029653.125000 18415.833984 5 24
4213000.000000 4029653.125000 17789.328125 6 24
4213200.000000 4029653.125000 17161.824219 7 24
4213400.000000 4029653.125000 16531.324219 8 24
4213600.000000 4029653.125000 15898.830078 9 24
4213800.000000 4029653.125000 15264.339844 10 24
4214000.000000 4029653.125000 14626.854492 11 24
4214200.000000 4029653.125000 13987.375000 12 24
4214400.000000 4029653.125000 13343.869141 13 24
4214600.000000 4029653.125000 12699.400391 14 24
4214800.000000 4029653.125000 12052.902344 15 24
4215000.000000 4029653.125000 11403.411133 16 24
4215200.000000 4029653.125000 10751.959961 17 24
4215400.000000 4029653.125000 10098.479492 18 24
4215600.000000 4029653.125000 9445.001953 19 24
4215800.000000 4029653.125000 8789.530273 20 24
4216000.000000 4029653.125000 8135.063965 21 24
4216200.000000 4029653.125000 7482.607910 22 24
4216400.000000 4029653.125000 6831.163574 23 24
4216600.000000 4029653.125000 6182.757813 24 24
4216800.000000 4029653.125000 5533.325195 25 24
4217000.000000 4029653.125000 4883.897461 26 24
4217200.000000 4029653.125000 4232.478516 27 24
4217400.000000 4029653.125000 3576.083984 28 24
4217600.000000 4029653.125000 2915.730713 29 24
4217800.000000 4029653.125000 2255.406738 30 24
4218000.000000 4029653.125000 1584.124023 31 24
4218200.000000 4029653.125000 904.816040 32 24
4218400.000000 4029653.125000 236.295013 33 24
4218600.000000 4029653.125000 -404.393280 34 24
4218800.000000 4029653.125000 -994.226196 35 24
4219000.000000 4029653.125000 -1516.840454 36 24
4219200.000000 4029653.125000 -1989.813965 37 24
4219400.000000 4029653.125000 -2431.001465 38 24
4219600.000000 4029653.125000 -2842.369141 39 24
4219800.000000 4029653.125000 -3221.641602 40 24
4220000.000000 4029653.125000 -3589.315430 41 24
4220200.000000 4029653.125000 -3944.465820 42 24
4212000.000000 4030025.000000 20467.625000 1 25
4212200.000000 4030025.000000 19854.099609 2 25
4212400.000000 4030025.000000 19239.611328 3 25
4212600.000000 4030025.000000 18623.089844 4 25
4212800.000000 4030025.000000 18005.607422 5 25
4213000.000000 4030025.000000 17386.093750 6 25
4213200.000000 4030025.000000 16765.617188 7 25
4213400.000000 4030025.000000 16142.112305 8 25
4213600.000000 4030025.000000 15516.611328 9 25
4213800.000000 4030025.000000 14889.148438 10 25
4214000.000000 4030025.000000 14258.657227 11 25
4214200.000000 4030025.000000 13626.138672 12 25
4214400.000000 4030025.000000 12989.661133 13 25
4214600.000000 4030025.000000 12352.186523 14 25
4214800.000000 4030025.000000 11712.716797 15 25
4215000.000000 4030025.000000 11070.220703 16 25
4215200.000000 4030025.000000 10425.764648 17 25
4215400.000000 4030025.000000 9779.280273 18 25
4215600.000000 4030025.000000 9131.799805 19 25
4215800.000000 4030025.000000 8484.356445 20 25
4216000.000000 4030025.000000 7835.887695 21 25
4216200.000000 4030025.000000 7189.463379 22 25
4216400.000000 4030025.000000 6544.018555 23 25
4216600.000000 4030025.000000 5899.581543 24 25
4216800.000000 4030025.000000 5256.182617 25 25
4217000.000000 4030025.000000 4611.755859 26 25
4217200.000000 4030025.000000 3966.369385 27 25
4217400.000000 4030025.000000 3316.966797 28 25
4217600.000000 4030025.000000 2663.594727 29 25
4217800.000000 4030025.000000 2009.248169 30 25
4218000.000000 4030025.000000 1346.938232 31 25
4218200.000000 4030025.000000 678.656555 32 25
4218400.000000 4030025.000000 18.275728 33 25
4218600.000000 4030025.000000 -616.229248 34 25
4218800.000000 4030025.000000 -1200.755737 35 25
4219000.000000 4030025.000000 -1719.080078 36 25
4219200.000000 4030025.000000 -2191.038818 37 25
4219400.000000 4030025.000000 -2632.564453 38 25
4219600.000000 4030025.000000 -3045.677734 39 25
4219800.000000 4030025.000000 -3431.837158 40 25
4220000.000000 4030025.000000 -3806.216553 41 25
4220200.000000 4030025.000000 -4168.676758 42 25
4212000.000000 4030396.875000 20033.386719 1 26
4212200.000000 4030396.875000 19425.888672 2 26
4212400.000000 4030396.875000 18817.359375 3 26
4212600.000000 4030396.875000 18207.867188 4 26
4212800.000000 4030396.875000 17597.376953 5 26
4213000.000000 4030396.875000 16984.890625 6 26
4213200.000000 4030396.875000 16370.374023 7 26
4213400.000000 4030396.875000 15753.895508 8 26
4213600.000000 4030396.875000 15135.388672 9 26
4213800.000000 4030396.875000 14514.919922 10 26
4214000.000000 4030396.875000 13891.422852 11 26
4214200.000000 4030396.875000 13264.932617 12 26
4214400.000000 4030396.875000 12636.448242 13 26
4214600.000000 4030396.875000 12004.969727 14 26
4214800.000000 4030396.875000 11371.496094 15 26
4215000.000000 4030396.875000 10736.028320 16 26
4215200.000000 4030396.875000 10097.568359 17 26
4215400.000000 4030396.875000 9458.079102 18 26
4215600.000000 4030396.875000 8816.628906 19 26
4215800.000000 4030396.875000 8175.182129 20 26
4216000.000000 4030396.875000 7532.709961 21 26
4216200.000000 4030396.875000 6890.285645 22 26
4216400.000000 4030396.875000 6248.841797 23 26
4216600.000000 4030396.875000 5609.437500 24 26
4216800.000000 4030396.875000 4970.039551 25 26
4217000.000000 4030396.875000 4329.614258 26 26
4217200.000000 4030396.875000 3689.227295 27 26
4217400.000000 4030396.875000 3044.821289 28 26
4217600.000000 4030396.875000 2397.468506 29 26
4217800.000000 4030396.875000 1748.102051 30 26
4218000.000000 4030396.875000 1095.760010 31 26
4218200.000000 4030396.875000 440.448181 32 26
4218400.000000 4030396.875000 -206.865646 33 26
4218600.000000 4030396.875000 -828.242371 34 26
4218800.000000 4030396.875000 -1406.619019 35 26
4219000.000000 4030396.875000 -1926.871460 36 26
4219200.000000 4030396.875000 -2404.893311 37 26
4219400.000000 4030396.875000 -2852.735107 38 26
4219600.000000 4030396.875000 -3273.425537 39 26
4219800.000000 4030396.875000 -3670.164795 40 26
4220000.000000 4030396.875000 -4054.951416 41 26
4220200.000000 4030396.875000 -4427.854980 42 26
4212000.000000 4030768.750000 19600.144531 1 27
4212200.000000 4030768.750000 18999.638672 2 27
4212400.000000 4030768.750000 18397.138672 3 27
4212600.000000 4030768.750000 17794.636719 4 27
4212800.000000 4030768.750000 17190.140625 5 27
4213000.000000 4030768.750000 16584.648438 6 27
4213200.000000 4030768.750000 15978.158203 7 27
4213400.000000 4030768.750000 15368.672852 8 27
4213600.000000 4030768.750000 14756.194336 9 27
4213800.000000 4030768.750000 14141.686523 10 27
4214000.000000 4030768.750000 13525.216797 11 27
4214200.000000 4030768.750000 12904.721680 12 27
4214400.000000 4030768.750000 12282.232422 13 27
4214600.000000 4030768.750000 11657.781250 14 27
4214800.000000 4030768.750000 11030.302734 15 27
4215000.000000 4030768.750000 10400.831055 16 27
4215200.000000 4030768.750000 9768.366211 17 27
4215400.000000 4030768.750000 9133.908203 18 27
4215600.000000 4030768.750000 8498.419922 19 27
4215800.000000 4030768.750000 7861.970703 20 27
4216000.000000 4030768.750000 7223.531250 21 27
4216200.000000 4030768.750000 6586.104492 22 27
4216400.000000 4030768.750000 5947.661133 23 27
4216600.000000 4030768.750000 5311.257813 24 27
4216800.000000 4030768.750000 4675.858887 25 27
4217000.000000 4030768.750000 4039.466064 26 27
4217200.000000 4030768.750000 3402.079590 27 27
4217400.000000 4030768.750000 2762.670898 28 27
4217600.000000 4030768.750000 2121.308350 29 27
4217800.000000 4030768.750000 1478.924927 30 27
4218000.000000 4030768.750000 835.589233 31 27
4218200.000000 4030768.750000 193.239990 32 27
4218400.000000 4030768.750000 -438.088959 33 27
4218600.000000 4030768.750000 -1047.417969 34 27
4218800.000000 4030768.750000 -1620.758789 35 27
4219000.000000 4030768.750000 -2144.987793 36 27
4219200.000000 4030768.750000 -2632.151855 37 27
4219400.000000 4030768.750000 -3091.212402 38 27
4219600.000000 4030768.750000 -3525.260254 39 27
4219800.000000 4030768.750000 -3935.283936 40 27
4220000.000000 4030768.750000 -4333.343262 41 27
4220200.000000 4030768.750000 -4719.458008 42 27
4212000.000000 4031140.625000 19168.896484 1 28
4212200.000000 4031140.625000 18574.384766 2 28
4212400.000000 4031140.625000 17978.910156 3 28
4212600.000000 4031140.625000 17383.402344 4 28
4212800.000000 4031140.625000 16785.900391 5 28
4213000.000000 4031140.625000 16187.399414 6 28
4213200.000000 4031140.625000 15586.936523 7 28
4213400.000000 4031140.625000 14983.446289 8 28
4213600.000000 4031140.625000 14377.960938 9 28
4213800.000000 4031140.625000 13770.479492 10 28
4214000.000000 4031140.625000 13159.971680 11 28
4214200.000000 4031140.625000 12545.503906 12 28
4214400.000000 4031140.625000 11929.042969 13 28
4214600.000000 4031140.625000 11310.553711 14 28
4214800.000000 4031140.625000 10689.070313 15 28
4215000.000000 4031140.625000 10065.625977 16 28
4215200.000000 4031140.625000 9438.159180 17 28
4215400.000000 4031140.625000 8808.697266 18 28
4215600.000000 4031140.625000 8178.239258 19 28
4215800.000000 4031140.625000 7546.786621 20 28
4216000.000000 4031140.625000 6913.343262 21 28
4216200.000000 4031140.625000 6278.916016 22 28
4216400.000000 4031140.625000 5643.472168 23 28
4216600.000000 4031140.625000 5010.067383 24 28
4216800.000000 4031140.625000 4376.668457 25 28
4217000.000000 4031140.625000 3743.274414 26 28
4217200.000000 4031140.625000 3108.886475 27 28
4217400.000000 4031140.625000 2473.508057 28 28
4217600.000000 4031140.625000 1838.138062 29 28
4217800.000000 4031140.625000 1202.742432 30 28
4218000.000000 4031140.625000 567.388977 31 28
4218200.000000 4031140.625000 -62.956711 32 28
4218400.000000 4031140.625000 -679.278748 33 28
4218600.000000 4031140.625000 -1276.622192 34 28
4218800.000000 4031140.625000 -1845.930908 35 28
4219000.000000 4031140.625000 -2375.254150 36 28
4219200.000000 4031140.625000 -2873.497070 37 28
4219400.000000 4031140.625000 -3345.675293 38 28
4219600.000000 4031140.625000 -3793.868408 39 28
4219800.000000 4031140.625000 -4219.093262 40 28
4220000.000000 4031140.625000 -4633.277344 41 28
4220200.000000 4031140.625000 -5035.507324 42 28
4212000.000000 4031512.500000 18739.644531 1 29
4212200.000000 4031512.500000 18151.160156 2 29
4212400.000000 4031512.500000 17562.644531 3 29
4212600.000000 4031512.500000 16973.164063 4 29
4212800.000000 4031512.500000 16382.654297 5 29
4213000.000000 4031512.500000 15790.181641 6 29
4213200.000000 4031512.500000 15196.678711 7 29
4213400.000000 4031512.500000 14600.213867 8 29
4213600.000000 4031512.500000 14000.722656 9 29
4213800.000000 4031512.500000 13399.236328 10 29
4214000.000000 4031512.500000 12795.753906 11 29
4214200.000000 4031512.500000 12187.281250 12 29
4214400.000000 4031512.500000 11576.814453 13 29
4214600.000000 4031512.500000 10963.321289 14 29
4214800.000000 4031512.500000 10348.864258 15 29
4215000.000000 4031512.500000 9730.382813 16 29
4215200.000000 4031512.500000 9107.945313 17 29
4215400.000000 4031512.500000 8483.478516 18 29
4215600.000000 4031512.500000 7858.017090 19 29
4215800.000000 4031512.500000 7230.562012 20 29
4216000.000000 4031512.500000 6600.117676 21 29
4216200.000000 4031512.500000 5969.687988 22 29
4216400.000000 4031512.500000 5337.275391 23 29
4216600.000000 4031512.500000 4705.870117 24 29
4216800.000000 4031512.500000 4073.471436 25 29
4217000.000000 4031512.500000 3442.075928 26 29
4217200.000000 4031512.500000 2810.685303 27 29
4217400.000000 4031512.500000 2178.303711 28 29
4217600.000000 4031512.500000 1547.926880 29 29
4217800.000000 4031512.500000 919.553650 30 29
4218000.000000 4031512.500000 292.185516 31 29
4218200.000000 4031512.500000 -328.149048 32 29
4218400.000000 4031512.500000 -932.495911 33 29
4218600.000000 4031512.500000 -1520.858643 34 29
4218800.000000 4031512.500000 -2086.180420 35 29
4219000.000000 4031512.500000 -2620.493652 36 29
4219200.000000 4031512.500000 -3128.819336 37 29
4219400.000000 4031512.500000 -3614.093750 38 29
4219600.000000 4031512.500000 -4077.387695 39 29
4219800.000000 4031512.500000 -4519.643066 40 29
4220000.000000 4031512.500000 -4949.959473 41 29
4220200.000000 4031512.500000 -5371.278809 42 29
4212000.000000 4031884.375000 18311.388672 1 30
4212200.000000 4031884.375000 17730.896484 2 30
4212400.000000 4031884.375000 17148.408203 3 30
4212600.000000 4031884.375000 16565.919922 4 30
4212800.000000 4031884.375000 15981.436523 5 30
4213000.000000 4031884.375000 15395.923828 6 30
4213200.000000 4031884.375000 14808.447266 7 30
4213400.000000 4031884.375000 14218.976563 8 30
4213600.000000 4031884.375000 13625.479492 9 30
4213800.000000 4031884.375000 13031.018555 10 30
4214000.000000 4031884.375000 12432.531250 11 30
4214200.000000 4031884.375000 11831.051758 12 30
4214400.000000 4031884.375000 11225.580078 13 30
4214600.000000 4031884.375000 10618.114258 14 30
4214800.000000 4031884.375000 10008.653320 15 30
4215000.000000 4031884.375000 9395.166992 16 30
4215200.000000 4031884.375000 8777.724609 17 30
4215400.000000 4031884.375000 8157.255859 18 30
4215600.000000 4031884.375000 7535.824219 19 30
4215800.000000 4031884.375000 6912.365723 20 30
4216000.000000 4031884.375000 6285.918457 21 30
4216200.000000 4031884.375000 5658.486816 22 30
4216400.000000 4031884.375000 5029.071777 23 30
4216600.000000 4031884.375000 4398.666016 24 30
4216800.000000 4031884.375000 3768.265625 25 30
4217000.000000 4031884.375000 3137.869385 26 30
4217200.000000 4031884.375000 2508.476074 27 30
4217400.000000 4031884.375000 1879.090210 28 30
4217600.000000 4031884.375000 1253.738892 29 30
4217800.000000 4031884.375000 630.356995 30 30
4218000.000000 4031884.375000 8.977581 31 30
4218200.000000 4031884.375000 -603.373535 32 30
4218400.000000 4031884.375000 -1199.739502 33 30
4218600.000000 4031884.375000 -1782.086670 34 30
4218800.000000 4031884.375000 -2346.421387 35 30
4219000.000000 4031884.375000 -2885.782715 36 30
4219200.000000 4031884.375000 -3403.099121 37 30
4219400.000000 4031884.375000 -3900.435547 38 30
4219600.000000 4031884.375000 -4377.759766 39 30
4219800.000000 4031884.375000 -4836.110352 40 30
4220000.000000 4031884.375000 -5284.450684 41 30
4220200.000000 4031884.375000 -5724.820313 42 30
4212000.000000 4032256.250000 17885.160156 1 31
4212200.000000 4032256.250000 17310.662109 2 31
4212400.000000 4032256.250000 16735.166016 3 31
4212600.000000 4032256.250000 16159.670898 4 31
4212800.000000 4032256.250000 15582.180664 5 31
4213000.000000 4032256.250000 15002.694336 6 31
4213200.000000 4032256.250000 14422.210938 7 31
4213400.000000 4032256.250000 13838.733398 8 31
4213600.000000 4032256.250000 13252.261719 9 31
4213800.000000 4032256.250000 12663.761719 10 31
4214000.000000 4032256.250000 12072.300781 11 31
4214200.000000 4032256.250000 11475.816406 12 31
4214400.000000 4032256.250000 10877.337891 13 31
4214600.000000 4032256.250000 10274.866211 14 31
4214800.000000 4032256.250000 9670.400391 15 31
4215000.000000 4032256.250000 9061.943359 16 31
4215200.000000 4032256.250000 8448.497070 17 31
4215400.000000 4032256.250000 7833.022949 18 31
4215600.000000 4032256.250000 7214.589355 19 31
4215800.000000 4032256.250000 6595.127441 20 31
4216000.000000 4032256.250000 5971.711426 21 31
4216200.000000 4032256.250000 5346.277832 22 31
4216400.000000 4032256.250000 4718.861328 23 31
4216600.000000 4032256.250000 4090.453369 24 31
4216800.000000 4032256.250000 3462.050537 25 31
4217000.000000 4032256.250000 2832.652832 26 31
4217200.000000 4032256.250000 2204.258057 27 31
4217400.000000 4032256.250000 1577.866943 28 31
4217600.000000 4032256.250000 955.509583 29 31
4217800.000000 4032256.250000 335.120697 30 31
4218000.000000 4032256.250000 -281.236023 31 31
4218200.000000 4032256.250000 -888.599487 32 31
4218400.000000 4032256.250000 -1480.978760 33 31
4218600.000000 4032256.250000 -2060.339844 34 31
4218800.000000 4032256.250000 -2625.685059 35 31
4219000.000000 4032256.250000 -3170.056396 36 31
4219200.000000 4032256.250000 -3695.418213 37 31
4219400.000000 4032256.250000 -4203.768066 38 31
4219600.000000 4032256.250000 -4694.141113 39 31
4219800.000000 4032256.250000 -5168.504883 40 31
4220000.000000 4032256.250000 -5634.886719 41 31
4220200.000000 4032256.250000 -6093.256348 42 31
4212000.000000 4032628.125000 17459.896484 1 32
4212200.000000 4032628.125000 16892.390625 2 32
4212400.000000 4032628.125000 16323.919922 3 32
4212600.000000 4032628.125000 15754.418945 4 32
4212800.000000 4032628.125000 15183.920898 5 32
4213000.000000 4032628.125000 14611.459961 6 32
4213200.000000 4032628.125000 14036.969727 7 32
4213400.000000 4032628.125000 13460.485352 8 32
4213600.000000 4032628.125000 12881.005859 9 32
4213800.000000 4032628.125000 12298.533203 10 32
4214000.000000 4032628.125000 11713.065430 11 32
4214200.000000 4032628.125000 11123.573242 12 32
4214400.000000 4032628.125000 10530.123047 13 32
4214600.000000 4032628.125000 9933.645508 14 32
4214800.000000 4032628.125000 9333.175781 15 32
4215000.000000 4032628.125000 8729.712891 16 32
4215200.000000 4032628.125000 8120.262695 17 32
4215400.000000 4032628.125000 7508.818359 18 32
4215600.000000 4032628.125000 6894.347168 19 32
4215800.000000 4032628.125000 6277.916504 20 32
4216000.000000 4032628.125000 5657.464355 21 32
4216200.000000 4032628.125000 5034.062500 22 32
4216400.000000 4032628.125000 4409.642090 23 32
4216600.000000 4032628.125000 3782.232910 24 32
4216800.000000 4032628.125000 3154.828857 25 32
4217000.000000 4032628.125000 2526.429443 26 32
4217200.000000 4032628.125000 1899.032593 27 32
4217400.000000 4032628.125000 1273.638794 28 32
4217600.000000 4032628.125000 653.276428 29 32
4217800.000000 4032628.125000 35.880165 30 32
4218000.000000 4032628.125000 -577.484924 31 32
4218200.000000 4032628.125000 -1181.858521 32 32
4218400.000000 4032628.125000 -1773.213989 33 32
4218600.000000 4032628.125000 -2351.586182 34 32
4218800.000000 4032628.125000 -2917.975098 35 32
4219000.000000 4032628.125000 -3467.354736 36 32
4219200.000000 4032628.125000 -3999.725830 37 32
4219400.000000 4032628.125000 -4518.118164 38 32
4219600.000000 4032628.125000 -5021.500000 39 32
4219800.000000 4032628.125000 -5510.872559 40 32
4220000.000000 4032628.125000 -5993.292969 41 32
4220200.000000 4032628.125000 -6470.693359 42 32
4212000.000000 4033000.000000 17034.630859 1 33
4212200.000000 4033000.000000 16474.150391 2 33
4212400.000000 4033000.000000 15912.671875 3 33
4212600.000000 4033000.000000 15350.163086 4 33
4212800.000000 4033000.000000 14786.690430 5 33
4213000.000000 4033000.000000 14221.188477 6 33
4213200.000000 4033000.000000 13654.723633 7 33
4213400.000000 4033000.000000 13085.230469 8 33
4213600.000000 4033000.000000 12511.745117 9 33
4213800.000000 4033000.000000 11936.297852 10 33
4214000.000000 4033000.000000 11356.824219 11 33
4214200.000000 4033000.000000 10773.325195 12 33
4214400.000000 4033000.000000 10184.869141 13 33
4214600.000000 4033000.000000 9593.386719 14 33
4214800.000000 4033000.000000 8997.944336 15 33
4215000.000000 4033000.000000 8398.477539 16 33
4215200.000000 4033000.000000 7794.021973 17 33
4215400.000000 4033000.000000 7186.572754 18 33
4215600.000000 4033000.000000 6576.130859 19 33
4215800.000000 4033000.000000 5961.665039 20 33
4216000.000000 4033000.000000 5344.243652 21 33
4216200.000000 4033000.000000 4722.806641 22 33
4216400.000000 4033000.000000 4099.417969 23 33
4216600.000000 4033000.000000 3474.006104 24 33
4216800.000000 4033000.000000 2846.601563 25 33
4217000.000000 4033000.000000 2219.200439 26 33
4217200.000000 4033000.000000 1591.802856 27 33
4217400.000000 4033000.000000 967.406128 28 33
4217600.000000 4033000.000000 347.041046 29 33
4217800.000000 4033000.000000 -269.360107 30 33
4218000.000000 4033000.000000 -880.732483 31 33
4218200.000000 4033000.000000 -1484.113647 32 33
4218400.000000 4033000.000000 -2075.477539 33 33
4218600.000000 4033000.000000 -2654.858398 34 33
4218800.000000 4033000.000000 -3223.256104 35 33
4219000.000000 4033000.000000 -3776.644531 36 33
4219200.000000 4033000.000000 -4316.022949 37 33
4219400.000000 4033000.000000 -4843.456543 38 33
4219600.000000 4033000.000000 -5358.844727 39 33
4219800.000000 4033000.000000 -5862.255859 40 33
4220000.000000 4033000.000000 -6359.679688 41 33
4220200.000000 4033000.000000 -6853.114746 42 33
