# Type: scattered data
# Version: 6
# Description: No description
# Format: free
# Field: 1 x
# Field: 2 y
# Field: 3 z undefined
# Field: 4 column
# Field: 5 row
# Projection: Local Rectangular
# Units: undefined
# End:
# Information from grid:
# Grid_size: 31 x 41
# Grid_space: 4215800.000000,4221400.000000,4019000.000000,4033000.000000
# Scattered data: Not_available
# Z_field: z
# Vertical_faults: Not_available
# History: No history
# Z_units: undefined
4215800.000000 4019000.000000 -1385.256348 1 1
4215986.666667 4019000.000000 -1151.470825 2 1
4216173.333333 4019000.000000 -917.685181 3 1
4216360.000000 4019000.000000 -683.899231 4 1
4216546.666667 4019000.000000 -449.613647 5 1
4216733.333333 4019000.000000 -215.335983 6 1
4216920.000000 4019000.000000 18.948545 7 1
4217106.666667 4019000.000000 253.730164 8 1
4217293.333333 4019000.000000 488.505920 9 1
4217480.000000 4019000.000000 723.773743 10 1
4217666.666667 4019000.000000 958.532837 11 1
4217853.333333 4019000.000000 1193.786255 12 1
4218040.000000 4019000.000000 1428.515137 13 1
4218226.666667 4019000.000000 1664.226440 14 1
4218413.333333 4019000.000000 1899.917480 15 1
4218600.000000 4019000.000000 2136.569580 16 1
4218786.666667 4019000.000000 2374.613037 17 1
4218973.333333 4019000.000000 2614.602295 18 1
4219160.000000 4019000.000000 2856.561035 19 1
4219346.666667 4019000.000000 3100.484863 20 1
4219533.333333 4019000.000000 3346.865234 21 1
4219720.000000 4019000.000000 3596.715820 22 1
4219906.666667 4019000.000000 3850.043457 23 1
4220093.333333 4019000.000000 4106.846191 24 1
4220280.000000 4019000.000000 4366.641113 25 1
4220466.666667 4019000.000000 4629.939453 26 1
4220653.333333 4019000.000000 4895.736816 27 1
4220840.000000 4019000.000000 5165.041992 28 1
4221026.666667 4019000.000000 5435.860840 29 1
4221213.333333 4019000.000000 5708.676758 30 1
4221400.000000 4019000.000000 5983.507324 31 1
4215800.000000 4019350.000000 -1429.102295 1 2
4215986.666667 4019350.000000 -1194.812378 2 2
4216173.333333 4019350.000000 -961.029419 3 2
4216360.000000 4019350.000000 -726.739319 4 2
4216546.666667 4019350.000000 -492.449188 5 2
4216733.333333 4019350.000000 -258.159912 6 2
4216920.000000 4019350.000000 -23.872553 7 2
4217106.666667 4019350.000000 210.910736 8 2
4217293.333333 4019350.000000 445.685974 9 2
4217480.000000 4019350.000000 680.951660 10 2
4217666.666667 4019350.000000 916.205872 11 2
4217853.333333 4019350.000000 1151.944580 12 2
4218040.000000 4019350.000000 1387.164673 13 2
4218226.666667 4019350.000000 1623.373657 14 2
4218413.333333 4019350.000000 1860.052856 15 2
4218600.000000 4019350.000000 2097.201660 16 2
4218786.666667 4019350.000000 2335.705078 17 2
4218973.333333 4019350.000000 2575.666260 18 2
4219160.000000 4019350.000000 2818.075195 19 2
4219346.666667 4019350.000000 3061.952393 20 2
4219533.333333 4019350.000000 3307.778564 21 2
4219720.000000 4019350.000000 3556.570313 22 2
4219906.666667 4019350.000000 3808.338379 23 2
4220093.333333 4019350.000000 4063.086426 24 2
4220280.000000 4019350.000000 4320.839355 25 2
4220466.666667 4019350.000000 4581.629883 26 2
4220653.333333 4019350.000000 4844.441406 27 2
4220840.000000 4019350.000000 5110.799316 28 2
4221026.666667 4019350.000000 5378.683594 29 2
4221213.333333 4019350.000000 5648.599121 30 2
4221400.000000 4019350.000000 5920.543945 31 2
4215800.000000 4019700.000000 -1472.954102 1 3
4215986.666667 4019700.000000 -1238.658691 2 3
4216173.333333 4019700.000000 -1004.363220 3 3
4216360.000000 4019700.000000 -770.067688 4 3
4216546.666667 4019700.000000 -535.772461 5 3
4216733.333333 4019700.000000 -301.478790 6 3
4216920.000000 4019700.000000 -66.688606 7 3
4217106.666667 4019700.000000 168.097229 8 3
4217293.333333 4019700.000000 403.372345 9 3
4217480.000000 4019700.000000 638.637085 10 3
4217666.666667 4019700.000000 874.387878 11 3
4217853.333333 4019700.000000 1110.122070 12 3
4218040.000000 4019700.000000 1345.834961 13 3
4218226.666667 4019700.000000 1582.535767 14 3
4218413.333333 4019700.000000 1819.705811 15 3
4218600.000000 4019700.000000 2057.342773 16 3
4218786.666667 4019700.000000 2296.325928 17 3
4218973.333333 4019700.000000 2536.742188 18 3
4219160.000000 4019700.000000 2779.115234 19 3
4219346.666667 4019700.000000 3022.434326 20 3
4219533.333333 4019700.000000 3267.706787 21 3
4219720.000000 4019700.000000 3515.421631 22 3
4219906.666667 4019700.000000 3765.111084 23 3
4220093.333333 4019700.000000 4018.291504 24 3
4220280.000000 4019700.000000 4273.500977 25 3
4220466.666667 4019700.000000 4531.769531 26 3
4220653.333333 4019700.000000 4792.100586 27 3
4220840.000000 4019700.000000 5055.509277 28 3
4221026.666667 4019700.000000 5320.485352 29 3
4221213.333333 4019700.000000 5587.502441 30 3
4221400.000000 4019700.000000 5856.563965 31 3
4215800.000000 4020050.000000 -1516.803589 1 4
4215986.666667 4020050.000000 -1282.502197 2 4
4216173.333333 4020050.000000 -1047.701660 3 4
4216360.000000 4020050.000000 -813.400330 4 4
4216546.666667 4020050.000000 -579.099548 5 4
4216733.333333 4020050.000000 -344.800751 6 4
4216920.000000 4020050.000000 -109.506966 7 4
4217106.666667 4020050.000000 125.282349 8 4
4217293.333333 4020050.000000 360.559296 9 4
4217480.000000 4020050.000000 595.824402 10 4
4217666.666667 4020050.000000 831.581909 11 4
4217853.333333 4020050.000000 1067.812500 12 4
4218040.000000 4020050.000000 1304.519287 13 4
4218226.666667 4020050.000000 1541.214111 14 4
4218413.333333 4020050.000000 1778.875977 15 4
4218600.000000 4020050.000000 2017.501343 16 4
4218786.666667 4020050.000000 2256.960449 17 4
4218973.333333 4020050.000000 2497.341553 18 4
4219160.000000 4020050.000000 2739.169189 19 4
4219346.666667 4020050.000000 2981.931641 20 4
4219533.333333 4020050.000000 3226.631348 21 4
4219720.000000 4020050.000000 3472.763672 22 4
4219906.666667 4020050.000000 3720.867188 23 4
4220093.333333 4020050.000000 3971.960205 24 4
4220280.000000 4020050.000000 4225.116211 25 4
4220466.666667 4020050.000000 4480.357910 26 4
4220653.333333 4020050.000000 4738.707520 27 4
4220840.000000 4020050.000000 4999.673828 28 4
4221026.666667 4020050.000000 5261.745605 29 4
4221213.333333 4020050.000000 5524.884766 30 4
4221400.000000 4020050.000000 5790.072754 31 4
4215800.000000 4020400.000000 -1560.642578 1 5
4215986.666667 4020400.000000 -1326.334961 2 5
4216173.333333 4020400.000000 -1091.528076 3 5
4216360.000000 4020400.000000 -856.721130 4 5
4216546.666667 4020400.000000 -622.414063 5 5
4216733.333333 4020400.000000 -387.610199 6 5
4216920.000000 4020400.000000 -152.810303 7 5
4217106.666667 4020400.000000 82.482841 8 5
4217293.333333 4020400.000000 317.763092 9 5
4217480.000000 4020400.000000 553.529541 10 5
4217666.666667 4020400.000000 789.279968 11 5
4217853.333333 4020400.000000 1026.016724 12 5
4218040.000000 4020400.000000 1262.720703 13 5
4218226.666667 4020400.000000 1500.409912 14 5
4218413.333333 4020400.000000 1738.566040 15 5
4218600.000000 4020400.000000 1977.185303 16 5
4218786.666667 4020400.000000 2216.630127 17 5
4218973.333333 4020400.000000 2457.477539 18 5
4219160.000000 4020400.000000 2698.754395 19 5
4219346.666667 4020400.000000 2940.946533 20 5
4219533.333333 4020400.000000 3184.543945 21 5
4219720.000000 4020400.000000 3429.068848 22 5
4219906.666667 4020400.000000 3675.564941 23 5
4220093.333333 4020400.000000 3924.565186 24 5
4220280.000000 4020400.000000 4175.157227 25 5
4220466.666667 4020400.000000 4427.879395 26 5
4220653.333333 4020400.000000 4683.745605 27 5
4220840.000000 4020400.000000 4942.782715 28 5
4221026.666667 4020400.000000 5200.965332 29 5
4221213.333333 4020400.000000 5459.719727 30 5
4221400.000000 4020400.000000 5720.051758 31 5
4215800.000000 4020750.000000 -1604.986694 1 6
4215986.666667 4020750.000000 -1370.173218 2 6
4216173.333333 4020750.000000 -1135.359619 3 6
4216360.000000 4020750.000000 -900.545898 4 6
4216546.666667 4020750.000000 -665.732849 5 6
4216733.333333 4020750.000000 -430.922485 6 6
4216920.000000 4020750.000000 -195.617249 7 6
4217106.666667 4020750.000000 39.681480 8 6
4217293.333333 4020750.000000 275.473297 9 6
4217480.000000 4020750.000000 511.243317 10 6
4217666.666667 4020750.000000 747.495300 11 6
4217853.333333 4020750.000000 984.225159 12 6
4218040.000000 4020750.000000 1220.936401 13 6
4218226.666667 4020750.000000 1459.124268 14 6
4218413.333333 4020750.000000 1697.779907 15 6
4218600.000000 4020750.000000 1936.900635 16 6
4218786.666667 4020750.000000 2176.839355 17 6
4218973.333333 4020750.000000 2417.161377 18 6
4219160.000000 4020750.000000 2657.867676 19 6
4219346.666667 4020750.000000 2899.467529 20 6
4219533.333333 4020750.000000 3141.936035 21 6
4219720.000000 4020750.000000 3384.821533 22 6
4219906.666667 4020750.000000 3629.681152 23 6
4220093.333333 4020750.000000 3876.079834 24 6
4220280.000000 4020750.000000 4124.129395 25 6
4220466.666667 4020750.000000 4374.846680 26 6
4220653.333333 4020750.000000 4628.233398 27 6
4220840.000000 4020750.000000 4884.328613 28 6
4221026.666667 4020750.000000 5138.585938 29 6
4221213.333333 4020750.000000 5391.964844 30 6
4221400.000000 4020750.000000 5644.961914 31 6
4215800.000000 4021100.000000 -1648.822266 1 7
4215986.666667 4021100.000000 -1414.001831 2 7
4216173.333333 4021100.000000 -1178.681885 3 7
4216360.000000 4021100.000000 -943.861023 4 7
4216546.666667 4021100.000000 -709.040710 5 7
4216733.333333 4021100.000000 -473.723907 6 7
4216920.000000 4021100.000000 -238.411636 7 7
4217106.666667 4021100.000000 -3.106260 8 7
4217293.333333 4021100.000000 232.683670 9 7
4217480.000000 4021100.000000 468.458832 10 7
4217666.666667 4021100.000000 705.222229 11 7
4217853.333333 4021100.000000 941.955627 12 7
4218040.000000 4021100.000000 1179.669434 13 7
4218226.666667 4021100.000000 1417.855591 14 7
4218413.333333 4021100.000000 1657.027710 15 7
4218600.000000 4021100.000000 1896.661499 16 7
4218786.666667 4021100.000000 2136.598633 17 7
4218973.333333 4021100.000000 2376.376953 18 7
4219160.000000 4021100.000000 2616.495361 19 7
4219346.666667 4021100.000000 2857.464111 20 7
4219533.333333 4021100.000000 3098.752441 21 7
4219720.000000 4021100.000000 3339.950439 22 7
4219906.666667 4021100.000000 3582.664063 23 7
4220093.333333 4021100.000000 3826.482178 24 7
4220280.000000 4021100.000000 4072.512695 25 7
4220466.666667 4021100.000000 4320.744141 26 7
4220653.333333 4021100.000000 4571.653320 27 7
4220840.000000 4021100.000000 4824.736328 28 7
4221026.666667 4021100.000000 5074.025879 29 7
4221213.333333 4021100.000000 5319.990723 30 7
4221400.000000 4021100.000000 5564.171387 31 7
4215800.000000 4021450.000000 -1693.163818 1 8
4215986.666667 4021450.000000 -1457.837036 2 8
4216173.333333 4021450.000000 -1222.509644 3 8
4216360.000000 4021450.000000 -987.181763 4 8
4216546.666667 4021450.000000 -751.854248 5 8
4216733.333333 4021450.000000 -516.529297 6 8
4216920.000000 4021450.000000 -281.208954 7 8
4217106.666667 4021450.000000 -45.388519 8 8
4217293.333333 4021450.000000 190.409134 9 8
4217480.000000 4021450.000000 426.191742 10 8
4217666.666667 4021450.000000 662.955017 11 8
4217853.333333 4021450.000000 900.204346 12 8
4218040.000000 4021450.000000 1138.430664 13 8
4218226.666667 4021450.000000 1377.134521 14 8
4218413.333333 4021450.000000 1616.331299 15 8
4218600.000000 4021450.000000 1855.993286 16 8
4218786.666667 4021450.000000 2095.919434 17 8
4218973.333333 4021450.000000 2335.113525 18 8
4219160.000000 4021450.000000 2575.098877 19 8
4219346.666667 4021450.000000 2814.865479 20 8
4219533.333333 4021450.000000 3054.386963 21 8
4219720.000000 4021450.000000 3294.854980 22 8
4219906.666667 4021450.000000 3535.415771 23 8
4220093.333333 4021450.000000 3776.681152 24 8
4220280.000000 4021450.000000 4019.775879 25 8
4220466.666667 4021450.000000 4265.074707 26 8
4220653.333333 4021450.000000 4513.461914 27 8
4220840.000000 4021450.000000 4761.819824 28 8
4221026.666667 4021450.000000 5004.464844 29 8
4221213.333333 4021450.000000 5241.966309 30 8
4221400.000000 4021450.000000 5476.407227 31 8
4215800.000000 4021800.000000 -1737.006958 1 9
4215986.666667 4021800.000000 -1501.672974 2 9
4216173.333333 4021800.000000 -1265.830933 3 9
4216360.000000 4021800.000000 -1030.495117 4 9
4216546.666667 4021800.000000 -794.660034 5 9
4216733.333333 4021800.000000 -558.827271 6 9
4216920.000000 4021800.000000 -323.498047 7 9
4217106.666667 4021800.000000 -87.676392 8 9
4217293.333333 4021800.000000 148.138428 9 9
4217480.000000 4021800.000000 384.430237 10 9
4217666.666667 4021800.000000 621.704407 11 9
4217853.333333 4021800.000000 859.467712 12 9
4218040.000000 4021800.000000 1097.714233 13 9
4218226.666667 4021800.000000 1336.442749 14 9
4218413.333333 4021800.000000 1576.166626 15 9
4218600.000000 4021800.000000 1815.852539 16 9
4218786.666667 4021800.000000 2055.235352 17 9
4218973.333333 4021800.000000 2294.306641 18 9
4219160.000000 4021800.000000 2533.600830 19 9
4219346.666667 4021800.000000 2772.115723 20 9
4219533.333333 4021800.000000 3010.349609 21 9
4219720.000000 4021800.000000 3249.096436 22 9
4219906.666667 4021800.000000 3488.532471 23 9
4220093.333333 4021800.000000 3727.834229 24 9
4220280.000000 4021800.000000 3968.058594 25 9
4220466.666667 4021800.000000 4210.450684 26 9
4220653.333333 4021800.000000 4455.558105 27 9
4220840.000000 4021800.000000 4698.557617 28 9
4221026.666667 4021800.000000 4934.215332 29 9
4221213.333333 4021800.000000 5162.697754 30 9
4221400.000000 4021800.000000 5387.182129 31 9
4215800.000000 4022150.000000 -1780.843750 1 10
4215986.666667 4022150.000000 -1545.003296 2 10
4216173.333333 4022150.000000 -1309.161377 3 10
4216360.000000 4022150.000000 -1073.318359 4 10
4216546.666667 4022150.000000 -837.474854 5 10
4216733.333333 4022150.000000 -601.625366 6 10
4216920.000000 4022150.000000 -365.787659 7 10
4217106.666667 4022150.000000 -129.956406 8 10
4217293.333333 4022150.000000 106.360352 9 10
4217480.000000 4022150.000000 343.171051 10 10
4217666.666667 4022150.000000 580.459961 11 10
4217853.333333 4022150.000000 818.242493 12 10
4218040.000000 4022150.000000 1057.013184 13 10
4218226.666667 4022150.000000 1295.769043 14 10
4218413.333333 4022150.000000 1535.520996 15 10
4218600.000000 4022150.000000 1775.225464 16 10
4218786.666667 4022150.000000 2014.541504 17 10
4218973.333333 4022150.000000 2253.466553 18 10
4219160.000000 4022150.000000 2492.042725 19 10
4219346.666667 4022150.000000 2729.797119 20 10
4219533.333333 4022150.000000 2967.257080 21 10
4219720.000000 4022150.000000 3204.804932 22 10
4219906.666667 4022150.000000 3443.190918 23 10
4220093.333333 4022150.000000 3681.625977 24 10
4220280.000000 4022150.000000 3919.395752 25 10
4220466.666667 4022150.000000 4159.251465 26 10
4220653.333333 4022150.000000 4401.138184 27 10
4220840.000000 4022150.000000 4639.019043 28 10
4221026.666667 4022150.000000 4866.381836 29 10
4221213.333333 4022150.000000 5085.406250 30 10
4221400.000000 4022150.000000 5300.253906 31 10
4215800.000000 4022500.000000 -1824.689941 1 11
4215986.666667 4022500.000000 -1588.343140 2 11
4216173.333333 4022500.000000 -1352.485962 3 11
4216360.000000 4022500.000000 -1116.634888 4 11
4216546.666667 4022500.000000 -880.283569 5 11
4216733.333333 4022500.000000 -643.933594 6 11
4216920.000000 4022500.000000 -407.579254 7 11
4217106.666667 4022500.000000 -171.737839 8 11
4217293.333333 4022500.000000 65.089790 9 11
4217480.000000 4022500.000000 301.414978 10 11
4217666.666667 4022500.000000 539.220764 11 11
4217853.333333 4022500.000000 777.526123 12 11
4218040.000000 4022500.000000 1016.326172 13 11
4218226.666667 4022500.000000 1255.619751 14 11
4218413.333333 4022500.000000 1494.893433 15 11
4218600.000000 4022500.000000 1735.119873 16 11
4218786.666667 4022500.000000 1974.357544 17 11
4218973.333333 4022500.000000 2213.127686 18 11
4219160.000000 4022500.000000 2450.488281 19 11
4219346.666667 4022500.000000 2687.501953 20 11
4219533.333333 4022500.000000 2924.212646 21 11
4219720.000000 4022500.000000 3161.617676 22 11
4219906.666667 4022500.000000 3401.030762 23 11
4220093.333333 4022500.000000 3640.150879 24 11
4220280.000000 4022500.000000 3878.105469 25 11
4220466.666667 4022500.000000 4112.038086 26 11
4220653.333333 4022500.000000 4349.706543 27 11
4220840.000000 4022500.000000 4585.182617 28 11
4221026.666667 4022500.000000 4801.987793 29 11
4221213.333333 4022500.000000 5010.852051 30 11
4221400.000000 4022500.000000 5217.765625 31 11
4215800.000000 4022850.000000 -1868.032104 1 12
4215986.666667 4022850.000000 -1631.678345 2 12
4216173.333333 4022850.000000 -1395.322266 3 12
4216360.000000 4022850.000000 -1158.964111 4 12
4216546.666667 4022850.000000 -922.596313 5 12
4216733.333333 4022850.000000 -686.237061 6 12
4216920.000000 4022850.000000 -449.880554 7 12
4217106.666667 4022850.000000 -213.521286 8 12
4217293.333333 4022850.000000 23.319498 9 12
4217480.000000 4022850.000000 260.152283 10 12
4217666.666667 4022850.000000 497.987244 11 12
4217853.333333 4022850.000000 736.321167 12 12
4218040.000000 4022850.000000 975.655823 13 12
4218226.666667 4022850.000000 1214.986450 14 12
4218413.333333 4022850.000000 1454.802002 15 12
4218600.000000 4022850.000000 1694.541992 16 12
4218786.666667 4022850.000000 1934.223267 17 12
4218973.333333 4022850.000000 2172.878174 18 12
4219160.000000 4022850.000000 2409.594482 19 12
4219346.666667 4022850.000000 2645.441406 20 12
4219533.333333 4022850.000000 2881.519775 21 12
4219720.000000 4022850.000000 3120.515869 22 12
4219906.666667 4022850.000000 3362.233154 23 12
4220093.333333 4022850.000000 3606.988525 24 12
4220280.000000 4022850.000000 3847.990479 25 12
4220466.666667 4022850.000000 4076.048828 26 12
4220653.333333 4022850.000000 4313.667969 27 12
4220840.000000 4022850.000000 4552.279785 28 12
4221026.666667 4022850.000000 4744.230469 29 12
4221213.333333 4022850.000000 4935.521484 30 12
4221400.000000 4022850.000000 5141.735352 31 12
4215800.000000 4023200.000000 -1911.886475 1 13
4215986.666667 4023200.000000 -1675.026855 2 13
4216173.333333 4023200.000000 -1438.655762 3 13
4216360.000000 4023200.000000 -1201.790649 4 13
4216546.666667 4023200.000000 -964.922913 5 13
4216733.333333 4023200.000000 -728.546509 6 13
4216920.000000 4023200.000000 -491.680450 7 13
4217106.666667 4023200.000000 -254.810272 8 13
4217293.333333 4023200.000000 -17.954617 9 13
4217480.000000 4023200.000000 219.396088 10 13
4217666.666667 4023200.000000 457.255432 11 13
4217853.333333 4023200.000000 696.120911 12 13
4218040.000000 4023200.000000 934.998352 13 13
4218226.666667 4023200.000000 1174.876587 14 13
4218413.333333 4023200.000000 1414.746094 15 13
4218600.000000 4023200.000000 1654.544067 16 13
4218786.666667 4023200.000000 1893.781494 17 13
4218973.333333 4023200.000000 2132.483887 18 13
4219160.000000 4023200.000000 2368.749023 19 13
4219346.666667 4023200.000000 2604.185059 20 13
4219533.333333 4023200.000000 2840.606934 21 13
4219720.000000 4023200.000000 3081.026611 22 13
4219906.666667 4023200.000000 3329.403809 23 13
4220093.333333 4023200.000000 3589.295654 24 13
4220280.000000 4023200.000000 3853.502930 25 13
4220466.666667 4023200.000000 4100.639160 26 13
4220653.333333 4023200.000000 4348.063477 27 13
4220840.000000 4023200.000000 4586.629395 28 13
4221026.666667 4023200.000000 4720.672363 29 13
4221213.333333 4023200.000000 4874.474121 30 13
4221400.000000 4023200.000000 5083.637695 31 13
4215800.000000 4023550.000000 -1955.746460 1 14
4215986.666667 4023550.000000 -1718.872803 2 14
4216173.333333 4023550.000000 -1482.003418 3 14
4216360.000000 4023550.000000 -1244.623901 4 14
4216546.666667 4023550.000000 -1007.747925 5 14
4216733.333333 4023550.000000 -770.870850 6 14
4216920.000000 4023550.000000 -533.487366 7 14
4217106.666667 4023550.000000 -296.113708 8 14
4217293.333333 4023550.000000 -58.735321 9 14
4217480.000000 4023550.000000 178.635162 10 14
4217666.666667 4023550.000000 416.519958 11 14
4217853.333333 4023550.000000 655.418579 12 14
4218040.000000 4023550.000000 894.839905 13 14
4218226.666667 4023550.000000 1134.274414 14 14
4218413.333333 4023550.000000 1374.212402 15 14
4218600.000000 4023550.000000 1614.100708 16 14
4218786.666667 4023550.000000 1854.007446 17 14
4218973.333333 4023550.000000 2092.427246 18 14
4219160.000000 4023550.000000 2328.954590 19 14
4219346.666667 4023550.000000 2564.221680 20 14
4219533.333333 4023550.000000 2800.682373 21 14
4219720.000000 4023550.000000 3040.845215 22 14
4219906.666667 4023550.000000 3294.816895 23 14
4220093.333333 4023550.000000 3573.208984 24 14
4220280.000000 4023550.000000 3871.562256 25 14
4220466.666667 4023550.000000 4158.905273 26 14
4220653.333333 4023550.000000 4425.659668 27 14
4220840.000000 4023550.000000 4682.191406 28 14
4221026.666667 4023550.000000 4782.948730 29 14
4221213.333333 4023550.000000 4883.993652 30 14
4221400.000000 4023550.000000 5066.104004 31 14
4215800.000000 4023900.000000 -1999.605591 1 15
4215986.666667 4023900.000000 -1762.234619 2 15
4216173.333333 4023900.000000 -1524.851685 3 15
4216360.000000 4023900.000000 -1287.473022 4 15
4216546.666667 4023900.000000 -1050.082153 5 15
4216733.333333 4023900.000000 -812.697021 6 15
4216920.000000 4023900.000000 -575.303345 7 15
4217106.666667 4023900.000000 -337.917755 8 15
4217293.333333 4023900.000000 -100.024300 9 15
4217480.000000 4023900.000000 137.366028 10 15
4217666.666667 4023900.000000 375.775055 11 15
4217853.333333 4023900.000000 614.705627 12 15
4218040.000000 4023900.000000 854.171387 13 15
4218226.666667 4023900.000000 1093.664185 14 15
4218413.333333 4023900.000000 1333.679688 15 15
4218600.000000 4023900.000000 1573.684937 16 15
4218786.666667 4023900.000000 1813.864258 17 15
4218973.333333 4023900.000000 2052.155762 18 15
4219160.000000 4023900.000000 2289.150879 19 15
4219346.666667 4023900.000000 2524.984375 20 15
4219533.333333 4023900.000000 2762.075439 21 15
4219720.000000 4023900.000000 3002.498535 22 15
4219906.666667 4023900.000000 3255.958008 23 15
4220093.333333 4023900.000000 3529.518799 24 15
4220280.000000 4023900.000000 3817.969971 25 15
4220466.666667 4023900.000000 4139.439941 26 15
4220653.333333 4023900.000000 4434.822266 27 15
4220840.000000 4023900.000000 4700.036133 28 15
4221026.666667 4023900.000000 4821.777832 29 15
4221213.333333 4023900.000000 4917.467285 30 15
4221400.000000 4023900.000000 5069.310547 31 15
4215800.000000 4024250.000000 -2042.983887 1 16
4215986.666667 4024250.000000 -1805.600098 2 16
4216173.333333 4024250.000000 -1567.720215 3 16
4216360.000000 4024250.000000 -1330.327637 4 16
4216546.666667 4024250.000000 -1092.438599 5 16
4216733.333333 4024250.000000 -854.538635 6 16
4216920.000000 4024250.000000 -617.135986 7 16
4217106.666667 4024250.000000 -379.240723 8 16
4217293.333333 4024250.000000 -141.333557 9 16
4217480.000000 4024250.000000 96.572853 10 16
4217666.666667 4024250.000000 335.002319 11 16
4217853.333333 4024250.000000 574.457153 12 16
4218040.000000 4024250.000000 813.957520 13 16
4218226.666667 4024250.000000 1053.497437 14 16
4218413.333333 4024250.000000 1293.079346 15 16
4218600.000000 4024250.000000 1533.194824 16 16
4218786.666667 4024250.000000 1773.174927 17 16
4218973.333333 4024250.000000 2011.886841 18 16
4219160.000000 4024250.000000 2249.950195 19 16
4219346.666667 4024250.000000 2488.503174 20 16
4219533.333333 4024250.000000 2728.423828 21 16
4219720.000000 4024250.000000 2970.142334 22 16
4219906.666667 4024250.000000 3219.319824 23 16
4220093.333333 4024250.000000 3475.237305 24 16
4220280.000000 4024250.000000 3727.874756 25 16
4220466.666667 4024250.000000 4055.313965 26 16
4220653.333333 4024250.000000 4359.959961 27 16
4220840.000000 4024250.000000 4581.671875 28 16
4221026.666667 4024250.000000 4740.762207 29 16
4221213.333333 4024250.000000 4888.042969 30 16
4221400.000000 4024250.000000 5051.104980 31 16
4215800.000000 4024600.000000 -2086.365234 1 17
4215986.666667 4024600.000000 -1848.485718 2 17
4216173.333333 4024600.000000 -1610.593628 3 17
4216360.000000 4024600.000000 -1372.696777 4 17
4216546.666667 4024600.000000 -1134.802124 5 17
4216733.333333 4024600.000000 -896.896118 6 17
4216920.000000 4024600.000000 -658.495972 7 17
4217106.666667 4024600.000000 -420.585083 8 17
4217293.333333 4024600.000000 -182.668289 9 17
4217480.000000 4024600.000000 55.748672 10 17
4217666.666667 4024600.000000 294.190918 11 17
4217853.333333 4024600.000000 533.660034 12 17
4218040.000000 4024600.000000 773.178284 13 17
4218226.666667 4024600.000000 1012.742310 14 17
4218413.333333 4024600.000000 1252.359253 15 17
4218600.000000 4024600.000000 1492.539429 16 17
4218786.666667 4024600.000000 1732.239868 17 17
4218973.333333 4024600.000000 1971.785767 18 17
4219160.000000 4024600.000000 2211.805420 19 17
4219346.666667 4024600.000000 2453.979248 20 17
4219533.333333 4024600.000000 2698.298584 21 17
4219720.000000 4024600.000000 2945.109375 22 17
4219906.666667 4024600.000000 3193.068604 23 17
4220093.333333 4024600.000000 3440.406982 24 17
4220280.000000 4024600.000000 3670.386719 25 17
4220466.666667 4024600.000000 3980.111328 26 17
4220653.333333 4024600.000000 4264.256836 27 17
4220840.000000 4024600.000000 4452.436035 28 17
4221026.666667 4024600.000000 4640.885254 29 17
4221213.333333 4024600.000000 4836.121094 30 17
4221400.000000 4024600.000000 5019.806641 31 17
4215800.000000 4024950.000000 -2129.764893 1 18
4215986.666667 4024950.000000 -1891.375488 2 18
4216173.333333 4024950.000000 -1653.479858 3 18
4216360.000000 4024950.000000 -1415.088013 4 18
4216546.666667 4024950.000000 -1176.682373 5 18
4216733.333333 4024950.000000 -938.772095 6 18
4216920.000000 4024950.000000 -700.367554 7 18
4217106.666667 4024950.000000 -461.952942 8 18
4217293.333333 4024950.000000 -223.532150 9 18
4217480.000000 4024950.000000 14.390355 10 18
4217666.666667 4024950.000000 253.335876 11 18
4217853.333333 4024950.000000 492.807495 12 18
4218040.000000 4024950.000000 732.326355 13 18
4218226.666667 4024950.000000 971.891174 14 18
4218413.333333 4024950.000000 1211.511841 15 18
4218600.000000 4024950.000000 1451.211304 16 18
4218786.666667 4024950.000000 1691.027222 17 18
4218973.333333 4024950.000000 1931.290283 18 18
4219160.000000 4024950.000000 2173.098633 19 18
4219346.666667 4024950.000000 2418.122070 20 18
4219533.333333 4024950.000000 2666.950439 21 18
4219720.000000 4024950.000000 2917.617676 22 18
4219906.666667 4024950.000000 3167.246094 23 18
4220093.333333 4024950.000000 3411.515869 24 18
4220280.000000 4024950.000000 3635.099365 25 18
4220466.666667 4024950.000000 3899.329102 26 18
4220653.333333 4024950.000000 4143.184082 27 18
4220840.000000 4024950.000000 4339.377441 28 18
4221026.666667 4024950.000000 4568.598633 29 18
4221213.333333 4024950.000000 4786.146484 30 18
4221400.000000 4024950.000000 4991.114258 31 18
4215800.000000 4025300.000000 -2173.169189 1 19
4215986.666667 4025300.000000 -1934.278442 2 19
4216173.333333 4025300.000000 -1695.889526 3 19
4216360.000000 4025300.000000 -1457.487915 4 19
4216546.666667 4025300.000000 -1219.080200 5 19
4216733.333333 4025300.000000 -980.676697 6 19
4216920.000000 4025300.000000 -741.763855 7 19
4217106.666667 4025300.000000 -503.348663 8 19
4217293.333333 4025300.000000 -264.929108 9 19
4217480.000000 4025300.000000 -26.510576 10 19
4217666.666667 4025300.000000 212.428528 11 19
4217853.333333 4025300.000000 451.888916 12 19
4218040.000000 4025300.000000 691.389038 13 19
4218226.666667 4025300.000000 930.929382 14 19
4218413.333333 4025300.000000 1170.519775 15 19
4218600.000000 4025300.000000 1410.188477 16 19
4218786.666667 4025300.000000 1649.517090 17 19
4218973.333333 4025300.000000 1889.841553 18 19
4219160.000000 4025300.000000 2132.215088 19 19
4219346.666667 4025300.000000 2379.250000 20 19
4219533.333333 4025300.000000 2631.060059 21 19
4219720.000000 4025300.000000 2882.183105 22 19
4219906.666667 4025300.000000 3124.575684 23 19
4220093.333333 4025300.000000 3357.082031 24 19
4220280.000000 4025300.000000 3569.829834 25 19
4220466.666667 4025300.000000 3802.688965 26 19
4220653.333333 4025300.000000 4043.295166 27 19
4220840.000000 4025300.000000 4287.498535 28 19
4221026.666667 4025300.000000 4549.728516 29 19
4221213.333333 4025300.000000 4755.730957 30 19
4221400.000000 4025300.000000 4964.536621 31 19
4215800.000000 4025650.000000 -2216.098145 1 20
4215986.666667 4025650.000000 -1977.207642 2 20
4216173.333333 4025650.000000 -1738.311890 3 20
4216360.000000 4025650.000000 -1499.910522 4 20
4216546.666667 4025650.000000 -1261.511719 5 20
4216733.333333 4025650.000000 -1022.603210 6 20
4216920.000000 4025650.000000 -783.693787 7 20
4217106.666667 4025650.000000 -544.784851 8 20
4217293.333333 4025650.000000 -306.383057 9 20
4217480.000000 4025650.000000 -67.472130 10 20
4217666.666667 4025650.000000 171.445847 11 20
4217853.333333 4025650.000000 410.876282 12 20
4218040.000000 4025650.000000 650.333374 13 20
4218226.666667 4025650.000000 890.317627 14 20
4218413.333333 4025650.000000 1129.338867 15 20
4218600.000000 4025650.000000 1368.915283 16 20
4218786.666667 4025650.000000 1608.116577 17 20
4218973.333333 4025650.000000 1847.832520 18 20
4219160.000000 4025650.000000 2090.098389 19 20
4219346.666667 4025650.000000 2337.996582 20 20
4219533.333333 4025650.000000 2588.951172 21 20
4219720.000000 4025650.000000 2835.199463 22 20
4219906.666667 4025650.000000 3065.604736 23 20
4220093.333333 4025650.000000 3274.606934 24 20
4220280.000000 4025650.000000 3470.540039 25 20
4220466.666667 4025650.000000 3679.750000 26 20
4220653.333333 4025650.000000 3922.909668 27 20
4220840.000000 4025650.000000 4202.592773 28 20
4221026.666667 4025650.000000 4454.195801 29 20
4221213.333333 4025650.000000 4665.653809 30 20
4221400.000000 4025650.000000 4914.280762 31 20
4215800.000000 4026000.000000 -2259.031738 1 21
4215986.666667 4026000.000000 -2019.643555 2 21
4216173.333333 4026000.000000 -1780.749756 3 21
4216360.000000 4026000.000000 -1541.859375 4 21
4216546.666667 4026000.000000 -1303.456055 5 21
4216733.333333 4026000.000000 -1064.552490 6 21
4216920.000000 4026000.000000 -825.649963 7 21
4217106.666667 4026000.000000 -586.750854 8 21
4217293.333333 4026000.000000 -347.865692 9 21
4217480.000000 4026000.000000 -108.977081 10 21
4217666.666667 4026000.000000 130.409164 11 21
4217853.333333 4026000.000000 369.797180 12 21
4218040.000000 4026000.000000 609.195374 13 21
4218226.666667 4026000.000000 849.105286 14 21
4218413.333333 4026000.000000 1088.532471 15 21
4218600.000000 4026000.000000 1327.485840 16 21
4218786.666667 4026000.000000 1566.476318 17 21
4218973.333333 4026000.000000 1805.968262 18 21
4219160.000000 4026000.000000 2048.492188 19 21
4219346.666667 4026000.000000 2295.609375 20 21
4219533.333333 4026000.000000 2544.520264 21 21
4219720.000000 4026000.000000 2784.759521 22 21
4219906.666667 4026000.000000 3002.125977 23 21
4220093.333333 4026000.000000 3190.173828 24 21
4220280.000000 4026000.000000 3355.292480 25 21
4220466.666667 4026000.000000 3516.813721 26 21
4220653.333333 4026000.000000 3723.382324 27 21
4220840.000000 4026000.000000 3993.174561 28 21
4221026.666667 4026000.000000 4234.562012 29 21
4221213.333333 4026000.000000 4536.131836 30 21
4221400.000000 4026000.000000 4863.897461 31 21
4215800.000000 4026350.000000 -2301.976807 1 22
4215986.666667 4026350.000000 -2062.599365 2 22
4216173.333333 4026350.000000 -1823.708984 3 22
4216360.000000 4026350.000000 -1584.315796 4 22
4216546.666667 4026350.000000 -1345.418579 5 22
4216733.333333 4026350.000000 -1106.522339 6 22
4216920.000000 4026350.000000 -867.130615 7 22
4217106.666667 4026350.000000 -628.252747 8 22
4217293.333333 4026350.000000 -388.881500 9 22
4217480.000000 4026350.000000 -150.021606 10 22
4217666.666667 4026350.000000 89.325577 11 22
4217853.333333 4026350.000000 329.160126 12 22
4218040.000000 4026350.000000 568.486328 13 22
4218226.666667 4026350.000000 807.807251 14 22
4218413.333333 4026350.000000 1047.621948 15 22
4218600.000000 4026350.000000 1286.426270 16 22
4218786.666667 4026350.000000 1525.145874 17 22
4218973.333333 4026350.000000 1764.327515 18 22
4219160.000000 4026350.000000 2006.504150 19 22
4219346.666667 4026350.000000 2252.215820 20 22
4219533.333333 4026350.000000 2498.426758 21 22
4219720.000000 4026350.000000 2734.277100 22 22
4219906.666667 4026350.000000 2945.725830 23 22
4220093.333333 4026350.000000 3128.006592 24 22
4220280.000000 4026350.000000 3286.287109 25 22
4220466.666667 4026350.000000 3432.708252 26 22
4220653.333333 4026350.000000 3631.153809 27 22
4220840.000000 4026350.000000 3891.925537 28 22
4221026.666667 4026350.000000 4160.149902 29 22
4221213.333333 4026350.000000 4517.082520 30 22
4221400.000000 4026350.000000 4859.729980 31 22
4215800.000000 4026700.000000 -2344.442627 1 23
4215986.666667 4026700.000000 -2105.061768 2 23
4216173.333333 4026700.000000 -1865.677246 3 23
4216360.000000 4026700.000000 -1626.290039 4 23
4216546.666667 4026700.000000 -1387.400391 5 23
4216733.333333 4026700.000000 -1148.514160 6 23
4216920.000000 4026700.000000 -909.143188 7 23
4217106.666667 4026700.000000 -669.775391 8 23
4217293.333333 4026700.000000 -430.429901 9 23
4217480.000000 4026700.000000 -191.105453 10 23
4217666.666667 4026700.000000 48.195164 11 23
4217853.333333 4026700.000000 287.967529 12 23
4218040.000000 4026700.000000 527.209778 13 23
4218226.666667 4026700.000000 766.926086 14 23
4218413.333333 4026700.000000 1006.113464 15 23
4218600.000000 4026700.000000 1245.245117 16 23
4218786.666667 4026700.000000 1483.655151 17 23
4218973.333333 4026700.000000 1722.455200 18 23
4219160.000000 4026700.000000 1964.205933 19 23
4219346.666667 4026700.000000 2208.405518 20 23
4219533.333333 4026700.000000 2452.310791 21 23
4219720.000000 4026700.000000 2686.910400 22 23
4219906.666667 4026700.000000 2902.454590 23 23
4220093.333333 4026700.000000 3099.406982 24 23
4220280.000000 4026700.000000 3284.077637 25 23
4220466.666667 4026700.000000 3463.136719 26 23
4220653.333333 4026700.000000 3671.738525 27 23
4220840.000000 4026700.000000 3927.965820 28 23
4221026.666667 4026700.000000 4219.453125 29 23
4221213.333333 4026700.000000 4557.707520 30 23
4221400.000000 4026700.000000 4871.040527 31 23
4215800.000000 4027050.000000 -2386.916016 1 24
4215986.666667 4027050.000000 -2147.541016 2 24
4216173.333333 4027050.000000 -1907.664185 3 24
4216360.000000 4027050.000000 -1668.284912 4 24
4216546.666667 4027050.000000 -1429.405029 5 24
4216733.333333 4027050.000000 -1190.039551 6 24
4216920.000000 4027050.000000 -950.676208 7 24
4217106.666667 4027050.000000 -711.328125 8 24
4217293.333333 4027050.000000 -472.011169 9 24
4217480.000000 4027050.000000 -232.724442 10 24
4217666.666667 4027050.000000 7.025547 11 24
4217853.333333 4027050.000000 246.732071 12 24
4218040.000000 4027050.000000 485.886230 13 24
4218226.666667 4027050.000000 725.494568 14 24
4218413.333333 4027050.000000 964.549622 15 24
4218600.000000 4027050.000000 1203.507813 16 24
4218786.666667 4027050.000000 1442.113403 17 24
4218973.333333 4027050.000000 1680.583252 18 24
4219160.000000 4027050.000000 1921.458130 19 24
4219346.666667 4027050.000000 2164.770020 20 24
4219533.333333 4027050.000000 2406.395996 21 24
4219720.000000 4027050.000000 2642.171387 22 24
4219906.666667 4027050.000000 2869.059326 23 24
4220093.333333 4027050.000000 3090.772217 24 24
4220280.000000 4027050.000000 3308.733398 25 24
4220466.666667 4027050.000000 3517.370850 26 24
4220653.333333 4027050.000000 3733.390869 27 24
4220840.000000 4027050.000000 3980.197266 28 24
4221026.666667 4027050.000000 4263.371582 29 24
4221213.333333 4027050.000000 4561.163086 30 24
4221400.000000 4027050.000000 4852.074707 31 24
4215800.000000 4027400.000000 -2429.399902 1 25
4215986.666667 4027400.000000 -2189.532471 2 25
4216173.333333 4027400.000000 -1950.162476 3 25
4216360.000000 4027400.000000 -1710.292358 4 25
4216546.666667 4027400.000000 -1470.931030 5 25
4216733.333333 4027400.000000 -1231.569946 6 25
4216920.000000 4027400.000000 -992.221252 7 25
4217106.666667 4027400.000000 -752.891296 8 25
4217293.333333 4027400.000000 -513.100159 9 25
4217480.000000 4027400.000000 -273.845917 10 25
4217666.666667 4027400.000000 -34.138058 11 25
4217853.333333 4027400.000000 205.513626 12 25
4218040.000000 4027400.000000 444.595337 13 25
4218226.666667 4027400.000000 684.115601 14 25
4218413.333333 4027400.000000 923.063721 15 25
4218600.000000 4027400.000000 1161.883423 16 25
4218786.666667 4027400.000000 1400.252441 17 25
4218973.333333 4027400.000000 1638.973145 18 25
4219160.000000 4027400.000000 1879.101685 19 25
4219346.666667 4027400.000000 2120.671143 20 25
4219533.333333 4027400.000000 2361.167236 21 25
4219720.000000 4027400.000000 2597.803955 22 25
4219906.666667 4027400.000000 2832.734131 23 25
4220093.333333 4027400.000000 3070.298096 24 25
4220280.000000 4027400.000000 3308.065430 25 25
4220466.666667 4027400.000000 3534.753174 26 25
4220653.333333 4027400.000000 3759.364258 27 25
4220840.000000 4027400.000000 4002.466797 28 25
4221026.666667 4027400.000000 4268.962402 29 25
4221213.333333 4027400.000000 4544.437988 30 25
4221400.000000 4027400.000000 4820.863281 31 25
4215800.000000 4027750.000000 -2471.900635 1 26
4215986.666667 4027750.000000 -2232.040527 2 26
4216173.333333 4027750.000000 -1992.179077 3 26
4216360.000000 4027750.000000 -1752.317627 4 26
4216546.666667 4027750.000000 -1512.458984 5 26
4216733.333333 4027750.000000 -1273.109009 6 26
4216920.000000 4027750.000000 -1033.773315 7 26
4217106.666667 4027750.000000 -793.959106 8 26
4217293.333333 4027750.000000 -554.686951 9 26
4217480.000000 4027750.000000 -314.957977 10 26
4217666.666667 4027750.000000 -75.281082 11 26
4217853.333333 4027750.000000 164.331299 12 26
4218040.000000 4027750.000000 403.861755 13 26
4218226.666667 4027750.000000 642.822388 14 26
4218413.333333 4027750.000000 881.698303 15 26
4218600.000000 4027750.000000 1120.924927 16 26
4218786.666667 4027750.000000 1359.141235 17 26
4218973.333333 4027750.000000 1597.212891 18 26
4219160.000000 4027750.000000 1836.711060 19 26
4219346.666667 4027750.000000 2076.666992 20 26
4219533.333333 4027750.000000 2316.633789 21 26
4219720.000000 4027750.000000 2554.581787 22 26
4219906.666667 4027750.000000 2792.867920 23 26
4220093.333333 4027750.000000 3033.424805 24 26
4220280.000000 4027750.000000 3273.706055 25 26
4220466.666667 4027750.000000 3509.788574 26 26
4220653.333333 4027750.000000 3746.164795 27 26
4220840.000000 4027750.000000 3987.780518 28 26
4221026.666667 4027750.000000 4239.287109 29 26
4221213.333333 4027750.000000 4502.442871 30 26
4221400.000000 4027750.000000 4773.368652 31 26
4215800.000000 4028100.000000 -2513.902588 1 27
4215986.666667 4028100.000000 -2274.049805 2 27
4216173.333333 4028100.000000 -2034.196411 3 27
4216360.000000 4028100.000000 -1794.343262 4 27
4216546.666667 4028100.000000 -1554.493530 5 27
4216733.333333 4028100.000000 -1314.653687 6 27
4216920.000000 4028100.000000 -1074.828491 7 27
4217106.666667 4028100.000000 -835.523804 8 27
4217293.333333 4028100.000000 -595.764038 9 27
4217480.000000 4028100.000000 -356.048126 10 27
4217666.666667 4028100.000000 -116.386162 11 27
4217853.333333 4028100.000000 123.208939 12 27
4218040.000000 4028100.000000 362.719543 13 27
4218226.666667 4028100.000000 602.157532 14 27
4218413.333333 4028100.000000 841.009094 15 27
4218600.000000 4028100.000000 1079.707520 16 27
4218786.666667 4028100.000000 1318.377930 17 27
4218973.333333 4028100.000000 1556.414673 18 27
4219160.000000 4028100.000000 1794.896240 19 27
4219346.666667 4028100.000000 2034.356445 20 27
4219533.333333 4028100.000000 2273.872803 21 27
4219720.000000 4028100.000000 2513.536621 22 27
4219906.666667 4028100.000000 2752.843506 23 27
4220093.333333 4028100.000000 2993.319336 24 27
4220280.000000 4028100.000000 3232.456543 25 27
4220466.666667 4028100.000000 3471.403320 26 27
4220653.333333 4028100.000000 3711.175049 27 27
4220840.000000 4028100.000000 3952.228027 28 27
4221026.666667 4028100.000000 4198.241211 29 27
4221213.333333 4028100.000000 4455.272949 30 27
4221400.000000 4028100.000000 4721.660645 31 27
4215800.000000 4028450.000000 -2555.911865 1 28
4215986.666667 4028450.000000 -2316.066650 2 28
4216173.333333 4028450.000000 -2075.721924 3 28
4216360.000000 4028450.000000 -1835.876831 4 28
4216546.666667 4028450.000000 -1596.035034 5 28
4216733.333333 4028450.000000 -1356.202637 6 28
4216920.000000 4028450.000000 -1116.384155 7 28
4217106.666667 4028450.000000 -877.085083 8 28
4217293.333333 4028450.000000 -637.328918 9 28
4217480.000000 4028450.000000 -397.115570 10 28
4217666.666667 4028450.000000 -157.453003 11 28
4217853.333333 4028450.000000 82.145813 12 28
4218040.000000 4028450.000000 321.664825 13 28
4218226.666667 4028450.000000 561.115845 14 28
4218413.333333 4028450.000000 800.485107 15 28
4218600.000000 4028450.000000 1039.211182 16 28
4218786.666667 4028450.000000 1277.434692 17 28
4218973.333333 4028450.000000 1516.039429 18 28
4219160.000000 4028450.000000 1754.102661 19 28
4219346.666667 4028450.000000 1992.654419 20 28
4219533.333333 4028450.000000 2232.274902 21 28
4219720.000000 4028450.000000 2471.596191 22 28
4219906.666667 4028450.000000 2711.666260 23 28
4220093.333333 4028450.000000 2952.050781 24 28
4220280.000000 4028450.000000 3191.545898 25 28
4220466.666667 4028450.000000 3430.585449 26 28
4220653.333333 4028450.000000 3669.632324 27 28
4220840.000000 4028450.000000 3910.135498 28 28
4221026.666667 4028450.000000 4155.332520 29 28
4221213.333333 4028450.000000 4409.529297 30 28
4221400.000000 4028450.000000 4671.145508 31 28
4215800.000000 4028800.000000 -2597.925537 1 29
4215986.666667 4028800.000000 -2357.588623 2 29
4216173.333333 4028800.000000 -2117.251709 3 29
4216360.000000 4028800.000000 -1877.414429 4 29
4216546.666667 4028800.000000 -1637.080933 5 29
4216733.333333 4028800.000000 -1397.255127 6 29
4216920.000000 4028800.000000 -1157.941040 7 29
4217106.666667 4028800.000000 -918.146118 8 29
4217293.333333 4028800.000000 -678.389648 9 29
4217480.000000 4028800.000000 -438.172516 10 29
4217666.666667 4028800.000000 -198.501801 11 29
4217853.333333 4028800.000000 41.110641 12 29
4218040.000000 4028800.000000 280.650787 13 29
4218226.666667 4028800.000000 520.129700 14 29
4218413.333333 4028800.000000 759.535278 15 29
4218600.000000 4028800.000000 998.810913 16 29
4218786.666667 4028800.000000 1237.130249 17 29
4218973.333333 4028800.000000 1475.351074 18 29
4219160.000000 4028800.000000 1713.541626 19 29
4219346.666667 4028800.000000 1952.228149 20 29
4219533.333333 4028800.000000 2190.984619 21 29
4219720.000000 4028800.000000 2430.442871 22 29
4219906.666667 4028800.000000 2670.670166 23 29
4220093.333333 4028800.000000 2910.742676 24 29
4220280.000000 4028800.000000 3150.352295 25 29
4220466.666667 4028800.000000 3389.354004 26 29
4220653.333333 4028800.000000 3627.668213 27 29
4220840.000000 4028800.000000 3868.244385 28 29
4221026.666667 4028800.000000 4113.409180 29 29
4221213.333333 4028800.000000 4365.581055 30 29
4221400.000000 4028800.000000 4621.729004 31 29
4215800.000000 4029150.000000 -2639.942139 1 30
4215986.666667 4029150.000000 -2399.613037 2 30
4216173.333333 4029150.000000 -2159.283691 3 30
4216360.000000 4029150.000000 -1918.955078 4 30
4216546.666667 4029150.000000 -1678.628906 5 30
4216733.333333 4029150.000000 -1438.809204 6 30
4216920.000000 4029150.000000 -1199.000244 7 30
4217106.666667 4029150.000000 -959.207214 8 30
4217293.333333 4029150.000000 -719.447937 9 30
4217480.000000 4029150.000000 -479.223419 10 30
4217666.666667 4029150.000000 -239.539764 11 30
4217853.333333 4029150.000000 0.092489 12 30
4218040.000000 4029150.000000 239.661209 13 30
4218226.666667 4029150.000000 479.176422 14 30
4218413.333333 4029150.000000 718.627747 15 30
4218600.000000 4029150.000000 957.965881 16 30
4218786.666667 4029150.000000 1196.404053 17 30
4218973.333333 4029150.000000 1434.764648 18 30
4219160.000000 4029150.000000 1673.606323 19 30
4219346.666667 4029150.000000 1912.451782 20 30
4219533.333333 4029150.000000 2150.861328 21 30
4219720.000000 4029150.000000 2389.945557 22 30
4219906.666667 4029150.000000 2629.766602 23 30
4220093.333333 4029150.000000 2869.894775 24 30
4220280.000000 4029150.000000 3109.470215 25 30
4220466.666667 4029150.000000 3348.342773 26 30
4220653.333333 4029150.000000 3586.949951 27 30
4220840.000000 4029150.000000 3827.716309 28 30
4221026.666667 4029150.000000 4072.046387 29 30
4221213.333333 4029150.000000 4320.882813 30 30
4221400.000000 4029150.000000 4573.221191 31 30
4215800.000000 4029500.000000 -2681.469238 1 31
4215986.666667 4029500.000000 -2441.140137 2 31
4216173.333333 4029500.000000 -2200.818848 3 31
4216360.000000 4029500.000000 -1960.497803 4 31
4216546.666667 4029500.000000 -1720.178955 5 31
4216733.333333 4029500.000000 -1479.866089 6 31
4216920.000000 4029500.000000 -1240.061279 7 31
4217106.666667 4029500.000000 -1000.269836 8 31
4217293.333333 4029500.000000 -760.506958 9 31
4217480.000000 4029500.000000 -520.273682 10 31
4217666.666667 4029500.000000 -280.575378 11 31
4217853.333333 4029500.000000 -40.921288 12 31
4218040.000000 4029500.000000 198.677963 13 31
4218226.666667 4029500.000000 438.231018 14 31
4218413.333333 4029500.000000 677.728943 15 31
4218600.000000 4029500.000000 917.129517 16 31
4218786.666667 4029500.000000 1156.186401 17 31
4218973.333333 4029500.000000 1394.684814 18 31
4219160.000000 4029500.000000 1633.674072 19 31
4219346.666667 4029500.000000 1872.174316 20 31
4219533.333333 4029500.000000 2111.233887 21 31
4219720.000000 4029500.000000 2350.437500 22 31
4219906.666667 4029500.000000 2589.832764 23 31
4220093.333333 4029500.000000 2829.472656 24 31
4220280.000000 4029500.000000 3068.963379 25 31
4220466.666667 4029500.000000 3308.184570 26 31
4220653.333333 4029500.000000 3547.093750 27 31
4220840.000000 4029500.000000 3787.627686 28 31
4221026.666667 4029500.000000 4031.215820 29 31
4221213.333333 4029500.000000 4277.809082 30 31
4221400.000000 4029500.000000 4526.901367 31 31
4215800.000000 4029850.000000 -2722.989014 1 32
4215986.666667 4029850.000000 -2482.675537 2 32
4216173.333333 4029850.000000 -2242.354248 3 32
4216360.000000 4029850.000000 -2001.541992 4 32
4216546.666667 4029850.000000 -1761.729858 5 32
4216733.333333 4029850.000000 -1521.423218 6 32
4216920.000000 4029850.000000 -1281.123779 7 32
4217106.666667 4029850.000000 -1041.334473 8 32
4217293.333333 4029850.000000 -801.069397 9 32
4217480.000000 4029850.000000 -561.327637 10 32
4217666.666667 4029850.000000 -321.116547 11 32
4217853.333333 4029850.000000 -81.441978 12 32
4218040.000000 4029850.000000 158.185974 13 32
4218226.666667 4029850.000000 397.774475 14 32
4218413.333333 4029850.000000 637.315857 15 32
4218600.000000 4029850.000000 876.774170 16 32
4218786.666667 4029850.000000 1115.441528 17 32
4218973.333333 4029850.000000 1354.563477 18 32
4219160.000000 4029850.000000 1593.683960 19 32
4219346.666667 4029850.000000 1832.319580 20 32
4219533.333333 4029850.000000 2071.510498 21 32
4219720.000000 4029850.000000 2310.818604 22 32
4219906.666667 4029850.000000 2550.277588 23 32
4220093.333333 4029850.000000 2789.426025 24 32
4220280.000000 4029850.000000 3028.840820 25 32
4220466.666667 4029850.000000 3267.929199 26 32
4220653.333333 4029850.000000 3507.162598 27 32
4220840.000000 4029850.000000 3747.494385 28 32
4221026.666667 4029850.000000 3990.369629 29 32
4221213.333333 4029850.000000 4235.249023 30 32
4221400.000000 4029850.000000 4481.623047 31 32
4215800.000000 4030200.000000 -2764.508789 1 33
4215986.666667 4030200.000000 -2524.203125 2 33
4216173.333333 4030200.000000 -2283.390381 3 33
4216360.000000 4030200.000000 -2043.085327 4 33
4216546.666667 4030200.000000 -1802.781494 5 33
4216733.333333 4030200.000000 -1562.481445 6 33
4216920.000000 4030200.000000 -1322.686401 7 33
4217106.666667 4030200.000000 -1082.400635 8 33
4217293.333333 4030200.000000 -842.133728 9 33
4217480.000000 4030200.000000 -601.886292 10 33
4217666.666667 4030200.000000 -362.162537 11 33
4217853.333333 4030200.000000 -122.469528 12 33
4218040.000000 4030200.000000 117.184662 13 33
4218226.666667 4030200.000000 356.805786 14 33
4218413.333333 4030200.000000 596.387329 15 33
4218600.000000 4030200.000000 835.898865 16 33
4218786.666667 4030200.000000 1075.165527 17 33
4218973.333333 4030200.000000 1313.900391 18 33
4219160.000000 4030200.000000 1553.138184 19 33
4219346.666667 4030200.000000 1792.392334 20 33
4219533.333333 4030200.000000 2032.196045 21 33
4219720.000000 4030200.000000 2271.593994 22 33
4219906.666667 4030200.000000 2510.607666 23 33
4220093.333333 4030200.000000 2749.761963 24 33
4220280.000000 4030200.000000 2989.111572 25 33
4220466.666667 4030200.000000 3228.092529 26 33
4220653.333333 4030200.000000 3467.166016 27 33
4220840.000000 4030200.000000 3707.319092 28 33
4221026.666667 4030200.000000 3949.007568 29 33
4221213.333333 4030200.000000 4192.690430 30 33
4221400.000000 4030200.000000 4436.878418 31 33
4215800.000000 4030550.000000 -2806.028076 1 34
4215986.666667 4030550.000000 -2565.230713 2 34
4216173.333333 4030550.000000 -2324.933105 3 34
4216360.000000 4030550.000000 -2084.628174 4 34
4216546.666667 4030550.000000 -1843.832886 5 34
4216733.333333 4030550.000000 -1603.539673 6 34
4216920.000000 4030550.000000 -1363.750244 7 34
4217106.666667 4030550.000000 -1123.468140 8 34
4217293.333333 4030550.000000 -883.200684 9 34
4217480.000000 4030550.000000 -642.948486 10 34
4217666.666667 4030550.000000 -402.715759 11 34
4217853.333333 4030550.000000 -163.006866 12 34
4218040.000000 4030550.000000 76.670509 13 34
4218226.666667 4030550.000000 315.821533 14 34
4218413.333333 4030550.000000 555.439087 15 34
4218600.000000 4030550.000000 794.998718 16 34
4218786.666667 4030550.000000 1034.355225 17 34
4218973.333333 4030550.000000 1273.688599 18 34
4219160.000000 4030550.000000 1513.028564 19 34
4219346.666667 4030550.000000 1752.385376 20 34
4219533.333333 4030550.000000 1992.284912 21 34
4219720.000000 4030550.000000 2231.756836 22 34
4219906.666667 4030550.000000 2470.813965 23 34
4220093.333333 4030550.000000 2709.971191 24 34
4220280.000000 4030550.000000 2949.265137 25 34
4220466.666667 4030550.000000 3188.648438 26 34
4220653.333333 4030550.000000 3427.601563 27 34
4220840.000000 4030550.000000 3667.097168 28 34
4221026.666667 4030550.000000 3908.128174 29 34
4221213.333333 4030550.000000 4150.154297 30 34
4221400.000000 4030550.000000 4392.687012 31 34
4215800.000000 4030900.000000 -2847.545654 1 35
4215986.666667 4030900.000000 -2606.756104 2 35
4216173.333333 4030900.000000 -2366.466309 3 35
4216360.000000 4030900.000000 -2126.177002 4 35
4216546.666667 4030900.000000 -1885.381714 5 35
4216733.333333 4030900.000000 -1645.095947 6 35
4216920.000000 4030900.000000 -1404.813599 7 35
4217106.666667 4030900.000000 -1164.536377 8 35
4217293.333333 4030900.000000 -923.771301 9 35
4217480.000000 4030900.000000 -683.517273 10 35
4217666.666667 4030900.000000 -443.777588 11 35
4217853.333333 4030900.000000 -203.558044 12 35
4218040.000000 4030900.000000 36.137142 13 35
4218226.666667 4030900.000000 275.311218 14 35
4218413.333333 4030900.000000 514.458679 15 35
4218600.000000 4030900.000000 754.057739 16 35
4218786.666667 4030900.000000 993.488708 17 35
4218973.333333 4030900.000000 1233.401733 18 35
4219160.000000 4030900.000000 1472.822754 19 35
4219346.666667 4030900.000000 1712.259155 20 35
4219533.333333 4030900.000000 1951.731323 21 35
4219720.000000 4030900.000000 2191.756348 22 35
4219906.666667 4030900.000000 2431.342773 23 35
4220093.333333 4030900.000000 2670.499756 24 35
4220280.000000 4030900.000000 2909.750488 25 35
4220466.666667 4030900.000000 3148.563232 26 35
4220653.333333 4030900.000000 3387.423096 27 35
4220840.000000 4030900.000000 3626.818359 28 35
4221026.666667 4030900.000000 3866.730225 29 35
4221213.333333 4030900.000000 4107.145996 30 35
4221400.000000 4030900.000000 4348.061523 31 35
4215800.000000 4031250.000000 -2889.060791 1 36
4215986.666667 4031250.000000 -2648.278320 2 36
4216173.333333 4031250.000000 -2407.496582 3 36
4216360.000000 4031250.000000 -2167.214844 4 36
4216546.666667 4031250.000000 -1926.427246 5 36
4216733.333333 4031250.000000 -1686.148926 6 36
4216920.000000 4031250.000000 -1445.374390 7 36
4217106.666667 4031250.000000 -1205.103149 8 36
4217293.333333 4031250.000000 -964.341919 9 36
4217480.000000 4031250.000000 -724.588379 10 36
4217666.666667 4031250.000000 -484.347534 11 36
4217853.333333 4031250.000000 -244.621185 12 36
4218040.000000 4031250.000000 -4.914744 13 36
4218226.666667 4031250.000000 234.774139 14 36
4218413.333333 4031250.000000 473.942261 15 36
4218600.000000 4031250.000000 713.071350 16 36
4218786.666667 4031250.000000 952.561035 17 36
4218973.333333 4031250.000000 1192.536133 18 36
4219160.000000 4031250.000000 1432.018188 19 36
4219346.666667 4031250.000000 1671.513062 20 36
4219533.333333 4031250.000000 1911.036255 21 36
4219720.000000 4031250.000000 2150.599365 22 36
4219906.666667 4031250.000000 2390.206299 23 36
4220093.333333 4031250.000000 2629.363770 24 36
4220280.000000 4031250.000000 2868.586914 25 36
4220466.666667 4031250.000000 3107.353516 26 36
4220653.333333 4031250.000000 3346.154297 27 36
4220840.000000 4031250.000000 3584.973633 28 36
4221026.666667 4031250.000000 3823.815186 29 36
4221213.333333 4031250.000000 4063.659424 30 36
4221400.000000 4031250.000000 4303.504395 31 36
4215800.000000 4031600.000000 -2930.074219 1 37
4215986.666667 4031600.000000 -2689.298584 2 37
4216173.333333 4031600.000000 -2448.523926 3 37
4216360.000000 4031600.000000 -2208.249268 4 37
4216546.666667 4031600.000000 -1967.469238 5 37
4216733.333333 4031600.000000 -1727.198242 6 37
4216920.000000 4031600.000000 -1486.430664 7 37
4217106.666667 4031600.000000 -1246.166016 8 37
4217293.333333 4031600.000000 -1005.409607 9 37
4217480.000000 4031600.000000 -765.159729 10 37
4217666.666667 4031600.000000 -524.919312 11 37
4217853.333333 4031600.000000 -285.190002 12 37
4218040.000000 4031600.000000 -45.975533 13 37
4218226.666667 4031600.000000 193.724335 14 37
4218413.333333 4031600.000000 433.407104 15 37
4218600.000000 4031600.000000 672.559204 16 37
4218786.666667 4031600.000000 912.097717 17 37
4218973.333333 4031600.000000 1151.624634 18 37
4219160.000000 4031600.000000 1391.156372 19 37
4219346.666667 4031600.000000 1630.697632 20 37
4219533.333333 4031600.000000 1870.260376 21 37
4219720.000000 4031600.000000 2109.852051 22 37
4219906.666667 4031600.000000 2348.976074 23 37
4220093.333333 4031600.000000 2588.134766 24 37
4220280.000000 4031600.000000 2826.840332 25 37
4220466.666667 4031600.000000 3065.576172 26 37
4220653.333333 4031600.000000 3303.829346 27 37
4220840.000000 4031600.000000 3542.609863 28 37
4221026.666667 4031600.000000 3780.903076 29 37
4221213.333333 4031600.000000 4019.699219 30 37
4221400.000000 4031600.000000 4258.987793 31 37
4215800.000000 4031950.000000 -2971.085205 1 38
4215986.666667 4031950.000000 -2730.316162 2 38
4216173.333333 4031950.000000 -2489.548340 3 38
4216360.000000 4031950.000000 -2249.280518 4 38
4216546.666667 4031950.000000 -2008.507446 5 38
4216733.333333 4031950.000000 -1768.243652 6 38
4216920.000000 4031950.000000 -1527.483032 7 38
4217106.666667 4031950.000000 -1286.725708 8 38
4217293.333333 4031950.000000 -1046.473755 9 38
4217480.000000 4031950.000000 -805.728577 10 38
4217666.666667 4031950.000000 -565.482178 11 38
4217853.333333 4031950.000000 -325.752045 12 38
4218040.000000 4031950.000000 -86.540863 13 38
4218226.666667 4031950.000000 152.667480 14 38
4218413.333333 4031950.000000 392.361816 15 38
4218600.000000 4031950.000000 631.532288 16 38
4218786.666667 4031950.000000 871.112305 17 38
4218973.333333 4031950.000000 1110.682495 18 38
4219160.000000 4031950.000000 1350.255737 19 38
4219346.666667 4031950.000000 1589.336426 20 38
4219533.333333 4031950.000000 1828.931396 21 38
4219720.000000 4031950.000000 2068.546631 22 38
4219906.666667 4031950.000000 2307.684082 23 38
4220093.333333 4031950.000000 2546.345947 24 38
4220280.000000 4031950.000000 2785.039795 25 38
4220466.666667 4031950.000000 3023.746826 26 38
4220653.333333 4031950.000000 3261.480957 27 38
4220840.000000 4031950.000000 3499.729492 28 38
4221026.666667 4031950.000000 3737.980225 29 38
4221213.333333 4031950.000000 3976.242676 30 38
4221400.000000 4031950.000000 4214.506836 31 38
4215800.000000 4032300.000000 -3012.093994 1 39
4215986.666667 4032300.000000 -2771.331055 2 39
4216173.333333 4032300.000000 -2530.569336 3 39
4216360.000000 4032300.000000 -2289.801025 4 39
4216546.666667 4032300.000000 -2049.042236 5 39
4216733.333333 4032300.000000 -1808.785034 6 39
4216920.000000 4032300.000000 -1568.031128 7 39
4217106.666667 4032300.000000 -1327.779419 8 39
4217293.333333 4032300.000000 -1087.033813 9 39
4217480.000000 4032300.000000 -846.792236 10 39
4217666.666667 4032300.000000 -606.548706 11 39
4217853.333333 4032300.000000 -366.819336 12 39
4218040.000000 4032300.000000 -127.098953 13 39
4218226.666667 4032300.000000 112.106369 14 39
4218413.333333 4032300.000000 351.309479 15 39
4218600.000000 4032300.000000 590.493835 16 39
4218786.666667 4032300.000000 830.108276 17 39
4218973.333333 4032300.000000 1069.714355 18 39
4219160.000000 4032300.000000 1308.822632 19 39
4219346.666667 4032300.000000 1548.434326 20 39
4219533.333333 4032300.000000 1787.556519 21 39
4219720.000000 4032300.000000 2026.691895 22 39
4219906.666667 4032300.000000 2265.841553 23 39
4220093.333333 4032300.000000 2504.507568 24 39
4220280.000000 4032300.000000 2743.187012 25 39
4220466.666667 4032300.000000 2981.390137 26 39
4220653.333333 4032300.000000 3219.106445 27 39
4220840.000000 4032300.000000 3456.826416 28 39
4221026.666667 4032300.000000 3694.562256 29 39
4221213.333333 4032300.000000 3931.794678 30 39
4221400.000000 4032300.000000 4169.536621 31 39
4215800.000000 4032650.000000 -3053.100830 1 40
4215986.666667 4032650.000000 -2812.343506 2 40
4216173.333333 4032650.000000 -2571.587646 3 40
4216360.000000 4032650.000000 -2330.825195 4 40
4216546.666667 4032650.000000 -2090.072754 5 40
4216733.333333 4032650.000000 -1849.322632 6 40
4216920.000000 4032650.000000 -1609.074219 7 40
4217106.666667 4032650.000000 -1368.329468 8 40
4217293.333333 4032650.000000 -1127.589355 9 40
4217480.000000 4032650.000000 -887.344788 10 40
4217666.666667 4032650.000000 -647.112549 11 40
4217853.333333 4032650.000000 -407.384888 12 40
4218040.000000 4032650.000000 -168.162994 13 40
4218226.666667 4032650.000000 71.552330 14 40
4218413.333333 4032650.000000 310.753296 15 40
4218600.000000 4032650.000000 549.948364 16 40
4218786.666667 4032650.000000 789.092896 17 40
4218973.333333 4032650.000000 1028.729614 18 40
4219160.000000 4032650.000000 1267.867065 19 40
4219346.666667 4032650.000000 1507.006470 20 40
4219533.333333 4032650.000000 1746.151367 21 40
4219720.000000 4032650.000000 1985.303955 22 40
4219906.666667 4032650.000000 2224.464844 23 40
4220093.333333 4032650.000000 2462.628906 24 40
4220280.000000 4032650.000000 2700.814453 25 40
4220466.666667 4032650.000000 2938.510498 26 40
4220653.333333 4032650.000000 3176.706787 27 40
4220840.000000 4032650.000000 3413.920654 28 40
4221026.666667 4032650.000000 3651.133057 29 40
4221213.333333 4032650.000000 3887.856934 30 40
4221400.000000 4032650.000000 4125.074219 31 40
4215800.000000 4033000.000000 -3093.606689 1 41
4215986.666667 4033000.000000 -2852.854980 2 41
4216173.333333 4033000.000000 -2612.104492 3 41
4216360.000000 4033000.000000 -2371.846924 4 41
4216546.666667 4033000.000000 -2131.100342 5 41
4216733.333333 4033000.000000 -1890.356079 6 41
4216920.000000 4033000.000000 -1649.614502 7 41
4217106.666667 4033000.000000 -1408.875610 8 41
4217293.333333 4033000.000000 -1168.133179 9 41
4217480.000000 4033000.000000 -927.901245 10 41
4217666.666667 4033000.000000 -688.172119 11 41
4217853.333333 4033000.000000 -448.446930 12 41
4218040.000000 4033000.000000 -208.726074 13 41
4218226.666667 4033000.000000 30.991001 14 41
4218413.333333 4033000.000000 270.203918 15 41
4218600.000000 4033000.000000 509.399261 16 41
4218786.666667 4033000.000000 748.568970 17 41
4218973.333333 4033000.000000 987.732422 18 41
4219160.000000 4033000.000000 1226.894775 19 41
4219346.666667 4033000.000000 1466.057495 20 41
4219533.333333 4033000.000000 1705.222046 21 41
4219720.000000 4033000.000000 1943.890503 22 41
4219906.666667 4033000.000000 2182.555176 23 41
4220093.333333 4033000.000000 2420.733154 24 41
4220280.000000 4033000.000000 2658.419678 25 41
4220466.666667 4033000.000000 2896.104248 26 41
4220653.333333 4033000.000000 3133.802246 27 41
4220840.000000 4033000.000000 3370.499512 28 41
4221026.666667 4033000.000000 3607.208984 29 41
4221213.333333 4033000.000000 3843.912598 30 41
4221400.000000 4033000.000000 4080.625244 31 41
