# Type: scattered data
# Version: 6
# Description: No description
# Format: free
# Field: 1 x
# Field: 2 y
# Field: 3 z undefined
# Field: 4 column
# Field: 5 row
# Projection: Local Rectangular
# Units: undefined
# End:
# Information from grid:
# Grid_size: 42 x 33
# Grid_space: 4212000.000000,4220200.000000,4021100.000000,4033000.000000
# Scattered data: Not_available
# Z_field: z
# Vertical_faults: Not_available
# History: No history
# Z_units: undefined
4212000.000000 4021100.000000 9260.738281 1 1
4212200.000000 4021100.000000 8882.079102 2 1
4212400.000000 4021100.000000 8504.432617 3 1
4212600.000000 4021100.000000 8126.784668 4 1
4212800.000000 4021100.000000 7750.131836 5 1
4213000.000000 4021100.000000 7374.474609 6 1
4213200.000000 4021100.000000 6998.830566 7 1
4213400.000000 4021100.000000 6624.165527 8 1
4213600.000000 4021100.000000 6252.491699 9 1
4213800.000000 4021100.000000 5880.831055 10 1
4214000.000000 4021100.000000 5510.148438 11 1
4214200.000000 4021100.000000 5142.472168 12 1
4214400.000000 4021100.000000 4776.788086 13 1
4214600.000000 4021100.000000 4413.095703 14 1
4214800.000000 4021100.000000 4051.395752 15 1
4215000.000000 4021100.000000 3691.685791 16 1
4215200.000000 4021100.000000 3334.979004 17 1
4215400.000000 4021100.000000 2980.262451 18 1
4215600.000000 4021100.000000 2628.534424 19 1
4215800.000000 4021100.000000 2278.793213 20 1
4216000.000000 4021100.000000 1935.023804 21 1
4216200.000000 4021100.000000 1597.229004 22 1
4216400.000000 4021100.000000 1266.406372 23 1
4216600.000000 4021100.000000 941.551025 24 1
4216800.000000 4021100.000000 620.674561 25 1
4217000.000000 4021100.000000 303.797791 26 1
4217200.000000 4021100.000000 -7.100010 27 1
4217400.000000 4021100.000000 -309.014709 28 1
4217600.000000 4021100.000000 -601.962036 29 1
4217800.000000 4021100.000000 -888.915588 30 1
4218000.000000 4021100.000000 -1168.874512 31 1
4218200.000000 4021100.000000 -1440.847656 32 1
4218400.000000 4021100.000000 -1704.775879 33 1
4218600.000000 4021100.000000 -1962.668579 34 1
4218800.000000 4021100.000000 -2215.524902 35 1
4219000.000000 4021100.000000 -2461.345947 36 1
4219200.000000 4021100.000000 -2701.171631 37 1
4219400.000000 4021100.000000 -2936.045410 38 1
4219600.000000 4021100.000000 -3166.987549 39 1
4219800.000000 4021100.000000 -3393.996582 40 1
4220000.000000 4021100.000000 -3618.066895 41 1
4220200.000000 4021100.000000 -3841.208008 42 1
4212000.000000 4021471.875000 9341.273438 1 2
4212200.000000 4021471.875000 8964.629883 2 2
4212400.000000 4021471.875000 8587.984375 3 2
4212600.000000 4021471.875000 8212.335938 4 2
4212800.000000 4021471.875000 7837.682617 5 2
4213000.000000 4021471.875000 7464.041504 6 2
4213200.000000 4021471.875000 7090.380859 7 2
4213400.000000 4021471.875000 6717.714844 8 2
4213600.000000 4021471.875000 6348.057129 9 2
4213800.000000 4021471.875000 5978.379395 10 2
4214000.000000 4021471.875000 5610.711426 11 2
4214200.000000 4021471.875000 5246.033203 12 2
4214400.000000 4021471.875000 4883.346191 13 2
4214600.000000 4021471.875000 4522.651367 14 2
4214800.000000 4021471.875000 4163.965332 15 2
4215000.000000 4021471.875000 3807.252441 16 2
4215200.000000 4021471.875000 3455.539551 17 2
4215400.000000 4021471.875000 3104.817871 18 2
4215600.000000 4021471.875000 2756.103027 19 2
4215800.000000 4021471.875000 2410.356934 20 2
4216000.000000 4021471.875000 2069.602051 21 2
4216200.000000 4021471.875000 1735.802124 22 2
4216400.000000 4021471.875000 1408.972290 23 2
4216600.000000 4021471.875000 1089.125366 24 2
4216800.000000 4021471.875000 771.242493 25 2
4217000.000000 4021471.875000 458.356995 26 2
4217200.000000 4021471.875000 150.450958 27 2
4217400.000000 4021471.875000 -149.471313 28 2
4217600.000000 4021471.875000 -441.402924 29 2
4217800.000000 4021471.875000 -727.348267 30 2
4218000.000000 4021471.875000 -1008.299744 31 2
4218200.000000 4021471.875000 -1281.219727 32 2
4218400.000000 4021471.875000 -1546.038940 33 2
4218600.000000 4021471.875000 -1804.772217 34 2
4218800.000000 4021471.875000 -2059.402100 35 2
4219000.000000 4021471.875000 -2307.977539 36 2
4219200.000000 4021471.875000 -2550.513184 37 2
4219400.000000 4021471.875000 -2789.100342 38 2
4219600.000000 4021471.875000 -3021.739502 39 2
4219800.000000 4021471.875000 -3250.447510 40 2
4220000.000000 4021471.875000 -3476.234375 41 2
4220200.000000 4021471.875000 -3699.062256 42 2
4212000.000000 4021843.750000 9421.811523 1 3
4212200.000000 4021843.750000 9046.185547 2 3
4212400.000000 4021843.750000 8670.541992 3 3
4212600.000000 4021843.750000 8296.892578 4 3
4212800.000000 4021843.750000 7924.238770 5 3
4213000.000000 4021843.750000 7551.598633 6 3
4213200.000000 4021843.750000 7179.937500 7 3
4213400.000000 4021843.750000 6810.287109 8 3
4213600.000000 4021843.750000 6441.613770 9 3
4213800.000000 4021843.750000 6074.951172 10 3
4214000.000000 4021843.750000 5709.282715 11 3
4214200.000000 4021843.750000 5347.602539 12 3
4214400.000000 4021843.750000 4987.930664 13 3
4214600.000000 4021843.750000 4630.233887 14 3
4214800.000000 4021843.750000 4274.545410 15 3
4215000.000000 4021843.750000 3921.845459 16 3
4215200.000000 4021843.750000 3572.131104 17 3
4215400.000000 4021843.750000 3225.405518 18 3
4215600.000000 4021843.750000 2879.671631 19 3
4215800.000000 4021843.750000 2537.938965 20 3
4216000.000000 4021843.750000 2200.182617 21 3
4216200.000000 4021843.750000 1870.395020 22 3
4216400.000000 4021843.750000 1547.559326 23 3
4216600.000000 4021843.750000 1230.707642 24 3
4216800.000000 4021843.750000 916.835083 25 3
4217000.000000 4021843.750000 606.944153 26 3
4217200.000000 4021843.750000 302.032501 27 3
4217400.000000 4021843.750000 5.122618 28 3
4217600.000000 4021843.750000 -285.819519 29 3
4217800.000000 4021843.750000 -571.746399 30 3
4218000.000000 4021843.750000 -852.647827 31 3
4218200.000000 4021843.750000 -1126.501099 32 3
4218400.000000 4021843.750000 -1392.211182 33 3
4218600.000000 4021843.750000 -1652.765625 34 3
4218800.000000 4021843.750000 -1909.184082 35 3
4219000.000000 4021843.750000 -2159.465576 36 3
4219200.000000 4021843.750000 -2404.716309 37 3
4219400.000000 4021843.750000 -2644.981445 38 3
4219600.000000 4021843.750000 -2880.335693 39 3
4219800.000000 4021843.750000 -3111.751709 40 3
4220000.000000 4021843.750000 -3337.255127 41 3
4220200.000000 4021843.750000 -3558.797852 42 3
4212000.000000 4022215.625000 9501.371094 1 4
4212200.000000 4022215.625000 9126.730469 2 4
4212400.000000 4022215.625000 8753.085938 3 4
4212600.000000 4022215.625000 8379.456055 4 4
4212800.000000 4022215.625000 8008.802246 5 4
4213000.000000 4022215.625000 7638.162109 6 4
4213200.000000 4022215.625000 7268.500977 7 4
4213400.000000 4022215.625000 6899.851563 8 4
4213600.000000 4022215.625000 6533.195313 9 4
4213800.000000 4022215.625000 6168.532715 10 4
4214000.000000 4022215.625000 5805.862793 11 4
4214200.000000 4022215.625000 5446.183105 12 4
4214400.000000 4022215.625000 5089.509766 13 4
4214600.000000 4022215.625000 4734.811523 14 4
4214800.000000 4022215.625000 4382.121582 15 4
4215000.000000 4022215.625000 4032.419922 16 4
4215200.000000 4022215.625000 3686.719482 17 4
4215400.000000 4022215.625000 3342.992432 18 4
4215600.000000 4022215.625000 3000.273682 19 4
4215800.000000 4022215.625000 2661.540039 20 4
4216000.000000 4022215.625000 2327.781738 21 4
4216200.000000 4022215.625000 2000.992432 22 4
4216400.000000 4022215.625000 1682.169312 23 4
4216600.000000 4022215.625000 1367.299072 24 4
4216800.000000 4022215.625000 1057.438599 25 4
4217000.000000 4022215.625000 750.544556 26 4
4217200.000000 4022215.625000 448.647095 27 4
4217400.000000 4022215.625000 152.724121 28 4
4217600.000000 4022215.625000 -136.188400 29 4
4217800.000000 4022215.625000 -421.087555 30 4
4218000.000000 4022215.625000 -701.959290 31 4
4218200.000000 4022215.625000 -975.730896 32 4
4218400.000000 4022215.625000 -1243.279297 33 4
4218600.000000 4022215.625000 -1505.636230 34 4
4218800.000000 4022215.625000 -1763.809082 35 4
4219000.000000 4022215.625000 -2015.816650 36 4
4219200.000000 4022215.625000 -2262.760498 37 4
4219400.000000 4022215.625000 -2505.735107 38 4
4219600.000000 4022215.625000 -2744.775391 39 4
4219800.000000 4022215.625000 -2975.936523 40 4
4220000.000000 4022215.625000 -3202.155518 41 4
4220200.000000 4022215.625000 -3422.431396 42 4
4212000.000000 4022587.500000 9579.918945 1 5
4212200.000000 4022587.500000 9206.280273 2 5
4212400.000000 4022587.500000 8833.654297 3 5
4212600.000000 4022587.500000 8462.007813 4 5
4212800.000000 4022587.500000 8092.372070 5 5
4213000.000000 4022587.500000 7722.717285 6 5
4213200.000000 4022587.500000 7355.073242 7 5
4213400.000000 4022587.500000 6988.424316 8 5
4213600.000000 4022587.500000 6623.768555 9 5
4213800.000000 4022587.500000 6261.106445 10 5
4214000.000000 4022587.500000 5900.437500 11 5
4214200.000000 4022587.500000 5542.774902 12 5
4214400.000000 4022587.500000 5188.085449 13 5
4214600.000000 4022587.500000 4835.404785 14 5
4214800.000000 4022587.500000 4485.714355 15 5
4215000.000000 4022587.500000 4139.028809 16 5
4215200.000000 4022587.500000 3795.312500 17 5
4215400.000000 4022587.500000 3454.601807 18 5
4215600.000000 4022587.500000 3115.881836 19 5
4215800.000000 4022587.500000 2781.147461 20 5
4216000.000000 4022587.500000 2449.407471 21 5
4216200.000000 4022587.500000 2125.618164 22 5
4216400.000000 4022587.500000 1808.795776 23 5
4216600.000000 4022587.500000 1496.941284 24 5
4216800.000000 4022587.500000 1190.063599 25 5
4217000.000000 4022587.500000 886.186279 26 5
4217200.000000 4022587.500000 586.291748 27 5
4217400.000000 4022587.500000 293.376221 28 5
4217600.000000 4022587.500000 5.487403 29 5
4217800.000000 4022587.500000 -278.372131 30 5
4218000.000000 4022587.500000 -558.167847 31 5
4218200.000000 4022587.500000 -832.839905 32 5
4218400.000000 4022587.500000 -1102.244019 33 5
4218600.000000 4022587.500000 -1366.390381 34 5
4218800.000000 4022587.500000 -1626.325317 35 5
4219000.000000 4022587.500000 -1880.025269 36 5
4219200.000000 4022587.500000 -2129.667236 37 5
4219400.000000 4022587.500000 -2375.348389 38 5
4219600.000000 4022587.500000 -2616.140381 39 5
4219800.000000 4022587.500000 -2848.086182 40 5
4220000.000000 4022587.500000 -3073.123535 41 5
4220200.000000 4022587.500000 -3292.249756 42 5
4212000.000000 4022959.375000 9657.473633 1 6
4212200.000000 4022959.375000 9284.852539 2 6
4212400.000000 4022959.375000 8913.210938 3 6
4212600.000000 4022959.375000 8542.583008 4 6
4212800.000000 4022959.375000 8172.934570 5 6
4213000.000000 4022959.375000 7805.296875 6 6
4213200.000000 4022959.375000 7438.655273 7 6
4213400.000000 4022959.375000 7074.007324 8 6
4213600.000000 4022959.375000 6711.352051 9 6
4213800.000000 4022959.375000 6350.691406 10 6
4214000.000000 4022959.375000 5991.024902 11 6
4214200.000000 4022959.375000 5636.362305 12 6
4214400.000000 4022959.375000 5283.690918 13 6
4214600.000000 4022959.375000 4933.011719 14 6
4214800.000000 4022959.375000 4585.322754 15 6
4215000.000000 4022959.375000 4240.639160 16 6
4215200.000000 4022959.375000 3899.940430 17 6
4215400.000000 4022959.375000 3562.230957 18 6
4215600.000000 4022959.375000 3225.513672 19 6
4215800.000000 4022959.375000 2893.780762 20 6
4216000.000000 4022959.375000 2565.042725 21 6
4216200.000000 4022959.375000 2243.256592 22 6
4216400.000000 4022959.375000 1928.437378 23 6
4216600.000000 4022959.375000 1619.584595 24 6
4216800.000000 4022959.375000 1313.728394 25 6
4217000.000000 4022959.375000 1011.855713 26 6
4217200.000000 4022959.375000 714.966431 27 6
4217400.000000 4022959.375000 423.065613 28 6
4217600.000000 4022959.375000 136.205902 29 6
4217800.000000 4022959.375000 -146.591858 30 6
4218000.000000 4022959.375000 -426.338379 31 6
4218200.000000 4022959.375000 -702.906616 32 6
4218400.000000 4022959.375000 -973.155518 33 6
4218600.000000 4022959.375000 -1239.103394 34 6
4218800.000000 4022959.375000 -1500.804321 35 6
4219000.000000 4022959.375000 -1756.243164 36 6
4219200.000000 4022959.375000 -2009.636597 37 6
4219400.000000 4022959.375000 -2258.090088 38 6
4219600.000000 4022959.375000 -2500.720947 39 6
4219800.000000 4022959.375000 -2732.529541 40 6
4220000.000000 4022959.375000 -2956.466064 41 6
4220200.000000 4022959.375000 -3172.541504 42 6
4212000.000000 4023331.250000 9733.034180 1 7
4212200.000000 4023331.250000 9361.415039 2 7
4212400.000000 4023331.250000 8990.776367 3 7
4212600.000000 4023331.250000 8621.150391 4 7
4212800.000000 4023331.250000 8252.520508 5 7
4213000.000000 4023331.250000 7885.868164 6 7
4213200.000000 4023331.250000 7521.227539 7 7
4213400.000000 4023331.250000 7157.582031 8 7
4213600.000000 4023331.250000 6795.946289 9 7
4213800.000000 4023331.250000 6436.288574 10 7
4214000.000000 4023331.250000 6079.639160 11 7
4214200.000000 4023331.250000 5725.962891 12 7
4214400.000000 4023331.250000 5375.293945 13 7
4214600.000000 4023331.250000 5026.633789 14 7
4214800.000000 4023331.250000 4680.947266 15 7
4215000.000000 4023331.250000 4338.266602 16 7
4215200.000000 4023331.250000 3999.571533 17 7
4215400.000000 4023331.250000 3663.865723 18 7
4215600.000000 4023331.250000 3330.151123 19 7
4215800.000000 4023331.250000 2999.440674 20 7
4216000.000000 4023331.250000 2673.706055 21 7
4216200.000000 4023331.250000 2353.925537 22 7
4216400.000000 4023331.250000 2041.111816 23 7
4216600.000000 4023331.250000 1733.266357 24 7
4216800.000000 4023331.250000 1429.416748 25 7
4217000.000000 4023331.250000 1129.551636 26 7
4217200.000000 4023331.250000 833.673340 27 7
4217400.000000 4023331.250000 542.806519 28 7
4217600.000000 4023331.250000 256.976654 29 7
4217800.000000 4023331.250000 -26.791754 30 7
4218000.000000 4023331.250000 -306.460724 31 7
4218200.000000 4023331.250000 -583.955139 32 7
4218400.000000 4023331.250000 -856.073303 33 7
4218600.000000 4023331.250000 -1123.860352 34 7
4218800.000000 4023331.250000 -1387.376099 35 7
4219000.000000 4023331.250000 -1645.630127 36 7
4219200.000000 4023331.250000 -1900.846558 37 7
4219400.000000 4023331.250000 -2151.190186 38 7
4219600.000000 4023331.250000 -2396.791992 39 7
4219800.000000 4023331.250000 -2629.371582 40 7
4220000.000000 4023331.250000 -2852.066406 41 7
4220200.000000 4023331.250000 -3065.972900 42 7
4212000.000000 4023703.125000 9807.600586 1 8
4212200.000000 4023703.125000 9436.984375 2 8
4212400.000000 4023703.125000 9067.364258 3 8
4212600.000000 4023703.125000 8697.724609 4 8
4212800.000000 4023703.125000 8330.097656 5 8
4213000.000000 4023703.125000 7964.464844 6 8
4213200.000000 4023703.125000 7599.828125 7 8
4213400.000000 4023703.125000 7237.185547 8 8
4213600.000000 4023703.125000 6877.535156 9 8
4213800.000000 4023703.125000 6519.895996 10 8
4214000.000000 4023703.125000 6164.233887 11 8
4214200.000000 4023703.125000 5811.578613 12 8
4214400.000000 4023703.125000 5462.912598 13 8
4214600.000000 4023703.125000 5116.255859 14 8
4214800.000000 4023703.125000 4771.574707 15 8
4215000.000000 4023703.125000 4430.898438 16 8
4215200.000000 4023703.125000 4094.207764 17 8
4215400.000000 4023703.125000 3759.508789 18 8
4215600.000000 4023703.125000 3427.816406 19 8
4215800.000000 4023703.125000 3099.112061 20 8
4216000.000000 4023703.125000 2775.384521 21 8
4216200.000000 4023703.125000 2457.612061 22 8
4216400.000000 4023703.125000 2145.809082 23 8
4216600.000000 4023703.125000 1839.990112 24 8
4216800.000000 4023703.125000 1537.151978 25 8
4217000.000000 4023703.125000 1238.298706 26 8
4217200.000000 4023703.125000 942.434265 27 8
4217400.000000 4023703.125000 653.581482 28 8
4217600.000000 4023703.125000 366.774750 29 8
4217800.000000 4023703.125000 83.033569 30 8
4218000.000000 4023703.125000 -198.616089 31 8
4218200.000000 4023703.125000 -477.049164 32 8
4218400.000000 4023703.125000 -751.109009 33 8
4218600.000000 4023703.125000 -1021.844788 34 8
4218800.000000 4023703.125000 -1287.287231 35 8
4219000.000000 4023703.125000 -1547.484253 36 8
4219200.000000 4023703.125000 -1804.722290 37 8
4219400.000000 4023703.125000 -2058.150146 38 8
4219600.000000 4023703.125000 -2305.777588 39 8
4219800.000000 4023703.125000 -2538.571045 40 8
4220000.000000 4023703.125000 -2760.304443 41 8
4220200.000000 4023703.125000 -2971.344971 42 8
4212000.000000 4024075.000000 9880.174805 1 9
4212200.000000 4024075.000000 9509.560547 2 9
4212400.000000 4024075.000000 9139.927734 3 9
4212600.000000 4024075.000000 8771.307617 4 9
4212800.000000 4024075.000000 8403.684570 5 9
4213000.000000 4024075.000000 8038.055664 6 9
4213200.000000 4024075.000000 7674.422363 7 9
4213400.000000 4024075.000000 7313.781738 8 9
4213600.000000 4024075.000000 6954.136719 9 9
4213800.000000 4024075.000000 6597.501465 10 9
4214000.000000 4024075.000000 6242.859863 11 9
4214200.000000 4024075.000000 5891.209473 12 9
4214400.000000 4024075.000000 5543.548828 13 9
4214600.000000 4024075.000000 5197.880859 14 9
4214800.000000 4024075.000000 4855.221191 15 9
4215000.000000 4024075.000000 4515.551758 16 9
4215200.000000 4024075.000000 4180.867188 17 9
4215400.000000 4024075.000000 3848.191406 18 9
4215600.000000 4024075.000000 3517.490967 19 9
4215800.000000 4024075.000000 3189.795410 20 9
4216000.000000 4024075.000000 2867.078125 21 9
4216200.000000 4024075.000000 2550.334473 22 9
4216400.000000 4024075.000000 2240.544434 23 9
4216600.000000 4024075.000000 1934.724731 24 9
4216800.000000 4024075.000000 1632.900757 25 9
4217000.000000 4024075.000000 1335.061157 26 9
4217200.000000 4024075.000000 1040.226196 27 9
4217400.000000 4024075.000000 751.368347 28 9
4217600.000000 4024075.000000 463.569672 29 9
4217800.000000 4024075.000000 178.831436 30 9
4218000.000000 4024075.000000 -103.804695 31 9
4218200.000000 4024075.000000 -384.267151 32 9
4218400.000000 4024075.000000 -660.356628 33 9
4218600.000000 4024075.000000 -932.138977 34 9
4218800.000000 4024075.000000 -1200.646606 35 9
4219000.000000 4024075.000000 -1462.973145 36 9
4219200.000000 4024075.000000 -1722.386719 37 9
4219400.000000 4024075.000000 -1977.830078 38 9
4219600.000000 4024075.000000 -2226.930420 39 9
4219800.000000 4024075.000000 -2458.900391 40 9
4220000.000000 4024075.000000 -2679.606934 41 9
4220200.000000 4024075.000000 -2888.909180 42 9
4212000.000000 4024446.875000 9949.754883 1 10
4212200.000000 4024446.875000 9579.127930 2 10
4212400.000000 4024446.875000 9209.514648 3 10
4212600.000000 4024446.875000 8840.899414 4 10
4212800.000000 4024446.875000 8473.262695 5 10
4213000.000000 4024446.875000 8108.637695 6 10
4213200.000000 4024446.875000 7745.008789 7 10
4213400.000000 4024446.875000 7384.390137 8 10
4213600.000000 4024446.875000 7025.749023 9 10
4213800.000000 4024446.875000 6669.119141 10 10
4214000.000000 4024446.875000 6315.482422 11 10
4214200.000000 4024446.875000 5965.835938 12 10
4214400.000000 4024446.875000 5618.182129 13 10
4214600.000000 4024446.875000 5273.520508 14 10
4214800.000000 4024446.875000 4931.867676 15 10
4215000.000000 4024446.875000 4593.205078 16 10
4215200.000000 4024446.875000 4259.529297 17 10
4215400.000000 4024446.875000 3927.862305 18 10
4215600.000000 4024446.875000 3598.187744 19 10
4215800.000000 4024446.875000 3271.485840 20 10
4216000.000000 4024446.875000 2949.796875 21 10
4216200.000000 4024446.875000 2634.050781 22 10
4216400.000000 4024446.875000 2324.295410 23 10
4216600.000000 4024446.875000 2019.492676 24 10
4216800.000000 4024446.875000 1717.686401 25 10
4217000.000000 4024446.875000 1419.863281 26 10
4217200.000000 4024446.875000 1126.024536 27 10
4217400.000000 4024446.875000 836.191895 28 10
4217600.000000 4024446.875000 548.387817 29 10
4217800.000000 4024446.875000 263.630920 30 10
4218000.000000 4024446.875000 -21.053446 31 10
4218200.000000 4024446.875000 -303.557739 32 10
4218400.000000 4024446.875000 -581.761597 33 10
4218600.000000 4024446.875000 -855.676392 34 10
4218800.000000 4024446.875000 -1126.360229 35 10
4219000.000000 4024446.875000 -1391.955444 36 10
4219200.000000 4024446.875000 -1653.631348 37 10
4219400.000000 4024446.875000 -1908.953125 38 10
4219600.000000 4024446.875000 -2157.268799 39 10
4219800.000000 4024446.875000 -2391.154785 40 10
4220000.000000 4024446.875000 -2614.174072 41 10
4220200.000000 4024446.875000 -2825.669922 42 10
4212000.000000 4024818.750000 10016.324219 1 11
4212200.000000 4024818.750000 9645.717773 2 11
4212400.000000 4024818.750000 9275.093750 3 11
4212600.000000 4024818.750000 8906.481445 4 11
4212800.000000 4024818.750000 8539.865234 5 11
4213000.000000 4024818.750000 8175.244629 6 11
4213200.000000 4024818.750000 7811.620605 7 11
4213400.000000 4024818.750000 7450.990234 8 11
4213600.000000 4024818.750000 7092.354980 9 11
4213800.000000 4024818.750000 6736.729980 10 11
4214000.000000 4024818.750000 6383.099609 11 11
4214200.000000 4024818.750000 6033.459961 12 11
4214400.000000 4024818.750000 5686.812500 13 11
4214600.000000 4024818.750000 5343.174805 14 11
4214800.000000 4024818.750000 5002.529297 15 11
4215000.000000 4024818.750000 4663.875977 16 11
4215200.000000 4024818.750000 4331.209473 17 11
4215400.000000 4024818.750000 4000.552246 18 11
4215600.000000 4024818.750000 3671.871582 19 11
4215800.000000 4024818.750000 3345.198975 20 11
4216000.000000 4024818.750000 3023.523926 21 11
4216200.000000 4024818.750000 2707.795654 22 11
4216400.000000 4024818.750000 2398.061035 23 11
4216600.000000 4024818.750000 2094.278564 24 11
4216800.000000 4024818.750000 1792.492432 25 11
4217000.000000 4024818.750000 1494.687866 26 11
4217200.000000 4024818.750000 1199.865601 27 11
4217400.000000 4024818.750000 910.037537 28 11
4217600.000000 4024818.750000 622.218567 29 11
4217800.000000 4024818.750000 337.426147 30 11
4218000.000000 4024818.750000 51.683613 31 11
4218200.000000 4024818.750000 -233.934479 32 11
4218400.000000 4024818.750000 -515.280151 33 11
4218600.000000 4024818.750000 -791.424866 34 11
4218800.000000 4024818.750000 -1064.386108 35 11
4219000.000000 4024818.750000 -1332.352539 36 11
4219200.000000 4024818.750000 -1594.302856 37 11
4219400.000000 4024818.750000 -1850.660645 38 11
4219600.000000 4024818.750000 -2100.523438 39 11
4219800.000000 4024818.750000 -2338.161377 40 11
4220000.000000 4024818.750000 -2562.746826 41 11
4220200.000000 4024818.750000 -2782.043457 42 11
4212000.000000 4025190.625000 10080.916992 1 12
4212200.000000 4025190.625000 9709.299805 2 12
4212400.000000 4025190.625000 9338.678711 3 12
4212600.000000 4025190.625000 8970.071289 4 12
4212800.000000 4025190.625000 8602.460938 5 12
4213000.000000 4025190.625000 8237.844727 6 12
4213200.000000 4025190.625000 7874.226074 7 12
4213400.000000 4025190.625000 7513.601563 8 12
4213600.000000 4025190.625000 7154.988770 9 12
4213800.000000 4025190.625000 6799.353516 10 12
4214000.000000 4025190.625000 6445.730469 11 12
4214200.000000 4025190.625000 6096.098633 12 12
4214400.000000 4025190.625000 5750.474609 13 12
4214600.000000 4025190.625000 5406.829102 14 12
4214800.000000 4025190.625000 5066.193359 15 12
4215000.000000 4025190.625000 4728.549805 16 12
4215200.000000 4025190.625000 4394.895996 17 12
4215400.000000 4025190.625000 4064.251221 18 12
4215600.000000 4025190.625000 3735.600342 19 12
4215800.000000 4025190.625000 3409.940918 20 12
4216000.000000 4025190.625000 3088.265869 21 12
4216200.000000 4025190.625000 2772.574951 22 12
4216400.000000 4025190.625000 2462.849121 23 12
4216600.000000 4025190.625000 2158.094727 24 12
4216800.000000 4025190.625000 1857.333862 25 12
4217000.000000 4025190.625000 1558.555664 26 12
4217200.000000 4025190.625000 1263.771729 27 12
4217400.000000 4025190.625000 972.938538 28 12
4217600.000000 4025190.625000 684.108826 29 12
4217800.000000 4025190.625000 397.282440 30 12
4218000.000000 4025190.625000 110.475075 31 12
4218200.000000 4025190.625000 -176.261688 32 12
4218400.000000 4025190.625000 -459.824097 33 12
4218600.000000 4025190.625000 -739.220703 34 12
4218800.000000 4025190.625000 -1015.514648 35 12
4219000.000000 4025190.625000 -1284.764893 36 12
4219200.000000 4025190.625000 -1548.127075 37 12
4219400.000000 4025190.625000 -1806.369263 38 12
4219600.000000 4025190.625000 -2058.190186 39 12
4219800.000000 4025190.625000 -2298.532227 40 12
4220000.000000 4025190.625000 -2524.039551 41 12
4220200.000000 4025190.625000 -2764.881104 42 12
4212000.000000 4025562.500000 10142.500000 1 13
4212200.000000 4025562.500000 9770.886719 2 13
4212400.000000 4025562.500000 9399.271484 3 13
4212600.000000 4025562.500000 9028.670898 4 13
4212800.000000 4025562.500000 8661.064453 5 13
4213000.000000 4025562.500000 8295.455078 6 13
4213200.000000 4025562.500000 7931.841797 7 13
4213400.000000 4025562.500000 7571.223145 8 13
4213600.000000 4025562.500000 7212.600098 9 13
4213800.000000 4025562.500000 6856.988281 10 13
4214000.000000 4025562.500000 6503.372559 11 13
4214200.000000 4025562.500000 6153.748535 12 13
4214400.000000 4025562.500000 5807.118652 13 13
4214600.000000 4025562.500000 5463.499512 14 13
4214800.000000 4025562.500000 5122.874023 15 13
4215000.000000 4025562.500000 4784.242676 16 13
4215200.000000 4025562.500000 4451.600098 17 13
4215400.000000 4025562.500000 4120.969238 18 13
4215600.000000 4025562.500000 3791.317139 19 13
4215800.000000 4025562.500000 3465.673096 20 13
4216000.000000 4025562.500000 3143.017334 21 13
4216200.000000 4025562.500000 2826.351318 22 13
4216400.000000 4025562.500000 2516.654541 23 13
4216600.000000 4025562.500000 2211.949707 24 13
4216800.000000 4025562.500000 1910.225220 25 13
4217000.000000 4025562.500000 1610.467896 26 13
4217200.000000 4025562.500000 1314.721924 27 13
4217400.000000 4025562.500000 1023.922729 28 13
4217600.000000 4025562.500000 734.116638 29 13
4217800.000000 4025562.500000 446.298859 30 13
4218000.000000 4025562.500000 158.480072 31 13
4218200.000000 4025562.500000 -130.309753 32 13
4218400.000000 4025562.500000 -416.992065 33 13
4218600.000000 4025562.500000 -699.570190 34 13
4218800.000000 4025562.500000 -979.026794 35 13
4219000.000000 4025562.500000 -1250.258911 36 13
4219200.000000 4025562.500000 -1513.339966 37 13
4219400.000000 4025562.500000 -1771.222656 38 13
4219600.000000 4025562.500000 -2024.436035 39 13
4219800.000000 4025562.500000 -2285.993408 40 13
4220000.000000 4025562.500000 -2568.885986 41 13
4220200.000000 4025562.500000 -2847.727539 42 13
4212000.000000 4025934.375000 10201.071289 1 14
4212200.000000 4025934.375000 9827.480469 2 14
4212400.000000 4025934.375000 9455.870117 3 14
4212600.000000 4025934.375000 9084.275391 4 14
4212800.000000 4025934.375000 8716.657227 5 14
4213000.000000 4025934.375000 8350.054688 6 14
4213200.000000 4025934.375000 7985.447754 7 14
4213400.000000 4025934.375000 7623.836426 8 14
4213600.000000 4025934.375000 7266.235352 9 14
4213800.000000 4025934.375000 6909.615234 10 14
4214000.000000 4025934.375000 6555.007813 11 14
4214200.000000 4025934.375000 6204.394043 12 14
4214400.000000 4025934.375000 5857.773438 13 14
4214600.000000 4025934.375000 5513.165039 14 14
4214800.000000 4025934.375000 5171.551758 15 14
4215000.000000 4025934.375000 4833.931152 16 14
4215200.000000 4025934.375000 4500.302734 17 14
4215400.000000 4025934.375000 4168.669922 18 14
4215600.000000 4025934.375000 3839.049316 19 14
4215800.000000 4025934.375000 3511.423828 20 14
4216000.000000 4025934.375000 3188.786865 21 14
4216200.000000 4025934.375000 2872.145264 22 14
4216400.000000 4025934.375000 2561.480713 23 14
4216600.000000 4025934.375000 2254.797852 24 14
4216800.000000 4025934.375000 1952.114258 25 14
4217000.000000 4025934.375000 1651.417236 26 14
4217200.000000 4025934.375000 1354.701294 27 14
4217400.000000 4025934.375000 1061.969849 28 14
4217600.000000 4025934.375000 771.193542 29 14
4217800.000000 4025934.375000 481.416107 30 14
4218000.000000 4025934.375000 191.626038 31 14
4218200.000000 4025934.375000 -98.179886 32 14
4218400.000000 4025934.375000 -386.893829 33 14
4218600.000000 4025934.375000 -673.502625 34 14
4218800.000000 4025934.375000 -954.939758 35 14
4219000.000000 4025934.375000 -1227.876221 36 14
4219200.000000 4025934.375000 -1489.357300 37 14
4219400.000000 4025934.375000 -1745.738159 38 14
4219600.000000 4025934.375000 -1997.068726 39 14
4219800.000000 4025934.375000 -2255.217041 40 14
4220000.000000 4025934.375000 -2557.195801 41 14
4220200.000000 4025934.375000 -2881.454834 42 14
4212000.000000 4026306.250000 10256.665039 1 15
4212200.000000 4026306.250000 9882.062500 2 15
4212400.000000 4026306.250000 9508.458008 3 15
4212600.000000 4026306.250000 9137.866211 4 15
4212800.000000 4026306.250000 8768.255859 5 15
4213000.000000 4026306.250000 8401.658203 6 15
4213200.000000 4026306.250000 8036.058594 7 15
4213400.000000 4026306.250000 7673.454590 8 15
4213600.000000 4026306.250000 7314.861328 9 15
4213800.000000 4026306.250000 6957.249512 10 15
4214000.000000 4026306.250000 6602.649902 11 15
4214200.000000 4026306.250000 6252.044434 12 15
4214400.000000 4026306.250000 5903.435547 13 15
4214600.000000 4026306.250000 5558.837891 14 15
4214800.000000 4026306.250000 5216.219727 15 15
4215000.000000 4026306.250000 4877.612305 16 15
4215200.000000 4026306.250000 4543.014648 17 15
4215400.000000 4026306.250000 4210.397461 18 15
4215600.000000 4026306.250000 3878.777588 19 15
4215800.000000 4026306.250000 3551.168457 20 15
4216000.000000 4026306.250000 3227.551270 21 15
4216200.000000 4026306.250000 2909.936035 22 15
4216400.000000 4026306.250000 2598.304688 23 15
4216600.000000 4026306.250000 2289.661621 24 15
4216800.000000 4026306.250000 1986.021118 25 15
4217000.000000 4026306.250000 1684.371216 26 15
4217200.000000 4026306.250000 1385.708008 27 15
4217400.000000 4026306.250000 1092.018677 28 15
4217600.000000 4026306.250000 798.323181 29 15
4217800.000000 4026306.250000 506.591156 30 15
4218000.000000 4026306.250000 214.859283 31 15
4218200.000000 4026306.250000 -76.896538 32 15
4218400.000000 4026306.250000 -367.543304 33 15
4218600.000000 4026306.250000 -655.031128 34 15
4218800.000000 4026306.250000 -939.235229 35 15
4219000.000000 4026306.250000 -1213.629883 36 15
4219200.000000 4026306.250000 -1474.407349 37 15
4219400.000000 4026306.250000 -1728.580811 38 15
4219600.000000 4026306.250000 -1980.151978 39 15
4219800.000000 4026306.250000 -2231.104248 40 15
4220000.000000 4026306.250000 -2552.454102 41 15
4220200.000000 4026306.250000 -2912.787354 42 15
4212000.000000 4026678.125000 10309.245117 1 16
4212200.000000 4026678.125000 9933.647461 2 16
4212400.000000 4026678.125000 9560.064453 3 16
4212600.000000 4026678.125000 9187.462891 4 16
4212800.000000 4026678.125000 8816.859375 5 16
4213000.000000 4026678.125000 8448.268555 6 16
4213200.000000 4026678.125000 8082.674805 7 16
4213400.000000 4026678.125000 7720.076660 8 16
4213600.000000 4026678.125000 7359.476074 9 16
4213800.000000 4026678.125000 7000.889160 10 16
4214000.000000 4026678.125000 6645.282227 11 16
4214200.000000 4026678.125000 6293.686523 12 16
4214400.000000 4026678.125000 5944.104980 13 16
4214600.000000 4026678.125000 5597.502441 14 16
4214800.000000 4026678.125000 5254.912109 15 16
4215000.000000 4026678.125000 4915.300781 16 16
4215200.000000 4026678.125000 4578.719238 17 16
4215400.000000 4026678.125000 4244.118164 18 16
4215600.000000 4026678.125000 3912.513184 19 16
4215800.000000 4026678.125000 3582.922363 20 16
4216000.000000 4026678.125000 3258.324951 21 16
4216200.000000 4026678.125000 2939.718750 22 16
4216400.000000 4026678.125000 2626.121094 23 16
4216600.000000 4026678.125000 2316.532715 24 16
4216800.000000 4026678.125000 2009.921265 25 16
4217000.000000 4026678.125000 1706.320068 26 16
4217200.000000 4026678.125000 1406.709717 27 16
4217400.000000 4026678.125000 1111.084351 28 16
4217600.000000 4026678.125000 816.443298 29 16
4217800.000000 4026678.125000 521.790710 30 16
4218000.000000 4026678.125000 228.142258 31 16
4218200.000000 4026678.125000 -65.512177 32 16
4218400.000000 4026678.125000 -357.985382 33 16
4218600.000000 4026678.125000 -648.200867 34 16
4218800.000000 4026678.125000 -934.955444 35 16
4219000.000000 4026678.125000 -1210.666504 36 16
4219200.000000 4026678.125000 -1471.712402 37 16
4219400.000000 4026678.125000 -1722.180176 38 16
4219600.000000 4026678.125000 -1964.962769 39 16
4219800.000000 4026678.125000 -2216.953857 40 16
4220000.000000 4026678.125000 -2561.981689 41 16
4220200.000000 4026678.125000 -2949.502930 42 16
4212000.000000 4027050.000000 10358.829102 1 17
4212200.000000 4027050.000000 9982.236328 2 17
4212400.000000 4027050.000000 9607.659180 3 17
4212600.000000 4027050.000000 9233.064453 4 17
4212800.000000 4027050.000000 8861.466797 5 17
4213000.000000 4027050.000000 8491.882813 6 17
4213200.000000 4027050.000000 8125.295410 7 17
4213400.000000 4027050.000000 7760.705566 8 17
4213600.000000 4027050.000000 7400.111328 9 17
4213800.000000 4027050.000000 7040.516602 10 17
4214000.000000 4027050.000000 6682.936035 11 17
4214200.000000 4027050.000000 6329.334961 12 17
4214400.000000 4027050.000000 5978.747070 13 17
4214600.000000 4027050.000000 5631.172852 14 17
4214800.000000 4027050.000000 5286.578613 15 17
4215000.000000 4027050.000000 4944.998047 16 17
4215200.000000 4027050.000000 4606.415039 17 17
4215400.000000 4027050.000000 4269.830078 18 17
4215600.000000 4027050.000000 3936.242188 19 17
4215800.000000 4027050.000000 3605.668213 20 17
4216000.000000 4027050.000000 3279.091309 21 17
4216200.000000 4027050.000000 2958.510986 22 17
4216400.000000 4027050.000000 2642.945557 23 17
4216600.000000 4027050.000000 2331.378418 24 17
4216800.000000 4027050.000000 2022.809570 25 17
4217000.000000 4027050.000000 1717.255127 26 17
4217200.000000 4027050.000000 1415.696899 27 17
4217400.000000 4027050.000000 1118.133789 28 17
4217600.000000 4027050.000000 821.566772 29 17
4217800.000000 4027050.000000 524.996826 30 17
4218000.000000 4027050.000000 229.423004 31 17
4218200.000000 4027050.000000 -66.123581 32 17
4218400.000000 4027050.000000 -360.440155 33 17
4218600.000000 4027050.000000 -652.416565 34 17
4218800.000000 4027050.000000 -940.824097 35 17
4219000.000000 4027050.000000 -1216.994385 36 17
4219200.000000 4027050.000000 -1478.090942 37 17
4219400.000000 4027050.000000 -1726.252075 38 17
4219600.000000 4027050.000000 -1978.076538 39 17
4219800.000000 4027050.000000 -2252.516113 40 17
4220000.000000 4027050.000000 -2565.966309 41 17
4220200.000000 4027050.000000 -2927.632080 42 17
4212000.000000 4027421.875000 10403.418945 1 18
4212200.000000 4027421.875000 10024.833008 2 18
4212400.000000 4027421.875000 9648.245117 3 18
4212600.000000 4027421.875000 9272.656250 4 18
4212800.000000 4027421.875000 8899.065430 5 18
4213000.000000 4027421.875000 8528.488281 6 18
4213200.000000 4027421.875000 8159.908691 7 18
4213400.000000 4027421.875000 7793.310547 8 18
4213600.000000 4027421.875000 7430.725586 9 18
4213800.000000 4027421.875000 7069.156738 10 18
4214000.000000 4027421.875000 6709.569824 11 18
4214200.000000 4027421.875000 6353.996094 12 18
4214400.000000 4027421.875000 6002.418457 13 18
4214600.000000 4027421.875000 5652.839844 14 18
4214800.000000 4027421.875000 5305.259766 15 18
4215000.000000 4027421.875000 4961.693359 16 18
4215200.000000 4027421.875000 4622.107422 17 18
4215400.000000 4027421.875000 4284.537109 18 18
4215600.000000 4027421.875000 3947.983398 19 18
4215800.000000 4027421.875000 3615.410400 20 18
4216000.000000 4027421.875000 3285.854492 21 18
4216200.000000 4027421.875000 2963.299072 22 18
4216400.000000 4027421.875000 2645.748047 23 18
4216600.000000 4027421.875000 2331.218018 24 18
4216800.000000 4027421.875000 2020.689697 25 18
4217000.000000 4027421.875000 1713.179443 26 18
4217200.000000 4027421.875000 1408.655151 27 18
4217400.000000 4027421.875000 1108.153320 28 18
4217600.000000 4027421.875000 809.660156 29 18
4217800.000000 4027421.875000 512.174072 30 18
4218000.000000 4027421.875000 213.697266 31 18
4218200.000000 4027421.875000 -83.742241 32 18
4218400.000000 4027421.875000 -379.948059 33 18
4218600.000000 4027421.875000 -672.800293 34 18
4218800.000000 4027421.875000 -963.080322 35 18
4219000.000000 4027421.875000 -1242.225952 36 18
4219200.000000 4027421.875000 -1506.184814 37 18
4219400.000000 4027421.875000 -1756.580322 38 18
4219600.000000 4027421.875000 -2004.908325 39 18
4219800.000000 4027421.875000 -2285.238525 40 18
4220000.000000 4027421.875000 -2579.287842 41 18
4220200.000000 4027421.875000 -2912.520508 42 18
4212000.000000 4027793.750000 10443.996094 1 19
4212200.000000 4027793.750000 10064.415039 2 19
4212400.000000 4027793.750000 9685.833984 3 19
4212600.000000 4027793.750000 9309.250977 4 19
4212800.000000 4027793.750000 8933.666992 5 19
4213000.000000 4027793.750000 8561.096680 6 19
4213200.000000 4027793.750000 8190.509277 7 19
4213400.000000 4027793.750000 7821.936523 8 19
4213600.000000 4027793.750000 7456.361328 9 19
4213800.000000 4027793.750000 7092.785156 10 19
4214000.000000 4027793.750000 6731.208008 11 19
4214200.000000 4027793.750000 6373.628418 12 19
4214400.000000 4027793.750000 6020.062012 13 19
4214600.000000 4027793.750000 5667.496582 14 19
4214800.000000 4027793.750000 5318.928223 15 19
4215000.000000 4027793.750000 4972.376465 16 19
4215200.000000 4027793.750000 4629.806152 17 19
4215400.000000 4027793.750000 4290.250977 18 19
4215600.000000 4027793.750000 3951.697021 19 19
4215800.000000 4027793.750000 3616.142334 20 19
4216000.000000 4027793.750000 3283.606689 21 19
4216200.000000 4027793.750000 2957.077637 22 19
4216400.000000 4027793.750000 2637.555664 23 19
4216600.000000 4027793.750000 2321.059326 24 19
4216800.000000 4027793.750000 2007.569702 25 19
4217000.000000 4027793.750000 1697.085205 26 19
4217200.000000 4027793.750000 1389.607666 27 19
4217400.000000 4027793.750000 1087.161987 28 19
4217600.000000 4027793.750000 786.741333 29 19
4217800.000000 4027793.750000 487.340637 30 19
4218000.000000 4027793.750000 187.959167 31 19
4218200.000000 4027793.750000 -112.398178 32 19
4218400.000000 4027793.750000 -410.586609 33 19
4218600.000000 4027793.750000 -705.480347 34 19
4218800.000000 4027793.750000 -998.012512 35 19
4219000.000000 4027793.750000 -1279.940430 36 19
4219200.000000 4027793.750000 -1547.705444 37 19
4219400.000000 4027793.750000 -1808.927368 38 19
4219600.000000 4027793.750000 -2084.859131 39 19
4219800.000000 4027793.750000 -2406.295410 40 19
4220000.000000 4027793.750000 -2718.031006 41 19
4220200.000000 4027793.750000 -3002.077393 42 19
4212000.000000 4028165.625000 10482.590820 1 20
4212200.000000 4028165.625000 10100.999023 2 20
4212400.000000 4028165.625000 9720.424805 3 20
4212600.000000 4028165.625000 9341.847656 4 20
4212800.000000 4028165.625000 8965.270508 5 20
4213000.000000 4028165.625000 8589.692383 6 20
4213200.000000 4028165.625000 8217.112305 7 20
4213400.000000 4028165.625000 7846.547363 8 20
4213600.000000 4028165.625000 7478.981445 9 20
4213800.000000 4028165.625000 7112.415527 10 20
4214000.000000 4028165.625000 6748.847656 11 20
4214200.000000 4028165.625000 6389.278320 12 20
4214400.000000 4028165.625000 6031.708984 13 20
4214600.000000 4028165.625000 5677.155273 14 20
4214800.000000 4028165.625000 5325.600098 15 20
4215000.000000 4028165.625000 4977.044434 16 20
4215200.000000 4028165.625000 4631.505859 17 20
4215400.000000 4028165.625000 4288.950195 18 20
4215600.000000 4028165.625000 3947.412354 19 20
4215800.000000 4028165.625000 3608.874756 20 20
4216000.000000 4028165.625000 3273.341553 21 20
4216200.000000 4028165.625000 2943.835449 22 20
4216400.000000 4028165.625000 2621.340576 23 20
4216600.000000 4028165.625000 2301.858398 24 20
4216800.000000 4028165.625000 1985.402710 25 20
4217000.000000 4028165.625000 1671.954712 26 20
4217200.000000 4028165.625000 1361.517578 27 20
4217400.000000 4028165.625000 1057.120728 28 20
4217600.000000 4028165.625000 752.749268 29 20
4217800.000000 4028165.625000 450.422943 30 20
4218000.000000 4028165.625000 150.119354 31 20
4218200.000000 4028165.625000 -152.167130 32 20
4218400.000000 4028165.625000 -452.474915 33 20
4218600.000000 4028165.625000 -749.689636 34 20
4218800.000000 4028165.625000 -1043.808350 35 20
4219000.000000 4028165.625000 -1328.880737 36 20
4219200.000000 4028165.625000 -1602.822998 37 20
4219400.000000 4028165.625000 -1872.855713 38 20
4219600.000000 4028165.625000 -2148.971924 39 20
4219800.000000 4028165.625000 -2449.157471 40 20
4220000.000000 4028165.625000 -2757.635986 41 20
4220200.000000 4028165.625000 -3059.420654 42 20
4212000.000000 4028537.500000 10519.168945 1 21
4212200.000000 4028537.500000 10135.583984 2 21
4212400.000000 4028537.500000 9753.015625 3 21
4212600.000000 4028537.500000 9371.447266 4 21
4212800.000000 4028537.500000 8992.859375 5 21
4213000.000000 4028537.500000 8616.288086 6 21
4213200.000000 4028537.500000 8240.732422 7 21
4213400.000000 4028537.500000 7867.160645 8 21
4213600.000000 4028537.500000 7497.586426 9 21
4213800.000000 4028537.500000 7129.029297 10 21
4214000.000000 4028537.500000 6762.472168 11 21
4214200.000000 4028537.500000 6399.913574 12 21
4214400.000000 4028537.500000 6040.354980 13 21
4214600.000000 4028537.500000 5682.813477 14 21
4214800.000000 4028537.500000 5328.271484 15 21
4215000.000000 4028537.500000 4976.729492 16 21
4215200.000000 4028537.500000 4628.188477 17 21
4215400.000000 4028537.500000 4281.648926 18 21
4215600.000000 4028537.500000 3937.126709 19 21
4215800.000000 4028537.500000 3595.588623 20 21
4216000.000000 4028537.500000 3256.074219 21 21
4216200.000000 4028537.500000 2923.589111 22 21
4216400.000000 4028537.500000 2598.118652 23 21
4216600.000000 4028537.500000 2275.663818 24 21
4216800.000000 4028537.500000 1956.220825 25 21
4217000.000000 4028537.500000 1638.805664 26 21
4217200.000000 4028537.500000 1325.403076 27 21
4217400.000000 4028537.500000 1017.032532 28 21
4217600.000000 4028537.500000 709.713562 29 21
4217800.000000 4028537.500000 404.446716 30 21
4218000.000000 4028537.500000 101.189377 31 21
4218200.000000 4028537.500000 -203.063110 32 21
4218400.000000 4028537.500000 -505.487244 33 21
4218600.000000 4028537.500000 -805.084473 34 21
4218800.000000 4028537.500000 -1100.857788 35 21
4219000.000000 4028537.500000 -1388.954834 36 21
4219200.000000 4028537.500000 -1668.151367 37 21
4219400.000000 4028537.500000 -1943.192993 38 21
4219600.000000 4028537.500000 -2222.875488 39 21
4219800.000000 4028537.500000 -2512.044434 40 21
4220000.000000 4028537.500000 -2810.815674 41 21
4220200.000000 4028537.500000 -3113.032715 42 21
4212000.000000 4028909.375000 10552.749023 1 22
4212200.000000 4028909.375000 10167.169922 2 22
4212400.000000 4028909.375000 9782.590820 3 22
4212600.000000 4028909.375000 9399.028320 4 22
4212800.000000 4028909.375000 9018.464844 5 22
4213000.000000 4028909.375000 8637.885742 6 22
4213200.000000 4028909.375000 8260.321289 7 22
4213400.000000 4028909.375000 7884.757324 8 22
4213600.000000 4028909.375000 7512.208984 9 22
4213800.000000 4028909.375000 7140.645020 10 22
4214000.000000 4028909.375000 6771.098145 11 22
4214200.000000 4028909.375000 6405.550293 12 22
4214400.000000 4028909.375000 6043.002930 13 22
4214600.000000 4028909.375000 5682.456543 14 22
4214800.000000 4028909.375000 5323.927734 15 22
4215000.000000 4028909.375000 4968.382813 16 22
4215200.000000 4028909.375000 4616.855957 17 22
4215400.000000 4028909.375000 4266.331543 18 22
4215600.000000 4028909.375000 3918.806885 19 22
4215800.000000 4028909.375000 3573.302002 20 22
4216000.000000 4028909.375000 3230.803711 21 22
4216200.000000 4028909.375000 2895.320557 22 22
4216400.000000 4028909.375000 2564.857178 23 22
4216600.000000 4028909.375000 2239.425293 24 22
4216800.000000 4028909.375000 1916.008057 25 22
4217000.000000 4028909.375000 1595.618408 26 22
4217200.000000 4028909.375000 1278.227539 27 22
4217400.000000 4028909.375000 965.888916 28 22
4217600.000000 4028909.375000 655.606079 29 22
4217800.000000 4028909.375000 346.365173 30 22
4218000.000000 4028909.375000 39.171246 31 22
4218200.000000 4028909.375000 -267.066132 32 22
4218400.000000 4028909.375000 -571.560486 33 22
4218600.000000 4028909.375000 -873.393677 34 22
4218800.000000 4028909.375000 -1170.627441 35 22
4219000.000000 4028909.375000 -1462.468994 36 22
4219200.000000 4028909.375000 -1746.133179 37 22
4219400.000000 4028909.375000 -2025.710449 38 22
4219600.000000 4028909.375000 -2305.550293 39 22
4219800.000000 4028909.375000 -2588.247070 40 22
4220000.000000 4028909.375000 -2878.669189 41 22
4220200.000000 4028909.375000 -3167.762207 42 22
4212000.000000 4029281.250000 10583.311523 1 23
4212200.000000 4029281.250000 10195.738281 2 23
4212400.000000 4029281.250000 9808.183594 3 23
4212600.000000 4029281.250000 9422.610352 4 23
4212800.000000 4029281.250000 9039.038086 5 23
4213000.000000 4029281.250000 8656.482422 6 23
4213200.000000 4029281.250000 8274.927734 7 23
4213400.000000 4029281.250000 7897.370605 8 23
4213600.000000 4029281.250000 7520.815918 9 23
4213800.000000 4029281.250000 7147.259766 10 23
4214000.000000 4029281.250000 6774.705566 11 23
4214200.000000 4029281.250000 6405.168945 12 23
4214400.000000 4029281.250000 6039.632324 13 23
4214600.000000 4029281.250000 5676.096680 14 23
4214800.000000 4029281.250000 5313.563477 15 23
4215000.000000 4029281.250000 4955.030762 16 23
4215200.000000 4029281.250000 4598.518066 17 23
4215400.000000 4029281.250000 4245.006348 18 23
4215600.000000 4029281.250000 3893.496094 19 23
4215800.000000 4029281.250000 3543.989014 20 23
4216000.000000 4029281.250000 3197.489502 21 23
4216200.000000 4029281.250000 2858.022705 22 23
4216400.000000 4029281.250000 2523.577637 23 23
4216600.000000 4029281.250000 2193.165283 24 23
4216800.000000 4029281.250000 1865.766846 25 23
4217000.000000 4029281.250000 1541.379150 26 23
4217200.000000 4029281.250000 1220.005981 27 23
4217400.000000 4029281.250000 902.683655 28 23
4217600.000000 4029281.250000 588.397705 29 23
4217800.000000 4029281.250000 275.174164 30 23
4218000.000000 4029281.250000 -36.007462 31 23
4218200.000000 4029281.250000 -345.162994 32 23
4218400.000000 4029281.250000 -651.554382 33 23
4218600.000000 4029281.250000 -953.250305 34 23
4218800.000000 4029281.250000 -1252.391968 35 23
4219000.000000 4029281.250000 -1546.375000 36 23
4219200.000000 4029281.250000 -1835.194580 37 23
4219400.000000 4029281.250000 -2119.044678 38 23
4219600.000000 4029281.250000 -2399.004883 39 23
4219800.000000 4029281.250000 -2678.299316 40 23
4220000.000000 4029281.250000 -2959.687988 41 23
4220200.000000 4029281.250000 -3236.948730 42 23
4212000.000000 4029653.125000 10611.887695 1 24
4212200.000000 4029653.125000 10221.322266 2 24
4212400.000000 4029653.125000 9831.755859 3 24
4212600.000000 4029653.125000 9443.190430 4 24
4212800.000000 4029653.125000 9056.625000 5 24
4213000.000000 4029653.125000 8671.077148 6 24
4213200.000000 4029653.125000 8287.512695 7 24
4213400.000000 4029653.125000 7905.964844 8 24
4213600.000000 4029653.125000 7526.401855 9 24
4213800.000000 4029653.125000 7148.855469 10 24
4214000.000000 4029653.125000 6773.327148 11 24
4214200.000000 4029653.125000 6400.783203 12 24
4214400.000000 4029653.125000 6031.240723 13 24
4214600.000000 4029653.125000 5663.715820 14 24
4214800.000000 4029653.125000 5297.194336 15 24
4215000.000000 4029653.125000 4934.673340 16 24
4215200.000000 4029653.125000 4574.156738 17 24
4215400.000000 4029653.125000 4216.657227 18 24
4215600.000000 4029653.125000 3860.144043 19 24
4215800.000000 4029653.125000 3507.648682 20 24
4216000.000000 4029653.125000 3157.162354 21 24
4216200.000000 4029653.125000 2812.710693 22 24
4216400.000000 4029653.125000 2473.280762 23 24
4216600.000000 4029653.125000 2138.865723 24 24
4216800.000000 4029653.125000 1807.480225 25 24
4217000.000000 4029653.125000 1478.089600 26 24
4217200.000000 4029653.125000 1151.728516 27 24
4217400.000000 4029653.125000 830.395264 28 24
4217600.000000 4029653.125000 511.125641 29 24
4217800.000000 4029653.125000 193.882050 30 24
4218000.000000 4029653.125000 -121.298996 31 24
4218200.000000 4029653.125000 -433.437592 32 24
4218400.000000 4029653.125000 -740.688721 33 24
4218600.000000 4029653.125000 -1044.131348 34 24
4218800.000000 4029653.125000 -1343.907593 35 24
4219000.000000 4029653.125000 -1640.464722 36 24
4219200.000000 4029653.125000 -1931.846558 37 24
4219400.000000 4029653.125000 -2218.925781 38 24
4219600.000000 4029653.125000 -2501.526123 39 24
4219800.000000 4029653.125000 -2778.841064 40 24
4220000.000000 4029653.125000 -3053.638428 41 24
4220200.000000 4029653.125000 -3322.880371 42 24
4212000.000000 4030025.000000 10638.447266 1 25
4212200.000000 4030025.000000 10245.886719 2 25
4212400.000000 4030025.000000 9853.328125 3 25
4212600.000000 4030025.000000 9461.769531 4 25
4212800.000000 4030025.000000 9071.212891 5 25
4213000.000000 4030025.000000 8682.655273 6 25
4213200.000000 4030025.000000 8296.098633 7 25
4213400.000000 4030025.000000 7910.543457 8 25
4213600.000000 4030025.000000 7528.004883 9 25
4213800.000000 4030025.000000 7147.466797 10 25
4214000.000000 4030025.000000 6767.914551 11 25
4214200.000000 4030025.000000 6392.395996 12 25
4214400.000000 4030025.000000 6017.865234 13 25
4214600.000000 4030025.000000 5646.334473 14 25
4214800.000000 4030025.000000 5275.823730 15 25
4215000.000000 4030025.000000 4908.298340 16 25
4215200.000000 4030025.000000 4543.792969 17 25
4215400.000000 4030025.000000 4182.305176 18 25
4215600.000000 4030025.000000 3821.803955 19 25
4215800.000000 4030025.000000 3464.305176 20 25
4216000.000000 4030025.000000 3109.831055 21 25
4216200.000000 4030025.000000 2760.376221 22 25
4216400.000000 4030025.000000 2416.958496 23 25
4216600.000000 4030025.000000 2077.555908 24 25
4216800.000000 4030025.000000 1741.165527 25 25
4217000.000000 4030025.000000 1407.784424 26 25
4217200.000000 4030025.000000 1076.432617 27 25
4217400.000000 4030025.000000 749.088379 28 25
4217600.000000 4030025.000000 425.796448 29 25
4217800.000000 4030025.000000 104.558815 30 25
4218000.000000 4030025.000000 -215.650223 31 25
4218200.000000 4030025.000000 -530.785095 32 25
4218400.000000 4030025.000000 -839.941162 33 25
4218600.000000 4030025.000000 -1144.180298 34 25
4218800.000000 4030025.000000 -1445.638794 35 25
4219000.000000 4030025.000000 -1743.683594 36 25
4219200.000000 4030025.000000 -2036.425293 37 25
4219400.000000 4030025.000000 -2325.670654 38 25
4219600.000000 4030025.000000 -2610.235352 39 25
4219800.000000 4030025.000000 -2888.599854 40 25
4220000.000000 4030025.000000 -3161.654785 41 25
4220200.000000 4030025.000000 -3428.351074 42 25
4212000.000000 4030396.875000 10663.005859 1 26
4212200.000000 4030396.875000 10266.453125 2 26
4212400.000000 4030396.875000 9871.883789 3 26
4212600.000000 4030396.875000 9477.332031 4 26
4212800.000000 4030396.875000 9083.782227 5 26
4213000.000000 4030396.875000 8691.233398 6 26
4213200.000000 4030396.875000 8300.685547 7 26
4213400.000000 4030396.875000 7912.137207 8 26
4213600.000000 4030396.875000 7525.591309 9 26
4213800.000000 4030396.875000 7141.045898 10 26
4214000.000000 4030396.875000 6758.518066 11 26
4214200.000000 4030396.875000 6377.994141 12 26
4214400.000000 4030396.875000 5999.472656 13 26
4214600.000000 4030396.875000 5622.953613 14 26
4214800.000000 4030396.875000 5248.436523 15 26
4215000.000000 4030396.875000 4875.922852 16 26
4215200.000000 4030396.875000 4506.429688 17 26
4215400.000000 4030396.875000 4139.937500 18 26
4215600.000000 4030396.875000 3775.447266 19 26
4215800.000000 4030396.875000 3412.960693 20 26
4216000.000000 4030396.875000 3053.482422 21 26
4216200.000000 4030396.875000 2700.038818 22 26
4216400.000000 4030396.875000 2351.615967 23 26
4216600.000000 4030396.875000 2008.222900 24 26
4216800.000000 4030396.875000 1666.825317 25 26
4217000.000000 4030396.875000 1328.452759 26 26
4217200.000000 4030396.875000 992.091492 27 26
4217400.000000 4030396.875000 660.765503 28 26
4217600.000000 4030396.875000 332.467926 29 26
4217800.000000 4030396.875000 7.199454 30 26
4218000.000000 4030396.875000 -316.031830 31 26
4218200.000000 4030396.875000 -634.203369 32 26
4218400.000000 4030396.875000 -946.318787 33 26
4218600.000000 4030396.875000 -1253.449219 34 26
4218800.000000 4030396.875000 -1557.650513 35 26
4219000.000000 4030396.875000 -1856.242554 36 26
4219200.000000 4030396.875000 -2151.342773 37 26
4219400.000000 4030396.875000 -2441.776855 38 26
4219600.000000 4030396.875000 -2728.418213 39 26
4219800.000000 4030396.875000 -3008.925537 40 26
4220000.000000 4030396.875000 -3284.222900 41 26
4220200.000000 4030396.875000 -3553.198730 42 26
4212000.000000 4030768.750000 10685.562500 1 27
4212200.000000 4030768.750000 10286.016602 2 27
4212400.000000 4030768.750000 9886.456055 3 27
4212600.000000 4030768.750000 9488.894531 4 27
4212800.000000 4030768.750000 9092.351563 5 27
4213000.000000 4030768.750000 8696.792969 6 27
4213200.000000 4030768.750000 8303.251953 7 27
4213400.000000 4030768.750000 7910.712402 8 27
4213600.000000 4030768.750000 7519.176270 9 27
4213800.000000 4030768.750000 7129.640625 10 27
4214000.000000 4030768.750000 6743.105469 11 27
4214200.000000 4030768.750000 6357.574707 12 27
4214400.000000 4030768.750000 5975.062988 13 27
4214600.000000 4030768.750000 5594.553223 14 27
4214800.000000 4030768.750000 5215.046875 15 27
4215000.000000 4030768.750000 4838.542969 16 27
4215200.000000 4030768.750000 4464.043945 17 27
4215400.000000 4030768.750000 4092.546143 18 27
4215600.000000 4030768.750000 3723.067383 19 27
4215800.000000 4030768.750000 3355.592529 20 27
4216000.000000 4030768.750000 2991.125488 21 27
4216200.000000 4030768.750000 2632.675781 22 27
4216400.000000 4030768.750000 2280.261719 23 27
4216600.000000 4030768.750000 1930.861938 24 27
4216800.000000 4030768.750000 1585.470337 25 27
4217000.000000 4030768.750000 1242.103882 26 27
4217200.000000 4030768.750000 901.746094 27 27
4217400.000000 4030768.750000 565.404968 28 27
4217600.000000 4030768.750000 233.083755 29 27
4217800.000000 4030768.750000 -96.199654 30 27
4218000.000000 4030768.750000 -422.457214 31 27
4218200.000000 4030768.750000 -743.667236 32 27
4218400.000000 4030768.750000 -1058.802246 33 27
4218600.000000 4030768.750000 -1368.908813 34 27
4218800.000000 4030768.750000 -1676.026855 35 27
4219000.000000 4030768.750000 -1977.331177 36 27
4219200.000000 4030768.750000 -2274.934814 37 27
4219400.000000 4030768.750000 -2567.726563 38 27
4219600.000000 4030768.750000 -2856.652832 39 27
4219800.000000 4030768.750000 -3140.462158 40 27
4220000.000000 4030768.750000 -3419.132813 41 27
4220200.000000 4030768.750000 -3692.569336 42 27
4212000.000000 4031140.625000 10706.116211 1 28
4212200.000000 4031140.625000 10303.559570 2 28
4212400.000000 4031140.625000 9901.005859 3 28
4212600.000000 4031140.625000 9499.452148 4 28
4212800.000000 4031140.625000 9098.916992 5 28
4213000.000000 4031140.625000 8700.365234 6 28
4213200.000000 4031140.625000 8301.816406 7 28
4213400.000000 4031140.625000 7905.285156 8 28
4213600.000000 4031140.625000 7509.740234 9 28
4213800.000000 4031140.625000 7116.212891 10 28
4214000.000000 4031140.625000 6724.687500 11 28
4214200.000000 4031140.625000 6335.165527 12 28
4214400.000000 4031140.625000 5947.646484 13 28
4214600.000000 4031140.625000 5562.146484 14 28
4214800.000000 4031140.625000 5178.632324 15 28
4215000.000000 4031140.625000 4797.138672 16 28
4215200.000000 4031140.625000 4418.648438 17 28
4215400.000000 4031140.625000 4041.162598 18 28
4215600.000000 4031140.625000 3665.678711 19 28
4215800.000000 4031140.625000 3293.197510 20 28
4216000.000000 4031140.625000 2923.740723 21 28
4216200.000000 4031140.625000 2560.300537 22 28
4216400.000000 4031140.625000 2202.877930 23 28
4216600.000000 4031140.625000 1848.484863 24 28
4216800.000000 4031140.625000 1499.097534 25 28
4217000.000000 4031140.625000 1150.718628 26 28
4217200.000000 4031140.625000 806.362488 27 28
4217400.000000 4031140.625000 465.005035 28 28
4217600.000000 4031140.625000 128.694687 29 28
4217800.000000 4031140.625000 -204.617188 30 28
4218000.000000 4031140.625000 -533.896118 31 28
4218200.000000 4031140.625000 -858.143433 32 28
4218400.000000 4031140.625000 -1176.342041 33 28
4218600.000000 4031140.625000 -1489.489990 34 28
4218800.000000 4031140.625000 -1799.623169 35 28
4219000.000000 4031140.625000 -2104.830322 36 28
4219200.000000 4031140.625000 -2404.214111 37 28
4219400.000000 4031140.625000 -2700.670410 38 28
4219600.000000 4031140.625000 -2992.202393 39 28
4219800.000000 4031140.625000 -3279.649658 40 28
4220000.000000 4031140.625000 -3563.973877 41 28
4220200.000000 4031140.625000 -3843.091797 42 28
4212000.000000 4031512.500000 10725.666992 1 29
4212200.000000 4031512.500000 10319.118164 2 29
4212400.000000 4031512.500000 9913.553711 3 29
4212600.000000 4031512.500000 9508.007813 4 29
4212800.000000 4031512.500000 9104.461914 5 29
4213000.000000 4031512.500000 8700.918945 6 29
4213200.000000 4031512.500000 8299.376953 7 29
4213400.000000 4031512.500000 7898.853027 8 29
4213600.000000 4031512.500000 7498.317383 9 29
4213800.000000 4031512.500000 7100.781250 10 29
4214000.000000 4031512.500000 6704.264648 11 29
4214200.000000 4031512.500000 6310.733887 12 29
4214400.000000 4031512.500000 5918.224121 13 29
4214600.000000 4031512.500000 5527.716797 14 29
4214800.000000 4031512.500000 5138.213379 15 29
4215000.000000 4031512.500000 4751.729004 16 29
4215200.000000 4031512.500000 4368.231934 17 29
4215400.000000 4031512.500000 3985.755371 18 29
4215600.000000 4031512.500000 3604.265625 19 29
4215800.000000 4031512.500000 3225.795410 20 29
4216000.000000 4031512.500000 2851.331299 21 29
4216200.000000 4031512.500000 2482.899658 22 29
4216400.000000 4031512.500000 2120.484375 23 29
4216600.000000 4031512.500000 1762.095825 24 29
4216800.000000 4031512.500000 1407.696289 25 29
4217000.000000 4031512.500000 1055.319458 26 29
4217200.000000 4031512.500000 705.948608 27 29
4217400.000000 4031512.500000 359.607330 28 29
4217600.000000 4031512.500000 19.258345 29 29
4217800.000000 4031512.500000 -317.047943 30 29
4218000.000000 4031512.500000 -650.359375 31 29
4218200.000000 4031512.500000 -977.636658 32 29
4218400.000000 4031512.500000 -1298.881958 33 29
4218600.000000 4031512.500000 -1616.083862 34 29
4218800.000000 4031512.500000 -1928.286255 35 29
4219000.000000 4031512.500000 -2236.486328 36 29
4219200.000000 4031512.500000 -2539.774902 37 29
4219400.000000 4031512.500000 -2839.095215 38 29
4219600.000000 4031512.500000 -3134.423340 39 29
4219800.000000 4031512.500000 -3426.714844 40 29
4220000.000000 4031512.500000 -3714.895996 41 29
4220200.000000 4031512.500000 -3999.935303 42 29
4212000.000000 4031884.375000 10744.213867 1 30
4212200.000000 4031884.375000 10334.654297 2 30
4212400.000000 4031884.375000 9925.114258 3 30
4212600.000000 4031884.375000 9516.557617 4 30
4212800.000000 4031884.375000 9108.020508 5 30
4213000.000000 4031884.375000 8700.468750 6 30
4213200.000000 4031884.375000 8294.933594 7 30
4213400.000000 4031884.375000 7889.401855 8 30
4213600.000000 4031884.375000 7485.872070 9 30
4213800.000000 4031884.375000 7083.344727 10 30
4214000.000000 4031884.375000 6681.820313 11 30
4214200.000000 4031884.375000 6283.314941 12 30
4214400.000000 4031884.375000 5885.797363 13 30
4214600.000000 4031884.375000 5489.300293 14 30
4214800.000000 4031884.375000 5094.788574 15 30
4215000.000000 4031884.375000 4703.296387 16 30
4215200.000000 4031884.375000 4313.809570 17 30
4215400.000000 4031884.375000 3926.325195 18 30
4215600.000000 4031884.375000 3539.861084 19 30
4215800.000000 4031884.375000 3155.384521 20 30
4216000.000000 4031884.375000 2775.929199 21 30
4216200.000000 4031884.375000 2402.488525 22 30
4216400.000000 4031884.375000 2035.079590 23 30
4216600.000000 4031884.375000 1670.680664 24 30
4216800.000000 4031884.375000 1311.285034 25 30
4217000.000000 4031884.375000 953.911011 26 30
4217200.000000 4031884.375000 599.525024 27 30
4217400.000000 4031884.375000 250.163513 28 30
4217600.000000 4031884.375000 -94.174026 29 30
4217800.000000 4031884.375000 -434.505341 30 30
4218000.000000 4031884.375000 -770.830383 31 30
4218200.000000 4031884.375000 -1102.145142 32 30
4218400.000000 4031884.375000 -1426.427856 33 30
4218600.000000 4031884.375000 -1746.679199 34 30
4218800.000000 4031884.375000 -2063.935303 35 30
4219000.000000 4031884.375000 -2374.188477 36 30
4219200.000000 4031884.375000 -2680.454590 37 30
4219400.000000 4031884.375000 -2983.740723 38 30
4219600.000000 4031884.375000 -3282.039795 39 30
4219800.000000 4031884.375000 -3578.305664 40 30
4220000.000000 4031884.375000 -3871.513428 41 30
4220200.000000 4031884.375000 -4162.614746 42 30
4212000.000000 4032256.250000 10762.740234 1 31
4212200.000000 4032256.250000 10348.189453 2 31
4212400.000000 4032256.250000 9935.654297 3 31
4212600.000000 4032256.250000 9523.105469 4 31
4212800.000000 4032256.250000 9110.558594 5 31
4213000.000000 4032256.250000 8699.030273 6 31
4213200.000000 4032256.250000 8289.485352 7 31
4213400.000000 4032256.250000 7879.960938 8 31
4213600.000000 4032256.250000 7470.424316 9 31
4213800.000000 4032256.250000 7063.903809 10 31
4214000.000000 4032256.250000 6657.387695 11 31
4214200.000000 4032256.250000 6252.875488 12 31
4214400.000000 4032256.250000 5850.366211 13 31
4214600.000000 4032256.250000 5448.860352 14 31
4214800.000000 4032256.250000 5049.356934 15 31
4215000.000000 4032256.250000 4650.858887 16 31
4215200.000000 4032256.250000 4255.381348 17 31
4215400.000000 4032256.250000 3862.905273 18 31
4215600.000000 4032256.250000 3471.432861 19 31
4215800.000000 4032256.250000 3081.964600 20 31
4216000.000000 4032256.250000 2695.503662 21 31
4216200.000000 4032256.250000 2317.070068 22 31
4216400.000000 4032256.250000 1944.650024 23 31
4216600.000000 4032256.250000 1575.255737 24 31
4216800.000000 4032256.250000 1209.864868 25 31
4217000.000000 4032256.250000 847.476807 26 31
4217200.000000 4032256.250000 489.090851 27 31
4217400.000000 4032256.250000 135.727112 28 31
4217600.000000 4032256.250000 -212.632126 29 31
4217800.000000 4032256.250000 -556.971130 30 31
4218000.000000 4032256.250000 -897.323425 31 31
4218200.000000 4032256.250000 -1231.639038 32 31
4218400.000000 4032256.250000 -1559.965454 33 31
4218600.000000 4032256.250000 -1883.254639 34 31
4218800.000000 4032256.250000 -2202.557617 35 31
4219000.000000 4032256.250000 -2516.851807 36 31
4219200.000000 4032256.250000 -2826.162842 37 31
4219400.000000 4032256.250000 -3132.485840 38 31
4219600.000000 4032256.250000 -3434.801270 39 31
4219800.000000 4032256.250000 -3735.103027 40 31
4220000.000000 4032256.250000 -4032.378174 41 31
4220200.000000 4032256.250000 -4328.609863 42 31
4212000.000000 4032628.125000 10780.281250 1 32
4212200.000000 4032628.125000 10361.737305 2 32
4212400.000000 4032628.125000 9945.192383 3 32
4212600.000000 4032628.125000 9528.649414 4 32
4212800.000000 4032628.125000 9112.109375 5 32
4213000.000000 4032628.125000 8696.571289 6 32
4213200.000000 4032628.125000 8282.035156 7 32
4213400.000000 4032628.125000 7867.501465 8 32
4213600.000000 4032628.125000 7454.970703 9 32
4213800.000000 4032628.125000 7042.459473 10 32
4214000.000000 4032628.125000 6631.933594 11 32
4214200.000000 4032628.125000 6222.412598 12 32
4214400.000000 4032628.125000 5813.912598 13 32
4214600.000000 4032628.125000 5406.416016 14 32
4214800.000000 4032628.125000 5000.921875 15 32
4215000.000000 4032628.125000 4597.431641 16 32
4215200.000000 4032628.125000 4195.946289 17 32
4215400.000000 4032628.125000 3797.462646 18 32
4215600.000000 4032628.125000 3399.982422 19 32
4215800.000000 4032628.125000 3004.523438 20 32
4216000.000000 4032628.125000 2613.070313 21 32
4216200.000000 4032628.125000 2228.628174 22 32
4216400.000000 4032628.125000 1850.214478 23 32
4216600.000000 4032628.125000 1475.807983 24 32
4216800.000000 4032628.125000 1105.420532 25 32
4217000.000000 4032628.125000 738.035156 26 32
4217200.000000 4032628.125000 374.650757 27 32
4217400.000000 4032628.125000 16.269547 28 32
4217600.000000 4032628.125000 -336.094391 29 32
4217800.000000 4032628.125000 -683.458496 30 32
4218000.000000 4032628.125000 -1026.805176 31 32
4218200.000000 4032628.125000 -1365.151611 32 32
4218400.000000 4032628.125000 -1696.501587 33 32
4218600.000000 4032628.125000 -2022.838135 34 32
4218800.000000 4032628.125000 -2345.178223 35 32
4219000.000000 4032628.125000 -2662.511475 36 32
4219200.000000 4032628.125000 -2974.858398 37 32
4219400.000000 4032628.125000 -3285.215088 38 32
4219600.000000 4032628.125000 -3591.583496 39 32
4219800.000000 4032628.125000 -3894.938965 40 32
4220000.000000 4032628.125000 -4196.289063 41 32
4220200.000000 4032628.125000 -4496.626953 42 32
4212000.000000 4033000.000000 10796.820313 1 33
4212200.000000 4033000.000000 10375.264648 2 33
4212400.000000 4033000.000000 9954.726563 3 33
4212600.000000 4033000.000000 9534.173828 4 33
4212800.000000 4033000.000000 9113.640625 5 33
4213000.000000 4033000.000000 8693.110352 6 33
4213200.000000 4033000.000000 8273.564453 7 33
4213400.000000 4033000.000000 7855.038086 8 33
4213600.000000 4033000.000000 7437.514648 9 33
4213800.000000 4033000.000000 7019.995117 10 33
4214000.000000 4033000.000000 6604.477051 11 33
4214200.000000 4033000.000000 6188.964844 12 33
4214400.000000 4033000.000000 5775.456055 13 33
4214600.000000 4033000.000000 5362.966797 14 33
4214800.000000 4033000.000000 4951.464844 15 33
4215000.000000 4033000.000000 4540.967773 16 33
4215200.000000 4033000.000000 4133.491211 17 33
4215400.000000 4033000.000000 3729.015869 18 33
4215600.000000 4033000.000000 3325.544189 19 33
4215800.000000 4033000.000000 2925.075684 20 33
4216000.000000 4033000.000000 2528.630615 21 33
4216200.000000 4033000.000000 2138.195801 22 33
4216400.000000 4033000.000000 1753.771851 23 33
4216600.000000 4033000.000000 1373.370972 24 33
4216800.000000 4033000.000000 996.971863 25 33
4217000.000000 4033000.000000 624.572571 26 33
4217200.000000 4033000.000000 256.189911 27 33
4217400.000000 4033000.000000 -106.193123 28 33
4217600.000000 4033000.000000 -462.561432 29 33
4217800.000000 4033000.000000 -813.932068 30 33
4218000.000000 4033000.000000 -1161.304443 31 33
4218200.000000 4033000.000000 -1502.665039 32 33
4218400.000000 4033000.000000 -1837.034912 33 33
4218600.000000 4033000.000000 -2166.413330 34 33
4218800.000000 4033000.000000 -2490.785156 35 33
4219000.000000 4033000.000000 -2811.152832 36 33
4219200.000000 4033000.000000 -3127.551270 37 33
4219400.000000 4033000.000000 -3439.948242 38 33
4219600.000000 4033000.000000 -3749.344971 39 33
4219800.000000 4033000.000000 -4056.776367 40 33
4220000.000000 4033000.000000 -4362.220703 41 33
4220200.000000 4033000.000000 -4666.656738 42 33
