# Type: scattered data
# Version: 6
# Description: No description
# Format: free
# Field: 1 x
# Field: 2 y
# Field: 3 z undefined
# Field: 4 column
# Field: 5 row
# Projection: Local Rectangular
# Units: undefined
# End:
# Information from grid:
# Grid_size: 42 x 33
# Grid_space: 4212000.000000,4220200.000000,4021100.000000,4033000.000000
# Scattered data: Not_available
# Z_field: z
# Vertical_faults: Not_available
# History: No history
# Z_units: undefined
4212000.000000 4021100.000000 -3634.117188 1 1
4212200.000000 4021100.000000 -3390.585449 2 1
4212400.000000 4021100.000000 -3147.075928 3 1
4212600.000000 4021100.000000 -2903.576172 4 1
4212800.000000 4021100.000000 -2660.107666 5 1
4213000.000000 4021100.000000 -2416.657959 6 1
4213200.000000 4021100.000000 -2173.247070 7 1
4213400.000000 4021100.000000 -1930.359985 8 1
4213600.000000 4021100.000000 -1687.013428 9 1
4213800.000000 4021100.000000 -1443.685547 10 1
4214000.000000 4021100.000000 -1200.384399 11 1
4214200.000000 4021100.000000 -957.581543 12 1
4214400.000000 4021100.000000 -714.284424 13 1
4214600.000000 4021100.000000 -470.970093 14 1
4214800.000000 4021100.000000 -227.656662 15 1
4215000.000000 4021100.000000 15.665311 16 1
4215200.000000 4021100.000000 259.472168 17 1
4215400.000000 4021100.000000 502.785553 18 1
4215600.000000 4021100.000000 746.108215 19 1
4215800.000000 4021100.000000 989.490112 20 1
4216000.000000 4021100.000000 1232.947876 21 1
4216200.000000 4021100.000000 1476.516113 22 1
4216400.000000 4021100.000000 1720.173218 23 1
4216600.000000 4021100.000000 1963.415039 24 1
4216800.000000 4021100.000000 2206.699463 25 1
4217000.000000 4021100.000000 2450.522705 26 1
4217200.000000 4021100.000000 2693.853027 27 1
4217400.000000 4021100.000000 2937.681885 28 1
4217600.000000 4021100.000000 3182.003174 29 1
4217800.000000 4021100.000000 3426.305664 30 1
4218000.000000 4021100.000000 3670.092529 31 1
4218200.000000 4021100.000000 3913.900879 32 1
4218400.000000 4021100.000000 4157.730469 33 1
4218600.000000 4021100.000000 4401.597168 34 1
4218800.000000 4021100.000000 4645.468262 35 1
4219000.000000 4021100.000000 4889.333984 36 1
4219200.000000 4021100.000000 5133.654297 37 1
4219400.000000 4021100.000000 5377.935059 38 1
4219600.000000 4021100.000000 5622.658691 39 1
4219800.000000 4021100.000000 5866.852539 40 1
4220000.000000 4021100.000000 6111.518555 41 1
4220200.000000 4021100.000000 6356.158203 42 1
4212000.000000 4021471.875000 -3571.111572 1 2
4212200.000000 4021471.875000 -3327.590576 2 2
4212400.000000 4021471.875000 -3084.094482 3 2
4212600.000000 4021471.875000 -2840.610107 4 2
4212800.000000 4021471.875000 -2597.158203 5 2
4213000.000000 4021471.875000 -2353.725098 6 2
4213200.000000 4021471.875000 -2110.330078 7 2
4213400.000000 4021471.875000 -1866.956177 8 2
4213600.000000 4021471.875000 -1623.617676 9 2
4213800.000000 4021471.875000 -1380.291626 10 2
4214000.000000 4021471.875000 -1136.985718 11 2
4214200.000000 4021471.875000 -894.173279 12 2
4214400.000000 4021471.875000 -650.866089 13 2
4214600.000000 4021471.875000 -407.547882 14 2
4214800.000000 4021471.875000 -164.243561 15 2
4215000.000000 4021471.875000 79.053131 16 2
4215200.000000 4021471.875000 322.823456 17 2
4215400.000000 4021471.875000 566.104797 18 2
4215600.000000 4021471.875000 809.423279 19 2
4215800.000000 4021471.875000 1053.348267 20 2
4216000.000000 4021471.875000 1296.899170 21 2
4216200.000000 4021471.875000 1540.585327 22 2
4216400.000000 4021471.875000 1783.844849 23 2
4216600.000000 4021471.875000 2027.138916 24 2
4216800.000000 4021471.875000 2270.420898 25 2
4217000.000000 4021471.875000 2514.203857 26 2
4217200.000000 4021471.875000 2758.014648 27 2
4217400.000000 4021471.875000 3001.836670 28 2
4217600.000000 4021471.875000 3246.159424 29 2
4217800.000000 4021471.875000 3489.944580 30 2
4218000.000000 4021471.875000 3733.676758 31 2
4218200.000000 4021471.875000 3977.399170 32 2
4218400.000000 4021471.875000 4221.136230 33 2
4218600.000000 4021471.875000 4464.931152 34 2
4218800.000000 4021471.875000 4708.766113 35 2
4219000.000000 4021471.875000 4952.631348 36 2
4219200.000000 4021471.875000 5196.976563 37 2
4219400.000000 4021471.875000 5441.291992 38 2
4219600.000000 4021471.875000 5685.550293 39 2
4219800.000000 4021471.875000 5929.769531 40 2
4220000.000000 4021471.875000 6174.452148 41 2
4220200.000000 4021471.875000 6418.602051 42 2
4212000.000000 4021843.750000 -3507.592529 1 3
4212200.000000 4021843.750000 -3264.080078 2 3
4212400.000000 4021843.750000 -3020.594971 3 3
4212600.000000 4021843.750000 -2777.123779 4 3
4212800.000000 4021843.750000 -2533.686523 5 3
4213000.000000 4021843.750000 -2290.269043 6 3
4213200.000000 4021843.750000 -2046.889160 7 3
4213400.000000 4021843.750000 -1803.529175 8 3
4213600.000000 4021843.750000 -1560.201172 9 3
4213800.000000 4021843.750000 -1316.880737 10 3
4214000.000000 4021843.750000 -1073.574463 11 3
4214200.000000 4021843.750000 -830.764954 12 3
4214400.000000 4021843.750000 -587.442993 13 3
4214600.000000 4021843.750000 -344.132629 14 3
4214800.000000 4021843.750000 -100.833199 15 3
4215000.000000 4021843.750000 142.424591 16 3
4215200.000000 4021843.750000 386.162933 17 3
4215400.000000 4021843.750000 629.418091 18 3
4215600.000000 4021843.750000 872.759155 19 3
4215800.000000 4021843.750000 1116.780151 20 3
4216000.000000 4021843.750000 1360.489746 21 3
4216200.000000 4021843.750000 1604.342285 22 3
4216400.000000 4021843.750000 1847.699951 23 3
4216600.000000 4021843.750000 2090.964355 24 3
4216800.000000 4021843.750000 2334.124512 25 3
4217000.000000 4021843.750000 2577.739990 26 3
4217200.000000 4021843.750000 2821.434326 27 3
4217400.000000 4021843.750000 3065.238770 28 3
4217600.000000 4021843.750000 3309.623291 29 3
4217800.000000 4021843.750000 3553.476563 30 3
4218000.000000 4021843.750000 3797.246582 31 3
4218200.000000 4021843.750000 4040.923828 32 3
4218400.000000 4021843.750000 4284.590332 33 3
4218600.000000 4021843.750000 4528.297852 34 3
4218800.000000 4021843.750000 4772.092773 35 3
4219000.000000 4021843.750000 5015.941895 36 3
4219200.000000 4021843.750000 5259.817871 37 3
4219400.000000 4021843.750000 5504.168945 38 3
4219600.000000 4021843.750000 5748.461914 39 3
4219800.000000 4021843.750000 5992.707031 40 3
4220000.000000 4021843.750000 6236.897461 41 3
4220200.000000 4021843.750000 6481.062988 42 3
4212000.000000 4022215.625000 -3444.055908 1 4
4212200.000000 4022215.625000 -3200.559082 2 4
4212400.000000 4022215.625000 -2957.075439 3 4
4212600.000000 4022215.625000 -2713.624512 4 4
4212800.000000 4022215.625000 -2470.192383 5 4
4213000.000000 4022215.625000 -2226.798340 6 4
4213200.000000 4022215.625000 -1983.425415 7 4
4213400.000000 4022215.625000 -1740.088013 8 4
4213600.000000 4022215.625000 -1496.763306 9 4
4213800.000000 4022215.625000 -1253.457886 10 4
4214000.000000 4022215.625000 -1010.143616 11 4
4214200.000000 4022215.625000 -767.328491 12 4
4214400.000000 4022215.625000 -523.999023 13 4
4214600.000000 4022215.625000 -280.686676 14 4
4214800.000000 4022215.625000 -37.399651 15 4
4215000.000000 4022215.625000 205.829300 16 4
4215200.000000 4022215.625000 449.538818 17 4
4215400.000000 4022215.625000 692.798096 18 4
4215600.000000 4022215.625000 936.252625 19 4
4215800.000000 4022215.625000 1180.484985 20 4
4216000.000000 4022215.625000 1424.490112 21 4
4216200.000000 4022215.625000 1668.571411 22 4
4216400.000000 4022215.625000 1911.986694 23 4
4216600.000000 4022215.625000 2155.033447 24 4
4216800.000000 4022215.625000 2397.751953 25 4
4217000.000000 4022215.625000 2640.865234 26 4
4217200.000000 4022215.625000 2884.196533 27 4
4217400.000000 4022215.625000 3128.399902 28 4
4217600.000000 4022215.625000 3372.434814 29 4
4217800.000000 4022215.625000 3616.561279 30 4
4218000.000000 4022215.625000 3860.576172 31 4
4218200.000000 4022215.625000 4104.379883 32 4
4218400.000000 4022215.625000 4348.054199 33 4
4218600.000000 4022215.625000 4591.708984 34 4
4218800.000000 4022215.625000 4835.450684 35 4
4219000.000000 4022215.625000 5079.278320 36 4
4219200.000000 4022215.625000 5323.168457 37 4
4219400.000000 4022215.625000 5567.046387 38 4
4219600.000000 4022215.625000 5811.385254 39 4
4219800.000000 4022215.625000 6055.660156 40 4
4220000.000000 4022215.625000 6299.869141 41 4
4220200.000000 4022215.625000 6544.043945 42 4
4212000.000000 4022587.500000 -3380.498291 1 5
4212200.000000 4022587.500000 -3137.008545 2 5
4212400.000000 4022587.500000 -2893.534180 3 5
4212600.000000 4022587.500000 -2650.094238 4 5
4212800.000000 4022587.500000 -2406.675293 5 5
4213000.000000 4022587.500000 -2163.295410 6 5
4213200.000000 4022587.500000 -1919.937500 7 5
4213400.000000 4022587.500000 -1676.614014 8 5
4213600.000000 4022587.500000 -1433.300049 9 5
4213800.000000 4022587.500000 -1189.999268 10 5
4214000.000000 4022587.500000 -946.681213 11 5
4214200.000000 4022587.500000 -703.353943 12 5
4214400.000000 4022587.500000 -460.006866 13 5
4214600.000000 4022587.500000 -217.181381 14 5
4214800.000000 4022587.500000 26.102045 15 5
4215000.000000 4022587.500000 269.313232 16 5
4215200.000000 4022587.500000 513.024841 17 5
4215400.000000 4022587.500000 756.376404 18 5
4215600.000000 4022587.500000 1000.584229 19 5
4215800.000000 4022587.500000 1244.738403 20 5
4216000.000000 4022587.500000 1489.222778 21 5
4216200.000000 4022587.500000 1733.635254 22 5
4216400.000000 4022587.500000 1977.012329 23 5
4216600.000000 4022587.500000 2219.524902 24 5
4216800.000000 4022587.500000 2461.285889 25 5
4217000.000000 4022587.500000 2703.311279 26 5
4217200.000000 4022587.500000 2945.800049 27 5
4217400.000000 4022587.500000 3190.163330 28 5
4217600.000000 4022587.500000 3434.392822 29 5
4217800.000000 4022587.500000 3679.065186 30 5
4218000.000000 4022587.500000 3923.696289 31 5
4218200.000000 4022587.500000 4167.962402 32 5
4218400.000000 4022587.500000 4411.373047 33 5
4218600.000000 4022587.500000 4655.089355 34 5
4218800.000000 4022587.500000 4898.816406 35 5
4219000.000000 4022587.500000 5142.626465 36 5
4219200.000000 4022587.500000 5386.524902 37 5
4219400.000000 4022587.500000 5630.435547 38 5
4219600.000000 4022587.500000 5874.316406 39 5
4219800.000000 4022587.500000 6118.619141 40 5
4220000.000000 4022587.500000 6362.860840 41 5
4220200.000000 4022587.500000 6607.050293 42 5
4212000.000000 4022959.375000 -3316.917236 1 6
4212200.000000 4022959.375000 -3073.434570 2 6
4212400.000000 4022959.375000 -2829.969238 3 6
4212600.000000 4022959.375000 -2586.540039 4 6
4212800.000000 4022959.375000 -2343.133301 5 6
4213000.000000 4022959.375000 -2099.767090 6 6
4213200.000000 4022959.375000 -1856.423096 7 6
4213400.000000 4022959.375000 -1613.112061 8 6
4213600.000000 4022959.375000 -1369.805664 9 6
4213800.000000 4022959.375000 -1126.503540 10 6
4214000.000000 4022959.375000 -883.170593 11 6
4214200.000000 4022959.375000 -639.814331 12 6
4214400.000000 4022959.375000 -396.430878 13 6
4214600.000000 4022959.375000 -153.077881 14 6
4214800.000000 4022959.375000 89.710678 15 6
4215000.000000 4022959.375000 332.912292 16 6
4215200.000000 4022959.375000 576.662354 17 6
4215400.000000 4022959.375000 820.208557 18 6
4215600.000000 4022959.375000 1064.855591 19 6
4215800.000000 4022959.375000 1310.170532 20 6
4216000.000000 4022959.375000 1555.368652 21 6
4216200.000000 4022959.375000 1799.771851 22 6
4216400.000000 4022959.375000 2043.103271 23 6
4216600.000000 4022959.375000 2284.794922 24 6
4216800.000000 4022959.375000 2525.491699 25 6
4217000.000000 4022959.375000 2765.652832 26 6
4217200.000000 4022959.375000 3006.592285 27 6
4217400.000000 4022959.375000 3249.651855 28 6
4217600.000000 4022959.375000 3493.942627 29 6
4217800.000000 4022959.375000 3739.862305 30 6
4218000.000000 4022959.375000 3985.539063 31 6
4218200.000000 4022959.375000 4230.249023 32 6
4218400.000000 4022959.375000 4474.781738 33 6
4218600.000000 4022959.375000 4718.301758 34 6
4218800.000000 4022959.375000 4962.132324 35 6
4219000.000000 4022959.375000 5205.967773 36 6
4219200.000000 4022959.375000 5449.886230 37 6
4219400.000000 4022959.375000 5693.332520 38 6
4219600.000000 4022959.375000 5937.257324 39 6
4219800.000000 4022959.375000 6181.602051 40 6
4220000.000000 4022959.375000 6425.875000 41 6
4220200.000000 4022959.375000 6670.075684 42 6
4212000.000000 4023331.250000 -3253.311279 1 7
4212200.000000 4023331.250000 -3009.835938 2 7
4212400.000000 4023331.250000 -2766.379150 3 7
4212600.000000 4023331.250000 -2522.959961 4 7
4212800.000000 4023331.250000 -2279.564697 5 7
4213000.000000 4023331.250000 -2036.210938 6 7
4213200.000000 4023331.250000 -1792.879272 7 7
4213400.000000 4023331.250000 -1549.577515 8 7
4213600.000000 4023331.250000 -1306.272949 9 7
4213800.000000 4023331.250000 -1062.958374 10 7
4214000.000000 4023331.250000 -819.593445 11 7
4214200.000000 4023331.250000 -576.186523 12 7
4214400.000000 4023331.250000 -332.747467 13 7
4214600.000000 4023331.250000 -89.860817 14 7
4214800.000000 4023331.250000 153.414154 15 7
4215000.000000 4023331.250000 396.575775 16 7
4215200.000000 4023331.250000 640.352112 17 7
4215400.000000 4023331.250000 884.632385 18 7
4215600.000000 4023331.250000 1129.820435 19 7
4215800.000000 4023331.250000 1375.957153 20 7
4216000.000000 4023331.250000 1621.617432 21 7
4216200.000000 4023331.250000 1867.383057 22 7
4216400.000000 4023331.250000 2111.058838 23 7
4216600.000000 4023331.250000 2352.003662 24 7
4216800.000000 4023331.250000 2590.145264 25 7
4217000.000000 4023331.250000 2827.616943 26 7
4217200.000000 4023331.250000 3066.736328 27 7
4217400.000000 4023331.250000 3308.388184 28 7
4217600.000000 4023331.250000 3552.333984 29 7
4217800.000000 4023331.250000 3798.397217 30 7
4218000.000000 4023331.250000 4045.349121 31 7
4218200.000000 4023331.250000 4291.436523 32 7
4218400.000000 4023331.250000 4537.037598 33 7
4218600.000000 4023331.250000 4781.693848 34 7
4218800.000000 4023331.250000 5025.324707 35 7
4219000.000000 4023331.250000 5269.279297 36 7
4219200.000000 4023331.250000 5512.744141 37 7
4219400.000000 4023331.250000 5756.743164 38 7
4219600.000000 4023331.250000 6000.708008 39 7
4219800.000000 4023331.250000 6245.106445 40 7
4220000.000000 4023331.250000 6489.415527 41 7
4220200.000000 4023331.250000 6733.641113 42 7
4212000.000000 4023703.125000 -3189.679688 1 8
4212200.000000 4023703.125000 -2946.211914 2 8
4212400.000000 4023703.125000 -2702.763184 3 8
4212600.000000 4023703.125000 -2459.353027 4 8
4212800.000000 4023703.125000 -2215.968018 5 8
4213000.000000 4023703.125000 -1972.625244 6 8
4213200.000000 4023703.125000 -1729.303223 7 8
4213400.000000 4023703.125000 -1486.006348 8 8
4213600.000000 4023703.125000 -1242.694946 9 8
4213800.000000 4023703.125000 -999.353821 10 8
4214000.000000 4023703.125000 -755.937805 11 8
4214200.000000 4023703.125000 -512.462097 12 8
4214400.000000 4023703.125000 -269.472351 13 8
4214600.000000 4023703.125000 -26.077581 14 8
4214800.000000 4023703.125000 217.091980 15 8
4215000.000000 4023703.125000 460.086761 16 8
4215200.000000 4023703.125000 703.719666 17 8
4215400.000000 4023703.125000 948.046448 18 8
4215600.000000 4023703.125000 1193.593872 19 8
4215800.000000 4023703.125000 1440.991455 20 8
4216000.000000 4023703.125000 1687.948242 21 8
4216200.000000 4023703.125000 1935.551025 22 8
4216400.000000 4023703.125000 2180.917236 23 8
4216600.000000 4023703.125000 2421.874512 24 8
4216800.000000 4023703.125000 2657.407715 25 8
4217000.000000 4023703.125000 2891.111572 26 8
4217200.000000 4023703.125000 3127.326172 27 8
4217400.000000 4023703.125000 3367.275879 28 8
4217600.000000 4023703.125000 3610.432373 29 8
4217800.000000 4023703.125000 3856.646240 30 8
4218000.000000 4023703.125000 4104.141602 31 8
4218200.000000 4023703.125000 4351.702148 32 8
4218400.000000 4023703.125000 4598.648926 33 8
4218600.000000 4023703.125000 4844.228027 34 8
4218800.000000 4023703.125000 5088.864258 35 8
4219000.000000 4023703.125000 5332.555176 36 8
4219200.000000 4023703.125000 5576.126465 37 8
4219400.000000 4023703.125000 5820.187500 38 8
4219600.000000 4023703.125000 6064.203125 39 8
4219800.000000 4023703.125000 6308.646484 40 8
4220000.000000 4023703.125000 6552.991211 41 8
4220200.000000 4023703.125000 6797.242676 42 8
4212000.000000 4024075.000000 -3126.031006 1 9
4212200.000000 4024075.000000 -2882.562012 2 9
4212400.000000 4024075.000000 -2639.128906 3 9
4212600.000000 4024075.000000 -2395.718506 4 9
4212800.000000 4024075.000000 -2152.350830 5 9
4213000.000000 4024075.000000 -1909.008545 6 9
4213200.000000 4024075.000000 -1665.701538 7 9
4213400.000000 4024075.000000 -1422.395630 8 9
4213600.000000 4024075.000000 -1179.076172 9 9
4213800.000000 4024075.000000 -935.686829 10 9
4214000.000000 4024075.000000 -692.214478 11 9
4214200.000000 4024075.000000 -449.159210 12 9
4214400.000000 4024075.000000 -205.644257 13 9
4214600.000000 4024075.000000 37.652660 14 9
4214800.000000 4024075.000000 281.028717 15 9
4215000.000000 4024075.000000 523.533386 16 9
4215200.000000 4024075.000000 766.577576 17 9
4215400.000000 4024075.000000 1010.381165 18 9
4215600.000000 4024075.000000 1255.696167 19 9
4215800.000000 4024075.000000 1503.610840 20 9
4216000.000000 4024075.000000 1752.648804 21 9
4216200.000000 4024075.000000 2004.396606 22 9
4216400.000000 4024075.000000 2254.522461 23 9
4216600.000000 4024075.000000 2496.877441 24 9
4216800.000000 4024075.000000 2727.668213 25 9
4217000.000000 4024075.000000 2954.787842 26 9
4217200.000000 4024075.000000 3187.770752 27 9
4217400.000000 4024075.000000 3426.492676 28 9
4217600.000000 4024075.000000 3669.231201 29 9
4217800.000000 4024075.000000 3914.661865 30 9
4218000.000000 4024075.000000 4162.606445 31 9
4218200.000000 4024075.000000 4411.803711 32 9
4218400.000000 4024075.000000 4660.012207 33 9
4218600.000000 4024075.000000 4906.592773 34 9
4218800.000000 4024075.000000 5151.830078 35 9
4219000.000000 4024075.000000 5395.843750 36 9
4219200.000000 4024075.000000 5639.563477 37 9
4219400.000000 4024075.000000 5883.697754 38 9
4219600.000000 4024075.000000 6127.761230 39 9
4219800.000000 4024075.000000 6372.241699 40 9
4220000.000000 4024075.000000 6616.608398 41 9
4220200.000000 4024075.000000 6860.888672 42 9
4212000.000000 4024446.875000 -3062.348877 1 10
4212200.000000 4024446.875000 -2818.886230 2 10
4212400.000000 4024446.875000 -2575.459717 3 10
4212600.000000 4024446.875000 -2332.056152 4 10
4212800.000000 4024446.875000 -2088.695557 5 10
4213000.000000 4024446.875000 -1845.360229 6 10
4213200.000000 4024446.875000 -1602.056641 7 10
4213400.000000 4024446.875000 -1358.744629 8 10
4213600.000000 4024446.875000 -1115.401367 9 10
4213800.000000 4024446.875000 -872.463501 10 10
4214000.000000 4024446.875000 -628.925720 11 10
4214200.000000 4024446.875000 -385.323608 12 10
4214400.000000 4024446.875000 -141.859467 13 10
4214600.000000 4024446.875000 101.666000 14 10
4214800.000000 4024446.875000 344.432068 15 10
4215000.000000 4024446.875000 585.943359 16 10
4215200.000000 4024446.875000 827.674927 17 10
4215400.000000 4024446.875000 1069.566162 18 10
4215600.000000 4024446.875000 1313.800415 19 10
4215800.000000 4024446.875000 1561.621216 20 10
4216000.000000 4024446.875000 1815.530273 21 10
4216200.000000 4024446.875000 2075.928467 22 10
4216400.000000 4024446.875000 2336.539063 23 10
4216600.000000 4024446.875000 2581.954346 24 10
4216800.000000 4024446.875000 2799.556152 25 10
4217000.000000 4024446.875000 3012.439209 26 10
4217200.000000 4024446.875000 3244.197754 27 10
4217400.000000 4024446.875000 3486.031494 28 10
4217600.000000 4024446.875000 3728.336426 29 10
4217800.000000 4024446.875000 3973.030518 30 10
4218000.000000 4024446.875000 4221.185059 31 10
4218200.000000 4024446.875000 4471.605469 32 10
4218400.000000 4024446.875000 4721.262695 33 10
4218600.000000 4024446.875000 4969.157227 34 10
4218800.000000 4024446.875000 5215.436523 35 10
4219000.000000 4024446.875000 5459.752441 36 10
4219200.000000 4024446.875000 5703.620117 37 10
4219400.000000 4024446.875000 5947.822266 38 10
4219600.000000 4024446.875000 6191.917480 39 10
4219800.000000 4024446.875000 6435.918945 40 10
4220000.000000 4024446.875000 6680.298828 41 10
4220200.000000 4024446.875000 6924.588379 42 10
4212000.000000 4024818.750000 -2998.642090 1 11
4212200.000000 4024818.750000 -2755.185547 2 11
4212400.000000 4024818.750000 -2511.764404 3 11
4212600.000000 4024818.750000 -2268.366455 4 11
4212800.000000 4024818.750000 -2025.011353 5 11
4213000.000000 4024818.750000 -1781.680664 6 11
4213200.000000 4024818.750000 -1538.377563 7 11
4213400.000000 4024818.750000 -1295.055908 8 11
4213600.000000 4024818.750000 -1052.184814 9 11
4213800.000000 4024818.750000 -808.700195 10 11
4214000.000000 4024818.750000 -565.110229 11 11
4214200.000000 4024818.750000 -321.504456 12 11
4214400.000000 4024818.750000 -77.696793 13 11
4214600.000000 4024818.750000 165.348358 14 11
4214800.000000 4024818.750000 407.144379 15 11
4215000.000000 4024818.750000 647.616577 16 11
4215200.000000 4024818.750000 886.803772 17 11
4215400.000000 4024818.750000 1125.888428 18 11
4215600.000000 4024818.750000 1367.771851 19 11
4215800.000000 4024818.750000 1616.162842 20 11
4216000.000000 4024818.750000 1876.535767 21 11
4216200.000000 4024818.750000 2151.647461 22 11
4216400.000000 4024818.750000 2432.563477 23 11
4216600.000000 4024818.750000 2684.237305 24 11
4216800.000000 4024818.750000 2867.658691 25 11
4217000.000000 4024818.750000 3045.263428 26 11
4217200.000000 4024818.750000 3280.784180 27 11
4217400.000000 4024818.750000 3536.856445 28 11
4217600.000000 4024818.750000 3783.811523 29 11
4217800.000000 4024818.750000 4028.971191 30 11
4218000.000000 4024818.750000 4279.118164 31 11
4218200.000000 4024818.750000 4531.404297 32 11
4218400.000000 4024818.750000 4783.313965 33 11
4218600.000000 4024818.750000 5032.751465 34 11
4218800.000000 4024818.750000 5279.380859 35 11
4219000.000000 4024818.750000 5523.900879 36 11
4219200.000000 4024818.750000 5767.869629 37 11
4219400.000000 4024818.750000 6011.609375 38 11
4219600.000000 4024818.750000 6255.708496 39 11
4219800.000000 4024818.750000 6500.201172 40 11
4220000.000000 4024818.750000 6744.571289 41 11
4220200.000000 4024818.750000 6988.850098 42 11
4212000.000000 4025190.625000 -2934.912109 1 12
4212200.000000 4025190.625000 -2691.460693 2 12
4212400.000000 4025190.625000 -2448.043945 3 12
4212600.000000 4025190.625000 -2204.649902 4 12
4212800.000000 4025190.625000 -1961.298950 5 12
4213000.000000 4025190.625000 -1717.971069 6 12
4213200.000000 4025190.625000 -1474.666870 7 12
4213400.000000 4025190.625000 -1231.334595 8 12
4213600.000000 4025190.625000 -988.437805 9 12
4213800.000000 4025190.625000 -744.913696 10 12
4214000.000000 4025190.625000 -501.292175 11 12
4214200.000000 4025190.625000 -257.228363 12 12
4214400.000000 4025190.625000 -13.664500 13 12
4214600.000000 4025190.625000 229.247391 14 12
4214800.000000 4025190.625000 469.845978 15 12
4215000.000000 4025190.625000 708.485962 16 12
4215200.000000 4025190.625000 944.271057 17 12
4215400.000000 4025190.625000 1180.073242 18 12
4215600.000000 4025190.625000 1419.951782 19 12
4215800.000000 4025190.625000 1668.790894 20 12
4216000.000000 4025190.625000 1935.772705 21 12
4216200.000000 4025190.625000 2230.906738 22 12
4216400.000000 4025190.625000 2544.607666 23 12
4216600.000000 4025190.625000 2814.504639 24 12
4216800.000000 4025190.625000 2922.621338 25 12
4217000.000000 4025190.625000 3024.189209 26 12
4217200.000000 4025190.625000 3279.661621 27 12
4217400.000000 4025190.625000 3572.191406 28 12
4217600.000000 4025190.625000 3830.687012 29 12
4217800.000000 4025190.625000 4079.101563 30 12
4218000.000000 4025190.625000 4335.424805 31 12
4218200.000000 4025190.625000 4591.681152 32 12
4218400.000000 4025190.625000 4845.798828 33 12
4218600.000000 4025190.625000 5096.516602 34 12
4218800.000000 4025190.625000 5343.764648 35 12
4219000.000000 4025190.625000 5588.351563 36 12
4219200.000000 4025190.625000 5832.351563 37 12
4219400.000000 4025190.625000 6076.085449 38 12
4219600.000000 4025190.625000 6319.653320 39 12
4219800.000000 4025190.625000 6564.104492 40 12
4220000.000000 4025190.625000 6808.435547 41 12
4220200.000000 4025190.625000 7052.682129 42 12
4212000.000000 4025562.500000 -2871.160645 1 13
4212200.000000 4025562.500000 -2627.713623 2 13
4212400.000000 4025562.500000 -2384.300049 3 13
4212600.000000 4025562.500000 -2140.908936 4 13
4212800.000000 4025562.500000 -1897.560547 5 13
4213000.000000 4025562.500000 -1654.234497 6 13
4213200.000000 4025562.500000 -1410.928955 7 13
4213400.000000 4025562.500000 -1167.588013 8 13
4213600.000000 4025562.500000 -924.671631 9 13
4213800.000000 4025562.500000 -681.127930 10 13
4214000.000000 4025562.500000 -437.483826 11 13
4214200.000000 4025562.500000 -193.481659 12 13
4214400.000000 4025562.500000 50.322811 13 13
4214600.000000 4025562.500000 293.116455 14 13
4214800.000000 4025562.500000 533.622620 15 13
4215000.000000 4025562.500000 770.662659 16 13
4215200.000000 4025562.500000 1002.885376 17 13
4215400.000000 4025562.500000 1235.980835 18 13
4215600.000000 4025562.500000 1474.287109 19 13
4215800.000000 4025562.500000 1721.004639 20 13
4216000.000000 4025562.500000 1987.731079 21 13
4216200.000000 4025562.500000 2293.691895 22 13
4216400.000000 4025562.500000 2642.456299 23 13
4216600.000000 4025562.500000 2937.109375 24 13
4216800.000000 4025562.500000 2950.555176 25 13
4217000.000000 4025562.500000 2968.662842 26 13
4217200.000000 4025562.500000 3267.027100 27 13
4217400.000000 4025562.500000 3618.270508 28 13
4217600.000000 4025562.500000 3885.677734 29 13
4217800.000000 4025562.500000 4131.507813 30 13
4218000.000000 4025562.500000 4392.316895 31 13
4218200.000000 4025562.500000 4652.796387 32 13
4218400.000000 4025562.500000 4908.962891 33 13
4218600.000000 4025562.500000 5160.990234 34 13
4218800.000000 4025562.500000 5408.575684 35 13
4219000.000000 4025562.500000 5653.089844 36 13
4219200.000000 4025562.500000 5896.556152 37 13
4219400.000000 4025562.500000 6140.244629 38 13
4219600.000000 4025562.500000 6383.747070 39 13
4219800.000000 4025562.500000 6628.125000 40 13
4220000.000000 4025562.500000 6872.389648 41 13
4220200.000000 4025562.500000 7116.581055 42 13
4212000.000000 4025934.375000 -2807.389893 1 14
4212200.000000 4025934.375000 -2563.954834 2 14
4212400.000000 4025934.375000 -2320.535400 3 14
4212600.000000 4025934.375000 -2077.154297 4 14
4212800.000000 4025934.375000 -1833.799438 5 14
4213000.000000 4025934.375000 -1590.483398 6 14
4213200.000000 4025934.375000 -1347.169678 7 14
4213400.000000 4025934.375000 -1103.833496 8 14
4213600.000000 4025934.375000 -860.899292 9 14
4213800.000000 4025934.375000 -617.341125 10 14
4214000.000000 4025934.375000 -373.691162 11 14
4214200.000000 4025934.375000 -129.741974 12 14
4214400.000000 4025934.375000 114.397148 13 14
4214600.000000 4025934.375000 357.307526 14 14
4214800.000000 4025934.375000 598.213867 15 14
4215000.000000 4025934.375000 834.515991 16 14
4215200.000000 4025934.375000 1064.253784 17 14
4215400.000000 4025934.375000 1296.280396 18 14
4215600.000000 4025934.375000 1532.594238 19 14
4215800.000000 4025934.375000 1770.709961 20 14
4216000.000000 4025934.375000 2019.846313 21 14
4216200.000000 4025934.375000 2300.183350 22 14
4216400.000000 4025934.375000 2626.927490 23 14
4216600.000000 4025934.375000 2926.206543 24 14
4216800.000000 4025934.375000 2956.880371 25 14
4217000.000000 4025934.375000 3010.221924 26 14
4217200.000000 4025934.375000 3347.850342 27 14
4217400.000000 4025934.375000 3729.666504 28 14
4217600.000000 4025934.375000 3987.457031 29 14
4217800.000000 4025934.375000 4213.453125 30 14
4218000.000000 4025934.375000 4464.864746 31 14
4218200.000000 4025934.375000 4721.420898 32 14
4218400.000000 4025934.375000 4975.636230 33 14
4218600.000000 4025934.375000 5226.130371 34 14
4218800.000000 4025934.375000 5473.725098 35 14
4219000.000000 4025934.375000 5717.548340 36 14
4219200.000000 4025934.375000 5960.933105 37 14
4219400.000000 4025934.375000 6204.540039 38 14
4219600.000000 4025934.375000 6447.959961 39 14
4219800.000000 4025934.375000 6692.232910 40 14
4220000.000000 4025934.375000 6936.418457 41 14
4220200.000000 4025934.375000 7180.538574 42 14
4212000.000000 4026306.250000 -2743.602539 1 15
4212200.000000 4026306.250000 -2500.170898 2 15
4212400.000000 4026306.250000 -2256.752930 3 15
4212600.000000 4026306.250000 -2013.372925 4 15
4212800.000000 4026306.250000 -1770.019531 5 15
4213000.000000 4026306.250000 -1526.705933 6 15
4213200.000000 4026306.250000 -1283.395996 7 15
4213400.000000 4026306.250000 -1040.064819 8 15
4213600.000000 4026306.250000 -797.135620 9 15
4213800.000000 4026306.250000 -553.580261 10 15
4214000.000000 4026306.250000 -309.930939 11 15
4214200.000000 4026306.250000 -65.987114 12 15
4214400.000000 4026306.250000 178.635010 13 15
4214600.000000 4026306.250000 422.555603 14 15
4214800.000000 4026306.250000 664.639465 15 15
4215000.000000 4026306.250000 901.948486 16 15
4215200.000000 4026306.250000 1131.249268 17 15
4215400.000000 4026306.250000 1361.553223 18 15
4215600.000000 4026306.250000 1595.072876 19 15
4215800.000000 4026306.250000 1820.834595 20 15
4216000.000000 4026306.250000 2043.231445 21 15
4216200.000000 4026306.250000 2280.394043 22 15
4216400.000000 4026306.250000 2568.612305 23 15
4216600.000000 4026306.250000 2885.462891 24 15
4216800.000000 4026306.250000 3049.664551 25 15
4217000.000000 4026306.250000 3193.633789 26 15
4217200.000000 4026306.250000 3501.380127 27 15
4217400.000000 4026306.250000 3847.224365 28 15
4217600.000000 4026306.250000 4091.454834 29 15
4217800.000000 4026306.250000 4304.616211 30 15
4218000.000000 4026306.250000 4543.450195 31 15
4218200.000000 4026306.250000 4793.134277 32 15
4218400.000000 4026306.250000 5043.372070 33 15
4218600.000000 4026306.250000 5292.027344 34 15
4218800.000000 4026306.250000 5538.534668 35 15
4219000.000000 4026306.250000 5782.132813 36 15
4219200.000000 4026306.250000 6025.418457 37 15
4219400.000000 4026306.250000 6268.935059 38 15
4219600.000000 4026306.250000 6512.248047 39 15
4219800.000000 4026306.250000 6756.410156 40 15
4220000.000000 4026306.250000 7000.497070 41 15
4220200.000000 4026306.250000 7244.529297 42 15
4212000.000000 4026678.125000 -2679.801758 1 16
4212200.000000 4026678.125000 -2436.372803 2 16
4212400.000000 4026678.125000 -2192.955811 3 16
4212600.000000 4026678.125000 -1949.576660 4 16
4212800.000000 4026678.125000 -1706.224854 5 16
4213000.000000 4026678.125000 -1462.915405 6 16
4213200.000000 4026678.125000 -1219.614502 7 16
4213400.000000 4026678.125000 -976.799133 8 16
4213600.000000 4026678.125000 -733.395386 9 16
4213800.000000 4026678.125000 -489.869415 10 16
4214000.000000 4026678.125000 -246.240692 11 16
4214200.000000 4026678.125000 -2.277943 12 16
4214400.000000 4026678.125000 242.973175 13 16
4214600.000000 4026678.125000 488.788269 14 16
4214800.000000 4026678.125000 732.789795 15 16
4215000.000000 4026678.125000 972.170654 16 16
4215200.000000 4026678.125000 1203.343384 17 16
4215400.000000 4026678.125000 1432.539429 18 16
4215600.000000 4026678.125000 1660.220581 19 16
4215800.000000 4026678.125000 1876.862671 20 16
4216000.000000 4026678.125000 2093.010010 21 16
4216200.000000 4026678.125000 2335.044189 22 16
4216400.000000 4026678.125000 2629.209961 23 16
4216600.000000 4026678.125000 2913.615967 24 16
4216800.000000 4026678.125000 3133.217041 25 16
4217000.000000 4026678.125000 3337.194092 26 16
4217200.000000 4026678.125000 3605.932861 27 16
4217400.000000 4026678.125000 3900.982910 28 16
4217600.000000 4026678.125000 4145.869141 29 16
4217800.000000 4026678.125000 4373.471191 30 16
4218000.000000 4026678.125000 4615.486816 31 16
4218200.000000 4026678.125000 4863.264160 32 16
4218400.000000 4026678.125000 5110.927246 33 16
4218600.000000 4026678.125000 5357.743652 34 16
4218800.000000 4026678.125000 5603.334961 35 16
4219000.000000 4026678.125000 5846.755859 36 16
4219200.000000 4026678.125000 6089.952637 37 16
4219400.000000 4026678.125000 6333.366699 38 16
4219600.000000 4026678.125000 6576.562500 39 16
4219800.000000 4026678.125000 6820.609863 40 16
4220000.000000 4026678.125000 7064.597168 41 16
4220200.000000 4026678.125000 7308.550293 42 16
4212000.000000 4027050.000000 -2615.990723 1 17
4212200.000000 4027050.000000 -2372.563965 2 17
4212400.000000 4027050.000000 -2129.147705 3 17
4212600.000000 4027050.000000 -1885.768799 4 17
4212800.000000 4027050.000000 -1642.418823 5 17
4213000.000000 4027050.000000 -1399.115601 6 17
4213200.000000 4027050.000000 -1156.328735 7 17
4213400.000000 4027050.000000 -913.542542 8 17
4213600.000000 4027050.000000 -670.196167 9 17
4213800.000000 4027050.000000 -426.729004 10 17
4214000.000000 4027050.000000 -183.174210 11 17
4214200.000000 4027050.000000 60.789089 12 17
4214400.000000 4027050.000000 307.213623 13 17
4214600.000000 4027050.000000 555.110046 14 17
4214800.000000 4027050.000000 801.819458 15 17
4215000.000000 4027050.000000 1044.058716 16 17
4215200.000000 4027050.000000 1277.071289 17 17
4215400.000000 4027050.000000 1501.032227 18 17
4215600.000000 4027050.000000 1715.470337 19 17
4215800.000000 4027050.000000 1926.161133 20 17
4216000.000000 4027050.000000 2175.206299 21 17
4216200.000000 4027050.000000 2522.455811 22 17
4216400.000000 4027050.000000 2916.845703 23 17
4216600.000000 4027050.000000 3132.171631 24 17
4216800.000000 4027050.000000 3241.376953 25 17
4217000.000000 4027050.000000 3428.836914 26 17
4217200.000000 4027050.000000 3675.587891 27 17
4217400.000000 4027050.000000 3940.037842 28 17
4217600.000000 4027050.000000 4191.427734 29 17
4217800.000000 4027050.000000 4435.070313 30 17
4218000.000000 4027050.000000 4682.167969 31 17
4218200.000000 4027050.000000 4930.027344 32 17
4218400.000000 4027050.000000 5176.771973 33 17
4218600.000000 4027050.000000 5422.685547 34 17
4218800.000000 4027050.000000 5667.571289 35 17
4219000.000000 4027050.000000 5910.885254 36 17
4219200.000000 4027050.000000 6154.481934 37 17
4219400.000000 4027050.000000 6397.780273 38 17
4219600.000000 4027050.000000 6641.355469 39 17
4219800.000000 4027050.000000 6884.793457 40 17
4220000.000000 4027050.000000 7128.690918 41 17
4220200.000000 4027050.000000 7372.574219 42 17
4212000.000000 4027421.875000 -2552.172607 1 18
4212200.000000 4027421.875000 -2308.747314 2 18
4212400.000000 4027421.875000 -2065.331055 3 18
4212600.000000 4027421.875000 -1821.952148 4 18
4212800.000000 4027421.875000 -1578.604126 5 18
4213000.000000 4027421.875000 -1335.308105 6 18
4213200.000000 4027421.875000 -1092.548584 7 18
4213400.000000 4027421.875000 -849.794434 8 18
4213600.000000 4027421.875000 -606.520569 9 18
4213800.000000 4027421.875000 -363.162964 10 18
4214000.000000 4027421.875000 -119.739456 11 18
4214200.000000 4027421.875000 124.131172 12 18
4214400.000000 4027421.875000 371.135040 13 18
4214600.000000 4027421.875000 620.981506 14 18
4214800.000000 4027421.875000 869.630981 15 18
4215000.000000 4027421.875000 1113.459839 16 18
4215200.000000 4027421.875000 1345.476807 17 18
4215400.000000 4027421.875000 1556.916016 18 18
4215600.000000 4027421.875000 1742.610962 19 18
4215800.000000 4027421.875000 1918.399536 20 18
4216000.000000 4027421.875000 2158.708740 21 18
4216200.000000 4027421.875000 2588.871826 22 18
4216400.000000 4027421.875000 3109.595215 23 18
4216600.000000 4027421.875000 3386.110352 24 18
4216800.000000 4027421.875000 3447.670654 25 18
4217000.000000 4027421.875000 3564.714600 26 18
4217200.000000 4027421.875000 3756.529785 27 18
4217400.000000 4027421.875000 3993.059326 28 18
4217600.000000 4027421.875000 4242.892090 29 18
4217800.000000 4027421.875000 4493.298828 30 18
4218000.000000 4027421.875000 4743.411133 31 18
4218200.000000 4027421.875000 4992.709473 32 18
4218400.000000 4027421.875000 5240.522949 33 18
4218600.000000 4027421.875000 5486.885742 34 18
4218800.000000 4027421.875000 5731.721191 35 18
4219000.000000 4027421.875000 5975.460449 36 18
4219200.000000 4027421.875000 6218.948242 37 18
4219400.000000 4027421.875000 6462.124023 38 18
4219600.000000 4027421.875000 6705.584961 39 18
4219800.000000 4027421.875000 6948.929688 40 18
4220000.000000 4027421.875000 7192.754883 41 18
4220200.000000 4027421.875000 7436.584473 42 18
4212000.000000 4027793.750000 -2488.358643 1 19
4212200.000000 4027793.750000 -2244.926270 2 19
4212400.000000 4027793.750000 -2001.517578 3 19
4212600.000000 4027793.750000 -1758.129272 4 19
4212800.000000 4027793.750000 -1514.790405 5 19
4213000.000000 4027793.750000 -1271.492676 6 19
4213200.000000 4027793.750000 -1028.753174 7 19
4213400.000000 4027793.750000 -785.545410 8 19
4213600.000000 4027793.750000 -542.858337 9 19
4213800.000000 4027793.750000 -299.643799 10 19
4214000.000000 4027793.750000 -56.415585 11 19
4214200.000000 4027793.750000 186.752563 12 19
4214400.000000 4027793.750000 434.150116 13 19
4214600.000000 4027793.750000 685.620056 14 19
4214800.000000 4027793.750000 935.625854 15 19
4215000.000000 4027793.750000 1180.018799 16 19
4215200.000000 4027793.750000 1409.849609 17 19
4215400.000000 4027793.750000 1606.673584 18 19
4215600.000000 4027793.750000 1756.498535 19 19
4215800.000000 4027793.750000 1876.463379 20 19
4216000.000000 4027793.750000 2063.634766 21 19
4216200.000000 4027793.750000 2511.151611 22 19
4216400.000000 4027793.750000 3058.808838 23 19
4216600.000000 4027793.750000 3384.719238 24 19
4216800.000000 4027793.750000 3516.085938 25 19
4217000.000000 4027793.750000 3647.838379 26 19
4217200.000000 4027793.750000 3828.394287 27 19
4217400.000000 4027793.750000 4053.378906 28 19
4217600.000000 4027793.750000 4300.923340 29 19
4217800.000000 4027793.750000 4552.692383 30 19
4218000.000000 4027793.750000 4804.986816 31 19
4218200.000000 4027793.750000 5055.886719 32 19
4218400.000000 4027793.750000 5304.415039 33 19
4218600.000000 4027793.750000 5550.886719 34 19
4218800.000000 4027793.750000 5795.744629 35 19
4219000.000000 4027793.750000 6039.917969 36 19
4219200.000000 4027793.750000 6283.292969 37 19
4219400.000000 4027793.750000 6526.354004 38 19
4219600.000000 4027793.750000 6769.712891 39 19
4219800.000000 4027793.750000 7012.997070 40 19
4220000.000000 4027793.750000 7256.773926 41 19
4220200.000000 4027793.750000 7500.568848 42 19
4212000.000000 4028165.625000 -2424.535645 1 20
4212200.000000 4028165.625000 -2181.103271 2 20
4212400.000000 4028165.625000 -1937.692627 3 20
4212600.000000 4028165.625000 -1694.301880 4 20
4212800.000000 4028165.625000 -1450.961914 5 20
4213000.000000 4028165.625000 -1207.667969 6 20
4213200.000000 4028165.625000 -964.445496 7 20
4213400.000000 4028165.625000 -721.279846 8 20
4213600.000000 4028165.625000 -478.679932 9 20
4213800.000000 4028165.625000 -236.117813 10 20
4214000.000000 4028165.625000 6.881459 11 20
4214200.000000 4028165.625000 249.764954 12 20
4214400.000000 4028165.625000 497.383392 13 20
4214600.000000 4028165.625000 748.654663 14 20
4214800.000000 4028165.625000 998.531738 15 20
4215000.000000 4028165.625000 1242.652588 16 20
4215200.000000 4028165.625000 1470.606445 17 20
4215400.000000 4028165.625000 1663.240845 18 20
4215600.000000 4028165.625000 1804.791870 19 20
4215800.000000 4028165.625000 1912.058105 20 20
4216000.000000 4028165.625000 2078.135254 21 20
4216200.000000 4028165.625000 2488.830566 22 20
4216400.000000 4028165.625000 2986.006348 23 20
4216600.000000 4028165.625000 3317.587158 24 20
4216800.000000 4028165.625000 3518.641113 25 20
4217000.000000 4028165.625000 3694.983154 26 20
4217200.000000 4028165.625000 3891.321045 27 20
4217400.000000 4028165.625000 4117.887695 28 20
4217600.000000 4028165.625000 4364.128906 29 20
4217800.000000 4028165.625000 4615.260254 30 20
4218000.000000 4028165.625000 4867.458496 31 20
4218200.000000 4028165.625000 5119.385254 32 20
4218400.000000 4028165.625000 5368.068359 33 20
4218600.000000 4028165.625000 5615.189453 34 20
4218800.000000 4028165.625000 5860.090332 35 20
4219000.000000 4028165.625000 6104.203613 36 20
4219200.000000 4028165.625000 6347.470215 37 20
4219400.000000 4028165.625000 6590.448730 38 20
4219600.000000 4028165.625000 6833.745117 39 20
4219800.000000 4028165.625000 7076.989258 40 20
4220000.000000 4028165.625000 7320.732910 41 20
4220200.000000 4028165.625000 7564.520508 42 20
4212000.000000 4028537.500000 -2360.714844 1 21
4212200.000000 4028537.500000 -2117.281006 2 21
4212400.000000 4028537.500000 -1873.867188 3 21
4212600.000000 4028537.500000 -1630.471924 4 21
4212800.000000 4028537.500000 -1387.127563 5 21
4213000.000000 4028537.500000 -1143.832397 6 21
4213200.000000 4028537.500000 -900.618103 7 21
4213400.000000 4028537.500000 -657.481873 8 21
4213600.000000 4028537.500000 -414.951416 9 21
4213800.000000 4028537.500000 -172.022583 10 21
4214000.000000 4028537.500000 70.262955 11 21
4214200.000000 4028537.500000 313.349823 12 21
4214400.000000 4028537.500000 560.114624 13 21
4214600.000000 4028537.500000 810.004456 14 21
4214800.000000 4028537.500000 1059.006592 15 21
4215000.000000 4028537.500000 1302.010010 16 21
4215200.000000 4028537.500000 1529.973877 17 21
4215400.000000 4028537.500000 1731.252686 18 21
4215600.000000 4028537.500000 1897.398315 19 21
4215800.000000 4028537.500000 2045.411377 20 21
4216000.000000 4028537.500000 2239.023438 21 21
4216200.000000 4028537.500000 2577.423096 22 21
4216400.000000 4028537.500000 2972.321533 23 21
4216600.000000 4028537.500000 3285.387451 24 21
4216800.000000 4028537.500000 3524.658447 25 21
4217000.000000 4028537.500000 3736.831299 26 21
4217200.000000 4028537.500000 3952.375732 27 21
4217400.000000 4028537.500000 4184.601563 28 21
4217600.000000 4028537.500000 4430.785156 29 21
4217800.000000 4028537.500000 4680.486816 30 21
4218000.000000 4028537.500000 4931.585449 31 21
4218200.000000 4028537.500000 5183.223633 32 21
4218400.000000 4028537.500000 5432.020996 33 21
4218600.000000 4028537.500000 5679.296875 34 21
4218800.000000 4028537.500000 5924.233398 35 21
4219000.000000 4028537.500000 6167.806641 36 21
4219200.000000 4028537.500000 6410.997559 37 21
4219400.000000 4028537.500000 6654.417480 38 21
4219600.000000 4028537.500000 6897.681641 39 21
4219800.000000 4028537.500000 7140.911621 40 21
4220000.000000 4028537.500000 7384.649902 41 21
4220200.000000 4028537.500000 7628.436035 42 21
4212000.000000 4028909.375000 -2296.899170 1 22
4212200.000000 4028909.375000 -2053.462891 2 22
4212400.000000 4028909.375000 -1810.043945 3 22
4212600.000000 4028909.375000 -1566.641602 4 22
4212800.000000 4028909.375000 -1323.288818 5 22
4213000.000000 4028909.375000 -1079.985840 6 22
4213200.000000 4028909.375000 -836.768372 7 22
4213400.000000 4028909.375000 -593.642212 8 22
4213600.000000 4028909.375000 -351.149872 9 22
4213800.000000 4028909.375000 -108.307579 10 22
4214000.000000 4028909.375000 133.823608 11 22
4214200.000000 4028909.375000 376.679382 12 22
4214400.000000 4028909.375000 622.137329 13 22
4214600.000000 4028909.375000 870.128540 14 22
4214800.000000 4028909.375000 1117.699951 15 22
4215000.000000 4028909.375000 1360.584717 16 22
4215200.000000 4028909.375000 1590.609375 17 22
4215400.000000 4028909.375000 1804.263916 18 22
4215600.000000 4028909.375000 1999.795044 19 22
4215800.000000 4028909.375000 2188.785889 20 22
4216000.000000 4028909.375000 2406.664307 21 22
4216200.000000 4028909.375000 2693.953857 22 22
4216400.000000 4028909.375000 3012.054688 23 22
4216600.000000 4028909.375000 3301.644287 24 22
4216800.000000 4028909.375000 3553.735596 25 22
4217000.000000 4028909.375000 3786.039063 26 22
4217200.000000 4028909.375000 4015.376709 27 22
4217400.000000 4028909.375000 4252.640625 28 22
4217600.000000 4028909.375000 4498.965820 29 22
4217800.000000 4028909.375000 4747.658691 30 22
4218000.000000 4028909.375000 4997.533691 31 22
4218200.000000 4028909.375000 5247.921387 32 22
4218400.000000 4028909.375000 5496.354492 33 22
4218600.000000 4028909.375000 5742.769531 34 22
4218800.000000 4028909.375000 5987.732910 35 22
4219000.000000 4028909.375000 6231.760254 36 22
4219200.000000 4028909.375000 6474.898438 37 22
4219400.000000 4028909.375000 6718.288574 38 22
4219600.000000 4028909.375000 6961.544434 39 22
4219800.000000 4028909.375000 7204.777832 40 22
4220000.000000 4028909.375000 7448.521484 41 22
4220200.000000 4028909.375000 7692.313477 42 22
4212000.000000 4029281.250000 -2233.091797 1 23
4212200.000000 4029281.250000 -1989.651489 2 23
4212400.000000 4029281.250000 -1746.225586 3 23
4212600.000000 4029281.250000 -1502.813599 4 23
4212800.000000 4029281.250000 -1259.448364 5 23
4213000.000000 4029281.250000 -1016.130737 6 23
4213200.000000 4029281.250000 -772.897827 7 23
4213400.000000 4029281.250000 -529.760132 8 23
4213600.000000 4029281.250000 -287.269012 9 23
4213800.000000 4029281.250000 -44.463017 10 23
4214000.000000 4029281.250000 198.106934 11 23
4214200.000000 4029281.250000 440.845581 12 23
4214400.000000 4029281.250000 685.126282 13 23
4214600.000000 4029281.250000 930.879517 14 23
4214800.000000 4029281.250000 1176.598877 15 23
4215000.000000 4029281.250000 1418.296509 16 23
4215200.000000 4029281.250000 1651.304932 17 23
4215400.000000 4029281.250000 1875.228271 18 23
4215600.000000 4029281.250000 2091.086182 19 23
4215800.000000 4029281.250000 2305.713135 20 23
4216000.000000 4029281.250000 2536.375977 21 23
4216200.000000 4029281.250000 2797.320801 22 23
4216400.000000 4029281.250000 3075.160400 23 23
4216600.000000 4029281.250000 3345.798584 24 23
4216800.000000 4029281.250000 3599.667236 25 23
4217000.000000 4029281.250000 3842.392822 26 23
4217200.000000 4029281.250000 4080.939209 27 23
4217400.000000 4029281.250000 4321.985840 28 23
4217600.000000 4029281.250000 4567.224609 29 23
4217800.000000 4029281.250000 4814.826172 30 23
4218000.000000 4029281.250000 5063.866699 31 23
4218200.000000 4029281.250000 5313.165527 32 23
4218400.000000 4029281.250000 5560.722656 33 23
4218600.000000 4029281.250000 5806.200195 34 23
4218800.000000 4029281.250000 6051.151855 35 23
4219000.000000 4029281.250000 6295.124023 36 23
4219200.000000 4029281.250000 6538.220703 37 23
4219400.000000 4029281.250000 6781.596191 38 23
4219600.000000 4029281.250000 7025.355469 39 23
4219800.000000 4029281.250000 7268.598633 40 23
4220000.000000 4029281.250000 7512.351074 41 23
4220200.000000 4029281.250000 7756.149902 42 23
4212000.000000 4029653.125000 -2169.296387 1 24
4212200.000000 4029653.125000 -1925.858887 2 24
4212400.000000 4029653.125000 -1682.415894 3 24
4212600.000000 4029653.125000 -1439.000000 4 24
4212800.000000 4029653.125000 -1195.610352 5 24
4213000.000000 4029653.125000 -952.280273 6 24
4213200.000000 4029653.125000 -709.013123 7 24
4213400.000000 4029653.125000 -465.852997 8 24
4213600.000000 4029653.125000 -223.321060 9 24
4213800.000000 4029653.125000 19.512949 10 24
4214000.000000 4029653.125000 262.099579 11 24
4214200.000000 4029653.125000 504.834808 12 24
4214400.000000 4029653.125000 748.621399 13 24
4214600.000000 4029653.125000 992.839844 14 24
4214800.000000 4029653.125000 1236.460083 15 24
4215000.000000 4029653.125000 1477.549072 16 24
4215200.000000 4029653.125000 1712.997070 17 24
4215400.000000 4029653.125000 1943.643311 18 24
4215600.000000 4029653.125000 2170.655273 19 24
4215800.000000 4029653.125000 2398.681396 20 24
4216000.000000 4029653.125000 2634.531006 21 24
4216200.000000 4029653.125000 2884.173828 22 24
4216400.000000 4029653.125000 3143.830322 23 24
4216600.000000 4029653.125000 3404.200439 24 24
4216800.000000 4029653.125000 3656.848877 25 24
4217000.000000 4029653.125000 3903.628418 26 24
4217200.000000 4029653.125000 4146.800293 27 24
4217400.000000 4029653.125000 4389.655273 28 24
4217600.000000 4029653.125000 4635.024414 29 24
4217800.000000 4029653.125000 4882.322266 30 24
4218000.000000 4029653.125000 5129.917969 31 24
4218200.000000 4029653.125000 5378.176270 32 24
4218400.000000 4029653.125000 5624.747559 33 24
4218600.000000 4029653.125000 5870.179688 34 24
4218800.000000 4029653.125000 6115.046875 35 24
4219000.000000 4029653.125000 6358.437012 36 24
4219200.000000 4029653.125000 6602.000488 37 24
4219400.000000 4029653.125000 6845.356934 38 24
4219600.000000 4029653.125000 7089.129883 39 24
4219800.000000 4029653.125000 7332.372559 40 24
4220000.000000 4029653.125000 7576.139648 41 24
4220200.000000 4029653.125000 7819.942383 42 24
4212000.000000 4030025.000000 -2105.016846 1 25
4212200.000000 4030025.000000 -1861.572632 2 25
4212400.000000 4030025.000000 -1618.618774 3 25
4212600.000000 4030025.000000 -1375.188843 4 25
4212800.000000 4030025.000000 -1131.780518 5 25
4213000.000000 4030025.000000 -888.425476 6 25
4213200.000000 4030025.000000 -645.125061 7 25
4213400.000000 4030025.000000 -401.920746 8 25
4213600.000000 4030025.000000 -159.331635 9 25
4213800.000000 4030025.000000 83.573105 10 25
4214000.000000 4030025.000000 326.244110 11 25
4214200.000000 4030025.000000 569.082642 12 25
4214400.000000 4030025.000000 812.006348 13 25
4214600.000000 4030025.000000 1055.398438 14 25
4214800.000000 4030025.000000 1298.195068 15 25
4215000.000000 4030025.000000 1538.928467 16 25
4215200.000000 4030025.000000 1776.192139 17 25
4215400.000000 4030025.000000 2010.919678 18 25
4215600.000000 4030025.000000 2244.430664 19 25
4215800.000000 4030025.000000 2479.025146 20 25
4216000.000000 4030025.000000 2717.520752 21 25
4216200.000000 4030025.000000 2962.967773 22 25
4216400.000000 4030025.000000 3215.043213 23 25
4216600.000000 4030025.000000 3469.132080 24 25
4216800.000000 4030025.000000 3719.468262 25 25
4217000.000000 4030025.000000 3967.174316 26 25
4217200.000000 4030025.000000 4211.875488 27 25
4217400.000000 4030025.000000 4456.143066 28 25
4217600.000000 4030025.000000 4702.063965 29 25
4217800.000000 4030025.000000 4949.112793 30 25
4218000.000000 4030025.000000 5195.911621 31 25
4218200.000000 4030025.000000 5443.019531 32 25
4218400.000000 4030025.000000 5688.941895 33 25
4218600.000000 4030025.000000 5934.212402 34 25
4218800.000000 4030025.000000 6178.440918 35 25
4219000.000000 4030025.000000 6422.238281 36 25
4219200.000000 4030025.000000 6665.756348 37 25
4219400.000000 4030025.000000 6909.099121 38 25
4219600.000000 4030025.000000 7152.872070 39 25
4219800.000000 4030025.000000 7396.117676 40 25
4220000.000000 4030025.000000 7639.884766 41 25
4220200.000000 4030025.000000 7883.678223 42 25
4212000.000000 4030396.875000 -2040.756592 1 26
4212200.000000 4030396.875000 -1797.803711 2 26
4212400.000000 4030396.875000 -1554.838745 3 26
4212600.000000 4030396.875000 -1311.393799 4 26
4212800.000000 4030396.875000 -1067.965332 5 26
4213000.000000 4030396.875000 -824.583374 6 26
4213200.000000 4030396.875000 -581.246155 7 26
4213400.000000 4030396.875000 -338.490326 8 26
4213600.000000 4030396.875000 -95.331329 9 26
4213800.000000 4030396.875000 147.669296 10 26
4214000.000000 4030396.875000 390.467163 11 26
4214200.000000 4030396.875000 633.472107 12 26
4214400.000000 4030396.875000 876.118958 13 26
4214600.000000 4030396.875000 1118.801636 14 26
4214800.000000 4030396.875000 1360.968018 15 26
4215000.000000 4030396.875000 1602.115112 16 26
4215200.000000 4030396.875000 1840.839966 17 26
4215400.000000 4030396.875000 2078.786865 18 26
4215600.000000 4030396.875000 2316.084961 19 26
4215800.000000 4030396.875000 2554.005615 20 26
4216000.000000 4030396.875000 2794.169189 21 26
4216200.000000 4030396.875000 3038.800537 22 26
4216400.000000 4030396.875000 3286.722900 23 26
4216600.000000 4030396.875000 3535.831787 24 26
4216800.000000 4030396.875000 3784.330322 25 26
4217000.000000 4030396.875000 4031.709473 26 26
4217200.000000 4030396.875000 4277.362305 27 26
4217400.000000 4030396.875000 4522.812988 28 26
4217600.000000 4030396.875000 4768.845215 29 26
4217800.000000 4030396.875000 5015.358887 30 26
4218000.000000 4030396.875000 5261.799805 31 26
4218200.000000 4030396.875000 5508.085938 32 26
4218400.000000 4030396.875000 5753.225586 33 26
4218600.000000 4030396.875000 5997.763184 34 26
4218800.000000 4030396.875000 6242.325195 35 26
4219000.000000 4030396.875000 6486.022949 36 26
4219200.000000 4030396.875000 6729.491699 37 26
4219400.000000 4030396.875000 6972.814453 38 26
4219600.000000 4030396.875000 7216.580078 39 26
4219800.000000 4030396.875000 7459.821289 40 26
4220000.000000 4030396.875000 7703.583496 41 26
4220200.000000 4030396.875000 7947.370605 42 26
4212000.000000 4030768.750000 -1977.018188 1 27
4212200.000000 4030768.750000 -1734.056641 2 27
4212400.000000 4030768.750000 -1491.080322 3 27
4212600.000000 4030768.750000 -1247.620239 4 27
4212800.000000 4030768.750000 -1004.171692 5 27
4213000.000000 4030768.750000 -760.762573 6 27
4213200.000000 4030768.750000 -517.887634 7 27
4213400.000000 4030768.750000 -275.080017 8 27
4213600.000000 4030768.750000 -31.847437 9 27
4213800.000000 4030768.750000 211.257568 10 27
4214000.000000 4030768.750000 454.200256 11 27
4214200.000000 4030768.750000 697.401062 12 27
4214400.000000 4030768.750000 939.810547 13 27
4214600.000000 4030768.750000 1182.342529 14 27
4214800.000000 4030768.750000 1424.957275 15 27
4215000.000000 4030768.750000 1666.131592 16 27
4215200.000000 4030768.750000 1906.460693 17 27
4215400.000000 4030768.750000 2146.093262 18 27
4215600.000000 4030768.750000 2385.754395 19 27
4215800.000000 4030768.750000 2625.727295 20 27
4216000.000000 4030768.750000 2866.863525 21 27
4216200.000000 4030768.750000 3111.065430 22 27
4216400.000000 4030768.750000 3357.042725 23 27
4216600.000000 4030768.750000 3603.755371 24 27
4216800.000000 4030768.750000 3850.984375 25 27
4217000.000000 4030768.750000 4097.352539 26 27
4217200.000000 4030768.750000 4343.466797 27 27
4217400.000000 4030768.750000 4589.045898 28 27
4217600.000000 4030768.750000 4834.904297 29 27
4217800.000000 4030768.750000 5080.872070 30 27
4218000.000000 4030768.750000 5326.826172 31 27
4218200.000000 4030768.750000 5572.701660 32 27
4218400.000000 4030768.750000 5817.499512 33 27
4218600.000000 4030768.750000 6061.784668 34 27
4218800.000000 4030768.750000 6305.681152 35 27
4219000.000000 4030768.750000 6549.780762 36 27
4219200.000000 4030768.750000 6793.198242 37 27
4219400.000000 4030768.750000 7036.495605 38 27
4219600.000000 4030768.750000 7280.247559 39 27
4219800.000000 4030768.750000 7523.479492 40 27
4220000.000000 4030768.750000 7767.232910 41 27
4220200.000000 4030768.750000 8011.010742 42 27
4212000.000000 4031140.625000 -1913.305542 1 28
4212200.000000 4031140.625000 -1670.334839 2 28
4212400.000000 4031140.625000 -1427.347290 3 28
4212600.000000 4031140.625000 -1183.872803 4 28
4212800.000000 4031140.625000 -940.405151 5 28
4213000.000000 4031140.625000 -696.970398 6 28
4213200.000000 4031140.625000 -454.068726 7 28
4213400.000000 4031140.625000 -211.203964 8 28
4213600.000000 4031140.625000 32.089771 9 28
4213800.000000 4031140.625000 275.303162 10 28
4214000.000000 4031140.625000 518.380310 11 28
4214200.000000 4031140.625000 761.787292 12 28
4214400.000000 4031140.625000 1004.454712 13 28
4214600.000000 4031140.625000 1246.846191 14 28
4214800.000000 4031140.625000 1489.411377 15 28
4215000.000000 4031140.625000 1731.134888 16 28
4215200.000000 4031140.625000 1972.081543 17 28
4215400.000000 4031140.625000 2212.897217 18 28
4215600.000000 4031140.625000 2454.269287 19 28
4215800.000000 4031140.625000 2695.459961 20 28
4216000.000000 4031140.625000 2937.713135 21 28
4216200.000000 4031140.625000 3181.279785 22 28
4216400.000000 4031140.625000 3426.279297 23 28
4216600.000000 4031140.625000 3672.179443 24 28
4216800.000000 4031140.625000 3918.332275 25 28
4217000.000000 4031140.625000 4163.972168 26 28
4217200.000000 4031140.625000 4409.856934 27 28
4217400.000000 4031140.625000 4655.248047 28 28
4217600.000000 4031140.625000 4900.965820 29 28
4217800.000000 4031140.625000 5146.856934 30 28
4218000.000000 4031140.625000 5391.789551 31 28
4218200.000000 4031140.625000 5637.228516 32 28
4218400.000000 4031140.625000 5881.684570 33 28
4218600.000000 4031140.625000 6125.744629 34 28
4218800.000000 4031140.625000 6369.481445 35 28
4219000.000000 4031140.625000 6612.999023 36 28
4219200.000000 4031140.625000 6856.864258 37 28
4219400.000000 4031140.625000 7100.133301 38 28
4219600.000000 4031140.625000 7343.868652 39 28
4219800.000000 4031140.625000 7587.088867 40 28
4220000.000000 4031140.625000 7830.833008 41 28
4220200.000000 4031140.625000 8074.600586 42 28
4212000.000000 4031512.500000 -1849.620483 1 29
4212200.000000 4031512.500000 -1606.640259 2 29
4212400.000000 4031512.500000 -1363.650513 3 29
4212600.000000 4031512.500000 -1120.154663 4 29
4212800.000000 4031512.500000 -876.678162 5 29
4213000.000000 4031512.500000 -633.211731 6 29
4213200.000000 4031512.500000 -390.278290 7 29
4213400.000000 4031512.500000 -147.369781 8 29
4213600.000000 4031512.500000 95.985489 9 29
4213800.000000 4031512.500000 339.287201 10 29
4214000.000000 4031512.500000 582.491638 11 29
4214200.000000 4031512.500000 826.078369 12 29
4214400.000000 4031512.500000 1068.990967 13 29
4214600.000000 4031512.500000 1311.705078 14 29
4214800.000000 4031512.500000 1554.173706 15 29
4215000.000000 4031512.500000 1796.407104 16 29
4215200.000000 4031512.500000 2037.930176 17 29
4215400.000000 4031512.500000 2279.862305 18 29
4215600.000000 4031512.500000 2521.849854 19 29
4215800.000000 4031512.500000 2763.604004 20 29
4216000.000000 4031512.500000 3006.301025 21 29
4216200.000000 4031512.500000 3250.114258 22 29
4216400.000000 4031512.500000 3494.608643 23 29
4216600.000000 4031512.500000 3740.279541 24 29
4216800.000000 4031512.500000 3985.505615 25 29
4217000.000000 4031512.500000 4231.100586 26 29
4217200.000000 4031512.500000 4476.379395 27 29
4217400.000000 4031512.500000 4721.666016 28 29
4217600.000000 4031512.500000 4966.781250 29 29
4217800.000000 4031512.500000 5212.109375 30 29
4218000.000000 4031512.500000 5456.552734 31 29
4218200.000000 4031512.500000 5701.600586 32 29
4218400.000000 4031512.500000 5945.766113 33 29
4218600.000000 4031512.500000 6189.625000 34 29
4218800.000000 4031512.500000 6433.230469 35 29
4219000.000000 4031512.500000 6676.666504 36 29
4219200.000000 4031512.500000 6920.474609 37 29
4219400.000000 4031512.500000 7163.722656 38 29
4219600.000000 4031512.500000 7407.440918 39 29
4219800.000000 4031512.500000 7650.650391 40 29
4220000.000000 4031512.500000 7894.385742 41 29
4220200.000000 4031512.500000 8138.143555 42 29
4212000.000000 4031884.375000 -1785.962769 1 30
4212200.000000 4031884.375000 -1542.973267 2 30
4212400.000000 4031884.375000 -1299.974121 3 30
4212600.000000 4031884.375000 -1056.466919 4 30
4212800.000000 4031884.375000 -812.975281 5 30
4213000.000000 4031884.375000 -569.488281 6 30
4213200.000000 4031884.375000 -326.526886 7 30
4213400.000000 4031884.375000 -83.080772 8 30
4213600.000000 4031884.375000 160.327301 9 30
4213800.000000 4031884.375000 403.703461 10 30
4214000.000000 4031884.375000 647.014282 11 30
4214200.000000 4031884.375000 890.252686 12 30
4214400.000000 4031884.375000 1133.373657 13 30
4214600.000000 4031884.375000 1376.364624 14 30
4214800.000000 4031884.375000 1619.185913 15 30
4215000.000000 4031884.375000 1861.849243 16 30
4215200.000000 4031884.375000 2103.866699 17 30
4215400.000000 4031884.375000 2346.328613 18 30
4215600.000000 4031884.375000 2588.837402 19 30
4215800.000000 4031884.375000 2831.053467 20 30
4216000.000000 4031884.375000 3074.099854 21 30
4216200.000000 4031884.375000 3318.102539 22 30
4216400.000000 4031884.375000 3562.598389 23 30
4216600.000000 4031884.375000 3807.587402 24 30
4216800.000000 4031884.375000 4052.468506 25 30
4217000.000000 4031884.375000 4297.625488 26 30
4217200.000000 4031884.375000 4542.890625 27 30
4217400.000000 4031884.375000 4787.635254 28 30
4217600.000000 4031884.375000 5032.216797 29 30
4217800.000000 4031884.375000 5277.056641 30 30
4218000.000000 4031884.375000 5521.585449 31 30
4218200.000000 4031884.375000 5765.809082 32 30
4218400.000000 4031884.375000 6009.735352 33 30
4218600.000000 4031884.375000 6253.425781 34 30
4218800.000000 4031884.375000 6496.918457 35 30
4219000.000000 4031884.375000 6740.281738 36 30
4219200.000000 4031884.375000 6984.044434 37 30
4219400.000000 4031884.375000 7227.265625 38 30
4219600.000000 4031884.375000 7470.959961 39 30
4219800.000000 4031884.375000 7714.667969 40 30
4220000.000000 4031884.375000 7958.396484 41 30
4220200.000000 4031884.375000 8202.145508 42 30
4212000.000000 4032256.250000 -1721.838989 1 31
4212200.000000 4032256.250000 -1478.832031 2 31
4212400.000000 4032256.250000 -1235.824585 3 31
4212600.000000 4032256.250000 -992.807129 4 31
4212800.000000 4032256.250000 -749.302429 5 31
4213000.000000 4032256.250000 -505.797485 6 31
4213200.000000 4032256.250000 -262.811462 7 31
4213400.000000 4032256.250000 -19.331936 8 31
4213600.000000 4032256.250000 224.121552 9 31
4213800.000000 4032256.250000 467.560120 10 31
4214000.000000 4032256.250000 710.958191 11 31
4214200.000000 4032256.250000 954.318909 12 31
4214400.000000 4032256.250000 1197.608643 13 31
4214600.000000 4032256.250000 1440.824829 14 31
4214800.000000 4032256.250000 1683.935059 15 31
4215000.000000 4032256.250000 1926.951050 16 31
4215200.000000 4032256.250000 2169.375488 17 31
4215400.000000 4032256.250000 2412.273682 18 31
4215600.000000 4032256.250000 2655.211670 19 31
4215800.000000 4032256.250000 2897.805664 20 31
4216000.000000 4032256.250000 3141.135254 21 31
4216200.000000 4032256.250000 3385.290771 22 31
4216400.000000 4032256.250000 3629.789795 23 31
4216600.000000 4032256.250000 3874.633545 24 31
4216800.000000 4032256.250000 4119.240723 25 31
4217000.000000 4032256.250000 4364.026855 26 31
4217200.000000 4032256.250000 4608.861328 27 31
4217400.000000 4032256.250000 4853.650879 28 31
4217600.000000 4032256.250000 5097.791016 29 31
4217800.000000 4032256.250000 5341.733887 30 31
4218000.000000 4032256.250000 5585.929199 31 31
4218200.000000 4032256.250000 5829.889648 32 31
4218400.000000 4032256.250000 6073.617676 33 31
4218600.000000 4032256.250000 6317.165527 34 31
4218800.000000 4032256.250000 6560.558594 35 31
4219000.000000 4032256.250000 6804.354492 36 31
4219200.000000 4032256.250000 7047.575195 37 31
4219400.000000 4032256.250000 7290.770996 38 31
4219600.000000 4032256.250000 7534.450684 39 31
4219800.000000 4032256.250000 7778.649902 40 31
4220000.000000 4032256.250000 8022.872559 41 31
4220200.000000 4032256.250000 8266.614258 42 31
4212000.000000 4032628.125000 -1658.225708 1 32
4212200.000000 4032628.125000 -1415.210205 2 32
4212400.000000 4032628.125000 -1172.195435 3 32
4212600.000000 4032628.125000 -929.169312 4 32
4212800.000000 4032628.125000 -685.653076 5 32
4213000.000000 4032628.125000 -442.131989 6 32
4213200.000000 4032628.125000 -199.123779 7 32
4213400.000000 4032628.125000 44.385838 8 32
4213600.000000 4032628.125000 287.879791 9 32
4213800.000000 4032628.125000 531.372925 10 32
4214000.000000 4032628.125000 774.845276 11 32
4214200.000000 4032628.125000 1018.307617 12 32
4214400.000000 4032628.125000 1261.735107 13 32
4214600.000000 4032628.125000 1505.134033 14 32
4214800.000000 4032628.125000 1748.478027 15 32
4215000.000000 4032628.125000 1991.779907 16 32
4215200.000000 4032628.125000 2234.533936 17 32
4215400.000000 4032628.125000 2477.786377 18 32
4215600.000000 4032628.125000 2721.072754 19 32
4215800.000000 4032628.125000 2964.473633 20 32
4216000.000000 4032628.125000 3208.034424 21 32
4216200.000000 4032628.125000 3451.817383 22 32
4216400.000000 4032628.125000 3696.323486 23 32
4216600.000000 4032628.125000 3941.053711 24 32
4216800.000000 4032628.125000 4185.441406 25 32
4217000.000000 4032628.125000 4429.928711 26 32
4217200.000000 4032628.125000 4674.414063 27 32
4217400.000000 4032628.125000 4918.838379 28 32
4217600.000000 4032628.125000 5163.123535 29 32
4217800.000000 4032628.125000 5406.746094 30 32
4218000.000000 4032628.125000 5650.168945 31 32
4218200.000000 4032628.125000 5893.907715 32 32
4218400.000000 4032628.125000 6137.462891 33 32
4218600.000000 4032628.125000 6380.880371 34 32
4218800.000000 4032628.125000 6624.677734 35 32
4219000.000000 4032628.125000 6867.906738 36 32
4219200.000000 4032628.125000 7111.082520 37 32
4219400.000000 4032628.125000 7354.749512 38 32
4219600.000000 4032628.125000 7598.413574 39 32
4219800.000000 4032628.125000 7842.604980 40 32
4220000.000000 4032628.125000 8086.822266 41 32
4220200.000000 4032628.125000 8331.056641 42 32
4212000.000000 4033000.000000 -1594.625366 1 33
4212200.000000 4033000.000000 -1351.601440 2 33
4212400.000000 4033000.000000 -1108.579590 3 33
4212600.000000 4033000.000000 -865.545227 4 33
4212800.000000 4033000.000000 -622.017944 5 33
4213000.000000 4033000.000000 -378.481689 6 33
4213200.000000 4033000.000000 -135.452682 7 33
4213400.000000 4033000.000000 108.076752 8 33
4213600.000000 4033000.000000 351.616852 9 33
4213800.000000 4033000.000000 595.152527 10 33
4214000.000000 4033000.000000 838.701477 11 33
4214200.000000 4033000.000000 1082.247192 12 33
4214400.000000 4033000.000000 1325.804932 13 33
4214600.000000 4033000.000000 1569.354126 14 33
4214800.000000 4033000.000000 1812.906250 15 33
4215000.000000 4033000.000000 2056.449707 16 33
4215200.000000 4033000.000000 2299.479736 17 33
4215400.000000 4033000.000000 2543.018555 18 33
4215600.000000 4033000.000000 2786.602783 19 33
4215800.000000 4033000.000000 3030.251221 20 33
4216000.000000 4033000.000000 3274.014893 21 33
4216200.000000 4033000.000000 3517.901123 22 33
4216400.000000 4033000.000000 3762.431152 23 33
4216600.000000 4033000.000000 4007.079834 24 33
4216800.000000 4033000.000000 4251.299805 25 33
4217000.000000 4033000.000000 4495.551270 26 33
4217200.000000 4033000.000000 4739.759277 27 33
4217400.000000 4033000.000000 4983.887207 28 33
4217600.000000 4033000.000000 5227.880371 29 33
4217800.000000 4033000.000000 5471.730469 30 33
4218000.000000 4033000.000000 5714.912598 31 33
4218200.000000 4033000.000000 5958.446289 32 33
4218400.000000 4033000.000000 6201.833496 33 33
4218600.000000 4033000.000000 6445.116211 34 33
4218800.000000 4033000.000000 6688.809082 35 33
4219000.000000 4033000.000000 6931.959961 36 33
4219200.000000 4033000.000000 7175.081055 37 33
4219400.000000 4033000.000000 7418.212891 38 33
4219600.000000 4033000.000000 7661.855957 39 33
4219800.000000 4033000.000000 7906.037109 40 33
4220000.000000 4033000.000000 8150.749023 41 33
4220200.000000 4033000.000000 8395.478516 42 33
