# Type: scattered data
# Version: 6
# Description: No description
# Format: free
# Field: 1 x
# Field: 2 y
# Field: 3 z undefined
# Field: 4 column
# Field: 5 row
# Projection: Local Rectangular
# Units: undefined
# End:
# Information from grid:
# Grid_size: 42 x 33
# Grid_space: 4212000.000000,4220200.000000,4021100.000000,4033000.000000
# Scattered data: Not_available
# Z_field: z
# Vertical_faults: Not_available
# History: No history
# Z_units: undefined
4212000.000000 4021100.000000 -5625.035645 1 1
4212200.000000 4021100.000000 -5406.237793 2 1
4212400.000000 4021100.000000 -5186.990723 3 1
4212600.000000 4021100.000000 -4967.283691 4 1
4212800.000000 4021100.000000 -4747.653320 5 1
4213000.000000 4021100.000000 -4528.613281 6 1
4213200.000000 4021100.000000 -4309.692383 7 1
4213400.000000 4021100.000000 -4090.367676 8 1
4213600.000000 4021100.000000 -3871.160645 9 1
4213800.000000 4021100.000000 -3652.069336 10 1
4214000.000000 4021100.000000 -3433.087158 11 1
4214200.000000 4021100.000000 -3214.221191 12 1
4214400.000000 4021100.000000 -2995.423096 13 1
4214600.000000 4021100.000000 -2776.187744 14 1
4214800.000000 4021100.000000 -2556.991455 15 1
4215000.000000 4021100.000000 -2337.812744 16 1
4215200.000000 4021100.000000 -2118.627441 17 1
4215400.000000 4021100.000000 -1898.919189 18 1
4215600.000000 4021100.000000 -1679.604980 19 1
4215800.000000 4021100.000000 -1460.142090 20 1
4216000.000000 4021100.000000 -1240.472046 21 1
4216200.000000 4021100.000000 -1020.549438 22 1
4216400.000000 4021100.000000 -800.344177 23 1
4216600.000000 4021100.000000 -579.846130 24 1
4216800.000000 4021100.000000 -359.086273 25 1
4217000.000000 4021100.000000 -138.058701 26 1
4217200.000000 4021100.000000 83.196480 27 1
4217400.000000 4021100.000000 304.659180 28 1
4217600.000000 4021100.000000 526.301941 29 1
4217800.000000 4021100.000000 748.087708 30 1
4218000.000000 4021100.000000 969.959290 31 1
4218200.000000 4021100.000000 1191.909912 32 1
4218400.000000 4021100.000000 1413.882690 33 1
4218600.000000 4021100.000000 1635.837646 34 1
4218800.000000 4021100.000000 1858.237427 35 1
4219000.000000 4021100.000000 2081.053467 36 1
4219200.000000 4021100.000000 2303.768066 37 1
4219400.000000 4021100.000000 2526.872559 38 1
4219600.000000 4021100.000000 2750.366211 39 1
4219800.000000 4021100.000000 2974.758057 40 1
4220000.000000 4021100.000000 3199.571533 41 1
4220200.000000 4021100.000000 3423.837158 42 1
4212000.000000 4021471.875000 -5445.772949 1 2
4212200.000000 4021471.875000 -5226.991211 2 2
4212400.000000 4021471.875000 -5007.747559 3 2
4212600.000000 4021471.875000 -4788.063965 4 2
4212800.000000 4021471.875000 -4568.478027 5 2
4213000.000000 4021471.875000 -4348.969727 6 2
4213200.000000 4021471.875000 -4129.565918 7 2
4213400.000000 4021471.875000 -3909.776123 8 2
4213600.000000 4021471.875000 -3690.603027 9 2
4213800.000000 4021471.875000 -3471.559082 10 2
4214000.000000 4021471.875000 -3252.603516 11 2
4214200.000000 4021471.875000 -3033.245361 12 2
4214400.000000 4021471.875000 -2814.471680 13 2
4214600.000000 4021471.875000 -2595.267090 14 2
4214800.000000 4021471.875000 -2376.132813 15 2
4215000.000000 4021471.875000 -2157.023926 16 2
4215200.000000 4021471.875000 -1937.938354 17 2
4215400.000000 4021471.875000 -1718.339966 18 2
4215600.000000 4021471.875000 -1499.165894 19 2
4215800.000000 4021471.875000 -1279.834106 20 2
4216000.000000 4021471.875000 -1060.262451 21 2
4216200.000000 4021471.875000 -840.404602 22 2
4216400.000000 4021471.875000 -620.189148 23 2
4216600.000000 4021471.875000 -399.627777 24 2
4216800.000000 4021471.875000 -178.755173 25 2
4217000.000000 4021471.875000 42.375034 26 2
4217200.000000 4021471.875000 263.719971 27 2
4217400.000000 4021471.875000 485.234802 28 2
4217600.000000 4021471.875000 706.926086 29 2
4217800.000000 4021471.875000 928.746399 30 2
4218000.000000 4021471.875000 1150.663574 31 2
4218200.000000 4021471.875000 1372.644165 32 2
4218400.000000 4021471.875000 1594.652100 33 2
4218600.000000 4021471.875000 1816.632080 34 2
4218800.000000 4021471.875000 2038.580200 35 2
4219000.000000 4021471.875000 2260.948975 36 2
4219200.000000 4021471.875000 2483.219727 37 2
4219400.000000 4021471.875000 2705.881348 38 2
4219600.000000 4021471.875000 2928.930176 39 2
4219800.000000 4021471.875000 3152.873047 40 2
4220000.000000 4021471.875000 3377.231934 41 2
4220200.000000 4021471.875000 3601.537598 42 2
4212000.000000 4021843.750000 -5265.977051 1 3
4212200.000000 4021843.750000 -5047.221680 2 3
4212400.000000 4021843.750000 -4827.989258 3 3
4212600.000000 4021843.750000 -4608.321289 4 3
4212800.000000 4021843.750000 -4388.239258 5 3
4213000.000000 4021843.750000 -4168.755371 6 3
4213200.000000 4021843.750000 -3949.396240 7 3
4213400.000000 4021843.750000 -3729.636475 8 3
4213600.000000 4021843.750000 -3509.994385 9 3
4213800.000000 4021843.750000 -3290.463623 10 3
4214000.000000 4021843.750000 -3071.534668 11 3
4214200.000000 4021843.750000 -2852.203369 12 3
4214400.000000 4021843.750000 -2632.979736 13 3
4214600.000000 4021843.750000 -2413.822021 14 3
4214800.000000 4021843.750000 -2194.744873 15 3
4215000.000000 4021843.750000 -1975.750854 16 3
4215200.000000 4021843.750000 -1756.829224 17 3
4215400.000000 4021843.750000 -1537.937378 18 3
4215600.000000 4021843.750000 -1318.508545 19 3
4215800.000000 4021843.750000 -1099.389404 20 3
4216000.000000 4021843.750000 -879.975342 21 3
4216200.000000 4021843.750000 -660.173523 22 3
4216400.000000 4021843.750000 -439.932770 23 3
4216600.000000 4021843.750000 -219.257324 24 3
4216800.000000 4021843.750000 1.767923 25 3
4217000.000000 4021843.750000 223.078903 26 3
4217200.000000 4021843.750000 444.581970 27 3
4217400.000000 4021843.750000 666.232971 28 3
4217600.000000 4021843.750000 888.006409 29 3
4217800.000000 4021843.750000 1109.883545 30 3
4218000.000000 4021843.750000 1331.846191 31 3
4218200.000000 4021843.750000 1553.854980 32 3
4218400.000000 4021843.750000 1775.912231 33 3
4218600.000000 4021843.750000 1997.963989 34 3
4218800.000000 4021843.750000 2219.472168 35 3
4219000.000000 4021843.750000 2441.402588 36 3
4219200.000000 4021843.750000 2663.233887 37 3
4219400.000000 4021843.750000 2885.935547 38 3
4219600.000000 4021843.750000 3108.536377 39 3
4219800.000000 4021843.750000 3332.023926 40 3
4220000.000000 4021843.750000 3555.920654 41 3
4220200.000000 4021843.750000 3779.759521 42 3
4212000.000000 4022215.625000 -5085.184570 1 4
4212200.000000 4022215.625000 -4865.918945 2 4
4212400.000000 4022215.625000 -4646.693359 3 4
4212600.000000 4022215.625000 -4427.052246 4 4
4212800.000000 4022215.625000 -4206.985352 5 4
4213000.000000 4022215.625000 -3987.520508 6 4
4213200.000000 4022215.625000 -3768.166748 7 4
4213400.000000 4022215.625000 -3548.430908 8 4
4213600.000000 4022215.625000 -3328.812744 9 4
4213800.000000 4022215.625000 -3109.320801 10 4
4214000.000000 4022215.625000 -2889.914795 11 4
4214200.000000 4022215.625000 -2670.611816 12 4
4214400.000000 4022215.625000 -2451.416260 13 4
4214600.000000 4022215.625000 -2232.334473 14 4
4214800.000000 4022215.625000 -2013.384399 15 4
4215000.000000 4022215.625000 -1794.606689 16 4
4215200.000000 4022215.625000 -1575.967285 17 4
4215400.000000 4022215.625000 -1357.426880 18 4
4215600.000000 4022215.625000 -1138.361938 19 4
4215800.000000 4022215.625000 -919.590576 20 4
4216000.000000 4022215.625000 -700.425171 21 4
4216200.000000 4022215.625000 -480.722717 22 4
4216400.000000 4022215.625000 -260.426544 23 4
4216600.000000 4022215.625000 -39.524361 24 4
4216800.000000 4022215.625000 181.840881 25 4
4217000.000000 4022215.625000 402.995605 26 4
4217200.000000 4022215.625000 624.797729 27 4
4217400.000000 4022215.625000 846.670410 28 4
4217600.000000 4022215.625000 1068.570190 29 4
4217800.000000 4022215.625000 1290.532593 30 4
4218000.000000 4022215.625000 1512.549561 31 4
4218200.000000 4022215.625000 1734.619263 32 4
4218400.000000 4022215.625000 1956.723633 33 4
4218600.000000 4022215.625000 2178.829590 34 4
4218800.000000 4022215.625000 2400.380615 35 4
4219000.000000 4022215.625000 2622.372314 36 4
4219200.000000 4022215.625000 2844.263184 37 4
4219400.000000 4022215.625000 3066.537354 38 4
4219600.000000 4022215.625000 3289.186768 39 4
4219800.000000 4022215.625000 3512.215820 40 4
4220000.000000 4022215.625000 3735.647217 41 4
4220200.000000 4022215.625000 3959.015381 42 4
4212000.000000 4022587.500000 -4903.863770 1 5
4212200.000000 4022587.500000 -4684.616699 2 5
4212400.000000 4022587.500000 -4464.895508 3 5
4212600.000000 4022587.500000 -4245.244629 4 5
4212800.000000 4022587.500000 -4025.686523 5 5
4213000.000000 4022587.500000 -3805.735352 6 5
4213200.000000 4022587.500000 -3586.396484 7 5
4213400.000000 4022587.500000 -3366.692383 8 5
4213600.000000 4022587.500000 -3147.087891 9 5
4213800.000000 4022587.500000 -2927.592285 10 5
4214000.000000 4022587.500000 -2708.204102 11 5
4214200.000000 4022587.500000 -2488.936768 12 5
4214400.000000 4022587.500000 -2269.812256 13 5
4214600.000000 4022587.500000 -2050.877930 14 5
4214800.000000 4022587.500000 -1832.149780 15 5
4215000.000000 4022587.500000 -1613.699707 16 5
4215200.000000 4022587.500000 -1395.537720 17 5
4215400.000000 4022587.500000 -1177.580322 18 5
4215600.000000 4022587.500000 -959.133972 19 5
4215800.000000 4022587.500000 -740.416138 20 5
4216000.000000 4022587.500000 -521.648987 21 5
4216200.000000 4022587.500000 -302.076447 22 5
4216400.000000 4022587.500000 -82.105042 23 5
4216600.000000 4022587.500000 139.216675 24 5
4216800.000000 4022587.500000 360.667297 25 5
4217000.000000 4022587.500000 582.424683 26 5
4217200.000000 4022587.500000 804.768982 27 5
4217400.000000 4022587.500000 1027.044189 28 5
4217600.000000 4022587.500000 1249.214478 29 5
4217800.000000 4022587.500000 1471.312256 30 5
4218000.000000 4022587.500000 1693.390991 31 5
4218200.000000 4022587.500000 1915.473633 32 5
4218400.000000 4022587.500000 2137.604492 33 5
4218600.000000 4022587.500000 2359.747070 34 5
4218800.000000 4022587.500000 2581.861328 35 5
4219000.000000 4022587.500000 2803.905273 36 5
4219200.000000 4022587.500000 3025.848877 37 5
4219400.000000 4022587.500000 3248.172363 38 5
4219600.000000 4022587.500000 3470.349365 39 5
4219800.000000 4022587.500000 3693.415283 40 5
4220000.000000 4022587.500000 3916.377441 41 5
4220200.000000 4022587.500000 4139.270996 42 5
4212000.000000 4022959.375000 -4722.047852 1 6
4212200.000000 4022959.375000 -4502.783691 2 6
4212400.000000 4022959.375000 -4283.062988 3 6
4212600.000000 4022959.375000 -4063.414063 4 6
4212800.000000 4022959.375000 -3843.876709 5 6
4213000.000000 4022959.375000 -3623.931152 6 6
4213200.000000 4022959.375000 -3404.597412 7 6
4213400.000000 4022959.375000 -3184.880371 8 6
4213600.000000 4022959.375000 -2965.278320 9 6
4213800.000000 4022959.375000 -2745.787354 10 6
4214000.000000 4022959.375000 -2526.434814 11 6
4214200.000000 4022959.375000 -2307.222656 12 6
4214400.000000 4022959.375000 -2088.218750 13 6
4214600.000000 4022959.375000 -1869.490356 14 6
4214800.000000 4022959.375000 -1651.133057 15 6
4215000.000000 4022959.375000 -1433.244751 16 6
4215200.000000 4022959.375000 -1215.861084 17 6
4215400.000000 4022959.375000 -998.315002 18 6
4215600.000000 4022959.375000 -780.816101 19 6
4215800.000000 4022959.375000 -562.929871 20 6
4216000.000000 4022959.375000 -344.708099 21 6
4216200.000000 4022959.375000 -125.308228 22 6
4216400.000000 4022959.375000 94.442986 23 6
4216600.000000 4022959.375000 315.947784 24 6
4216800.000000 4022959.375000 538.367371 25 6
4217000.000000 4022959.375000 761.168884 26 6
4217200.000000 4022959.375000 984.419312 27 6
4217400.000000 4022959.375000 1207.877441 28 6
4217600.000000 4022959.375000 1430.485840 29 6
4217800.000000 4022959.375000 1653.293457 30 6
4218000.000000 4022959.375000 1875.452026 31 6
4218200.000000 4022959.375000 2097.553711 32 6
4218400.000000 4022959.375000 2319.167969 33 6
4218600.000000 4022959.375000 2541.306885 34 6
4218800.000000 4022959.375000 2763.437988 35 6
4219000.000000 4022959.375000 2985.497314 36 6
4219200.000000 4022959.375000 3207.478516 37 6
4219400.000000 4022959.375000 3429.340088 38 6
4219600.000000 4022959.375000 3651.568115 39 6
4219800.000000 4022959.375000 3874.164307 40 6
4220000.000000 4022959.375000 4097.150879 41 6
4220200.000000 4022959.375000 4320.063477 42 6
4212000.000000 4023331.250000 -4540.202148 1 7
4212200.000000 4023331.250000 -4320.934082 2 7
4212400.000000 4023331.250000 -4101.226563 3 7
4212600.000000 4023331.250000 -3881.574463 4 7
4212800.000000 4023331.250000 -3662.017822 5 7
4213000.000000 4023331.250000 -3442.068115 6 7
4213200.000000 4023331.250000 -3222.728516 7 7
4213400.000000 4023331.250000 -3003.003418 8 7
4213600.000000 4023331.250000 -2783.410156 9 7
4213800.000000 4023331.250000 -2563.920654 10 7
4214000.000000 4023331.250000 -2344.582031 11 7
4214200.000000 4023331.250000 -2125.462646 12 7
4214400.000000 4023331.250000 -1906.658569 13 7
4214600.000000 4023331.250000 -1688.289673 14 7
4214800.000000 4023331.250000 -1470.530884 15 7
4215000.000000 4023331.250000 -1253.999512 16 7
4215200.000000 4023331.250000 -1037.232788 17 7
4215400.000000 4023331.250000 -821.010681 18 7
4215600.000000 4023331.250000 -604.364563 19 7
4215800.000000 4023331.250000 -387.156433 20 7
4216000.000000 4023331.250000 -169.738358 21 7
4216200.000000 4023331.250000 48.886696 22 7
4216400.000000 4023331.250000 268.546631 23 7
4216600.000000 4023331.250000 490.629639 24 7
4216800.000000 4023331.250000 714.538086 25 7
4217000.000000 4023331.250000 939.417664 26 7
4217200.000000 4023331.250000 1164.045410 27 7
4217400.000000 4023331.250000 1388.576294 28 7
4217600.000000 4023331.250000 1612.402954 29 7
4217800.000000 4023331.250000 1835.119507 30 7
4218000.000000 4023331.250000 2057.411621 31 7
4218200.000000 4023331.250000 2279.487305 32 7
4218400.000000 4023331.250000 2501.000244 33 7
4218600.000000 4023331.250000 2723.064453 34 7
4218800.000000 4023331.250000 2945.156494 35 7
4219000.000000 4023331.250000 3167.224365 36 7
4219200.000000 4023331.250000 3389.216064 37 7
4219400.000000 4023331.250000 3611.095215 38 7
4219600.000000 4023331.250000 3833.342529 39 7
4219800.000000 4023331.250000 4055.939697 40 7
4220000.000000 4023331.250000 4278.441895 41 7
4220200.000000 4023331.250000 4500.866211 42 7
4212000.000000 4023703.125000 -4358.359863 1 8
4212200.000000 4023703.125000 -4139.083496 2 8
4212400.000000 4023703.125000 -3919.350586 3 8
4212600.000000 4023703.125000 -3699.688721 4 8
4212800.000000 4023703.125000 -3480.120361 5 8
4213000.000000 4023703.125000 -3260.172852 6 8
4213200.000000 4023703.125000 -3040.815674 7 8
4213400.000000 4023703.125000 -2821.071045 8 8
4213600.000000 4023703.125000 -2601.446289 9 8
4213800.000000 4023703.125000 -2381.961182 10 8
4214000.000000 4023703.125000 -2162.676025 11 8
4214200.000000 4023703.125000 -1943.723022 12 8
4214400.000000 4023703.125000 -1725.225464 13 8
4214600.000000 4023703.125000 -1507.890015 14 8
4214800.000000 4023703.125000 -1290.953979 15 8
4215000.000000 4023703.125000 -1075.623657 16 8
4215200.000000 4023703.125000 -860.399963 17 8
4215400.000000 4023703.125000 -644.938721 18 8
4215600.000000 4023703.125000 -429.069122 19 8
4215800.000000 4023703.125000 -212.935074 20 8
4216000.000000 4023703.125000 3.307521 21 8
4216200.000000 4023703.125000 220.461121 22 8
4216400.000000 4023703.125000 439.586670 23 8
4216600.000000 4023703.125000 662.648621 24 8
4216800.000000 4023703.125000 888.735229 25 8
4217000.000000 4023703.125000 1115.901367 26 8
4217200.000000 4023703.125000 1343.018677 27 8
4217400.000000 4023703.125000 1569.570557 28 8
4217600.000000 4023703.125000 1794.472168 29 8
4217800.000000 4023703.125000 2017.834229 30 8
4218000.000000 4023703.125000 2240.365723 31 8
4218200.000000 4023703.125000 2461.914307 32 8
4218400.000000 4023703.125000 2683.279785 33 8
4218600.000000 4023703.125000 2905.168213 34 8
4218800.000000 4023703.125000 3127.132568 35 8
4219000.000000 4023703.125000 3348.628174 36 8
4219200.000000 4023703.125000 3570.568604 37 8
4219400.000000 4023703.125000 3792.434082 38 8
4219600.000000 4023703.125000 4014.677246 39 8
4219800.000000 4023703.125000 4237.291504 40 8
4220000.000000 4023703.125000 4459.794434 41 8
4220200.000000 4023703.125000 4682.217773 42 8
4212000.000000 4024075.000000 -4176.986328 1 9
4212200.000000 4024075.000000 -3957.696533 2 9
4212400.000000 4024075.000000 -3737.948730 3 9
4212600.000000 4024075.000000 -3517.786865 4 9
4212800.000000 4024075.000000 -3298.197754 5 9
4213000.000000 4024075.000000 -3078.208252 6 9
4213200.000000 4024075.000000 -2858.821289 7 9
4213400.000000 4024075.000000 -2639.047363 8 9
4213600.000000 4024075.000000 -2419.403320 9 9
4213800.000000 4024075.000000 -2199.946777 10 9
4214000.000000 4024075.000000 -1980.742676 11 9
4214200.000000 4024075.000000 -1761.983765 12 9
4214400.000000 4024075.000000 -1544.400879 13 9
4214600.000000 4024075.000000 -1327.769531 14 9
4214800.000000 4024075.000000 -1112.426636 15 9
4215000.000000 4024075.000000 -898.093201 16 9
4215200.000000 4024075.000000 -684.236206 17 9
4215400.000000 4024075.000000 -469.861694 18 9
4215600.000000 4024075.000000 -255.128632 19 9
4215800.000000 4024075.000000 -40.064247 20 9
4216000.000000 4024075.000000 174.359558 21 9
4216200.000000 4024075.000000 389.381195 22 9
4216400.000000 4024075.000000 607.291138 23 9
4216600.000000 4024075.000000 830.932007 24 9
4216800.000000 4024075.000000 1059.722778 25 9
4217000.000000 4024075.000000 1290.647461 26 9
4217200.000000 4024075.000000 1520.875366 27 9
4217400.000000 4024075.000000 1749.811279 28 9
4217600.000000 4024075.000000 1976.596313 29 9
4217800.000000 4024075.000000 2201.393555 30 9
4218000.000000 4024075.000000 2423.898682 31 9
4218200.000000 4024075.000000 2644.977295 32 9
4218400.000000 4024075.000000 2866.117676 33 9
4218600.000000 4024075.000000 3087.697510 34 9
4218800.000000 4024075.000000 3309.417969 35 9
4219000.000000 4024075.000000 3530.750000 36 9
4219200.000000 4024075.000000 3752.608398 37 9
4219400.000000 4024075.000000 3974.415771 38 9
4219600.000000 4024075.000000 4196.623047 39 9
4219800.000000 4024075.000000 4419.214355 40 9
4220000.000000 4024075.000000 4641.700684 41 9
4220200.000000 4024075.000000 4864.090820 42 9
4212000.000000 4024446.875000 -3995.598877 1 10
4212200.000000 4024446.875000 -3776.307373 2 10
4212400.000000 4024446.875000 -3556.538574 3 10
4212600.000000 4024446.875000 -3336.334961 4 10
4212800.000000 4024446.875000 -3116.215820 5 10
4213000.000000 4024446.875000 -2896.189941 6 10
4213200.000000 4024446.875000 -2676.778564 7 10
4213400.000000 4024446.875000 -2456.964844 8 10
4213600.000000 4024446.875000 -2237.295654 9 10
4213800.000000 4024446.875000 -2017.836060 10 10
4214000.000000 4024446.875000 -1798.728394 11 10
4214200.000000 4024446.875000 -1580.714111 12 10
4214400.000000 4024446.875000 -1363.623291 13 10
4214600.000000 4024446.875000 -1147.783569 14 10
4214800.000000 4024446.875000 -933.605774 15 10
4215000.000000 4024446.875000 -720.865356 16 10
4215200.000000 4024446.875000 -508.445160 17 10
4215400.000000 4024446.875000 -295.255737 18 10
4215600.000000 4024446.875000 -81.002113 19 10
4215800.000000 4024446.875000 133.089294 20 10
4216000.000000 4024446.875000 344.159424 21 10
4216200.000000 4024446.875000 554.031677 22 10
4216400.000000 4024446.875000 769.764465 23 10
4216600.000000 4024446.875000 994.972229 24 10
4216800.000000 4024446.875000 1227.797607 25 10
4217000.000000 4024446.875000 1463.044556 26 10
4217200.000000 4024446.875000 1698.141235 27 10
4217400.000000 4024446.875000 1930.152710 28 10
4217600.000000 4024446.875000 2159.364502 29 10
4217800.000000 4024446.875000 2385.267578 30 10
4218000.000000 4024446.875000 2608.449219 31 10
4218200.000000 4024446.875000 2829.166504 32 10
4218400.000000 4024446.875000 3050.069336 33 10
4218600.000000 4024446.875000 3270.772217 34 10
4218800.000000 4024446.875000 3492.122314 35 10
4219000.000000 4024446.875000 3713.179932 36 10
4219200.000000 4024446.875000 3934.858154 37 10
4219400.000000 4024446.875000 4156.533203 38 10
4219600.000000 4024446.875000 4378.664551 39 10
4219800.000000 4024446.875000 4601.203613 40 10
4220000.000000 4024446.875000 4823.650391 41 10
4220200.000000 4024446.875000 5046.022949 42 10
4212000.000000 4024818.750000 -3813.717041 1 11
4212200.000000 4024818.750000 -3594.385010 2 11
4212400.000000 4024818.750000 -3374.588379 3 11
4212600.000000 4024818.750000 -3154.351318 4 11
4212800.000000 4024818.750000 -2934.208008 5 11
4213000.000000 4024818.750000 -2714.133301 6 11
4213200.000000 4024818.750000 -2494.650635 7 11
4213400.000000 4024818.750000 -2274.782959 8 11
4213600.000000 4024818.750000 -2055.073242 9 11
4213800.000000 4024818.750000 -1835.609985 10 11
4214000.000000 4024818.750000 -1616.593628 11 11
4214200.000000 4024818.750000 -1398.793091 12 11
4214400.000000 4024818.750000 -1182.110718 13 11
4214600.000000 4024818.750000 -967.476318 14 11
4214800.000000 4024818.750000 -754.331360 15 11
4215000.000000 4024818.750000 -542.964294 16 11
4215200.000000 4024818.750000 -332.199799 17 11
4215400.000000 4024818.750000 -120.608322 18 11
4215600.000000 4024818.750000 92.561913 19 11
4215800.000000 4024818.750000 303.321472 20 11
4216000.000000 4024818.750000 509.111267 21 11
4216200.000000 4024818.750000 711.727844 22 11
4216400.000000 4024818.750000 924.385742 23 11
4216600.000000 4024818.750000 1153.372803 24 11
4216800.000000 4024818.750000 1392.409912 25 11
4217000.000000 4024818.750000 1635.350220 26 11
4217200.000000 4024818.750000 1875.673706 27 11
4217400.000000 4024818.750000 2111.514160 28 11
4217600.000000 4024818.750000 2342.672607 29 11
4217800.000000 4024818.750000 2570.001221 30 11
4218000.000000 4024818.750000 2793.446533 31 11
4218200.000000 4024818.750000 3013.981445 32 11
4218400.000000 4024818.750000 3234.187012 33 11
4218600.000000 4024818.750000 3454.426514 34 11
4218800.000000 4024818.750000 3674.770752 35 11
4219000.000000 4024818.750000 3895.936035 36 11
4219200.000000 4024818.750000 4117.339844 37 11
4219400.000000 4024818.750000 4338.847656 38 11
4219600.000000 4024818.750000 4560.853516 39 11
4219800.000000 4024818.750000 4783.304199 40 11
4220000.000000 4024818.750000 5005.684570 41 11
4220200.000000 4024818.750000 5228.000977 42 11
4212000.000000 4025190.625000 -3631.808594 1 12
4212200.000000 4025190.625000 -3412.447510 2 12
4212400.000000 4025190.625000 -3192.632813 3 12
4212600.000000 4025190.625000 -2972.353271 4 12
4212800.000000 4025190.625000 -2752.141357 5 12
4213000.000000 4025190.625000 -2532.003906 6 12
4213200.000000 4025190.625000 -2312.449951 7 12
4213400.000000 4025190.625000 -2092.522705 8 12
4213600.000000 4025190.625000 -1872.740723 9 12
4213800.000000 4025190.625000 -1653.226196 10 12
4214000.000000 4025190.625000 -1434.191040 11 12
4214200.000000 4025190.625000 -1216.477905 12 12
4214400.000000 4025190.625000 -1000.017944 13 12
4214600.000000 4025190.625000 -785.293030 14 12
4214800.000000 4025190.625000 -572.221436 15 12
4215000.000000 4025190.625000 -361.593750 16 12
4215200.000000 4025190.625000 -152.402679 17 12
4215400.000000 4025190.625000 57.191635 18 12
4215600.000000 4025190.625000 266.642975 19 12
4215800.000000 4025190.625000 471.746857 20 12
4216000.000000 4025190.625000 671.454590 21 12
4216200.000000 4025190.625000 870.282593 22 12
4216400.000000 4025190.625000 1078.199951 23 12
4216600.000000 4025190.625000 1306.026001 24 12
4216800.000000 4025190.625000 1553.475464 25 12
4217000.000000 4025190.625000 1807.791748 26 12
4217200.000000 4025190.625000 2056.477051 27 12
4217400.000000 4025190.625000 2295.501953 28 12
4217600.000000 4025190.625000 2527.344482 29 12
4217800.000000 4025190.625000 2754.876465 30 12
4218000.000000 4025190.625000 2978.958008 31 12
4218200.000000 4025190.625000 3199.368408 32 12
4218400.000000 4025190.625000 3418.910889 33 12
4218600.000000 4025190.625000 3638.143799 34 12
4218800.000000 4025190.625000 3857.911621 35 12
4219000.000000 4025190.625000 4078.571777 36 12
4219200.000000 4025190.625000 4300.105469 37 12
4219400.000000 4025190.625000 4521.856445 38 12
4219600.000000 4025190.625000 4743.666992 39 12
4219800.000000 4025190.625000 4965.989746 40 12
4220000.000000 4025190.625000 5188.272949 41 12
4220200.000000 4025190.625000 5410.509277 42 12
4212000.000000 4025562.500000 -3449.911133 1 13
4212200.000000 4025562.500000 -3230.515869 2 13
4212400.000000 4025562.500000 -3010.643555 3 13
4212600.000000 4025562.500000 -2790.812500 4 13
4212800.000000 4025562.500000 -2570.537109 5 13
4213000.000000 4025562.500000 -2350.339111 6 13
4213200.000000 4025562.500000 -2130.194336 7 13
4213400.000000 4025562.500000 -1910.144287 8 13
4213600.000000 4025562.500000 -1690.242676 9 13
4213800.000000 4025562.500000 -1470.598877 10 13
4214000.000000 4025562.500000 -1251.430298 11 13
4214200.000000 4025562.500000 -1033.603027 12 13
4214400.000000 4025562.500000 -816.519104 13 13
4214600.000000 4025562.500000 -600.651245 14 13
4214800.000000 4025562.500000 -386.431915 15 13
4215000.000000 4025562.500000 -175.185150 16 13
4215200.000000 4025562.500000 32.723175 17 13
4215400.000000 4025562.500000 238.026215 18 13
4215600.000000 4025562.500000 440.800964 19 13
4215800.000000 4025562.500000 636.669189 20 13
4216000.000000 4025562.500000 829.277710 21 13
4216200.000000 4025562.500000 1026.296753 22 13
4216400.000000 4025562.500000 1226.230347 23 13
4216600.000000 4025562.500000 1448.813965 24 13
4216800.000000 4025562.500000 1710.593506 25 13
4217000.000000 4025562.500000 1982.894531 26 13
4217200.000000 4025562.500000 2241.879639 27 13
4217400.000000 4025562.500000 2482.930420 28 13
4217600.000000 4025562.500000 2713.341309 29 13
4217800.000000 4025562.500000 2940.354248 30 13
4218000.000000 4025562.500000 3164.612305 31 13
4218200.000000 4025562.500000 3385.322266 32 13
4218400.000000 4025562.500000 3604.236328 33 13
4218600.000000 4025562.500000 3822.907715 34 13
4218800.000000 4025562.500000 4041.983398 35 13
4219000.000000 4025562.500000 4262.017578 36 13
4219200.000000 4025562.500000 4483.096191 37 13
4219400.000000 4025562.500000 4704.526367 38 13
4219600.000000 4025562.500000 4926.127930 39 13
4219800.000000 4025562.500000 5148.286621 40 13
4220000.000000 4025562.500000 5370.943359 41 13
4220200.000000 4025562.500000 5593.076172 42 13
4212000.000000 4025934.375000 -3267.997559 1 14
4212200.000000 4025934.375000 -3048.564453 2 14
4212400.000000 4025934.375000 -2828.662109 3 14
4212600.000000 4025934.375000 -2608.772705 4 14
4212800.000000 4025934.375000 -2388.424072 5 14
4213000.000000 4025934.375000 -2168.118408 6 14
4213200.000000 4025934.375000 -1947.861206 7 14
4213400.000000 4025934.375000 -1727.671265 8 14
4213600.000000 4025934.375000 -1507.609619 9 14
4213800.000000 4025934.375000 -1287.738770 10 14
4214000.000000 4025934.375000 -1068.269897 11 14
4214200.000000 4025934.375000 -850.017761 12 14
4214400.000000 4025934.375000 -631.374268 13 14
4214600.000000 4025934.375000 -413.241608 14 14
4214800.000000 4025934.375000 -196.511917 15 14
4215000.000000 4025934.375000 16.395613 16 14
4215200.000000 4025934.375000 223.078842 17 14
4215400.000000 4025934.375000 423.048279 18 14
4215600.000000 4025934.375000 615.150391 19 14
4215800.000000 4025934.375000 795.944580 20 14
4216000.000000 4025934.375000 971.924438 21 14
4216200.000000 4025934.375000 1154.045898 22 14
4216400.000000 4025934.375000 1343.075806 23 14
4216600.000000 4025934.375000 1574.116333 24 14
4216800.000000 4025934.375000 1869.517090 25 14
4217000.000000 4025934.375000 2166.094482 26 14
4217200.000000 4025934.375000 2432.433105 27 14
4217400.000000 4025934.375000 2672.488770 28 14
4217600.000000 4025934.375000 2900.297119 29 14
4217800.000000 4025934.375000 3126.165771 30 14
4218000.000000 4025934.375000 3350.624756 31 14
4218200.000000 4025934.375000 3571.508545 32 14
4218400.000000 4025934.375000 3790.181641 33 14
4218600.000000 4025934.375000 4008.155762 34 14
4218800.000000 4025934.375000 4226.410645 35 14
4219000.000000 4025934.375000 4445.743164 36 14
4219200.000000 4025934.375000 4666.287109 37 14
4219400.000000 4025934.375000 4887.344238 38 14
4219600.000000 4025934.375000 5108.684570 39 14
4219800.000000 4025934.375000 5330.652832 40 14
4220000.000000 4025934.375000 5553.162598 41 14
4220200.000000 4025934.375000 5775.656250 42 14
4212000.000000 4026306.250000 -3086.092041 1 15
4212200.000000 4026306.250000 -2866.634766 2 15
4212400.000000 4026306.250000 -2646.665527 3 15
4212600.000000 4026306.250000 -2426.712891 4 15
4212800.000000 4026306.250000 -2206.282959 5 15
4213000.000000 4026306.250000 -1985.874878 6 15
4213200.000000 4026306.250000 -1765.503418 7 15
4213400.000000 4026306.250000 -1545.141357 8 15
4213600.000000 4026306.250000 -1324.829590 9 15
4213800.000000 4026306.250000 -1104.632202 10 15
4214000.000000 4026306.250000 -884.692200 11 15
4214200.000000 4026306.250000 -665.748413 12 15
4214400.000000 4026306.250000 -444.605743 13 15
4214600.000000 4026306.250000 -222.574417 14 15
4214800.000000 4026306.250000 -1.979824 15 15
4215000.000000 4026306.250000 213.686020 16 15
4215200.000000 4026306.250000 420.616638 17 15
4215400.000000 4026306.250000 615.015991 18 15
4215600.000000 4026306.250000 796.026306 19 15
4215800.000000 4026306.250000 964.585327 20 15
4216000.000000 4026306.250000 1125.487793 21 15
4216200.000000 4026306.250000 1289.211304 22 15
4216400.000000 4026306.250000 1465.697510 23 15
4216600.000000 4026306.250000 1713.897217 24 15
4216800.000000 4026306.250000 2071.338867 25 15
4217000.000000 4026306.250000 2385.853271 26 15
4217200.000000 4026306.250000 2637.131348 27 15
4217400.000000 4026306.250000 2864.977539 28 15
4217600.000000 4026306.250000 3088.526611 29 15
4217800.000000 4026306.250000 3312.610840 30 15
4218000.000000 4026306.250000 3537.301758 31 15
4218200.000000 4026306.250000 3758.683838 32 15
4218400.000000 4026306.250000 3976.896973 33 15
4218600.000000 4026306.250000 4193.971191 34 15
4218800.000000 4026306.250000 4411.205078 35 15
4219000.000000 4026306.250000 4629.678711 36 15
4219200.000000 4026306.250000 4849.585938 37 15
4219400.000000 4026306.250000 5070.223145 38 15
4219600.000000 4026306.250000 5291.275879 39 15
4219800.000000 4026306.250000 5513.037109 40 15
4220000.000000 4026306.250000 5735.387695 41 15
4220200.000000 4026306.250000 5957.765625 42 15
4212000.000000 4026678.125000 -2904.219238 1 16
4212200.000000 4026678.125000 -2684.703369 2 16
4212400.000000 4026678.125000 -2464.682373 3 16
4212600.000000 4026678.125000 -2244.680420 4 16
4212800.000000 4026678.125000 -2024.165405 5 16
4213000.000000 4026678.125000 -1803.647827 6 16
4213200.000000 4026678.125000 -1583.116699 7 16
4213400.000000 4026678.125000 -1362.560181 8 16
4213600.000000 4026678.125000 -1141.973389 9 16
4213800.000000 4026678.125000 -921.392090 10 16
4214000.000000 4026678.125000 -700.851196 11 16
4214200.000000 4026678.125000 -481.000488 12 16
4214400.000000 4026678.125000 -257.027740 13 16
4214600.000000 4026678.125000 -29.612776 14 16
4214800.000000 4026678.125000 196.479416 15 16
4215000.000000 4026678.125000 415.790527 16 16
4215200.000000 4026678.125000 623.447144 17 16
4215400.000000 4026678.125000 814.252869 18 16
4215600.000000 4026678.125000 991.577332 19 16
4215800.000000 4026678.125000 1161.774170 20 16
4216000.000000 4026678.125000 1334.906982 21 16
4216200.000000 4026678.125000 1516.876709 22 16
4216400.000000 4026678.125000 1706.345459 23 16
4216600.000000 4026678.125000 1987.092407 24 16
4216800.000000 4026678.125000 2375.732666 25 16
4217000.000000 4026678.125000 2653.809814 26 16
4217200.000000 4026678.125000 2854.970947 27 16
4217400.000000 4026678.125000 3057.720459 28 16
4217600.000000 4026678.125000 3276.586914 29 16
4217800.000000 4026678.125000 3500.875488 30 16
4218000.000000 4026678.125000 3725.820801 31 16
4218200.000000 4026678.125000 3947.212891 32 16
4218400.000000 4026678.125000 4164.616211 33 16
4218600.000000 4026678.125000 4379.889648 34 16
4218800.000000 4026678.125000 4595.823242 35 16
4219000.000000 4026678.125000 4813.262207 36 16
4219200.000000 4026678.125000 5032.471191 37 16
4219400.000000 4026678.125000 5252.642090 38 16
4219600.000000 4026678.125000 5473.887695 39 16
4219800.000000 4026678.125000 5695.435547 40 16
4220000.000000 4026678.125000 5917.622559 41 16
4220200.000000 4026678.125000 6139.866699 42 16
4212000.000000 4027050.000000 -2722.353271 1 17
4212200.000000 4027050.000000 -2502.812500 2 17
4212400.000000 4027050.000000 -2282.740723 3 17
4212600.000000 4027050.000000 -2062.656982 4 17
4212800.000000 4027050.000000 -1842.057739 5 17
4213000.000000 4027050.000000 -1621.431274 6 17
4213200.000000 4027050.000000 -1400.756470 7 17
4213400.000000 4027050.000000 -1180.018188 8 17
4213600.000000 4027050.000000 -959.146301 9 17
4213800.000000 4027050.000000 -738.624817 10 17
4214000.000000 4027050.000000 -517.439819 11 17
4214200.000000 4027050.000000 -296.107758 12 17
4214400.000000 4027050.000000 -68.691757 13 17
4214600.000000 4027050.000000 164.240753 14 17
4214800.000000 4027050.000000 395.520782 15 17
4215000.000000 4027050.000000 618.779663 16 17
4215200.000000 4027050.000000 826.891296 17 17
4215400.000000 4027050.000000 1016.507751 18 17
4215600.000000 4027050.000000 1196.486450 19 17
4215800.000000 4027050.000000 1382.319214 20 17
4216000.000000 4027050.000000 1598.948242 21 17
4216200.000000 4027050.000000 1869.396484 22 17
4216400.000000 4027050.000000 2176.763916 23 17
4216600.000000 4027050.000000 2489.121582 24 17
4216800.000000 4027050.000000 2718.247559 25 17
4217000.000000 4027050.000000 2833.604004 26 17
4217200.000000 4027050.000000 3007.760986 27 17
4217400.000000 4027050.000000 3226.242432 28 17
4217600.000000 4027050.000000 3459.764404 29 17
4217800.000000 4027050.000000 3690.641846 30 17
4218000.000000 4027050.000000 3917.367676 31 17
4218200.000000 4027050.000000 4138.169434 32 17
4218400.000000 4027050.000000 4353.768066 33 17
4218600.000000 4027050.000000 4566.836914 34 17
4218800.000000 4027050.000000 4781.181641 35 17
4219000.000000 4027050.000000 4997.427734 36 17
4219200.000000 4027050.000000 5215.846680 37 17
4219400.000000 4027050.000000 5435.505859 38 17
4219600.000000 4027050.000000 5656.437500 39 17
4219800.000000 4027050.000000 5877.774414 40 17
4220000.000000 4027050.000000 6099.804688 41 17
4220200.000000 4027050.000000 6321.919922 42 17
4212000.000000 4027421.875000 -2540.534424 1 18
4212200.000000 4027421.875000 -2320.938232 2 18
4212400.000000 4027421.875000 -2100.819092 3 18
4212600.000000 4027421.875000 -1880.675049 4 18
4212800.000000 4027421.875000 -1660.014771 5 18
4213000.000000 4027421.875000 -1439.288452 6 18
4213200.000000 4027421.875000 -1218.981934 7 18
4213400.000000 4027421.875000 -998.047119 8 18
4213600.000000 4027421.875000 -776.917725 9 18
4213800.000000 4027421.875000 -556.014954 10 18
4214000.000000 4027421.875000 -334.264771 11 18
4214200.000000 4027421.875000 -112.044281 12 18
4214400.000000 4027421.875000 118.190781 13 18
4214600.000000 4027421.875000 355.926270 14 18
4214800.000000 4027421.875000 590.577393 15 18
4215000.000000 4027421.875000 816.359558 16 18
4215200.000000 4027421.875000 1025.960693 17 18
4215400.000000 4027421.875000 1215.512939 18 18
4215600.000000 4027421.875000 1396.659790 19 18
4215800.000000 4027421.875000 1590.417847 20 18
4216000.000000 4027421.875000 1831.418823 21 18
4216200.000000 4027421.875000 2161.735107 22 18
4216400.000000 4027421.875000 2524.881104 23 18
4216600.000000 4027421.875000 2783.621094 24 18
4216800.000000 4027421.875000 2864.631592 25 18
4217000.000000 4027421.875000 2919.118408 26 18
4217200.000000 4027421.875000 3130.958496 27 18
4217400.000000 4027421.875000 3391.367920 28 18
4217600.000000 4027421.875000 3645.171631 29 18
4217800.000000 4027421.875000 3883.718750 30 18
4218000.000000 4027421.875000 4111.606445 31 18
4218200.000000 4027421.875000 4330.576660 32 18
4218400.000000 4027421.875000 4542.807129 33 18
4218600.000000 4027421.875000 4753.303711 34 18
4218800.000000 4027421.875000 4965.898438 35 18
4219000.000000 4027421.875000 5180.919434 36 18
4219200.000000 4027421.875000 5398.559570 37 18
4219400.000000 4027421.875000 5617.762207 38 18
4219600.000000 4027421.875000 5838.401855 39 18
4219800.000000 4027421.875000 6060.045410 40 18
4220000.000000 4027421.875000 6281.935059 41 18
4220200.000000 4027421.875000 6503.936523 42 18
4212000.000000 4027793.750000 -2358.736816 1 19
4212200.000000 4027793.750000 -2139.105957 2 19
4212400.000000 4027793.750000 -1918.962036 3 19
4212600.000000 4027793.750000 -1698.766357 4 19
4212800.000000 4027793.750000 -1478.023682 5 19
4213000.000000 4027793.750000 -1257.214111 6 19
4213200.000000 4027793.750000 -1036.800781 7 19
4213400.000000 4027793.750000 -816.239868 8 19
4213600.000000 4027793.750000 -594.913147 9 19
4213800.000000 4027793.750000 -373.724762 10 19
4214000.000000 4027793.750000 -151.527466 11 19
4214200.000000 4027793.750000 71.347466 12 19
4214400.000000 4027793.750000 303.520721 13 19
4214600.000000 4027793.750000 543.563843 14 19
4214800.000000 4027793.750000 780.914673 15 19
4215000.000000 4027793.750000 1008.290771 16 19
4215200.000000 4027793.750000 1219.589844 17 19
4215400.000000 4027793.750000 1410.044556 18 19
4215600.000000 4027793.750000 1590.250488 19 19
4215800.000000 4027793.750000 1784.239990 20 19
4216000.000000 4027793.750000 2029.558838 21 19
4216200.000000 4027793.750000 2381.070313 22 19
4216400.000000 4027793.750000 2739.275146 23 19
4216600.000000 4027793.750000 2939.725830 24 19
4216800.000000 4027793.750000 2986.305664 25 19
4217000.000000 4027793.750000 3044.693604 26 19
4217200.000000 4027793.750000 3284.976318 27 19
4217400.000000 4027793.750000 3573.490723 28 19
4217600.000000 4027793.750000 3841.850830 29 19
4217800.000000 4027793.750000 4082.976563 30 19
4218000.000000 4027793.750000 4308.851074 31 19
4218200.000000 4027793.750000 4523.989746 32 19
4218400.000000 4027793.750000 4731.924805 33 19
4218600.000000 4027793.750000 4938.830078 34 19
4218800.000000 4027793.750000 5149.897461 35 19
4219000.000000 4027793.750000 5363.910156 36 19
4219200.000000 4027793.750000 5580.939453 37 19
4219400.000000 4027793.750000 5800.278320 38 19
4219600.000000 4027793.750000 6020.694336 39 19
4219800.000000 4027793.750000 6242.171875 40 19
4220000.000000 4027793.750000 6463.951172 41 19
4220200.000000 4027793.750000 6685.861328 42 19
4212000.000000 4028165.625000 -2176.997803 1 20
4212200.000000 4028165.625000 -1957.337769 2 20
4212400.000000 4028165.625000 -1737.143921 3 20
4212600.000000 4028165.625000 -1516.907715 4 20
4212800.000000 4028165.625000 -1296.114380 5 20
4213000.000000 4028165.625000 -1075.259033 6 20
4213200.000000 4028165.625000 -854.769775 7 20
4213400.000000 4028165.625000 -634.097656 8 20
4213600.000000 4028165.625000 -412.649506 9 20
4213800.000000 4028165.625000 -191.297226 10 20
4214000.000000 4028165.625000 30.637136 11 20
4214200.000000 4028165.625000 253.848770 12 20
4214400.000000 4028165.625000 486.551025 13 20
4214600.000000 4028165.625000 727.285522 14 20
4214800.000000 4028165.625000 966.001343 15 20
4215000.000000 4028165.625000 1194.409912 16 20
4215200.000000 4028165.625000 1406.443115 17 20
4215400.000000 4028165.625000 1600.041260 18 20
4215600.000000 4028165.625000 1785.269653 19 20
4215800.000000 4028165.625000 1982.576904 20 20
4216000.000000 4028165.625000 2226.262451 21 20
4216200.000000 4028165.625000 2555.507813 22 20
4216400.000000 4028165.625000 2855.441162 23 20
4216600.000000 4028165.625000 3002.921875 24 20
4216800.000000 4028165.625000 3046.513916 25 20
4217000.000000 4028165.625000 3121.655762 26 20
4217200.000000 4028165.625000 3409.757568 27 20
4217400.000000 4028165.625000 3744.715088 28 20
4217600.000000 4028165.625000 4034.537354 29 20
4217800.000000 4028165.625000 4279.911621 30 20
4218000.000000 4028165.625000 4503.606445 31 20
4218200.000000 4028165.625000 4714.329102 32 20
4218400.000000 4028165.625000 4917.816406 33 20
4218600.000000 4028165.625000 5122.300781 34 20
4218800.000000 4028165.625000 5332.484863 35 20
4219000.000000 4028165.625000 5546.492188 36 20
4219200.000000 4028165.625000 5763.255859 37 20
4219400.000000 4028165.625000 5982.437012 38 20
4219600.000000 4028165.625000 6202.744141 39 20
4219800.000000 4028165.625000 6424.155273 40 20
4220000.000000 4028165.625000 6645.865234 41 20
4220200.000000 4028165.625000 6867.715332 42 20
4212000.000000 4028537.500000 -1995.284790 1 21
4212200.000000 4028537.500000 -1775.601929 2 21
4212400.000000 4028537.500000 -1555.383423 3 21
4212600.000000 4028537.500000 -1335.134644 4 21
4212800.000000 4028537.500000 -1114.306519 5 21
4213000.000000 4028537.500000 -893.393677 6 21
4213200.000000 4028537.500000 -672.858582 7 21
4213400.000000 4028537.500000 -452.137634 8 21
4213600.000000 4028537.500000 -230.656509 9 21
4213800.000000 4028537.500000 -9.254568 10 21
4214000.000000 4028537.500000 212.733887 11 21
4214200.000000 4028537.500000 435.532501 12 21
4214400.000000 4028537.500000 667.814453 13 21
4214600.000000 4028537.500000 907.670288 14 21
4214800.000000 4028537.500000 1146.016724 15 21
4215000.000000 4028537.500000 1374.551514 16 21
4215200.000000 4028537.500000 1586.710815 17 21
4215400.000000 4028537.500000 1786.268433 18 21
4215600.000000 4028537.500000 1982.831177 19 21
4215800.000000 4028537.500000 2190.148926 20 21
4216000.000000 4028537.500000 2426.158203 21 21
4216200.000000 4028537.500000 2698.497803 22 21
4216400.000000 4028537.500000 2931.091797 23 21
4216600.000000 4028537.500000 3059.014160 24 21
4216800.000000 4028537.500000 3128.008789 25 21
4217000.000000 4028537.500000 3246.927979 26 21
4217200.000000 4028537.500000 3562.987305 27 21
4217400.000000 4028537.500000 3914.352783 28 21
4217600.000000 4028537.500000 4214.309082 29 21
4217800.000000 4028537.500000 4464.809570 30 21
4218000.000000 4028537.500000 4689.786621 31 21
4218200.000000 4028537.500000 4898.048340 32 21
4218400.000000 4028537.500000 5099.512695 33 21
4218600.000000 4028537.500000 5303.368164 34 21
4218800.000000 4028537.500000 5513.736328 35 21
4219000.000000 4028537.500000 5728.008789 36 21
4219200.000000 4028537.500000 5944.956543 37 21
4219400.000000 4028537.500000 6164.232910 38 21
4219600.000000 4028537.500000 6384.569336 39 21
4219800.000000 4028537.500000 6605.472168 40 21
4220000.000000 4028537.500000 6827.158203 41 21
4220200.000000 4028537.500000 7049.478516 42 21
4212000.000000 4028909.375000 -1813.613770 1 22
4212200.000000 4028909.375000 -1593.930908 2 22
4212400.000000 4028909.375000 -1373.696045 3 22
4212600.000000 4028909.375000 -1153.413208 4 22
4212800.000000 4028909.375000 -932.565430 5 22
4213000.000000 4028909.375000 -711.631470 6 22
4213200.000000 4028909.375000 -491.093811 7 22
4213400.000000 4028909.375000 -270.361786 8 22
4213600.000000 4028909.375000 -48.870884 9 22
4213800.000000 4028909.375000 172.493225 10 22
4214000.000000 4028909.375000 394.897003 11 22
4214200.000000 4028909.375000 618.050049 12 22
4214400.000000 4028909.375000 848.614685 13 22
4214600.000000 4028909.375000 1085.165894 14 22
4214800.000000 4028909.375000 1321.086304 15 22
4215000.000000 4028909.375000 1549.106812 16 22
4215200.000000 4028909.375000 1763.156250 17 22
4215400.000000 4028909.375000 1969.415161 18 22
4215600.000000 4028909.375000 2175.947021 19 22
4215800.000000 4028909.375000 2389.661865 20 22
4216000.000000 4028909.375000 2616.844482 21 22
4216200.000000 4028909.375000 2847.291748 22 22
4216400.000000 4028909.375000 3044.368652 23 22
4216600.000000 4028909.375000 3187.330078 24 22
4216800.000000 4028909.375000 3309.356445 25 22
4217000.000000 4028909.375000 3481.418701 26 22
4217200.000000 4028909.375000 3775.678223 27 22
4217400.000000 4028909.375000 4095.718262 28 22
4217600.000000 4028909.375000 4384.026855 29 22
4217800.000000 4028909.375000 4636.299805 30 22
4218000.000000 4028909.375000 4864.244141 31 22
4218200.000000 4028909.375000 5073.666016 32 22
4218400.000000 4028909.375000 5276.348145 33 22
4218600.000000 4028909.375000 5481.630859 34 22
4218800.000000 4028909.375000 5692.805176 35 22
4219000.000000 4028909.375000 5908.545410 36 22
4219200.000000 4028909.375000 6126.076660 37 22
4219400.000000 4028909.375000 6345.672852 38 22
4219600.000000 4028909.375000 6566.156738 39 22
4219800.000000 4028909.375000 6787.116211 40 22
4220000.000000 4028909.375000 7008.818359 41 22
4220200.000000 4028909.375000 7231.138672 42 22
4212000.000000 4029281.250000 -1631.999023 1 23
4212200.000000 4029281.250000 -1412.289429 2 23
4212400.000000 4029281.250000 -1192.046997 3 23
4212600.000000 4029281.250000 -971.757935 4 23
4212800.000000 4029281.250000 -750.921509 5 23
4213000.000000 4029281.250000 -529.984436 6 23
4213200.000000 4029281.250000 -309.433289 7 23
4213400.000000 4029281.250000 -88.719406 8 23
4213600.000000 4029281.250000 132.724747 9 23
4213800.000000 4029281.250000 354.492920 10 23
4214000.000000 4029281.250000 576.709106 11 23
4214200.000000 4029281.250000 800.083618 12 23
4214400.000000 4029281.250000 1028.238159 13 23
4214600.000000 4029281.250000 1261.224731 14 23
4214800.000000 4029281.250000 1493.412964 15 23
4215000.000000 4029281.250000 1720.047241 16 23
4215200.000000 4029281.250000 1936.612793 17 23
4215400.000000 4029281.250000 2148.843018 18 23
4215600.000000 4029281.250000 2362.604248 19 23
4215800.000000 4029281.250000 2579.802246 20 23
4216000.000000 4029281.250000 2799.831787 21 23
4216200.000000 4029281.250000 3011.726563 22 23
4216400.000000 4029281.250000 3199.983887 23 23
4216600.000000 4029281.250000 3363.882568 24 23
4216800.000000 4029281.250000 3528.067139 25 23
4217000.000000 4029281.250000 3730.856445 26 23
4217200.000000 4029281.250000 3996.540527 27 23
4217400.000000 4029281.250000 4281.775391 28 23
4217600.000000 4029281.250000 4553.406738 29 23
4217800.000000 4029281.250000 4803.057129 30 23
4218000.000000 4029281.250000 5031.966797 31 23
4218200.000000 4029281.250000 5244.445801 32 23
4218400.000000 4029281.250000 5450.402344 33 23
4218600.000000 4029281.250000 5658.607422 34 23
4218800.000000 4029281.250000 5871.297363 35 23
4219000.000000 4029281.250000 6088.449219 36 23
4219200.000000 4029281.250000 6306.840820 37 23
4219400.000000 4029281.250000 6526.885254 38 23
4219600.000000 4029281.250000 6747.586426 39 23
4219800.000000 4029281.250000 6969.144531 40 23
4220000.000000 4029281.250000 7190.892578 41 23
4220200.000000 4029281.250000 7413.237305 42 23
4212000.000000 4029653.125000 -1450.402466 1 24
4212200.000000 4029653.125000 -1230.689209 2 24
4212400.000000 4029653.125000 -1010.463989 3 24
4212600.000000 4029653.125000 -790.178772 4 24
4212800.000000 4029653.125000 -569.333069 5 24
4213000.000000 4029653.125000 -348.408020 6 24
4213200.000000 4029653.125000 -127.877800 7 24
4213400.000000 4029653.125000 92.780769 8 24
4213600.000000 4029653.125000 314.154022 9 24
4213800.000000 4029653.125000 535.797302 10 24
4214000.000000 4029653.125000 757.819580 11 24
4214200.000000 4029653.125000 980.859863 12 24
4214400.000000 4029653.125000 1207.024658 13 24
4214600.000000 4029653.125000 1436.328003 14 24
4214800.000000 4029653.125000 1665.662720 15 24
4215000.000000 4029653.125000 1890.778809 16 24
4215200.000000 4029653.125000 2108.757813 17 24
4215400.000000 4029653.125000 2325.442627 18 24
4215600.000000 4029653.125000 2543.883057 19 24
4215800.000000 4029653.125000 2763.632080 20 24
4216000.000000 4029653.125000 2981.244873 21 24
4216200.000000 4029653.125000 3189.457520 22 24
4216400.000000 4029653.125000 3381.902344 23 24
4216600.000000 4029653.125000 3562.221436 24 24
4216800.000000 4029653.125000 3749.724854 25 24
4217000.000000 4029653.125000 3962.729980 26 24
4217200.000000 4029653.125000 4208.662598 27 24
4217400.000000 4029653.125000 4468.927246 28 24
4217600.000000 4029653.125000 4725.954102 29 24
4217800.000000 4029653.125000 4970.137207 30 24
4218000.000000 4029653.125000 5198.486816 31 24
4218200.000000 4029653.125000 5413.620605 32 24
4218400.000000 4029653.125000 5622.972168 33 24
4218600.000000 4029653.125000 5834.264160 34 24
4218800.000000 4029653.125000 6049.616699 35 24
4219000.000000 4029653.125000 6268.227051 36 24
4219200.000000 4029653.125000 6487.476074 37 24
4219400.000000 4029653.125000 6707.974609 38 24
4219600.000000 4029653.125000 6928.886719 39 24
4219800.000000 4029653.125000 7150.559082 40 24
4220000.000000 4029653.125000 7372.870117 41 24
4220200.000000 4029653.125000 7595.756836 42 24
4212000.000000 4030025.000000 -1268.849243 1 25
4212200.000000 4030025.000000 -1049.137695 2 25
4212400.000000 4030025.000000 -828.903015 3 25
4212600.000000 4030025.000000 -608.629761 4 25
4212800.000000 4030025.000000 -387.801147 5 25
4213000.000000 4030025.000000 -166.916275 6 25
4213200.000000 4030025.000000 53.580467 7 25
4213400.000000 4030025.000000 274.703857 8 25
4213600.000000 4030025.000000 495.995361 9 25
4213800.000000 4030025.000000 717.506470 10 25
4214000.000000 4030025.000000 939.316101 11 25
4214200.000000 4030025.000000 1161.510010 12 25
4214400.000000 4030025.000000 1385.696045 13 25
4214600.000000 4030025.000000 1611.854492 14 25
4214800.000000 4030025.000000 1838.375977 15 25
4215000.000000 4030025.000000 2062.533203 16 25
4215200.000000 4030025.000000 2282.481201 17 25
4215400.000000 4030025.000000 2501.739746 18 25
4215600.000000 4030025.000000 2723.101074 19 25
4215800.000000 4030025.000000 2944.579590 20 25
4216000.000000 4030025.000000 3162.802246 21 25
4216200.000000 4030025.000000 3372.549072 22 25
4216400.000000 4030025.000000 3571.986328 23 25
4216600.000000 4030025.000000 3764.358398 24 25
4216800.000000 4030025.000000 3963.269775 25 25
4217000.000000 4030025.000000 4178.805664 26 25
4217200.000000 4030025.000000 4413.051758 27 25
4217400.000000 4030025.000000 4657.526367 28 25
4217600.000000 4030025.000000 4902.504395 29 25
4217800.000000 4030025.000000 5140.247070 30 25
4218000.000000 4030025.000000 5366.637695 31 25
4218200.000000 4030025.000000 5583.733887 32 25
4218400.000000 4030025.000000 5797.381348 33 25
4218600.000000 4030025.000000 6011.315430 34 25
4218800.000000 4030025.000000 6228.915039 35 25
4219000.000000 4030025.000000 6448.216797 36 25
4219200.000000 4030025.000000 6668.160156 37 25
4219400.000000 4030025.000000 6889.029297 38 25
4219600.000000 4030025.000000 7110.651367 39 25
4219800.000000 4030025.000000 7332.431152 40 25
4220000.000000 4030025.000000 7554.812012 41 25
4220200.000000 4030025.000000 7777.750977 42 25
4212000.000000 4030396.875000 -1087.795776 1 26
4212200.000000 4030396.875000 -868.090515 2 26
4212400.000000 4030396.875000 -647.884583 3 26
4212600.000000 4030396.875000 -427.129852 4 26
4212800.000000 4030396.875000 -206.325409 5 26
4213000.000000 4030396.875000 14.544514 6 26
4213200.000000 4030396.875000 234.999496 7 26
4213400.000000 4030396.875000 456.064880 8 26
4213600.000000 4030396.875000 677.255432 9 26
4213800.000000 4030396.875000 898.640198 10 26
4214000.000000 4030396.875000 1120.256714 11 26
4214200.000000 4030396.875000 1342.175659 12 26
4214400.000000 4030396.875000 1564.946289 13 26
4214600.000000 4030396.875000 1789.053223 14 26
4214800.000000 4030396.875000 2013.394043 15 26
4215000.000000 4030396.875000 2236.267822 16 26
4215200.000000 4030396.875000 2457.870361 17 26
4215400.000000 4030396.875000 2679.376221 18 26
4215600.000000 4030396.875000 2901.808838 19 26
4215800.000000 4030396.875000 3124.060547 20 26
4216000.000000 4030396.875000 3342.378418 21 26
4216200.000000 4030396.875000 3554.067627 22 26
4216400.000000 4030396.875000 3759.682861 23 26
4216600.000000 4030396.875000 3961.950439 24 26
4216800.000000 4030396.875000 4168.003906 25 26
4217000.000000 4030396.875000 4384.126465 26 26
4217200.000000 4030396.875000 4611.808594 27 26
4217400.000000 4030396.875000 4846.670410 28 26
4217600.000000 4030396.875000 5082.641113 29 26
4217800.000000 4030396.875000 5313.991211 30 26
4218000.000000 4030396.875000 5538.749023 31 26
4218200.000000 4030396.875000 5757.180664 32 26
4218400.000000 4030396.875000 5973.898438 33 26
4218600.000000 4030396.875000 6190.703125 34 26
4218800.000000 4030396.875000 6409.500000 35 26
4219000.000000 4030396.875000 6629.101563 36 26
4219200.000000 4030396.875000 6849.013184 37 26
4219400.000000 4030396.875000 7070.138672 38 26
4219600.000000 4030396.875000 7291.906250 39 26
4219800.000000 4030396.875000 7514.278320 40 26
4220000.000000 4030396.875000 7737.227539 41 26
4220200.000000 4030396.875000 7960.222168 42 26
4212000.000000 4030768.750000 -906.766907 1 27
4212200.000000 4030768.750000 -687.071655 2 27
4212400.000000 4030768.750000 -466.865021 3 27
4212600.000000 4030768.750000 -246.132355 4 27
4212800.000000 4030768.750000 -25.356901 5 27
4213000.000000 4030768.750000 195.476044 6 27
4213200.000000 4030768.750000 416.366608 7 27
4213400.000000 4030768.750000 637.370239 8 27
4213600.000000 4030768.750000 858.494019 9 27
4213800.000000 4030768.750000 1079.762573 10 27
4214000.000000 4030768.750000 1301.211914 11 27
4214200.000000 4030768.750000 1522.888794 12 27
4214400.000000 4030768.750000 1744.806396 13 27
4214600.000000 4030768.750000 1967.477661 14 27
4214800.000000 4030768.750000 2190.296143 15 27
4215000.000000 4030768.750000 2412.591064 16 27
4215200.000000 4030768.750000 2634.626465 17 27
4215400.000000 4030768.750000 2856.624756 18 27
4215600.000000 4030768.750000 3079.269775 19 27
4215800.000000 4030768.750000 3301.216553 20 27
4216000.000000 4030768.750000 3520.120117 21 27
4216200.000000 4030768.750000 3734.183105 22 27
4216400.000000 4030768.750000 3945.011475 23 27
4216600.000000 4030768.750000 4153.982422 24 27
4216800.000000 4030768.750000 4364.885742 25 27
4217000.000000 4030768.750000 4582.066406 26 27
4217200.000000 4030768.750000 4806.025391 27 27
4217400.000000 4030768.750000 5034.788086 28 27
4217600.000000 4030768.750000 5264.186035 29 27
4217800.000000 4030768.750000 5491.245117 30 27
4218000.000000 4030768.750000 5714.145508 31 27
4218200.000000 4030768.750000 5933.643555 32 27
4218400.000000 4030768.750000 6152.279785 33 27
4218600.000000 4030768.750000 6370.831543 34 27
4218800.000000 4030768.750000 6590.281738 35 27
4219000.000000 4030768.750000 6810.333984 36 27
4219200.000000 4030768.750000 7030.499512 37 27
4219400.000000 4030768.750000 7251.785156 38 27
4219600.000000 4030768.750000 7473.158203 39 27
4219800.000000 4030768.750000 7695.609863 40 27
4220000.000000 4030768.750000 7919.123047 41 27
4220200.000000 4030768.750000 8142.672363 42 27
4212000.000000 4031140.625000 -725.221375 1 28
4212200.000000 4031140.625000 -505.539337 2 28
4212400.000000 4031140.625000 -285.351410 3 28
4212600.000000 4031140.625000 -64.659981 4 28
4212800.000000 4031140.625000 156.083740 5 28
4213000.000000 4031140.625000 376.876678 6 28
4213200.000000 4031140.625000 597.733826 7 28
4213400.000000 4031140.625000 818.674011 8 28
4213600.000000 4031140.625000 1039.716187 9 28
4213800.000000 4031140.625000 1260.861328 10 28
4214000.000000 4031140.625000 1482.166382 11 28
4214200.000000 4031140.625000 1703.145508 12 28
4214400.000000 4031140.625000 1924.814087 13 28
4214600.000000 4031140.625000 2146.652100 14 28
4214800.000000 4031140.625000 2368.584717 15 28
4215000.000000 4031140.625000 2590.458984 16 28
4215200.000000 4031140.625000 2812.618652 17 28
4215400.000000 4031140.625000 3034.830078 18 28
4215600.000000 4031140.625000 3256.861328 19 28
4215800.000000 4031140.625000 3478.500244 20 28
4216000.000000 4031140.625000 3697.612061 21 28
4216200.000000 4031140.625000 3914.154785 22 28
4216400.000000 4031140.625000 4128.241699 23 28
4216600.000000 4031140.625000 4341.413574 24 28
4216800.000000 4031140.625000 4556.084961 25 28
4217000.000000 4031140.625000 4774.274414 26 28
4217200.000000 4031140.625000 4996.103516 27 28
4217400.000000 4031140.625000 5221.419434 28 28
4217600.000000 4031140.625000 5446.831055 29 28
4217800.000000 4031140.625000 5670.695801 30 28
4218000.000000 4031140.625000 5892.702637 31 28
4218200.000000 4031140.625000 6112.694824 32 28
4218400.000000 4031140.625000 6332.421387 33 28
4218600.000000 4031140.625000 6551.276367 34 28
4218800.000000 4031140.625000 6771.013672 35 28
4219000.000000 4031140.625000 6991.288086 36 28
4219200.000000 4031140.625000 7212.115234 37 28
4219400.000000 4031140.625000 7433.002441 38 28
4219600.000000 4031140.625000 7654.455566 39 28
4219800.000000 4031140.625000 7876.975586 40 28
4220000.000000 4031140.625000 8101.047363 41 28
4220200.000000 4031140.625000 8324.646484 42 28
4212000.000000 4031512.500000 -543.667358 1 29
4212200.000000 4031512.500000 -324.017792 2 29
4212400.000000 4031512.500000 -103.850067 3 29
4212600.000000 4031512.500000 116.832336 4 29
4212800.000000 4031512.500000 337.543488 5 29
4213000.000000 4031512.500000 558.295593 6 29
4213200.000000 4031512.500000 779.101990 7 29
4213400.000000 4031512.500000 999.962341 8 29
4213600.000000 4031512.500000 1220.925537 9 29
4213800.000000 4031512.500000 1441.988037 10 29
4214000.000000 4031512.500000 1663.166138 11 29
4214200.000000 4031512.500000 1883.979736 12 29
4214400.000000 4031512.500000 2105.435791 13 29
4214600.000000 4031512.500000 2326.999023 14 29
4214800.000000 4031512.500000 2548.145264 15 29
4215000.000000 4031512.500000 2769.752197 16 29
4215200.000000 4031512.500000 2991.674805 17 29
4215400.000000 4031512.500000 3213.745850 18 29
4215600.000000 4031512.500000 3435.287842 19 29
4215800.000000 4031512.500000 3656.653564 20 29
4216000.000000 4031512.500000 3875.791260 21 29
4216200.000000 4031512.500000 4093.738037 22 29
4216400.000000 4031512.500000 4310.190430 23 29
4216600.000000 4031512.500000 4526.455566 24 29
4216800.000000 4031512.500000 4743.540039 25 29
4217000.000000 4031512.500000 4962.467285 26 29
4217200.000000 4031512.500000 5183.117676 27 29
4217400.000000 4031512.500000 5405.914551 28 29
4217600.000000 4031512.500000 5628.880371 29 29
4217800.000000 4031512.500000 5851.385254 30 29
4218000.000000 4031512.500000 6072.982422 31 29
4218200.000000 4031512.500000 6293.048340 32 29
4218400.000000 4031512.500000 6512.689453 33 29
4218600.000000 4031512.500000 6732.137207 34 29
4218800.000000 4031512.500000 6952.017578 35 29
4219000.000000 4031512.500000 7172.398926 36 29
4219200.000000 4031512.500000 7393.311523 37 29
4219400.000000 4031512.500000 7614.255859 38 29
4219600.000000 4031512.500000 7836.275391 39 29
4219800.000000 4031512.500000 8058.854980 40 29
4220000.000000 4031512.500000 8282.994141 41 29
4220200.000000 4031512.500000 8507.135742 42 29
4212000.000000 4031884.375000 -361.616119 1 30
4212200.000000 4031884.375000 -141.967529 2 30
4212400.000000 4031884.375000 78.179382 3 30
4212600.000000 4031884.375000 298.836243 4 30
4212800.000000 4031884.375000 519.498718 5 30
4213000.000000 4031884.375000 740.210938 6 30
4213200.000000 4031884.375000 960.967834 7 30
4213400.000000 4031884.375000 1181.783569 8 30
4213600.000000 4031884.375000 1402.172119 9 30
4213800.000000 4031884.375000 1623.142334 10 30
4214000.000000 4031884.375000 1844.190063 11 30
4214200.000000 4031884.375000 2065.361084 12 30
4214400.000000 4031884.375000 2286.642578 13 30
4214600.000000 4031884.375000 2508.017578 14 30
4214800.000000 4031884.375000 2728.942627 15 30
4215000.000000 4031884.375000 2950.339844 16 30
4215200.000000 4031884.375000 3172.102539 17 30
4215400.000000 4031884.375000 3393.588867 18 30
4215600.000000 4031884.375000 3614.695801 19 30
4215800.000000 4031884.375000 3835.294922 20 30
4216000.000000 4031884.375000 4054.857666 21 30
4216200.000000 4031884.375000 4273.455566 22 30
4216400.000000 4031884.375000 4491.740723 23 30
4216600.000000 4031884.375000 4709.425781 24 30
4216800.000000 4031884.375000 4927.837891 25 30
4217000.000000 4031884.375000 5147.250977 26 30
4217200.000000 4031884.375000 5367.845703 27 30
4217400.000000 4031884.375000 5589.090332 28 30
4217600.000000 4031884.375000 5810.728516 29 30
4217800.000000 4031884.375000 6032.407715 30 30
4218000.000000 4031884.375000 6253.424316 31 30
4218200.000000 4031884.375000 6473.688477 32 30
4218400.000000 4031884.375000 6693.755371 33 30
4218600.000000 4031884.375000 6913.721191 34 30
4218800.000000 4031884.375000 7133.656250 35 30
4219000.000000 4031884.375000 7354.083008 36 30
4219200.000000 4031884.375000 7574.558594 37 30
4219400.000000 4031884.375000 7796.081055 38 30
4219600.000000 4031884.375000 8018.158691 39 30
4219800.000000 4031884.375000 8241.288086 40 30
4220000.000000 4031884.375000 8465.452148 41 30
4220200.000000 4031884.375000 8690.127930 42 30
4212000.000000 4032256.250000 -179.031357 1 31
4212200.000000 4032256.250000 40.098972 2 31
4212400.000000 4032256.250000 260.208374 3 31
4212600.000000 4032256.250000 480.840271 4 31
4212800.000000 4032256.250000 701.488464 5 31
4213000.000000 4032256.250000 922.162231 6 31
4213200.000000 4032256.250000 1142.871826 7 31
4213400.000000 4032256.250000 1363.129883 8 31
4213600.000000 4032256.250000 1583.430542 9 31
4213800.000000 4032256.250000 1804.315063 10 31
4214000.000000 4032256.250000 2025.276611 11 31
4214200.000000 4032256.250000 2246.324219 12 31
4214400.000000 4032256.250000 2467.458984 13 31
4214600.000000 4032256.250000 2688.666992 14 31
4214800.000000 4032256.250000 2909.898926 15 31
4215000.000000 4032256.250000 3131.133301 16 31
4215200.000000 4032256.250000 3352.776855 17 31
4215400.000000 4032256.250000 3573.738525 18 31
4215600.000000 4032256.250000 3794.414063 19 31
4215800.000000 4032256.250000 4015.215332 20 31
4216000.000000 4032256.250000 4235.117188 21 31
4216200.000000 4032256.250000 4454.159180 22 31
4216400.000000 4032256.250000 4672.991699 23 31
4216600.000000 4032256.250000 4891.761230 24 31
4216800.000000 4032256.250000 5111.151367 25 31
4217000.000000 4032256.250000 5330.829590 26 31
4217200.000000 4032256.250000 5550.875977 27 31
4217400.000000 4032256.250000 5771.808105 28 31
4217600.000000 4032256.250000 5992.976074 29 31
4217800.000000 4032256.250000 6213.707031 30 31
4218000.000000 4032256.250000 6434.378906 31 31
4218200.000000 4032256.250000 6654.952637 32 31
4218400.000000 4032256.250000 6874.950684 33 31
4218600.000000 4032256.250000 7094.898926 34 31
4218800.000000 4032256.250000 7315.364746 35 31
4219000.000000 4032256.250000 7535.854004 36 31
4219200.000000 4032256.250000 7756.383301 37 31
4219400.000000 4032256.250000 7977.959961 38 31
4219600.000000 4032256.250000 8200.087891 39 31
4219800.000000 4032256.250000 8423.757813 40 31
4220000.000000 4032256.250000 8648.453125 41 31
4220200.000000 4032256.250000 8873.655273 42 31
4212000.000000 4032628.125000 4.069124 1 32
4212200.000000 4032628.125000 222.663528 2 32
4212400.000000 4032628.125000 442.269104 3 32
4212600.000000 4032628.125000 662.876099 4 32
4212800.000000 4032628.125000 883.493652 5 32
4213000.000000 4032628.125000 1104.129639 6 32
4213200.000000 4032628.125000 1324.776245 7 32
4213400.000000 4032628.125000 1544.977905 8 32
4213600.000000 4032628.125000 1765.227051 9 32
4213800.000000 4032628.125000 1985.531616 10 32
4214000.000000 4032628.125000 2206.398438 11 32
4214200.000000 4032628.125000 2427.319092 12 32
4214400.000000 4032628.125000 2648.327393 13 32
4214600.000000 4032628.125000 2869.396484 14 32
4214800.000000 4032628.125000 3090.502686 15 32
4215000.000000 4032628.125000 3311.607910 16 32
4215200.000000 4032628.125000 3533.158936 17 32
4215400.000000 4032628.125000 3754.090088 18 32
4215600.000000 4032628.125000 3974.806641 19 32
4215800.000000 4032628.125000 4195.271484 20 32
4216000.000000 4032628.125000 4415.439453 21 32
4216200.000000 4032628.125000 4635.341309 22 32
4216400.000000 4032628.125000 4854.557129 23 32
4216600.000000 4032628.125000 5073.695801 24 32
4216800.000000 4032628.125000 5293.360840 25 32
4217000.000000 4032628.125000 5513.190918 26 32
4217200.000000 4032628.125000 5733.231445 27 32
4217400.000000 4032628.125000 5953.981934 28 32
4217600.000000 4032628.125000 6174.878906 29 32
4217800.000000 4032628.125000 6395.340820 30 32
4218000.000000 4032628.125000 6615.791504 31 32
4218200.000000 4032628.125000 6836.244629 32 32
4218400.000000 4032628.125000 7056.692383 33 32
4218600.000000 4032628.125000 7276.653320 34 32
4218800.000000 4032628.125000 7497.142090 35 32
4219000.000000 4032628.125000 7717.671875 36 32
4219200.000000 4032628.125000 7938.749512 37 32
4219400.000000 4032628.125000 8159.860840 38 32
4219600.000000 4032628.125000 8382.532227 39 32
4219800.000000 4032628.125000 8606.736328 40 32
4220000.000000 4032628.125000 8831.974609 41 32
4220200.000000 4032628.125000 9057.699219 42 32
4212000.000000 4033000.000000 187.664001 1 33
4212200.000000 4033000.000000 405.754730 2 33
4212400.000000 4033000.000000 624.838745 3 33
4212600.000000 4033000.000000 844.920044 4 33
4212800.000000 4033000.000000 1065.488403 5 33
4213000.000000 4033000.000000 1286.084595 6 33
4213200.000000 4033000.000000 1506.699951 7 33
4213400.000000 4033000.000000 1726.843872 8 33
4213600.000000 4033000.000000 1947.024414 9 33
4213800.000000 4033000.000000 2167.232666 10 33
4214000.000000 4033000.000000 2388.008545 11 33
4214200.000000 4033000.000000 2608.843018 12 33
4214400.000000 4033000.000000 2829.738525 13 33
4214600.000000 4033000.000000 3050.688721 14 33
4214800.000000 4033000.000000 3271.679199 15 33
4215000.000000 4033000.000000 3492.668701 16 33
4215200.000000 4033000.000000 3713.655518 17 33
4215400.000000 4033000.000000 3934.574951 18 33
4215600.000000 4033000.000000 4155.367676 19 33
4215800.000000 4033000.000000 4375.974609 20 33
4216000.000000 4033000.000000 4596.362793 21 33
4216200.000000 4033000.000000 4816.521484 22 33
4216400.000000 4033000.000000 5036.026855 23 33
4216600.000000 4033000.000000 5255.429688 24 33
4216800.000000 4033000.000000 5475.307617 25 33
4217000.000000 4033000.000000 5695.232910 26 33
4217200.000000 4033000.000000 5915.254395 27 33
4217400.000000 4033000.000000 6135.869141 28 33
4217600.000000 4033000.000000 6356.591797 29 33
4217800.000000 4033000.000000 6576.875977 30 33
4218000.000000 4033000.000000 6797.201660 31 33
4218200.000000 4033000.000000 7017.563965 32 33
4218400.000000 4033000.000000 7237.967285 33 33
4218600.000000 4033000.000000 7458.420410 34 33
4218800.000000 4033000.000000 7678.913086 35 33
4219000.000000 4033000.000000 7899.481934 36 33
4219200.000000 4033000.000000 8120.608887 37 33
4219400.000000 4033000.000000 8342.286133 38 33
4219600.000000 4033000.000000 8565.001953 39 33
4219800.000000 4033000.000000 8789.740234 40 33
4220000.000000 4033000.000000 9015.487305 41 33
4220200.000000 4033000.000000 9241.750977 42 33
