# Type: scattered data
# Version: 6
# Description: No description
# Format: free
# Field: 1 x
# Field: 2 y
# Field: 3 z undefined
# Field: 4 column
# Field: 5 row
# Projection: Local Rectangular
# Units: undefined
# End:
# Information from grid:
# Grid_size: 42 x 33
# Grid_space: 4212000.000000,4220200.000000,4021100.000000,4033000.000000
# Scattered data: Not_available
# Z_field: z
# Vertical_faults: Not_available
# History: No history
# Z_units: undefined
4212000.000000 4021100.000000 -7940.619629 1 1
4212200.000000 4021100.000000 -7707.664551 2 1
4212400.000000 4021100.000000 -7474.683105 3 1
4212600.000000 4021100.000000 -7241.700195 4 1
4212800.000000 4021100.000000 -7008.686523 5 1
4213000.000000 4021100.000000 -6775.628418 6 1
4213200.000000 4021100.000000 -6542.503418 7 1
4213400.000000 4021100.000000 -6309.277344 8 1
4213600.000000 4021100.000000 -6075.909180 9 1
4213800.000000 4021100.000000 -5842.341797 10 1
4214000.000000 4021100.000000 -5608.564453 11 1
4214200.000000 4021100.000000 -5374.520020 12 1
4214400.000000 4021100.000000 -5140.196289 13 1
4214600.000000 4021100.000000 -4905.623047 14 1
4214800.000000 4021100.000000 -4670.869141 15 1
4215000.000000 4021100.000000 -4436.033691 16 1
4215200.000000 4021100.000000 -4201.221191 17 1
4215400.000000 4021100.000000 -3966.594238 18 1
4215600.000000 4021100.000000 -3732.268799 19 1
4215800.000000 4021100.000000 -3499.356445 20 1
4216000.000000 4021100.000000 -3265.911133 21 1
4216200.000000 4021100.000000 -3032.909912 22 1
4216400.000000 4021100.000000 -2800.277100 23 1
4216600.000000 4021100.000000 -2567.886719 24 1
4216800.000000 4021100.000000 -2335.644043 25 1
4217000.000000 4021100.000000 -2103.410645 26 1
4217200.000000 4021100.000000 -1871.091064 27 1
4217400.000000 4021100.000000 -1638.624023 28 1
4217600.000000 4021100.000000 -1405.982056 29 1
4217800.000000 4021100.000000 -1173.156006 30 1
4218000.000000 4021100.000000 -940.126648 31 1
4218200.000000 4021100.000000 -706.938538 32 1
4218400.000000 4021100.000000 -474.608521 33 1
4218600.000000 4021100.000000 -242.187195 34 1
4218800.000000 4021100.000000 -8.723986 35 1
4219000.000000 4021100.000000 224.744415 36 1
4219200.000000 4021100.000000 458.192627 37 1
4219400.000000 4021100.000000 691.621826 38 1
4219600.000000 4021100.000000 924.991394 39 1
4219800.000000 4021100.000000 1158.319458 40 1
4220000.000000 4021100.000000 1392.615112 41 1
4220200.000000 4021100.000000 1626.896484 42 1
4212000.000000 4021471.875000 -7592.465820 1 2
4212200.000000 4021471.875000 -7359.498047 2 2
4212400.000000 4021471.875000 -7126.515137 3 2
4212600.000000 4021471.875000 -6893.484863 4 2
4212800.000000 4021471.875000 -6660.420410 5 2
4213000.000000 4021471.875000 -6427.284668 6 2
4213200.000000 4021471.875000 -6194.048340 7 2
4213400.000000 4021471.875000 -5960.670410 8 2
4213600.000000 4021471.875000 -5727.104492 9 2
4213800.000000 4021471.875000 -5493.310059 10 2
4214000.000000 4021471.875000 -5259.231445 11 2
4214200.000000 4021471.875000 -5024.866699 12 2
4214400.000000 4021471.875000 -4790.202148 13 2
4214600.000000 4021471.875000 -4555.295410 14 2
4214800.000000 4021471.875000 -4320.252441 15 2
4215000.000000 4021471.875000 -4085.215820 16 2
4215200.000000 4021471.875000 -3850.344727 17 2
4215400.000000 4021471.875000 -3615.771240 18 2
4215600.000000 4021471.875000 -3381.663330 19 2
4215800.000000 4021471.875000 -3148.104980 20 2
4216000.000000 4021471.875000 -2915.110107 21 2
4216200.000000 4021471.875000 -2683.596680 22 2
4216400.000000 4021471.875000 -2451.429932 23 2
4216600.000000 4021471.875000 -2219.445557 24 2
4216800.000000 4021471.875000 -1987.466919 25 2
4217000.000000 4021471.875000 -1755.403320 26 2
4217200.000000 4021471.875000 -1524.160645 27 2
4217400.000000 4021471.875000 -1291.710083 28 2
4217600.000000 4021471.875000 -1059.054688 29 2
4217800.000000 4021471.875000 -826.207336 30 2
4218000.000000 4021471.875000 -593.176331 31 2
4218200.000000 4021471.875000 -359.963623 32 2
4218400.000000 4021471.875000 -126.646141 33 2
4218600.000000 4021471.875000 106.737373 34 2
4218800.000000 4021471.875000 340.139313 35 2
4219000.000000 4021471.875000 573.528870 36 2
4219200.000000 4021471.875000 806.891541 37 2
4219400.000000 4021471.875000 1040.220215 38 2
4219600.000000 4021471.875000 1273.526855 39 2
4219800.000000 4021471.875000 1506.778198 40 2
4220000.000000 4021471.875000 1740.997559 41 2
4220200.000000 4021471.875000 1975.202759 42 2
4212000.000000 4021843.750000 -7244.320801 1 3
4212200.000000 4021843.750000 -7011.344238 2 3
4212400.000000 4021843.750000 -6778.347656 3 3
4212600.000000 4021843.750000 -6545.310059 4 3
4212800.000000 4021843.750000 -6312.186035 5 3
4213000.000000 4021843.750000 -6078.981934 6 3
4213200.000000 4021843.750000 -5845.644531 7 3
4213400.000000 4021843.750000 -5612.123047 8 3
4213600.000000 4021843.750000 -5378.363281 9 3
4213800.000000 4021843.750000 -5144.323730 10 3
4214000.000000 4021843.750000 -4909.964355 11 3
4214200.000000 4021843.750000 -4675.238770 12 3
4214400.000000 4021843.750000 -4440.198242 13 3
4214600.000000 4021843.750000 -4204.914063 14 3
4214800.000000 4021843.750000 -3969.539063 15 3
4215000.000000 4021843.750000 -3734.273438 16 3
4215200.000000 4021843.750000 -3499.325928 17 3
4215400.000000 4021843.750000 -3264.855469 18 3
4215600.000000 4021843.750000 -3031.034180 19 3
4215800.000000 4021843.750000 -2797.926514 20 3
4216000.000000 4021843.750000 -2565.497070 21 3
4216200.000000 4021843.750000 -2333.589355 22 3
4216400.000000 4021843.750000 -2102.982422 23 3
4216600.000000 4021843.750000 -1871.445679 24 3
4216800.000000 4021843.750000 -1639.779785 25 3
4217000.000000 4021843.750000 -1407.847534 26 3
4217200.000000 4021843.750000 -1176.635498 27 3
4217400.000000 4021843.750000 -944.141357 28 3
4217600.000000 4021843.750000 -711.408752 29 3
4217800.000000 4021843.750000 -478.472717 30 3
4218000.000000 4021843.750000 -245.350708 31 3
4218200.000000 4021843.750000 -12.074774 32 3
4218400.000000 4021843.750000 221.307907 33 3
4218600.000000 4021843.750000 454.692200 34 3
4218800.000000 4021843.750000 688.044189 35 3
4219000.000000 4021843.750000 921.347046 36 3
4219200.000000 4021843.750000 1154.609619 37 3
4219400.000000 4021843.750000 1387.842529 38 3
4219600.000000 4021843.750000 1621.062744 39 3
4219800.000000 4021843.750000 1855.232544 40 3
4220000.000000 4021843.750000 2089.371826 41 3
4220200.000000 4021843.750000 2323.495117 42 3
4212000.000000 4022215.625000 -6896.186035 1 4
4212200.000000 4022215.625000 -6663.202637 2 4
4212400.000000 4022215.625000 -6430.195313 3 4
4212600.000000 4022215.625000 -6197.136230 4 4
4212800.000000 4022215.625000 -5963.988770 5 4
4213000.000000 4022215.625000 -5730.700684 6 4
4213200.000000 4022215.625000 -5497.261230 7 4
4213400.000000 4022215.625000 -5263.591797 8 4
4213600.000000 4022215.625000 -5029.629883 9 4
4213800.000000 4022215.625000 -4795.329102 10 4
4214000.000000 4022215.625000 -4560.651855 11 4
4214200.000000 4022215.625000 -4325.557129 12 4
4214400.000000 4022215.625000 -4090.116943 13 4
4214600.000000 4022215.625000 -3854.443115 14 4
4214800.000000 4022215.625000 -3618.746826 15 4
4215000.000000 4022215.625000 -3383.301758 16 4
4215200.000000 4022215.625000 -3148.377686 17 4
4215400.000000 4022215.625000 -2914.175537 18 4
4215600.000000 4022215.625000 -2680.808594 19 4
4215800.000000 4022215.625000 -2448.349609 20 4
4216000.000000 4022215.625000 -2216.669434 21 4
4216200.000000 4022215.625000 -1985.511841 22 4
4216400.000000 4022215.625000 -1755.555176 23 4
4216600.000000 4022215.625000 -1524.489014 24 4
4216800.000000 4022215.625000 -1293.079224 25 4
4217000.000000 4022215.625000 -1061.202026 26 4
4217200.000000 4022215.625000 -829.890564 27 4
4217400.000000 4022215.625000 -597.208313 28 4
4217600.000000 4022215.625000 -364.252960 29 4
4217800.000000 4022215.625000 -131.074310 30 4
4218000.000000 4022215.625000 102.305908 31 4
4218200.000000 4022215.625000 335.826355 32 4
4218400.000000 4022215.625000 569.374023 33 4
4218600.000000 4022215.625000 802.851135 34 4
4218800.000000 4022215.625000 1036.161011 35 4
4219000.000000 4022215.625000 1269.333008 36 4
4219200.000000 4022215.625000 1502.431885 37 4
4219400.000000 4022215.625000 1735.513306 38 4
4219600.000000 4022215.625000 1969.593140 39 4
4219800.000000 4022215.625000 2203.680664 40 4
4220000.000000 4022215.625000 2437.729736 41 4
4220200.000000 4022215.625000 2671.760498 42 4
4212000.000000 4022587.500000 -6548.060547 1 5
4212200.000000 4022587.500000 -6315.071289 2 5
4212400.000000 4022587.500000 -6082.053711 3 5
4212600.000000 4022587.500000 -5848.973145 4 5
4212800.000000 4022587.500000 -5615.784180 5 5
4213000.000000 4022587.500000 -5382.425781 6 5
4213200.000000 4022587.500000 -5148.879395 7 5
4213400.000000 4022587.500000 -4915.054199 8 5
4213600.000000 4022587.500000 -4680.878418 9 5
4213800.000000 4022587.500000 -4446.302734 10 5
4214000.000000 4022587.500000 -4211.292480 11 5
4214200.000000 4022587.500000 -3975.837646 12 5
4214400.000000 4022587.500000 -3739.989502 13 5
4214600.000000 4022587.500000 -3503.960449 14 5
4214800.000000 4022587.500000 -3268.020264 15 5
4215000.000000 4022587.500000 -3032.531250 16 5
4215200.000000 4022587.500000 -2797.828369 17 5
4215400.000000 4022587.500000 -2564.125732 18 5
4215600.000000 4022587.500000 -2331.515137 19 5
4215800.000000 4022587.500000 -2099.939941 20 5
4216000.000000 4022587.500000 -1869.210327 21 5
4216200.000000 4022587.500000 -1638.935547 22 5
4216400.000000 4022587.500000 -1408.692871 23 5
4216600.000000 4022587.500000 -1178.098267 24 5
4216800.000000 4022587.500000 -947.884277 25 5
4217000.000000 4022587.500000 -715.948059 26 5
4217200.000000 4022587.500000 -484.340607 27 5
4217400.000000 4022587.500000 -251.234299 28 5
4217600.000000 4022587.500000 -17.840382 29 5
4217800.000000 4022587.500000 215.818832 30 5
4218000.000000 4022587.500000 449.739563 31 5
4218200.000000 4022587.500000 683.802551 32 5
4218400.000000 4022587.500000 917.785645 33 5
4218600.000000 4022587.500000 1151.492554 34 5
4218800.000000 4022587.500000 1384.786255 35 5
4219000.000000 4022587.500000 1617.744751 36 5
4219200.000000 4022587.500000 1850.545410 37 5
4219400.000000 4022587.500000 2084.345459 38 5
4219600.000000 4022587.500000 2318.210449 39 5
4219800.000000 4022587.500000 2552.146484 40 5
4220000.000000 4022587.500000 2786.077637 41 5
4220200.000000 4022587.500000 3019.994385 42 5
4212000.000000 4022959.375000 -6198.945313 1 6
4212200.000000 4022959.375000 -5965.948730 2 6
4212400.000000 4022959.375000 -5732.919922 3 6
4212600.000000 4022959.375000 -5499.816406 4 6
4212800.000000 4022959.375000 -5266.583984 5 6
4213000.000000 4022959.375000 -5033.169922 6 6
4213200.000000 4022959.375000 -4800.494141 7 6
4213400.000000 4022959.375000 -4566.508301 8 6
4213600.000000 4022959.375000 -4332.114258 9 6
4213800.000000 4022959.375000 -4097.261719 10 6
4214000.000000 4022959.375000 -3861.923828 11 6
4214200.000000 4022959.375000 -3626.113281 12 6
4214400.000000 4022959.375000 -3389.939453 13 6
4214600.000000 4022959.375000 -3153.629150 14 6
4214800.000000 4022959.375000 -2917.590820 15 6
4215000.000000 4022959.375000 -2682.266602 16 6
4215200.000000 4022959.375000 -2448.049072 17 6
4215400.000000 4022959.375000 -2215.136963 18 6
4215600.000000 4022959.375000 -1983.539185 19 6
4215800.000000 4022959.375000 -1753.089111 20 6
4216000.000000 4022959.375000 -1523.412231 21 6
4216200.000000 4022959.375000 -1294.064697 22 6
4216400.000000 4022959.375000 -1064.549438 23 6
4216600.000000 4022959.375000 -834.440430 24 6
4216800.000000 4022959.375000 -604.396729 25 6
4217000.000000 4022959.375000 -373.226563 26 6
4217200.000000 4022959.375000 -141.027023 27 6
4217400.000000 4022959.375000 93.805832 28 6
4217600.000000 4022959.375000 327.898682 29 6
4217800.000000 4022959.375000 562.285583 30 6
4218000.000000 4022959.375000 797.066589 31 6
4218200.000000 4022959.375000 1032.058838 32 6
4218400.000000 4022959.375000 1266.835938 33 6
4218600.000000 4022959.375000 1500.988647 34 6
4218800.000000 4022959.375000 1734.333374 35 6
4219000.000000 4022959.375000 1966.957886 36 6
4219200.000000 4022959.375000 2200.242920 37 6
4219400.000000 4022959.375000 2432.539795 38 6
4219600.000000 4022959.375000 2666.015869 39 6
4219800.000000 4022959.375000 2899.690430 40 6
4220000.000000 4022959.375000 3134.441650 41 6
4220200.000000 4022959.375000 3368.203857 42 6
4212000.000000 4023331.250000 -5850.834961 1 7
4212200.000000 4023331.250000 -5617.831055 2 7
4212400.000000 4023331.250000 -5384.790039 3 7
4212600.000000 4023331.250000 -5151.663086 4 7
4212800.000000 4023331.250000 -4918.386719 5 7
4213000.000000 4023331.250000 -4684.900391 6 7
4213200.000000 4023331.250000 -4451.132813 7 7
4213400.000000 4023331.250000 -4217.973145 8 7
4213600.000000 4023331.250000 -3983.369629 9 7
4213800.000000 4023331.250000 -3748.257568 10 7
4214000.000000 4023331.250000 -3512.625244 11 7
4214200.000000 4023331.250000 -3276.518066 12 7
4214400.000000 4023331.250000 -3040.099365 13 7
4214600.000000 4023331.250000 -2803.687500 14 7
4214800.000000 4023331.250000 -2567.736572 15 7
4215000.000000 4023331.250000 -2332.826904 16 7
4215200.000000 4023331.250000 -2099.363525 17 7
4215400.000000 4023331.250000 -1867.479858 18 7
4215600.000000 4023331.250000 -1637.040771 19 7
4215800.000000 4023331.250000 -1407.707397 20 7
4216000.000000 4023331.250000 -1180.000977 21 7
4216200.000000 4023331.250000 -951.423279 22 7
4216400.000000 4023331.250000 -722.590454 23 7
4216600.000000 4023331.250000 -494.041901 24 7
4216800.000000 4023331.250000 -264.197906 25 7
4217000.000000 4023331.250000 -33.513184 26 7
4217200.000000 4023331.250000 199.886688 27 7
4217400.000000 4023331.250000 437.082123 28 7
4217600.000000 4023331.250000 674.288025 29 7
4217800.000000 4023331.250000 910.501526 30 7
4218000.000000 4023331.250000 1146.191650 31 7
4218200.000000 4023331.250000 1380.314087 32 7
4218400.000000 4023331.250000 1616.159180 33 7
4218600.000000 4023331.250000 1851.964355 34 7
4218800.000000 4023331.250000 2085.336426 35 7
4219000.000000 4023331.250000 2317.458008 36 7
4219200.000000 4023331.250000 2549.918213 37 7
4219400.000000 4023331.250000 2781.380371 38 7
4219600.000000 4023331.250000 3014.194092 39 7
4219800.000000 4023331.250000 3248.403076 40 7
4220000.000000 4023331.250000 3482.880615 41 7
4220200.000000 4023331.250000 3717.416504 42 7
4212000.000000 4023703.125000 -5502.747070 1 8
4212200.000000 4023703.125000 -5269.718750 2 8
4212400.000000 4023703.125000 -5036.666504 3 8
4212600.000000 4023703.125000 -4803.517090 4 8
4212800.000000 4023703.125000 -4570.199707 5 8
4213000.000000 4023703.125000 -4336.646973 6 8
4213200.000000 4023703.125000 -4102.780762 7 8
4213400.000000 4023703.125000 -3869.498047 8 8
4213600.000000 4023703.125000 -3634.695313 9 8
4213800.000000 4023703.125000 -3399.365234 10 8
4214000.000000 4023703.125000 -3163.502441 11 8
4214200.000000 4023703.125000 -2927.195557 12 8
4214400.000000 4023703.125000 -2690.671875 13 8
4214600.000000 4023703.125000 -2454.328613 14 8
4214800.000000 4023703.125000 -2218.722168 15 8
4215000.000000 4023703.125000 -1983.440063 16 8
4215200.000000 4023703.125000 -1750.906738 17 8
4215400.000000 4023703.125000 -1521.098022 18 8
4215600.000000 4023703.125000 -1292.659180 19 8
4215800.000000 4023703.125000 -1063.061768 20 8
4216000.000000 4023703.125000 -834.820190 21 8
4216200.000000 4023703.125000 -607.683411 22 8
4216400.000000 4023703.125000 -380.481293 23 8
4216600.000000 4023703.125000 -154.746414 24 8
4216800.000000 4023703.125000 73.811211 25 8
4217000.000000 4023703.125000 305.647919 26 8
4217200.000000 4023703.125000 540.634949 27 8
4217400.000000 4023703.125000 783.860901 28 8
4217600.000000 4023703.125000 1028.205566 29 8
4217800.000000 4023703.125000 1267.035156 30 8
4218000.000000 4023703.125000 1500.712158 31 8
4218200.000000 4023703.125000 1733.279907 32 8
4218400.000000 4023703.125000 1968.894287 33 8
4218600.000000 4023703.125000 2205.188232 34 8
4218800.000000 4023703.125000 2439.400391 35 8
4219000.000000 4023703.125000 2670.688721 36 8
4219200.000000 4023703.125000 2900.922852 37 8
4219400.000000 4023703.125000 3132.138184 38 8
4219600.000000 4023703.125000 3363.942871 39 8
4219800.000000 4023703.125000 3597.452637 40 8
4220000.000000 4023703.125000 3831.478760 41 8
4220200.000000 4023703.125000 4065.688965 42 8
4212000.000000 4024075.000000 -5154.646973 1 9
4212200.000000 4024075.000000 -4921.612793 2 9
4212400.000000 4024075.000000 -4688.551270 3 9
4212600.000000 4024075.000000 -4455.383301 4 9
4212800.000000 4024075.000000 -4222.032715 5 9
4213000.000000 4024075.000000 -3988.426270 6 9
4213200.000000 4024075.000000 -3754.479980 7 9
4213400.000000 4024075.000000 -3521.087158 8 9
4213600.000000 4024075.000000 -3286.162598 9 9
4213800.000000 4024075.000000 -3050.660645 10 9
4214000.000000 4024075.000000 -2814.655762 11 9
4214200.000000 4024075.000000 -2578.270264 12 9
4214400.000000 4024075.000000 -2341.798828 13 9
4214600.000000 4024075.000000 -2105.709961 14 9
4214800.000000 4024075.000000 -1869.615479 15 9
4215000.000000 4024075.000000 -1636.095093 16 9
4215200.000000 4024075.000000 -1404.462036 17 9
4215400.000000 4024075.000000 -1174.451294 18 9
4215600.000000 4024075.000000 -945.415771 19 9
4215800.000000 4024075.000000 -714.707703 20 9
4216000.000000 4024075.000000 -485.119385 21 9
4216200.000000 4024075.000000 -258.025055 22 9
4216400.000000 4024075.000000 -34.636879 23 9
4216600.000000 4024075.000000 187.920746 24 9
4216800.000000 4024075.000000 414.229675 25 9
4217000.000000 4024075.000000 647.650940 26 9
4217200.000000 4024075.000000 887.828979 27 9
4217400.000000 4024075.000000 1143.465820 28 9
4217600.000000 4024075.000000 1403.571777 29 9
4217800.000000 4024075.000000 1646.331909 30 9
4218000.000000 4024075.000000 1873.031128 31 9
4218200.000000 4024075.000000 2097.567139 32 9
4218400.000000 4024075.000000 2326.475830 33 9
4218600.000000 4024075.000000 2561.287842 34 9
4218800.000000 4024075.000000 2796.676025 35 9
4219000.000000 4024075.000000 3026.640869 36 9
4219200.000000 4024075.000000 3254.226074 37 9
4219400.000000 4024075.000000 3482.820313 38 9
4219600.000000 4024075.000000 3713.303711 39 9
4219800.000000 4024075.000000 3945.879883 40 9
4220000.000000 4024075.000000 4180.291992 41 9
4220200.000000 4024075.000000 4415.074707 42 9
4212000.000000 4024446.875000 -4806.550293 1 10
4212200.000000 4024446.875000 -4573.530273 2 10
4212400.000000 4024446.875000 -4340.446777 3 10
4212600.000000 4024446.875000 -4107.267578 4 10
4212800.000000 4024446.875000 -3873.895752 5 10
4213000.000000 4024446.875000 -3640.254150 6 10
4213200.000000 4024446.875000 -3406.256104 7 10
4213400.000000 4024446.875000 -3172.794434 8 10
4213600.000000 4024446.875000 -2937.788818 9 10
4213800.000000 4024446.875000 -2702.209961 10 10
4214000.000000 4024446.875000 -2466.164551 11 10
4214200.000000 4024446.875000 -2229.826660 12 10
4214400.000000 4024446.875000 -1993.551514 13 10
4214600.000000 4024446.875000 -1756.856201 14 10
4214800.000000 4024446.875000 -1521.354370 15 10
4215000.000000 4024446.875000 -1288.541870 16 10
4215200.000000 4024446.875000 -1058.510620 17 10
4215400.000000 4024446.875000 -827.661926 18 10
4215600.000000 4024446.875000 -595.064880 19 10
4215800.000000 4024446.875000 -360.189789 20 10
4216000.000000 4024446.875000 -128.595917 21 10
4216200.000000 4024446.875000 97.682983 22 10
4216400.000000 4024446.875000 318.451782 23 10
4216600.000000 4024446.875000 539.187866 24 10
4216800.000000 4024446.875000 768.294250 25 10
4217000.000000 4024446.875000 1013.289856 26 10
4217200.000000 4024446.875000 1269.540649 27 10
4217400.000000 4024446.875000 1545.532593 28 10
4217600.000000 4024446.875000 1822.408081 29 10
4217800.000000 4024446.875000 2060.073730 30 10
4218000.000000 4024446.875000 2267.863525 31 10
4218200.000000 4024446.875000 2478.597412 32 10
4218400.000000 4024446.875000 2699.643799 33 10
4218600.000000 4024446.875000 2928.109131 34 10
4218800.000000 4024446.875000 3159.375244 35 10
4219000.000000 4024446.875000 3385.343018 36 10
4219200.000000 4024446.875000 3610.010498 37 10
4219400.000000 4024446.875000 3834.869629 38 10
4219600.000000 4024446.875000 4063.959717 39 10
4219800.000000 4024446.875000 4295.536133 40 10
4220000.000000 4024446.875000 4529.277832 41 10
4220200.000000 4024446.875000 4764.598145 42 10
4212000.000000 4024818.750000 -4458.457031 1 11
4212200.000000 4024818.750000 -4225.438965 2 11
4212400.000000 4024818.750000 -3992.373535 3 11
4212600.000000 4024818.750000 -3759.177002 4 11
4212800.000000 4024818.750000 -3525.800781 5 11
4213000.000000 4024818.750000 -3292.149658 6 11
4213200.000000 4024818.750000 -3059.135742 7 11
4213400.000000 4024818.750000 -2824.658936 8 11
4213600.000000 4024818.750000 -2589.643311 9 11
4213800.000000 4024818.750000 -2354.094238 10 11
4214000.000000 4024818.750000 -2118.099365 11 11
4214200.000000 4024818.750000 -1881.927002 12 11
4214400.000000 4024818.750000 -1644.958618 13 11
4214600.000000 4024818.750000 -1408.721191 14 11
4214800.000000 4024818.750000 -1173.776489 15 11
4215000.000000 4024818.750000 -942.468079 16 11
4215200.000000 4024818.750000 -711.534729 17 11
4215400.000000 4024818.750000 -480.055756 18 11
4215600.000000 4024818.750000 -244.959854 19 11
4215800.000000 4024818.750000 -6.226783 20 11
4216000.000000 4024818.750000 226.756790 21 11
4216200.000000 4024818.750000 454.076843 22 11
4216400.000000 4024818.750000 679.618652 23 11
4216600.000000 4024818.750000 904.713928 24 11
4216800.000000 4024818.750000 1136.019775 25 11
4217000.000000 4024818.750000 1400.701782 26 11
4217200.000000 4024818.750000 1681.689209 27 11
4217400.000000 4024818.750000 1979.050293 28 11
4217600.000000 4024818.750000 2270.744873 29 11
4217800.000000 4024818.750000 2489.263184 30 11
4218000.000000 4024818.750000 2663.149902 31 11
4218200.000000 4024818.750000 2863.057129 32 11
4218400.000000 4024818.750000 3081.108398 33 11
4218600.000000 4024818.750000 3301.626221 34 11
4218800.000000 4024818.750000 3524.158936 35 11
4219000.000000 4024818.750000 3744.547363 36 11
4219200.000000 4024818.750000 3964.460938 37 11
4219400.000000 4024818.750000 4186.030273 38 11
4219600.000000 4024818.750000 4413.148438 39 11
4219800.000000 4024818.750000 4644.012695 40 11
4220000.000000 4024818.750000 4878.248535 41 11
4220200.000000 4024818.750000 5113.214844 42 11
4212000.000000 4025190.625000 -4111.365234 1 12
4212200.000000 4025190.625000 -3878.355469 2 12
4212400.000000 4025190.625000 -3645.300049 3 12
4212600.000000 4025190.625000 -3412.132568 4 12
4212800.000000 4025190.625000 -3178.755859 5 12
4213000.000000 4025190.625000 -2945.126221 6 12
4213200.000000 4025190.625000 -2711.143066 7 12
4213400.000000 4025190.625000 -2476.709717 8 12
4213600.000000 4025190.625000 -2241.761963 9 12
4213800.000000 4025190.625000 -2007.319580 10 12
4214000.000000 4025190.625000 -1771.513428 11 12
4214200.000000 4025190.625000 -1534.590820 12 12
4214400.000000 4025190.625000 -1296.999023 13 12
4214600.000000 4025190.625000 -1061.225098 14 12
4214800.000000 4025190.625000 -826.734253 15 12
4215000.000000 4025190.625000 -594.656433 16 12
4215200.000000 4025190.625000 -364.396820 17 12
4215400.000000 4025190.625000 -131.743439 18 12
4215600.000000 4025190.625000 105.270058 19 12
4215800.000000 4025190.625000 345.004333 20 12
4216000.000000 4025190.625000 579.970642 21 12
4216200.000000 4025190.625000 815.339905 22 12
4216400.000000 4025190.625000 1056.918335 23 12
4216600.000000 4025190.625000 1291.062744 24 12
4216800.000000 4025190.625000 1512.680054 25 12
4217000.000000 4025190.625000 1792.074097 26 12
4217200.000000 4025190.625000 2075.442627 27 12
4217400.000000 4025190.625000 2372.889893 28 12
4217600.000000 4025190.625000 2665.313232 29 12
4217800.000000 4025190.625000 2848.712158 30 12
4218000.000000 4025190.625000 2998.100586 31 12
4218200.000000 4025190.625000 3216.060547 32 12
4218400.000000 4025190.625000 3453.659424 33 12
4218600.000000 4025190.625000 3670.487305 34 12
4218800.000000 4025190.625000 3884.761230 35 12
4219000.000000 4025190.625000 4098.889160 36 12
4219200.000000 4025190.625000 4315.092285 37 12
4219400.000000 4025190.625000 4534.623047 38 12
4219600.000000 4025190.625000 4759.842773 39 12
4219800.000000 4025190.625000 4991.735840 40 12
4220000.000000 4025190.625000 5226.919922 41 12
4220200.000000 4025190.625000 5462.813965 42 12
4212000.000000 4025562.500000 -3763.276611 1 13
4212200.000000 4025562.500000 -3530.281494 2 13
4212400.000000 4025562.500000 -3297.244629 3 13
4212600.000000 4025562.500000 -3064.103027 4 13
4212800.000000 4025562.500000 -2830.780029 5 13
4213000.000000 4025562.500000 -2597.185547 6 13
4213200.000000 4025562.500000 -2363.274902 7 13
4213400.000000 4025562.500000 -2128.943115 8 13
4213600.000000 4025562.500000 -1895.135498 9 13
4213800.000000 4025562.500000 -1659.888428 10 13
4214000.000000 4025562.500000 -1425.341309 11 13
4214200.000000 4025562.500000 -1187.775879 12 13
4214400.000000 4025562.500000 -949.582336 13 13
4214600.000000 4025562.500000 -713.255798 14 13
4214800.000000 4025562.500000 -478.137634 15 13
4215000.000000 4025562.500000 -246.136780 16 13
4215200.000000 4025562.500000 -17.426716 17 13
4215400.000000 4025562.500000 214.440857 18 13
4215600.000000 4025562.500000 451.212555 19 13
4215800.000000 4025562.500000 688.850525 20 13
4216000.000000 4025562.500000 927.015747 21 13
4216200.000000 4025562.500000 1178.816528 22 13
4216400.000000 4025562.500000 1449.332520 23 13
4216600.000000 4025562.500000 1699.117065 24 13
4216800.000000 4025562.500000 1855.795410 25 13
4217000.000000 4025562.500000 2129.212402 26 13
4217200.000000 4025562.500000 2385.805908 27 13
4217400.000000 4025562.500000 2635.892822 28 13
4217600.000000 4025562.500000 2861.389893 29 13
4217800.000000 4025562.500000 3003.063965 30 13
4218000.000000 4025562.500000 3219.773193 31 13
4218200.000000 4025562.500000 3505.771484 32 13
4218400.000000 4025562.500000 3790.049316 33 13
4218600.000000 4025562.500000 4014.224854 34 13
4218800.000000 4025562.500000 4228.290527 35 13
4219000.000000 4025562.500000 4442.090820 36 13
4219200.000000 4025562.500000 4657.973145 37 13
4219400.000000 4025562.500000 4878.470215 38 13
4219600.000000 4025562.500000 5104.317383 39 13
4219800.000000 4025562.500000 5338.303711 40 13
4220000.000000 4025562.500000 5574.062500 41 13
4220200.000000 4025562.500000 5811.295410 42 13
4212000.000000 4025934.375000 -3415.187744 1 14
4212200.000000 4025934.375000 -3182.212891 2 14
4212400.000000 4025934.375000 -2949.201904 3 14
4212600.000000 4025934.375000 -2716.097412 4 14
4212800.000000 4025934.375000 -2482.828857 5 14
4213000.000000 4025934.375000 -2249.329346 6 14
4213200.000000 4025934.375000 -2015.510864 7 14
4213400.000000 4025934.375000 -1781.328979 8 14
4213600.000000 4025934.375000 -1547.723145 9 14
4213800.000000 4025934.375000 -1312.736938 10 14
4214000.000000 4025934.375000 -1078.514893 11 14
4214200.000000 4025934.375000 -841.336670 12 14
4214400.000000 4025934.375000 -603.574524 13 14
4214600.000000 4025934.375000 -365.683777 14 14
4214800.000000 4025934.375000 -129.904297 15 14
4215000.000000 4025934.375000 102.949417 16 14
4215200.000000 4025934.375000 329.966919 17 14
4215400.000000 4025934.375000 557.726501 18 14
4215600.000000 4025934.375000 787.930847 19 14
4215800.000000 4025934.375000 1021.455444 20 14
4216000.000000 4025934.375000 1261.288330 21 14
4216200.000000 4025934.375000 1529.196899 22 14
4216400.000000 4025934.375000 1836.748047 23 14
4216600.000000 4025934.375000 2096.602539 24 14
4216800.000000 4025934.375000 2150.042969 25 14
4217000.000000 4025934.375000 2356.395996 26 14
4217200.000000 4025934.375000 2604.608643 27 14
4217400.000000 4025934.375000 2847.209473 28 14
4217600.000000 4025934.375000 3036.980469 29 14
4217800.000000 4025934.375000 3173.950439 30 14
4218000.000000 4025934.375000 3473.294189 31 14
4218200.000000 4025934.375000 3769.180908 32 14
4218400.000000 4025934.375000 4059.849365 33 14
4218600.000000 4025934.375000 4311.849609 34 14
4218800.000000 4025934.375000 4543.644531 35 14
4219000.000000 4025934.375000 4768.041504 36 14
4219200.000000 4025934.375000 4991.708984 37 14
4219400.000000 4025934.375000 5218.075684 38 14
4219600.000000 4025934.375000 5447.904785 39 14
4219800.000000 4025934.375000 5683.848145 40 14
4220000.000000 4025934.375000 5921.743652 41 14
4220200.000000 4025934.375000 6159.638672 42 14
4212000.000000 4026306.250000 -3067.095703 1 15
4212200.000000 4026306.250000 -2834.145508 2 15
4212400.000000 4026306.250000 -2601.166260 3 15
4212600.000000 4026306.250000 -2368.107666 4 15
4212800.000000 4026306.250000 -2134.907227 5 15
4213000.000000 4026306.250000 -1901.505981 6 15
4213200.000000 4026306.250000 -1667.841187 7 15
4213400.000000 4026306.250000 -1433.829468 8 15
4213600.000000 4026306.250000 -1200.469849 9 15
4213800.000000 4026306.250000 -965.792114 10 15
4214000.000000 4026306.250000 -731.937012 11 15
4214200.000000 4026306.250000 -495.170776 12 15
4214400.000000 4026306.250000 -256.841980 13 15
4214600.000000 4026306.250000 -18.372377 14 15
4214800.000000 4026306.250000 218.038559 15 15
4215000.000000 4026306.250000 451.650482 16 15
4215200.000000 4026306.250000 675.711548 17 15
4215400.000000 4026306.250000 898.024963 18 15
4215600.000000 4026306.250000 1120.410645 19 15
4215800.000000 4026306.250000 1344.525391 20 15
4216000.000000 4026306.250000 1576.548584 21 15
4216200.000000 4026306.250000 1836.919556 22 15
4216400.000000 4026306.250000 2144.744629 23 15
4216600.000000 4026306.250000 2459.689209 24 15
4216800.000000 4026306.250000 2608.223145 25 15
4217000.000000 4026306.250000 2795.832275 26 15
4217200.000000 4026306.250000 3009.147705 27 15
4217400.000000 4026306.250000 3269.976074 28 15
4217600.000000 4026306.250000 3506.414795 29 15
4217800.000000 4026306.250000 3623.175049 30 15
4218000.000000 4026306.250000 3863.432861 31 15
4218200.000000 4026306.250000 4099.130371 32 15
4218400.000000 4026306.250000 4346.066406 33 15
4218600.000000 4026306.250000 4609.405273 34 15
4218800.000000 4026306.250000 4858.883301 35 15
4219000.000000 4026306.250000 5094.546875 36 15
4219200.000000 4026306.250000 5324.853027 37 15
4219400.000000 4026306.250000 5557.177734 38 15
4219600.000000 4026306.250000 5791.093750 39 15
4219800.000000 4026306.250000 6029.129395 40 15
4220000.000000 4026306.250000 6268.283691 41 15
4220200.000000 4026306.250000 6506.939453 42 15
4212000.000000 4026678.125000 -2719.014648 1 16
4212200.000000 4026678.125000 -2486.074951 2 16
4212400.000000 4026678.125000 -2253.130859 3 16
4212600.000000 4026678.125000 -2020.123413 4 16
4212800.000000 4026678.125000 -1787.000122 5 16
4213000.000000 4026678.125000 -1553.710327 6 16
4213200.000000 4026678.125000 -1320.201172 7 16
4213400.000000 4026678.125000 -1086.400391 8 16
4213600.000000 4026678.125000 -853.314941 9 16
4213800.000000 4026678.125000 -618.973633 10 16
4214000.000000 4026678.125000 -385.505615 11 16
4214200.000000 4026678.125000 -149.154419 12 16
4214400.000000 4026678.125000 89.761757 13 16
4214600.000000 4026678.125000 328.847656 14 16
4214800.000000 4026678.125000 565.906921 15 16
4215000.000000 4026678.125000 799.198181 16 16
4215200.000000 4026678.125000 1020.026062 17 16
4215400.000000 4026678.125000 1237.465820 18 16
4215600.000000 4026678.125000 1451.615112 19 16
4215800.000000 4026678.125000 1667.623901 20 16
4216000.000000 4026678.125000 1884.286011 21 16
4216200.000000 4026678.125000 2105.623779 22 16
4216400.000000 4026678.125000 2339.610596 23 16
4216600.000000 4026678.125000 2604.205322 24 16
4216800.000000 4026678.125000 2856.968018 25 16
4217000.000000 4026678.125000 3127.739502 26 16
4217200.000000 4026678.125000 3374.682373 27 16
4217400.000000 4026678.125000 3657.271484 28 16
4217600.000000 4026678.125000 3940.035400 29 16
4217800.000000 4026678.125000 4086.389160 30 16
4218000.000000 4026678.125000 4316.635254 31 16
4218200.000000 4026678.125000 4561.462402 32 16
4218400.000000 4026678.125000 4760.339844 33 16
4218600.000000 4026678.125000 4976.053223 34 16
4218800.000000 4026678.125000 5203.159180 35 16
4219000.000000 4026678.125000 5433.087402 36 16
4219200.000000 4026678.125000 5664.847168 37 16
4219400.000000 4026678.125000 5898.967773 38 16
4219600.000000 4026678.125000 6135.705078 39 16
4219800.000000 4026678.125000 6375.097656 40 16
4220000.000000 4026678.125000 6614.121094 41 16
4220200.000000 4026678.125000 6853.335449 42 16
4212000.000000 4027050.000000 -2370.908447 1 17
4212200.000000 4027050.000000 -2138.013428 2 17
4212400.000000 4027050.000000 -1905.088501 3 17
4212600.000000 4027050.000000 -1672.133545 4 17
4212800.000000 4027050.000000 -1439.089966 5 17
4213000.000000 4027050.000000 -1205.916382 6 17
4213200.000000 4027050.000000 -972.569763 7 17
4213400.000000 4027050.000000 -739.005493 8 17
4213600.000000 4027050.000000 -506.203705 9 17
4213800.000000 4027050.000000 -272.189209 10 17
4214000.000000 4027050.000000 -38.108562 11 17
4214200.000000 4027050.000000 197.845078 12 17
4214400.000000 4027050.000000 436.393005 13 17
4214600.000000 4027050.000000 675.167603 14 17
4214800.000000 4027050.000000 911.951294 15 17
4215000.000000 4027050.000000 1144.913574 16 17
4215200.000000 4027050.000000 1364.258667 17 17
4215400.000000 4027050.000000 1578.109741 18 17
4215600.000000 4027050.000000 1789.832397 19 17
4215800.000000 4027050.000000 2001.624268 20 17
4216000.000000 4027050.000000 2212.480713 21 17
4216200.000000 4027050.000000 2420.050293 22 17
4216400.000000 4027050.000000 2623.206543 23 17
4216600.000000 4027050.000000 2833.687744 24 17
4216800.000000 4027050.000000 3061.043701 25 17
4217000.000000 4027050.000000 3366.685791 26 17
4217200.000000 4027050.000000 3690.733398 27 17
4217400.000000 4027050.000000 4007.642822 28 17
4217600.000000 4027050.000000 4301.194824 29 17
4217800.000000 4027050.000000 4520.954102 30 17
4218000.000000 4027050.000000 4777.830566 31 17
4218200.000000 4027050.000000 5011.068359 32 17
4218400.000000 4027050.000000 5176.022461 33 17
4218600.000000 4027050.000000 5356.033203 34 17
4218800.000000 4027050.000000 5563.502930 35 17
4219000.000000 4027050.000000 5784.797363 36 17
4219200.000000 4027050.000000 6013.719727 37 17
4219400.000000 4027050.000000 6247.563477 38 17
4219600.000000 4027050.000000 6483.518066 39 17
4219800.000000 4027050.000000 6722.186035 40 17
4220000.000000 4027050.000000 6961.466309 41 17
4220200.000000 4027050.000000 7199.878418 42 17
4212000.000000 4027421.875000 -2022.791992 1 18
4212200.000000 4027421.875000 -1789.922974 2 18
4212400.000000 4027421.875000 -1557.031738 3 18
4212600.000000 4027421.875000 -1324.126709 4 18
4212800.000000 4027421.875000 -1091.159180 5 18
4213000.000000 4027421.875000 -858.097595 6 18
4213200.000000 4027421.875000 -624.908264 7 18
4213400.000000 4027421.875000 -391.557098 8 18
4213600.000000 4027421.875000 -159.029968 9 18
4213800.000000 4027421.875000 74.654198 10 18
4214000.000000 4027421.875000 308.368835 11 18
4214200.000000 4027421.875000 542.959106 12 18
4214400.000000 4027421.875000 780.179199 13 18
4214600.000000 4027421.875000 1018.750732 14 18
4214800.000000 4027421.875000 1255.368652 15 18
4215000.000000 4027421.875000 1489.113892 16 18
4215200.000000 4027421.875000 1709.836060 17 18
4215400.000000 4027421.875000 1925.364258 18 18
4215600.000000 4027421.875000 2139.059814 19 18
4215800.000000 4027421.875000 2352.372559 20 18
4216000.000000 4027421.875000 2567.287354 21 18
4216200.000000 4027421.875000 2783.566650 22 18
4216400.000000 4027421.875000 2997.262207 23 18
4216600.000000 4027421.875000 3216.402588 24 18
4216800.000000 4027421.875000 3449.025146 25 18
4217000.000000 4027421.875000 3738.902100 26 18
4217200.000000 4027421.875000 4051.361328 27 18
4217400.000000 4027421.875000 4351.512207 28 18
4217600.000000 4027421.875000 4628.060059 29 18
4217800.000000 4027421.875000 4875.123047 30 18
4218000.000000 4027421.875000 5124.817871 31 18
4218200.000000 4027421.875000 5344.950195 32 18
4218400.000000 4027421.875000 5523.645996 33 18
4218600.000000 4027421.875000 5710.679688 34 18
4218800.000000 4027421.875000 5916.438477 35 18
4219000.000000 4027421.875000 6135.444336 36 18
4219200.000000 4027421.875000 6363.517578 37 18
4219400.000000 4027421.875000 6596.024414 38 18
4219600.000000 4027421.875000 6832.081543 39 18
4219800.000000 4027421.875000 7069.214844 40 18
4220000.000000 4027421.875000 7307.210938 41 18
4220200.000000 4027421.875000 7544.475098 42 18
4212000.000000 4027793.750000 -1674.663208 1 19
4212200.000000 4027793.750000 -1441.816895 2 19
4212400.000000 4027793.750000 -1208.971313 3 19
4212600.000000 4027793.750000 -976.092834 4 19
4212800.000000 4027793.750000 -743.192505 5 19
4213000.000000 4027793.750000 -510.230682 6 19
4213200.000000 4027793.750000 -277.182739 7 19
4213400.000000 4027793.750000 -44.024376 8 19
4213600.000000 4027793.750000 188.253647 9 19
4213800.000000 4027793.750000 421.621582 10 19
4214000.000000 4027793.750000 655.022705 11 19
4214200.000000 4027793.750000 889.290466 12 19
4214400.000000 4027793.750000 1125.254150 13 19
4214600.000000 4027793.750000 1362.693237 14 19
4214800.000000 4027793.750000 1598.310181 15 19
4215000.000000 4027793.750000 1832.039185 16 19
4215200.000000 4027793.750000 2055.337891 17 19
4215400.000000 4027793.750000 2274.500488 18 19
4215600.000000 4027793.750000 2492.639160 19 19
4215800.000000 4027793.750000 2711.776611 20 19
4216000.000000 4027793.750000 2936.323730 21 19
4216200.000000 4027793.750000 3164.913086 22 19
4216400.000000 4027793.750000 3390.102051 23 19
4216600.000000 4027793.750000 3617.341064 24 19
4216800.000000 4027793.750000 3859.478516 25 19
4217000.000000 4027793.750000 4126.265625 26 19
4217200.000000 4027793.750000 4404.207520 27 19
4217400.000000 4027793.750000 4679.284180 28 19
4217600.000000 4027793.750000 4942.826172 29 19
4217800.000000 4027793.750000 5191.735352 30 19
4218000.000000 4027793.750000 5431.241699 31 19
4218200.000000 4027793.750000 5648.921875 32 19
4218400.000000 4027793.750000 5845.911621 33 19
4218600.000000 4027793.750000 6047.529297 34 19
4218800.000000 4027793.750000 6262.969727 35 19
4219000.000000 4027793.750000 6484.809082 36 19
4219200.000000 4027793.750000 6713.583984 37 19
4219400.000000 4027793.750000 6946.575684 38 19
4219600.000000 4027793.750000 7181.357422 39 19
4219800.000000 4027793.750000 7417.604004 40 19
4220000.000000 4027793.750000 7654.060547 41 19
4220200.000000 4027793.750000 7890.009766 42 19
4212000.000000 4028165.625000 -1326.521484 1 20
4212200.000000 4028165.625000 -1093.693115 2 20
4212400.000000 4028165.625000 -860.870239 3 20
4212600.000000 4028165.625000 -628.042847 4 20
4212800.000000 4028165.625000 -395.180481 5 20
4213000.000000 4028165.625000 -162.301117 6 20
4213200.000000 4028165.625000 70.628448 7 20
4213400.000000 4028165.625000 303.623932 8 20
4213600.000000 4028165.625000 535.689941 9 20
4213800.000000 4028165.625000 768.801697 10 20
4214000.000000 4028165.625000 1001.902832 11 20
4214200.000000 4028165.625000 1235.910767 12 20
4214400.000000 4028165.625000 1470.661743 13 20
4214600.000000 4028165.625000 1706.007446 14 20
4214800.000000 4028165.625000 1940.749512 15 20
4215000.000000 4028165.625000 2173.690186 16 20
4215200.000000 4028165.625000 2400.032959 17 20
4215400.000000 4028165.625000 2624.508301 18 20
4215600.000000 4028165.625000 2847.895752 19 20
4215800.000000 4028165.625000 3072.796387 20 20
4216000.000000 4028165.625000 3304.109619 21 20
4216200.000000 4028165.625000 3538.406250 22 20
4216400.000000 4028165.625000 3768.850342 23 20
4216600.000000 4028165.625000 3998.936523 24 20
4216800.000000 4028165.625000 4238.170410 25 20
4217000.000000 4028165.625000 4488.506348 26 20
4217200.000000 4028165.625000 4744.810059 27 20
4217400.000000 4028165.625000 5003.227051 28 20
4217600.000000 4028165.625000 5258.800293 29 20
4217800.000000 4028165.625000 5505.016113 30 20
4218000.000000 4028165.625000 5740.265625 31 20
4218200.000000 4028165.625000 5962.249512 32 20
4218400.000000 4028165.625000 6172.531738 33 20
4218600.000000 4028165.625000 6385.105469 34 20
4218800.000000 4028165.625000 6606.749512 35 20
4219000.000000 4028165.625000 6832.471680 36 20
4219200.000000 4028165.625000 7062.763184 37 20
4219400.000000 4028165.625000 7295.713867 38 20
4219600.000000 4028165.625000 7530.412598 39 20
4219800.000000 4028165.625000 7764.830078 40 20
4220000.000000 4028165.625000 8000.728027 41 20
4220200.000000 4028165.625000 8235.350586 42 20
4212000.000000 4028537.500000 -978.367798 1 21
4212200.000000 4028537.500000 -745.552551 2 21
4212400.000000 4028537.500000 -512.745850 3 21
4212600.000000 4028537.500000 -279.943573 4 21
4212800.000000 4028537.500000 -47.138798 5 21
4213000.000000 4028537.500000 185.693893 6 21
4213200.000000 4028537.500000 418.530945 7 21
4213400.000000 4028537.500000 651.397339 8 21
4213600.000000 4028537.500000 883.293762 9 21
4213800.000000 4028537.500000 1116.198975 10 21
4214000.000000 4028537.500000 1349.069458 11 21
4214200.000000 4028537.500000 1582.848633 12 21
4214400.000000 4028537.500000 1816.419312 13 21
4214600.000000 4028537.500000 2050.700195 14 21
4214800.000000 4028537.500000 2284.557373 15 21
4215000.000000 4028537.500000 2516.865234 16 21
4215200.000000 4028537.500000 2745.612061 17 21
4215400.000000 4028537.500000 2973.152100 18 21
4215600.000000 4028537.500000 3202.028564 19 21
4215800.000000 4028537.500000 3431.178467 20 21
4216000.000000 4028537.500000 3663.642822 21 21
4216200.000000 4028537.500000 3895.804932 22 21
4216400.000000 4028537.500000 4128.441895 23 21
4216600.000000 4028537.500000 4363.035156 24 21
4216800.000000 4028537.500000 4599.497070 25 21
4217000.000000 4028537.500000 4840.344238 26 21
4217200.000000 4028537.500000 5085.944336 27 21
4217400.000000 4028537.500000 5334.272949 28 21
4217600.000000 4028537.500000 5582.085449 29 21
4217800.000000 4028537.500000 5824.408691 30 21
4218000.000000 4028537.500000 6059.123535 31 21
4218200.000000 4028537.500000 6285.584961 32 21
4218400.000000 4028537.500000 6506.149902 33 21
4218600.000000 4028537.500000 6726.306641 34 21
4218800.000000 4028537.500000 6951.262207 35 21
4219000.000000 4028537.500000 7179.661133 36 21
4219200.000000 4028537.500000 7411.294434 37 21
4219400.000000 4028537.500000 7643.787109 38 21
4219600.000000 4028537.500000 7877.819336 39 21
4219800.000000 4028537.500000 8112.640625 40 21
4220000.000000 4028537.500000 8347.126953 41 21
4220200.000000 4028537.500000 8581.447266 42 21
4212000.000000 4028909.375000 -630.203552 1 22
4212200.000000 4028909.375000 -397.396729 2 22
4212400.000000 4028909.375000 -164.600113 3 22
4212600.000000 4028909.375000 68.185997 4 22
4212800.000000 4028909.375000 300.963226 5 22
4213000.000000 4028909.375000 533.751770 6 22
4213200.000000 4028909.375000 766.522583 7 22
4213400.000000 4028909.375000 999.294739 8 22
4213600.000000 4028909.375000 1231.065674 9 22
4213800.000000 4028909.375000 1463.816650 10 22
4214000.000000 4028909.375000 1696.513672 11 22
4214200.000000 4028909.375000 1930.100830 12 22
4214400.000000 4028909.375000 2163.540527 13 22
4214600.000000 4028909.375000 2396.752930 14 22
4214800.000000 4028909.375000 2629.695068 15 22
4215000.000000 4028909.375000 2862.293945 16 22
4215200.000000 4028909.375000 3091.542236 17 22
4215400.000000 4028909.375000 3321.595947 18 22
4215600.000000 4028909.375000 3551.762939 19 22
4215800.000000 4028909.375000 3783.192139 20 22
4216000.000000 4028909.375000 4015.539551 21 22
4216200.000000 4028909.375000 4247.616211 22 22
4216400.000000 4028909.375000 4481.357422 23 22
4216600.000000 4028909.375000 4716.656738 24 22
4216800.000000 4028909.375000 4952.507324 25 22
4217000.000000 4028909.375000 5191.414063 26 22
4217200.000000 4028909.375000 5431.003418 27 22
4217400.000000 4028909.375000 5673.764648 28 22
4217600.000000 4028909.375000 5915.056641 29 22
4217800.000000 4028909.375000 6154.325195 30 22
4218000.000000 4028909.375000 6388.544922 31 22
4218200.000000 4028909.375000 6617.571289 32 22
4218400.000000 4028909.375000 6843.536621 33 22
4218600.000000 4028909.375000 7069.567871 34 22
4218800.000000 4028909.375000 7297.738770 35 22
4219000.000000 4028909.375000 7527.109375 36 22
4219200.000000 4028909.375000 7759.481934 37 22
4219400.000000 4028909.375000 7991.917969 38 22
4219600.000000 4028909.375000 8225.569336 39 22
4219800.000000 4028909.375000 8460.041992 40 22
4220000.000000 4028909.375000 8693.257813 41 22
4220200.000000 4028909.375000 8926.374023 42 22
4212000.000000 4029281.250000 -282.029938 1 23
4212200.000000 4029281.250000 -49.227112 2 23
4212400.000000 4029281.250000 183.565048 3 23
4212600.000000 4029281.250000 416.343384 4 23
4212800.000000 4029281.250000 649.105713 5 23
4213000.000000 4029281.250000 881.851929 6 23
4213200.000000 4029281.250000 1114.598633 7 23
4213400.000000 4029281.250000 1347.310791 8 23
4213600.000000 4029281.250000 1579.000122 9 23
4213800.000000 4029281.250000 1811.650024 10 23
4214000.000000 4029281.250000 2044.232910 11 23
4214200.000000 4029281.250000 2276.705811 12 23
4214400.000000 4029281.250000 2510.028076 13 23
4214600.000000 4029281.250000 2743.197754 14 23
4214800.000000 4029281.250000 2976.171387 15 23
4215000.000000 4029281.250000 3207.958984 16 23
4215200.000000 4029281.250000 3438.581787 17 23
4215400.000000 4029281.250000 3669.135254 18 23
4215600.000000 4029281.250000 3900.807861 19 23
4215800.000000 4029281.250000 4131.773926 20 23
4216000.000000 4029281.250000 4365.038574 21 23
4216200.000000 4029281.250000 4598.536133 22 23
4216400.000000 4029281.250000 4832.677246 23 23
4216600.000000 4029281.250000 5067.261719 24 23
4216800.000000 4029281.250000 5303.722168 25 23
4217000.000000 4029281.250000 5540.732422 26 23
4217200.000000 4029281.250000 5777.580078 27 23
4217400.000000 4029281.250000 6015.441895 28 23
4217600.000000 4029281.250000 6253.364258 29 23
4217800.000000 4029281.250000 6489.484863 30 23
4218000.000000 4029281.250000 6724.210449 31 23
4218200.000000 4029281.250000 6954.502930 32 23
4218400.000000 4029281.250000 7184.064941 33 23
4218600.000000 4029281.250000 7413.136230 34 23
4218800.000000 4029281.250000 7642.907227 35 23
4219000.000000 4029281.250000 7873.907715 36 23
4219200.000000 4029281.250000 8106.940430 37 23
4219400.000000 4029281.250000 8339.420898 38 23
4219600.000000 4029281.250000 8572.877930 39 23
4219800.000000 4029281.250000 8806.136719 40 23
4220000.000000 4029281.250000 9039.188477 41 23
4220200.000000 4029281.250000 9272.167969 42 23
4212000.000000 4029653.125000 66.151649 1 24
4212200.000000 4029653.125000 298.953979 2 24
4212400.000000 4029653.125000 531.746216 3 24
4212600.000000 4029653.125000 764.523560 4 24
4212800.000000 4029653.125000 997.281616 5 24
4213000.000000 4029653.125000 1230.017700 6 24
4213200.000000 4029653.125000 1462.729248 7 24
4213400.000000 4029653.125000 1695.427979 8 24
4213600.000000 4029653.125000 1927.074463 9 24
4213800.000000 4029653.125000 2159.670410 10 24
4214000.000000 4029653.125000 2392.193604 11 24
4214200.000000 4029653.125000 2624.609131 12 24
4214400.000000 4029653.125000 2857.884766 13 24
4214600.000000 4029653.125000 3090.013428 14 24
4214800.000000 4029653.125000 3323.019043 15 24
4215000.000000 4029653.125000 3554.898438 16 24
4215200.000000 4029653.125000 3785.723145 17 24
4215400.000000 4029653.125000 4017.583740 18 24
4215600.000000 4029653.125000 4249.622070 19 24
4215800.000000 4029653.125000 4480.995605 20 24
4216000.000000 4029653.125000 4713.786133 21 24
4216200.000000 4029653.125000 4948.036621 22 24
4216400.000000 4029653.125000 5182.844238 23 24
4216600.000000 4029653.125000 5417.477539 24 24
4216800.000000 4029653.125000 5653.015625 25 24
4217000.000000 4029653.125000 5888.211914 26 24
4217200.000000 4029653.125000 6124.662109 27 24
4217400.000000 4029653.125000 6359.930664 28 24
4217600.000000 4029653.125000 6595.597656 29 24
4217800.000000 4029653.125000 6830.262695 30 24
4218000.000000 4029653.125000 7063.687988 31 24
4218200.000000 4029653.125000 7295.861816 32 24
4218400.000000 4029653.125000 7527.163086 33 24
4218600.000000 4029653.125000 7758.239258 34 24
4218800.000000 4029653.125000 7988.668945 35 24
4219000.000000 4029653.125000 8220.689453 36 24
4219200.000000 4029653.125000 8453.094727 37 24
4219400.000000 4029653.125000 8686.572266 38 24
4219600.000000 4029653.125000 8919.897461 39 24
4219800.000000 4029653.125000 9152.011719 40 24
4220000.000000 4029653.125000 9384.988281 41 24
4220200.000000 4029653.125000 9617.886719 42 24
4212000.000000 4030025.000000 414.322601 1 25
4212200.000000 4030025.000000 647.143250 2 25
4212400.000000 4030025.000000 879.938232 3 25
4212600.000000 4030025.000000 1112.718872 4 25
4212800.000000 4030025.000000 1345.479736 5 25
4213000.000000 4030025.000000 1578.216553 6 25
4213200.000000 4030025.000000 1810.925293 7 25
4213400.000000 4030025.000000 2043.599487 8 25
4213600.000000 4030025.000000 2275.248779 9 25
4213800.000000 4030025.000000 2507.826416 10 25
4214000.000000 4030025.000000 2740.331787 11 25
4214200.000000 4030025.000000 2972.736328 12 25
4214400.000000 4030025.000000 3206.013916 13 25
4214600.000000 4030025.000000 3438.159668 14 25
4214800.000000 4030025.000000 3670.200684 15 25
4215000.000000 4030025.000000 3902.139893 16 25
4215200.000000 4030025.000000 4134.060059 17 25
4215400.000000 4030025.000000 4366.058105 18 25
4215600.000000 4030025.000000 4597.259766 19 25
4215800.000000 4030025.000000 4829.799805 20 25
4216000.000000 4030025.000000 5062.776855 21 25
4216200.000000 4030025.000000 5296.225586 22 25
4216400.000000 4030025.000000 5531.188477 23 25
4216600.000000 4030025.000000 5765.662598 24 25
4216800.000000 4030025.000000 6000.590820 25 25
4217000.000000 4030025.000000 6235.760742 26 25
4217200.000000 4030025.000000 6470.915527 27 25
4217400.000000 4030025.000000 6704.823242 28 25
4217600.000000 4030025.000000 6940.318848 29 25
4217800.000000 4030025.000000 7174.263672 30 25
4218000.000000 4030025.000000 7407.596191 31 25
4218200.000000 4030025.000000 7640.321777 32 25
4218400.000000 4030025.000000 7871.625977 33 25
4218600.000000 4030025.000000 8103.804688 34 25
4218800.000000 4030025.000000 8335.099609 35 25
4219000.000000 4030025.000000 8567.582031 36 25
4219200.000000 4030025.000000 8800.103516 37 25
4219400.000000 4030025.000000 9032.520508 38 25
4219600.000000 4030025.000000 9265.744141 39 25
4219800.000000 4030025.000000 9498.784180 40 25
4220000.000000 4030025.000000 9730.708008 41 25
4220200.000000 4030025.000000 9963.591797 42 25
4212000.000000 4030396.875000 762.514771 1 26
4212200.000000 4030396.875000 995.321350 2 26
4212400.000000 4030396.875000 1228.136841 3 26
4212600.000000 4030396.875000 1460.922852 4 26
4212800.000000 4030396.875000 1693.690186 5 26
4213000.000000 4030396.875000 1926.434204 6 26
4213200.000000 4030396.875000 2159.150146 7 26
4213400.000000 4030396.875000 2391.830322 8 26
4213600.000000 4030396.875000 2623.468262 9 26
4213800.000000 4030396.875000 2856.068359 10 26
4214000.000000 4030396.875000 3088.583984 11 26
4214200.000000 4030396.875000 3321.009277 12 26
4214400.000000 4030396.875000 3553.324463 13 26
4214600.000000 4030396.875000 3785.523193 14 26
4214800.000000 4030396.875000 4018.612549 15 26
4215000.000000 4030396.875000 4250.640625 16 26
4215200.000000 4030396.875000 4481.633789 17 26
4215400.000000 4030396.875000 4713.695313 18 26
4215600.000000 4030396.875000 4945.939453 19 26
4215800.000000 4030396.875000 5178.489258 20 26
4216000.000000 4030396.875000 5411.437500 21 26
4216200.000000 4030396.875000 5644.817871 22 26
4216400.000000 4030396.875000 5879.644043 23 26
4216600.000000 4030396.875000 6113.846680 24 26
4216800.000000 4030396.875000 6348.329102 25 26
4217000.000000 4030396.875000 6582.911621 26 26
4217200.000000 4030396.875000 6817.412598 27 26
4217400.000000 4030396.875000 7051.690918 28 26
4217600.000000 4030396.875000 7285.673340 29 26
4217800.000000 4030396.875000 7519.359863 30 26
4218000.000000 4030396.875000 7752.707520 31 26
4218200.000000 4030396.875000 7985.740234 32 26
4218400.000000 4030396.875000 8217.538086 33 26
4218600.000000 4030396.875000 8450.218750 34 26
4218800.000000 4030396.875000 8682.863281 35 26
4219000.000000 4030396.875000 8914.469727 36 26
4219200.000000 4030396.875000 9146.990234 37 26
4219400.000000 4030396.875000 9379.331055 38 26
4219600.000000 4030396.875000 9612.493164 39 26
4219800.000000 4030396.875000 9845.512695 40 26
4220000.000000 4030396.875000 10077.448242 41 26
4220200.000000 4030396.875000 10309.329102 42 26
4212000.000000 4030768.750000 1110.710938 1 27
4212200.000000 4030768.750000 1343.520142 2 27
4212400.000000 4030768.750000 1576.323120 3 27
4212600.000000 4030768.750000 1809.131592 4 27
4212800.000000 4030768.750000 2041.906982 5 27
4213000.000000 4030768.750000 2274.661377 6 27
4213200.000000 4030768.750000 2507.389648 7 27
4213400.000000 4030768.750000 2740.084473 8 27
4213600.000000 4030768.750000 2971.739502 9 27
4213800.000000 4030768.750000 3204.343994 10 27
4214000.000000 4030768.750000 3436.903809 11 27
4214200.000000 4030768.750000 3669.368652 12 27
4214400.000000 4030768.750000 3901.740723 13 27
4214600.000000 4030768.750000 4134.014648 14 27
4214800.000000 4030768.750000 4366.195801 15 27
4215000.000000 4030768.750000 4598.302734 16 27
4215200.000000 4030768.750000 4830.380371 17 27
4215400.000000 4030768.750000 5062.518066 18 27
4215600.000000 4030768.750000 5294.778320 19 27
4215800.000000 4030768.750000 5527.285645 20 27
4216000.000000 4030768.750000 5760.124512 21 27
4216200.000000 4030768.750000 5994.329102 22 27
4216400.000000 4030768.750000 6227.900879 23 27
4216600.000000 4030768.750000 6461.811523 24 27
4216800.000000 4030768.750000 6695.925781 25 27
4217000.000000 4030768.750000 6930.118164 26 27
4217200.000000 4030768.750000 7163.253418 27 27
4217400.000000 4030768.750000 7397.229492 28 27
4217600.000000 4030768.750000 7632.002441 29 27
4217800.000000 4030768.750000 7865.591797 30 27
4218000.000000 4030768.750000 8098.961426 31 27
4218200.000000 4030768.750000 8332.125000 32 27
4218400.000000 4030768.750000 8564.112305 33 27
4218600.000000 4030768.750000 8796.961914 34 27
4218800.000000 4030768.750000 9029.696289 35 27
4219000.000000 4030768.750000 9262.300781 36 27
4219200.000000 4030768.750000 9494.753906 37 27
4219400.000000 4030768.750000 9727.065430 38 27
4219600.000000 4030768.750000 9959.218750 39 27
4219800.000000 4030768.750000 10192.269531 40 27
4220000.000000 4030768.750000 10424.258789 41 27
4220200.000000 4030768.750000 10656.191406 42 27
4212000.000000 4031140.625000 1458.910889 1 28
4212200.000000 4031140.625000 1691.722412 2 28
4212400.000000 4031140.625000 1924.528809 3 28
4212600.000000 4031140.625000 2157.342773 4 28
4212800.000000 4031140.625000 2390.126221 5 28
4213000.000000 4031140.625000 2622.891846 6 28
4213200.000000 4031140.625000 2855.634766 7 28
4213400.000000 4031140.625000 3088.348145 8 28
4213600.000000 4031140.625000 3320.026367 9 28
4213800.000000 4031140.625000 3552.659668 10 28
4214000.000000 4031140.625000 3785.239746 11 28
4214200.000000 4031140.625000 4017.770264 12 28
4214400.000000 4031140.625000 4250.207520 13 28
4214600.000000 4031140.625000 4482.564941 14 28
4214800.000000 4031140.625000 4714.845703 15 28
4215000.000000 4031140.625000 4947.061035 16 28
4215200.000000 4031140.625000 5179.241699 17 28
4215400.000000 4031140.625000 5411.457520 18 28
4215600.000000 4031140.625000 5643.750977 19 28
4215800.000000 4031140.625000 5876.226563 20 28
4216000.000000 4031140.625000 6109.957031 21 28
4216200.000000 4031140.625000 6342.981934 22 28
4216400.000000 4031140.625000 6576.306641 23 28
4216600.000000 4031140.625000 6809.918945 24 28
4216800.000000 4031140.625000 7043.708984 25 28
4217000.000000 4031140.625000 7276.588379 26 28
4217200.000000 4031140.625000 7510.452148 27 28
4217400.000000 4031140.625000 7744.224609 28 28
4217600.000000 4031140.625000 7978.864258 29 28
4217800.000000 4031140.625000 8212.362305 30 28
4218000.000000 4031140.625000 8445.723633 31 28
4218200.000000 4031140.625000 8678.900391 32 28
4218400.000000 4031140.625000 8911.914063 33 28
4218600.000000 4031140.625000 9143.781250 34 28
4218800.000000 4031140.625000 9376.501953 35 28
4219000.000000 4031140.625000 9609.074219 36 28
4219200.000000 4031140.625000 9841.499023 37 28
4219400.000000 4031140.625000 10073.792969 38 28
4219600.000000 4031140.625000 10306.001953 39 28
4219800.000000 4031140.625000 10539.122070 40 28
4220000.000000 4031140.625000 10771.197266 41 28
4220200.000000 4031140.625000 11003.210938 42 28
4212000.000000 4031512.500000 1807.114624 1 29
4212200.000000 4031512.500000 2039.927856 2 29
4212400.000000 4031512.500000 2272.736816 3 29
4212600.000000 4031512.500000 2505.538574 4 29
4212800.000000 4031512.500000 2738.345947 5 29
4213000.000000 4031512.500000 2971.122070 6 29
4213200.000000 4031512.500000 3203.879395 7 29
4213400.000000 4031512.500000 3436.612061 8 29
4213600.000000 4031512.500000 3668.314697 9 29
4213800.000000 4031512.500000 3900.979248 10 29
4214000.000000 4031512.500000 4133.599121 11 29
4214200.000000 4031512.500000 4366.180664 12 29
4214400.000000 4031512.500000 4598.683105 13 29
4214600.000000 4031512.500000 4831.121582 14 29
4214800.000000 4031512.500000 5063.499023 15 29
4215000.000000 4031512.500000 5295.821289 16 29
4215200.000000 4031512.500000 5528.108887 17 29
4215400.000000 4031512.500000 5760.398926 18 29
4215600.000000 4031512.500000 5992.763672 19 29
4215800.000000 4031512.500000 6225.237793 20 29
4216000.000000 4031512.500000 6458.896484 21 29
4216200.000000 4031512.500000 6691.776855 22 29
4216400.000000 4031512.500000 6924.891602 23 29
4216600.000000 4031512.500000 7158.226563 24 29
4216800.000000 4031512.500000 7390.731445 25 29
4217000.000000 4031512.500000 7624.346191 26 29
4217200.000000 4031512.500000 7857.963379 27 29
4217400.000000 4031512.500000 8092.538086 28 29
4217600.000000 4031512.500000 8326.033203 29 29
4217800.000000 4031512.500000 8559.424805 30 29
4218000.000000 4031512.500000 8792.690430 31 29
4218200.000000 4031512.500000 9025.828125 32 29
4218400.000000 4031512.500000 9258.798828 33 29
4218600.000000 4031512.500000 9491.626953 34 29
4218800.000000 4031512.500000 9724.315430 35 29
4219000.000000 4031512.500000 9956.869141 36 29
4219200.000000 4031512.500000 10189.299805 37 29
4219400.000000 4031512.500000 10421.632813 38 29
4219600.000000 4031512.500000 10653.911133 39 29
4219800.000000 4031512.500000 10886.125000 40 29
4220000.000000 4031512.500000 11118.299805 41 29
4220200.000000 4031512.500000 11350.412109 42 29
4212000.000000 4031884.375000 2155.322266 1 30
4212200.000000 4031884.375000 2388.136475 2 30
4212400.000000 4031884.375000 2620.947021 3 30
4212600.000000 4031884.375000 2853.752197 4 30
4212800.000000 4031884.375000 3086.548828 5 30
4213000.000000 4031884.375000 3319.350586 6 30
4213200.000000 4031884.375000 3552.120850 7 30
4213400.000000 4031884.375000 3784.871338 8 30
4213600.000000 4031884.375000 4016.597412 9 30
4213800.000000 4031884.375000 4249.291992 10 30
4214000.000000 4031884.375000 4481.950195 11 30
4214200.000000 4031884.375000 4714.562988 12 30
4214400.000000 4031884.375000 4947.142578 13 30
4214600.000000 4031884.375000 5179.654785 14 30
4214800.000000 4031884.375000 5412.117676 15 30
4215000.000000 4031884.375000 5644.536133 16 30
4215200.000000 4031884.375000 5876.922363 17 30
4215400.000000 4031884.375000 6109.302734 18 30
4215600.000000 4031884.375000 6341.715820 19 30
4215800.000000 4031884.375000 6574.227539 20 30
4216000.000000 4031884.375000 6807.849121 21 30
4216200.000000 4031884.375000 7040.629883 22 30
4216400.000000 4031884.375000 7272.585449 23 30
4216600.000000 4031884.375000 7505.709473 24 30
4216800.000000 4031884.375000 7738.970703 25 30
4217000.000000 4031884.375000 7972.319824 26 30
4217200.000000 4031884.375000 8205.720703 27 30
4217400.000000 4031884.375000 8440.091797 28 30
4217600.000000 4031884.375000 8673.417969 29 30
4217800.000000 4031884.375000 8906.669922 30 30
4218000.000000 4031884.375000 9139.823242 31 30
4218200.000000 4031884.375000 9372.854492 32 30
4218400.000000 4031884.375000 9605.775391 33 30
4218600.000000 4031884.375000 9838.557617 34 30
4218800.000000 4031884.375000 10071.223633 35 30
4219000.000000 4031884.375000 10303.778320 36 30
4219200.000000 4031884.375000 10536.241211 37 30
4219400.000000 4031884.375000 10768.633789 38 30
4219600.000000 4031884.375000 11000.995117 39 30
4219800.000000 4031884.375000 11233.304688 40 30
4220000.000000 4031884.375000 11465.581055 41 30
4220200.000000 4031884.375000 11697.797852 42 30
4212000.000000 4032256.250000 2503.533447 1 31
4212200.000000 4032256.250000 2736.347900 2 31
4212400.000000 4032256.250000 2969.159912 3 31
4212600.000000 4032256.250000 3201.967529 4 31
4212800.000000 4032256.250000 3434.768799 5 31
4213000.000000 4032256.250000 3667.561523 6 31
4213200.000000 4032256.250000 3900.359619 7 31
4213400.000000 4032256.250000 4133.125977 8 31
4213600.000000 4032256.250000 4364.873535 9 31
4213800.000000 4032256.250000 4597.595703 10 31
4214000.000000 4032256.250000 4830.288086 11 31
4214200.000000 4032256.250000 5062.944824 12 31
4214400.000000 4032256.250000 5295.561035 13 31
4214600.000000 4032256.250000 5528.153320 14 31
4214800.000000 4032256.250000 5760.689453 15 31
4215000.000000 4032256.250000 5993.188965 16 31
4215200.000000 4032256.250000 6225.659180 17 31
4215400.000000 4032256.250000 6458.119141 18 31
4215600.000000 4032256.250000 6690.594238 19 31
4215800.000000 4032256.250000 6923.119629 20 31
4216000.000000 4032256.250000 7156.744141 21 31
4216200.000000 4032256.250000 7389.460449 22 31
4216400.000000 4032256.250000 7621.299316 23 31
4216600.000000 4032256.250000 7854.259766 24 31
4216800.000000 4032256.250000 8087.324707 25 31
4217000.000000 4032256.250000 8320.460938 26 31
4217200.000000 4032256.250000 8553.651367 27 31
4217400.000000 4032256.250000 8787.827148 28 31
4217600.000000 4032256.250000 9020.978516 29 31
4217800.000000 4032256.250000 9254.079102 30 31
4218000.000000 4032256.250000 9487.105469 31 31
4218200.000000 4032256.250000 9720.040039 32 31
4218400.000000 4032256.250000 9952.875000 33 31
4218600.000000 4032256.250000 10185.631836 34 31
4218800.000000 4032256.250000 10418.284180 35 31
4219000.000000 4032256.250000 10650.855469 36 31
4219200.000000 4032256.250000 10883.360352 37 31
4219400.000000 4032256.250000 11115.818359 38 31
4219600.000000 4032256.250000 11348.243164 39 31
4219800.000000 4032256.250000 11580.659180 40 31
4220000.000000 4032256.250000 11813.030273 41 31
4220200.000000 4032256.250000 12045.350586 42 31
4212000.000000 4032628.125000 2851.747803 1 32
4212200.000000 4032628.125000 3084.562500 2 32
4212400.000000 4032628.125000 3317.375244 3 32
4212600.000000 4032628.125000 3550.185059 4 32
4212800.000000 4032628.125000 3782.990234 5 32
4213000.000000 4032628.125000 4015.789795 6 32
4213200.000000 4032628.125000 4248.581543 7 32
4213400.000000 4032628.125000 4481.378418 8 32
4213600.000000 4032628.125000 4713.145508 9 32
4213800.000000 4032628.125000 4945.893066 10 32
4214000.000000 4032628.125000 5178.617676 11 32
4214200.000000 4032628.125000 5411.313965 12 32
4214400.000000 4032628.125000 5643.977539 13 32
4214600.000000 4032628.125000 5876.608398 14 32
4214800.000000 4032628.125000 6109.223145 15 32
4215000.000000 4032628.125000 6341.789551 16 32
4215200.000000 4032628.125000 6574.329102 17 32
4215400.000000 4032628.125000 6806.853516 18 32
4215600.000000 4032628.125000 7039.381348 19 32
4215800.000000 4032628.125000 7271.935547 20 32
4216000.000000 4032628.125000 7504.556152 21 32
4216200.000000 4032628.125000 7737.227539 22 32
4216400.000000 4032628.125000 7969.977539 23 32
4216600.000000 4032628.125000 8202.810547 24 32
4216800.000000 4032628.125000 8435.716797 25 32
4217000.000000 4032628.125000 8668.675781 26 32
4217200.000000 4032628.125000 8901.666016 27 32
4217400.000000 4032628.125000 9135.679688 28 32
4217600.000000 4032628.125000 9368.666016 29 32
4217800.000000 4032628.125000 9601.620117 30 32
4218000.000000 4032628.125000 9834.524414 31 32
4218200.000000 4032628.125000 10067.363281 32 32
4218400.000000 4032628.125000 10300.132813 33 32
4218600.000000 4032628.125000 10532.854492 34 32
4218800.000000 4032628.125000 10765.498047 35 32
4219000.000000 4032628.125000 10998.088867 36 32
4219200.000000 4032628.125000 11230.638672 37 32
4219400.000000 4032628.125000 11463.158203 38 32
4219600.000000 4032628.125000 11695.657227 39 32
4219800.000000 4032628.125000 11928.136719 40 32
4220000.000000 4032628.125000 12160.610352 41 32
4220200.000000 4032628.125000 12393.027344 42 32
4212000.000000 4033000.000000 3199.947510 1 33
4212200.000000 4033000.000000 3432.779297 2 33
4212400.000000 4033000.000000 3665.593018 3 33
4212600.000000 4033000.000000 3898.405029 4 33
4212800.000000 4033000.000000 4131.214355 5 33
4213000.000000 4033000.000000 4364.020996 6 33
4213200.000000 4033000.000000 4596.822266 7 33
4213400.000000 4033000.000000 4829.634277 8 33
4213600.000000 4033000.000000 5061.420898 9 33
4213800.000000 4033000.000000 5294.193359 10 33
4214000.000000 4033000.000000 5526.949219 11 33
4214200.000000 4033000.000000 5759.683105 12 33
4214400.000000 4033000.000000 5992.391602 13 33
4214600.000000 4033000.000000 6225.072754 14 33
4214800.000000 4033000.000000 6457.741699 15 33
4215000.000000 4033000.000000 6690.365234 16 33
4215200.000000 4033000.000000 6922.961426 17 33
4215400.000000 4033000.000000 7155.538086 18 33
4215600.000000 4033000.000000 7388.106445 19 33
4215800.000000 4033000.000000 7620.681152 20 33
4216000.000000 4033000.000000 7853.277832 21 33
4216200.000000 4033000.000000 8085.926270 22 33
4216400.000000 4033000.000000 8318.602539 23 33
4216600.000000 4033000.000000 8551.328125 24 33
4216800.000000 4033000.000000 8784.098633 25 33
4217000.000000 4033000.000000 9016.905273 26 33
4217200.000000 4033000.000000 9249.734375 27 33
4217400.000000 4033000.000000 9483.589844 28 33
4217600.000000 4033000.000000 9716.425781 29 33
4217800.000000 4033000.000000 9949.245117 30 33
4218000.000000 4033000.000000 10182.035156 31 33
4218200.000000 4033000.000000 10414.786133 32 33
4218400.000000 4033000.000000 10647.495117 33 33
4218600.000000 4033000.000000 10880.166016 34 33
4218800.000000 4033000.000000 11112.820313 35 33
4219000.000000 4033000.000000 11345.429688 36 33
4219200.000000 4033000.000000 11578.018555 37 33
4219400.000000 4033000.000000 11810.594727 38 33
4219600.000000 4033000.000000 12043.161133 39 33
4219800.000000 4033000.000000 12275.714844 40 33
4220000.000000 4033000.000000 12508.250977 41 33
4220200.000000 4033000.000000 12740.775391 42 33
