# Type: scattered data
# Version: 6
# Description: No description
# Format: free
# Field: 1 x
# Field: 2 y
# Field: 3 z undefined
# Field: 4 column
# Field: 5 row
# Projection: Local Rectangular
# Units: undefined
# End:
# Information from grid:
# Grid_size: 42 x 33
# Grid_space: 4212000.000000,4220200.000000,4021100.000000,4033000.000000
# Scattered data: Not_available
# Z_field: z
# Vertical_faults: Not_available
# History: No history
# Z_units: undefined
4212000.000000 4021100.000000 -3177.365723 1 1
4212200.000000 4021100.000000 -2890.052002 2 1
4212400.000000 4021100.000000 -2604.237549 3 1
4212600.000000 4021100.000000 -2320.435303 4 1
4212800.000000 4021100.000000 -2038.620361 5 1
4213000.000000 4021100.000000 -1759.280396 6 1
4213200.000000 4021100.000000 -1481.899536 7 1
4213400.000000 4021100.000000 -1206.458374 8 1
4213600.000000 4021100.000000 -932.951111 9 1
4213800.000000 4021100.000000 -660.820618 10 1
4214000.000000 4021100.000000 -391.072327 11 1
4214200.000000 4021100.000000 -123.662331 12 1
4214400.000000 4021100.000000 141.434219 13 1
4214600.000000 4021100.000000 404.733887 14 1
4214800.000000 4021100.000000 665.223694 15 1
4215000.000000 4021100.000000 923.415833 16 1
4215200.000000 4021100.000000 1178.728394 17 1
4215400.000000 4021100.000000 1432.600342 18 1
4215600.000000 4021100.000000 1683.928101 19 1
4215800.000000 4021100.000000 1933.165039 20 1
4216000.000000 4021100.000000 2179.226807 21 1
4216200.000000 4021100.000000 2422.627930 22 1
4216400.000000 4021100.000000 2663.347656 23 1
4216600.000000 4021100.000000 2901.416504 24 1
4216800.000000 4021100.000000 3137.905029 25 1
4217000.000000 4021100.000000 3372.828613 26 1
4217200.000000 4021100.000000 3605.739502 27 1
4217400.000000 4021100.000000 3836.182129 28 1
4217600.000000 4021100.000000 4063.684570 29 1
4217800.000000 4021100.000000 4288.764648 30 1
4218000.000000 4021100.000000 4511.439453 31 1
4218200.000000 4021100.000000 4731.170898 32 1
4218400.000000 4021100.000000 4948.964844 33 1
4218600.000000 4021100.000000 5164.286621 34 1
4218800.000000 4021100.000000 5377.625000 35 1
4219000.000000 4021100.000000 5588.950195 36 1
4219200.000000 4021100.000000 5797.749512 37 1
4219400.000000 4021100.000000 6004.504395 38 1
4219600.000000 4021100.000000 6209.704590 39 1
4219800.000000 4021100.000000 6413.340820 40 1
4220000.000000 4021100.000000 6615.431152 41 1
4220200.000000 4021100.000000 6816.492188 42 1
4212000.000000 4021471.875000 -3269.283447 1 2
4212200.000000 4021471.875000 -2978.975098 2 2
4212400.000000 4021471.875000 -2690.666260 3 2
4212600.000000 4021471.875000 -2405.366943 4 2
4212800.000000 4021471.875000 -2122.535400 5 2
4213000.000000 4021471.875000 -1842.690796 6 2
4213200.000000 4021471.875000 -1564.800049 7 2
4213400.000000 4021471.875000 -1289.357910 8 2
4213600.000000 4021471.875000 -1015.307739 9 2
4213800.000000 4021471.875000 -743.153748 10 2
4214000.000000 4021471.875000 -472.331726 11 2
4214200.000000 4021471.875000 -204.340393 12 2
4214400.000000 4021471.875000 61.363667 13 2
4214600.000000 4021471.875000 325.275970 14 2
4214800.000000 4021471.875000 586.917175 15 2
4215000.000000 4021471.875000 845.705566 16 2
4215200.000000 4021471.875000 1102.087646 17 2
4215400.000000 4021471.875000 1356.920776 18 2
4215600.000000 4021471.875000 1609.604126 19 2
4215800.000000 4021471.875000 1859.607422 20 2
4216000.000000 4021471.875000 2106.402344 21 2
4216200.000000 4021471.875000 2350.506348 22 2
4216400.000000 4021471.875000 2591.498047 23 2
4216600.000000 4021471.875000 2829.938477 24 2
4216800.000000 4021471.875000 3067.348145 25 2
4217000.000000 4021471.875000 3302.775635 26 2
4217200.000000 4021471.875000 3536.701660 27 2
4217400.000000 4021471.875000 3767.655518 28 2
4217600.000000 4021471.875000 3996.157715 29 2
4217800.000000 4021471.875000 4222.242188 30 2
4218000.000000 4021471.875000 4445.909668 31 2
4218200.000000 4021471.875000 4667.160156 32 2
4218400.000000 4021471.875000 4885.977539 33 2
4218600.000000 4021471.875000 5102.835938 34 2
4218800.000000 4021471.875000 5317.725586 35 2
4219000.000000 4021471.875000 5530.125488 36 2
4219200.000000 4021471.875000 5740.002441 37 2
4219400.000000 4021471.875000 5947.839844 38 2
4219600.000000 4021471.875000 6153.614258 39 2
4219800.000000 4021471.875000 6356.839355 40 2
4220000.000000 4021471.875000 6558.505859 41 2
4220200.000000 4021471.875000 6759.141113 42 2
4212000.000000 4021843.750000 -3359.201904 1 3
4212200.000000 4021843.750000 -3065.402344 2 3
4212400.000000 4021843.750000 -2774.604004 3 3
4212600.000000 4021843.750000 -2487.299316 4 3
4212800.000000 4021843.750000 -2203.494629 5 3
4213000.000000 4021843.750000 -1923.157837 6 3
4213200.000000 4021843.750000 -1645.770508 7 3
4213400.000000 4021843.750000 -1369.810791 8 3
4213600.000000 4021843.750000 -1095.266724 9 3
4213800.000000 4021843.750000 -822.570129 10 3
4214000.000000 4021843.750000 -551.214905 11 3
4214200.000000 4021843.750000 -282.641174 12 3
4214400.000000 4021843.750000 -15.818058 13 3
4214600.000000 4021843.750000 248.761414 14 3
4214800.000000 4021843.750000 511.558777 15 3
4215000.000000 4021843.750000 771.466309 16 3
4215200.000000 4021843.750000 1028.380127 17 3
4215400.000000 4021843.750000 1284.117798 18 3
4215600.000000 4021843.750000 1537.588623 19 3
4215800.000000 4021843.750000 1788.240845 20 3
4216000.000000 4021843.750000 2036.149048 21 3
4216200.000000 4021843.750000 2280.384277 22 3
4216400.000000 4021843.750000 2521.599121 23 3
4216600.000000 4021843.750000 2760.913086 24 3
4216800.000000 4021843.750000 2998.872559 25 3
4217000.000000 4021843.750000 3235.438477 26 3
4217200.000000 4021843.750000 3470.029541 27 3
4217400.000000 4021843.750000 3702.101807 28 3
4217600.000000 4021843.750000 3931.674072 29 3
4217800.000000 4021843.750000 4158.754395 30 3
4218000.000000 4021843.750000 4383.405273 31 3
4218200.000000 4021843.750000 4606.132813 32 3
4218400.000000 4021843.750000 4825.949219 33 3
4218600.000000 4021843.750000 5044.342285 34 3
4218800.000000 4021843.750000 5260.786133 35 3
4219000.000000 4021843.750000 5473.763184 36 3
4219200.000000 4021843.750000 5684.730957 37 3
4219400.000000 4021843.750000 5893.165039 38 3
4219600.000000 4021843.750000 6099.041504 39 3
4219800.000000 4021843.750000 6302.343262 40 3
4220000.000000 4021843.750000 6504.087402 41 3
4220200.000000 4021843.750000 6704.295898 42 3
4212000.000000 4022215.625000 -3445.120361 1 4
4212200.000000 4022215.625000 -3148.331787 2 4
4212400.000000 4022215.625000 -2855.531494 3 4
4212600.000000 4022215.625000 -2566.760986 4 4
4212800.000000 4022215.625000 -2281.958496 5 4
4213000.000000 4022215.625000 -2001.140625 6 4
4213200.000000 4022215.625000 -1723.270264 7 4
4213400.000000 4022215.625000 -1446.822266 8 4
4213600.000000 4022215.625000 -1171.779175 9 4
4213800.000000 4022215.625000 -898.564148 10 4
4214000.000000 4022215.625000 -626.659973 11 4
4214200.000000 4022215.625000 -356.997009 12 4
4214400.000000 4022215.625000 -89.524277 13 4
4214600.000000 4022215.625000 175.697556 14 4
4214800.000000 4022215.625000 439.136017 15 4
4215000.000000 4022215.625000 700.116516 16 4
4215200.000000 4022215.625000 957.919128 17 4
4215400.000000 4022215.625000 1214.372925 18 4
4215600.000000 4022215.625000 1468.875122 19 4
4215800.000000 4022215.625000 1720.429688 20 4
4216000.000000 4022215.625000 1968.142822 21 4
4216200.000000 4022215.625000 2212.204834 22 4
4216400.000000 4022215.625000 2452.926270 23 4
4216600.000000 4022215.625000 2693.081543 24 4
4216800.000000 4022215.625000 2932.264160 25 4
4217000.000000 4022215.625000 3169.826660 26 4
4217200.000000 4022215.625000 3406.004150 27 4
4217400.000000 4022215.625000 3639.625732 28 4
4217600.000000 4022215.625000 3870.581543 29 4
4217800.000000 4022215.625000 4098.856445 30 4
4218000.000000 4022215.625000 4324.531250 31 4
4218200.000000 4022215.625000 4547.701172 32 4
4218400.000000 4022215.625000 4768.954590 33 4
4218600.000000 4022215.625000 4988.824707 34 4
4218800.000000 4022215.625000 5206.295410 35 4
4219000.000000 4022215.625000 5420.841797 36 4
4219200.000000 4022215.625000 5632.906250 37 4
4219400.000000 4022215.625000 5841.449707 38 4
4219600.000000 4022215.625000 6047.433594 39 4
4219800.000000 4022215.625000 6251.332520 40 4
4220000.000000 4022215.625000 6453.161133 41 4
4220200.000000 4022215.625000 6652.946289 42 4
4212000.000000 4022587.500000 -3524.518555 1 5
4212200.000000 4022587.500000 -3225.242920 2 5
4212400.000000 4022587.500000 -2930.461914 3 5
4212600.000000 4022587.500000 -2639.716064 4 5
4212800.000000 4022587.500000 -2354.440186 5 5
4213000.000000 4022587.500000 -2073.650635 6 5
4213200.000000 4022587.500000 -1796.307495 7 5
4213400.000000 4022587.500000 -1519.383179 8 5
4213600.000000 4022587.500000 -1242.835815 9 5
4213800.000000 4022587.500000 -968.126892 10 5
4214000.000000 4022587.500000 -695.658752 11 5
4214200.000000 4022587.500000 -425.903809 12 5
4214400.000000 4022587.500000 -157.320160 13 5
4214600.000000 4022587.500000 109.046310 14 5
4214800.000000 4022587.500000 373.541107 15 5
4215000.000000 4022587.500000 634.896240 16 5
4215200.000000 4022587.500000 892.858521 17 5
4215400.000000 4022587.500000 1150.164429 18 5
4215600.000000 4022587.500000 1405.725464 19 5
4215800.000000 4022587.500000 1658.062622 20 5
4216000.000000 4022587.500000 1904.844604 21 5
4216200.000000 4022587.500000 2146.461670 22 5
4216400.000000 4022587.500000 2386.602539 23 5
4216600.000000 4022587.500000 2626.933105 24 5
4216800.000000 4022587.500000 2867.642090 25 5
4217000.000000 4022587.500000 3106.821045 26 5
4217200.000000 4022587.500000 3344.382813 27 5
4217400.000000 4022587.500000 3580.902100 28 5
4217600.000000 4022587.500000 3815.559570 29 5
4217800.000000 4022587.500000 4046.150635 30 5
4218000.000000 4022587.500000 4272.701172 31 5
4218200.000000 4022587.500000 4495.420898 32 5
4218400.000000 4022587.500000 4716.582031 33 5
4218600.000000 4022587.500000 4937.358887 34 5
4218800.000000 4022587.500000 5157.805664 35 5
4219000.000000 4022587.500000 5373.889160 36 5
4219200.000000 4022587.500000 5586.050781 37 5
4219400.000000 4022587.500000 5794.208984 38 5
4219600.000000 4022587.500000 6000.302246 39 5
4219800.000000 4022587.500000 6204.816406 40 5
4220000.000000 4022587.500000 6406.738281 41 5
4220200.000000 4022587.500000 6605.095215 42 5
4212000.000000 4022959.375000 -3594.407715 1 6
4212200.000000 4022959.375000 -3292.630615 2 6
4212400.000000 4022959.375000 -2996.389404 3 6
4212600.000000 4022959.375000 -2703.657959 4 6
4212800.000000 4022959.375000 -2417.418213 5 6
4213000.000000 4022959.375000 -2136.168213 6 6
4213200.000000 4022959.375000 -1858.865356 7 6
4213400.000000 4022959.375000 -1581.477661 8 6
4213600.000000 4022959.375000 -1303.954712 9 6
4213800.000000 4022959.375000 -1028.245483 10 6
4214000.000000 4022959.375000 -754.741333 11 6
4214200.000000 4022959.375000 -484.412384 12 6
4214400.000000 4022959.375000 -215.739761 13 6
4214600.000000 4022959.375000 51.665321 14 6
4214800.000000 4022959.375000 316.544556 15 6
4215000.000000 4022959.375000 578.520508 16 6
4215200.000000 4022959.375000 836.685547 17 6
4215400.000000 4022959.375000 1094.256592 18 6
4215600.000000 4022959.375000 1350.585938 19 6
4215800.000000 4022959.375000 1602.609009 20 6
4216000.000000 4022959.375000 1847.595337 21 6
4216200.000000 4022959.375000 2085.897949 22 6
4216400.000000 4022959.375000 2322.571045 23 6
4216600.000000 4022959.375000 2562.545410 24 6
4216800.000000 4022959.375000 2804.463867 25 6
4217000.000000 4022959.375000 3047.103516 26 6
4217200.000000 4022959.375000 3287.844238 27 6
4217400.000000 4022959.375000 3528.758057 28 6
4217600.000000 4022959.375000 3768.361816 29 6
4217800.000000 4022959.375000 4002.005615 30 6
4218000.000000 4022959.375000 4229.843750 31 6
4218200.000000 4022959.375000 4453.594727 32 6
4218400.000000 4022959.375000 4674.823242 33 6
4218600.000000 4022959.375000 4897.016113 34 6
4218800.000000 4022959.375000 5119.387695 35 6
4219000.000000 4022959.375000 5336.969238 36 6
4219200.000000 4022959.375000 5549.695801 37 6
4219400.000000 4022959.375000 5757.459961 38 6
4219600.000000 4022959.375000 5962.673340 39 6
4219800.000000 4022959.375000 6166.292480 40 6
4220000.000000 4022959.375000 6366.311035 41 6
4220200.000000 4022959.375000 6562.245117 42 6
4212000.000000 4023331.250000 -3653.759277 1 7
4212200.000000 4023331.250000 -3349.501221 2 7
4212400.000000 4023331.250000 -3051.271729 3 7
4212600.000000 4023331.250000 -2758.076660 4 7
4212800.000000 4023331.250000 -2471.398193 5 7
4213000.000000 4023331.250000 -2189.183838 6 7
4213200.000000 4023331.250000 -1910.937012 7 7
4213400.000000 4023331.250000 -1633.101929 8 7
4213600.000000 4023331.250000 -1355.136108 9 7
4213800.000000 4023331.250000 -1078.928223 10 7
4214000.000000 4023331.250000 -803.914124 11 7
4214200.000000 4023331.250000 -532.055969 12 7
4214400.000000 4023331.250000 -262.877563 13 7
4214600.000000 4023331.250000 3.916403 14 7
4214800.000000 4023331.250000 268.924469 15 7
4215000.000000 4023331.250000 530.612610 16 7
4215200.000000 4023331.250000 788.931519 17 7
4215400.000000 4023331.250000 1046.486694 18 7
4215600.000000 4023331.250000 1302.439331 19 7
4215800.000000 4023331.250000 1553.118774 20 7
4216000.000000 4023331.250000 1794.537109 21 7
4216200.000000 4023331.250000 2027.590576 22 7
4216400.000000 4023331.250000 2261.057617 23 7
4216600.000000 4023331.250000 2500.536377 24 7
4216800.000000 4023331.250000 2745.196045 25 7
4217000.000000 4023331.250000 2991.719238 26 7
4217200.000000 4023331.250000 3236.725342 27 7
4217400.000000 4023331.250000 3482.698486 28 7
4217600.000000 4023331.250000 3727.380127 29 7
4217800.000000 4023331.250000 3964.927979 30 7
4218000.000000 4023331.250000 4195.396973 31 7
4218200.000000 4023331.250000 4420.598633 32 7
4218400.000000 4023331.250000 4643.873047 33 7
4218600.000000 4023331.250000 4867.677734 34 7
4218800.000000 4023331.250000 5091.542480 35 7
4219000.000000 4023331.250000 5310.140137 36 7
4219200.000000 4023331.250000 5523.412598 37 7
4219400.000000 4023331.250000 5731.269043 38 7
4219600.000000 4023331.250000 5935.091797 39 7
4219800.000000 4023331.250000 6135.817383 40 7
4220000.000000 4023331.250000 6331.916016 41 7
4220200.000000 4023331.250000 6524.413086 42 7
4212000.000000 4023703.125000 -3702.559814 1 8
4212200.000000 4023703.125000 -3396.324463 2 8
4212400.000000 4023703.125000 -3096.628906 3 8
4212600.000000 4023703.125000 -2802.977539 4 8
4212800.000000 4023703.125000 -2515.837158 5 8
4213000.000000 4023703.125000 -2232.705322 6 8
4213200.000000 4023703.125000 -1953.030884 7 8
4213400.000000 4023703.125000 -1674.766602 8 8
4213600.000000 4023703.125000 -1396.345947 9 8
4213800.000000 4023703.125000 -1119.682495 10 8
4214000.000000 4023703.125000 -844.197021 11 8
4214200.000000 4023703.125000 -571.375793 12 8
4214400.000000 4023703.125000 -301.307312 13 8
4214600.000000 4023703.125000 -34.316250 14 8
4214800.000000 4023703.125000 230.027084 15 8
4215000.000000 4023703.125000 491.501099 16 8
4215200.000000 4023703.125000 749.381714 17 8
4215400.000000 4023703.125000 1006.585083 18 8
4215600.000000 4023703.125000 1261.043213 19 8
4215800.000000 4023703.125000 1508.496582 20 8
4216000.000000 4023703.125000 1745.106201 21 8
4216200.000000 4023703.125000 1973.326294 22 8
4216400.000000 4023703.125000 2205.499268 23 8
4216600.000000 4023703.125000 2448.729492 24 8
4216800.000000 4023703.125000 2701.120605 25 8
4217000.000000 4023703.125000 2952.811523 26 8
4217200.000000 4023703.125000 3199.050049 27 8
4217400.000000 4023703.125000 3445.609131 28 8
4217600.000000 4023703.125000 3692.234863 29 8
4217800.000000 4023703.125000 3933.214355 30 8
4218000.000000 4023703.125000 4167.206055 31 8
4218200.000000 4023703.125000 4395.729004 32 8
4218400.000000 4023703.125000 4622.684082 33 8
4218600.000000 4023703.125000 4849.018066 34 8
4218800.000000 4023703.125000 5074.150391 35 8
4219000.000000 4023703.125000 5294.394531 36 8
4219200.000000 4023703.125000 5507.774414 37 8
4219400.000000 4023703.125000 5715.228027 38 8
4219600.000000 4023703.125000 5917.145020 39 8
4219800.000000 4023703.125000 6113.447754 40 8
4220000.000000 4023703.125000 6304.101074 41 8
4220200.000000 4023703.125000 6491.121582 42 8
4212000.000000 4024075.000000 -3740.294189 1 9
4212200.000000 4024075.000000 -3432.587646 2 9
4212400.000000 4024075.000000 -3131.932129 3 9
4212600.000000 4024075.000000 -2837.333740 4 9
4212800.000000 4024075.000000 -2549.260010 5 9
4213000.000000 4024075.000000 -2265.207031 6 9
4213200.000000 4024075.000000 -1984.620361 7 9
4213400.000000 4024075.000000 -1705.944824 8 9
4213600.000000 4024075.000000 -1427.107178 9 9
4213800.000000 4024075.000000 -1149.518066 10 9
4214000.000000 4024075.000000 -873.107361 11 9
4214200.000000 4024075.000000 -599.881104 12 9
4214400.000000 4024075.000000 -329.542908 13 9
4214600.000000 4024075.000000 -62.036667 14 9
4214800.000000 4024075.000000 202.388428 15 9
4215000.000000 4024075.000000 463.322388 16 9
4215200.000000 4024075.000000 719.870667 17 9
4215400.000000 4024075.000000 975.271851 18 9
4215600.000000 4024075.000000 1227.268555 19 9
4215800.000000 4024075.000000 1471.210083 20 9
4216000.000000 4024075.000000 1703.950195 21 9
4216200.000000 4024075.000000 1930.817505 22 9
4216400.000000 4024075.000000 2167.176270 23 9
4216600.000000 4024075.000000 2423.614258 24 9
4216800.000000 4024075.000000 2694.857910 25 9
4217000.000000 4024075.000000 2953.203857 26 9
4217200.000000 4024075.000000 3191.713867 27 9
4217400.000000 4024075.000000 3427.571777 28 9
4217600.000000 4024075.000000 3667.662842 29 9
4217800.000000 4024075.000000 3908.614014 30 9
4218000.000000 4024075.000000 4144.352051 31 9
4218200.000000 4024075.000000 4377.008789 32 9
4218400.000000 4024075.000000 4609.818359 33 9
4218600.000000 4024075.000000 4841.147461 34 9
4218800.000000 4024075.000000 5069.485352 35 9
4219000.000000 4024075.000000 5291.183594 36 9
4219200.000000 4024075.000000 5504.824219 37 9
4219400.000000 4024075.000000 5710.923340 38 9
4219600.000000 4024075.000000 5908.919922 39 9
4219800.000000 4024075.000000 6098.765625 40 9
4220000.000000 4024075.000000 6282.429688 41 9
4220200.000000 4024075.000000 6461.425781 42 9
4212000.000000 4024446.875000 -3766.449707 1 10
4212200.000000 4024446.875000 -3457.779541 2 10
4212400.000000 4024446.875000 -3156.172119 3 10
4212600.000000 4024446.875000 -2860.135986 4 10
4212800.000000 4024446.875000 -2571.638184 5 10
4213000.000000 4024446.875000 -2287.175049 6 10
4213200.000000 4024446.875000 -2006.170532 7 10
4213400.000000 4024446.875000 -1726.597046 8 10
4213600.000000 4024446.875000 -1446.857910 9 10
4213800.000000 4024446.875000 -1168.365845 10 10
4214000.000000 4024446.875000 -891.585144 11 10
4214200.000000 4024446.875000 -617.037720 12 10
4214400.000000 4024446.875000 -346.527466 13 10
4214600.000000 4024446.875000 -78.631538 14 10
4214800.000000 4024446.875000 186.258606 15 10
4215000.000000 4024446.875000 446.543060 16 10
4215200.000000 4024446.875000 701.313721 17 10
4215400.000000 4024446.875000 954.223328 18 10
4215600.000000 4024446.875000 1203.008911 19 10
4215800.000000 4024446.875000 1444.754517 20 10
4216000.000000 4024446.875000 1678.728027 21 10
4216200.000000 4024446.875000 1911.373413 22 10
4216400.000000 4024446.875000 2155.935791 23 10
4216600.000000 4024446.875000 2433.722412 24 10
4216800.000000 4024446.875000 2743.396973 25 10
4217000.000000 4024446.875000 3011.453369 26 10
4217200.000000 4024446.875000 3227.660645 27 10
4217400.000000 4024446.875000 3437.730469 28 10
4217600.000000 4024446.875000 3659.913086 29 10
4217800.000000 4024446.875000 3894.081787 30 10
4218000.000000 4024446.875000 4128.500977 31 10
4218200.000000 4024446.875000 4363.682617 32 10
4218400.000000 4024446.875000 4603.443848 33 10
4218600.000000 4024446.875000 4843.926270 34 10
4218800.000000 4024446.875000 5077.967285 35 10
4219000.000000 4024446.875000 5302.019043 36 10
4219200.000000 4024446.875000 5514.641113 37 10
4219400.000000 4024446.875000 5717.456055 38 10
4219600.000000 4024446.875000 5910.032227 39 10
4219800.000000 4024446.875000 6091.375000 40 10
4220000.000000 4024446.875000 6265.976074 41 10
4220200.000000 4024446.875000 6434.870605 42 10
4212000.000000 4024818.750000 -3782.529297 1 11
4212200.000000 4024818.750000 -3472.889648 2 11
4212400.000000 4024818.750000 -3170.354736 3 11
4212600.000000 4024818.750000 -2873.371338 4 11
4212800.000000 4024818.750000 -2583.957520 5 11
4213000.000000 4024818.750000 -2298.590576 6 11
4213200.000000 4024818.750000 -2017.704468 7 11
4213400.000000 4024818.750000 -1737.216919 8 11
4213600.000000 4024818.750000 -1456.078125 9 11
4213800.000000 4024818.750000 -1177.191162 10 11
4214000.000000 4024818.750000 -899.534607 11 11
4214200.000000 4024818.750000 -624.732727 12 11
4214400.000000 4024818.750000 -353.605713 13 11
4214600.000000 4024818.750000 -85.384422 14 11
4214800.000000 4024818.750000 179.439087 15 11
4215000.000000 4024818.750000 439.285156 16 11
4215200.000000 4024818.750000 693.811096 17 11
4215400.000000 4024818.750000 944.431458 18 11
4215600.000000 4024818.750000 1190.571411 19 11
4215800.000000 4024818.750000 1431.289795 20 11
4216000.000000 4024818.750000 1668.632813 21 11
4216200.000000 4024818.750000 1908.220581 22 11
4216400.000000 4024818.750000 2154.602295 23 11
4216600.000000 4024818.750000 2450.086670 24 11
4216800.000000 4024818.750000 2828.453369 25 11
4217000.000000 4024818.750000 3107.882324 26 11
4217200.000000 4024818.750000 3277.117676 27 11
4217400.000000 4024818.750000 3455.468018 28 11
4217600.000000 4024818.750000 3663.660645 29 11
4217800.000000 4024818.750000 3895.182617 30 11
4218000.000000 4024818.750000 4125.477051 31 11
4218200.000000 4024818.750000 4358.269531 32 11
4218400.000000 4024818.750000 4606.964355 33 11
4218600.000000 4024818.750000 4859.507813 34 11
4218800.000000 4024818.750000 5101.090820 35 11
4219000.000000 4024818.750000 5327.261230 36 11
4219200.000000 4024818.750000 5537.479492 37 11
4219400.000000 4024818.750000 5734.516602 38 11
4219600.000000 4024818.750000 5919.103516 39 11
4219800.000000 4024818.750000 6090.360352 40 11
4220000.000000 4024818.750000 6253.316406 41 11
4220200.000000 4024818.750000 6410.017090 42 11
4212000.000000 4025190.625000 -3788.011963 1 12
4212200.000000 4025190.625000 -3477.928955 2 12
4212400.000000 4025190.625000 -3174.441162 3 12
4212600.000000 4025190.625000 -2877.047607 4 12
4212800.000000 4025190.625000 -2586.718994 5 12
4213000.000000 4025190.625000 -2300.926758 6 12
4213200.000000 4025190.625000 -2019.132568 7 12
4213400.000000 4025190.625000 -1737.747803 8 12
4213600.000000 4025190.625000 -1456.191772 9 12
4213800.000000 4025190.625000 -1176.390503 10 12
4214000.000000 4025190.625000 -898.415161 11 12
4214200.000000 4025190.625000 -622.886963 12 12
4214400.000000 4025190.625000 -351.244385 13 12
4214600.000000 4025190.625000 -82.760048 14 12
4214800.000000 4025190.625000 182.068970 15 12
4215000.000000 4025190.625000 441.806000 16 12
4215200.000000 4025190.625000 696.014771 17 12
4215400.000000 4025190.625000 945.249939 18 12
4215600.000000 4025190.625000 1189.376709 19 12
4215800.000000 4025190.625000 1427.407959 20 12
4216000.000000 4025190.625000 1660.731812 21 12
4216200.000000 4025190.625000 1890.091675 22 12
4216400.000000 4025190.625000 2111.095703 23 12
4216600.000000 4025190.625000 2382.663574 24 12
4216800.000000 4025190.625000 2819.229736 25 12
4217000.000000 4025190.625000 3108.830322 26 12
4217200.000000 4025190.625000 3232.741211 27 12
4217400.000000 4025190.625000 3413.614014 28 12
4217600.000000 4025190.625000 3659.038330 29 12
4217800.000000 4025190.625000 3917.195068 30 12
4218000.000000 4025190.625000 4144.316895 31 12
4218200.000000 4025190.625000 4368.500488 32 12
4218400.000000 4025190.625000 4624.108887 33 12
4218600.000000 4025190.625000 4892.361328 34 12
4218800.000000 4025190.625000 5143.349609 35 12
4219000.000000 4025190.625000 5370.377930 36 12
4219200.000000 4025190.625000 5575.412109 37 12
4219400.000000 4025190.625000 5763.434570 38 12
4219600.000000 4025190.625000 5936.837402 39 12
4219800.000000 4025190.625000 6096.337402 40 12
4220000.000000 4025190.625000 6246.002441 41 12
4220200.000000 4025190.625000 6387.893066 42 12
4212000.000000 4025562.500000 -3783.381592 1 13
4212200.000000 4025562.500000 -3472.381836 2 13
4212400.000000 4025562.500000 -3167.961670 3 13
4212600.000000 4025562.500000 -2869.624756 4 13
4212800.000000 4025562.500000 -2578.372559 5 13
4213000.000000 4025562.500000 -2292.169922 6 13
4213200.000000 4025562.500000 -2009.937622 7 13
4213400.000000 4025562.500000 -1728.085815 8 13
4213600.000000 4025562.500000 -1445.583618 9 13
4213800.000000 4025562.500000 -1164.899414 10 13
4214000.000000 4025562.500000 -886.123474 11 13
4214200.000000 4025562.500000 -610.003967 12 13
4214400.000000 4025562.500000 -338.034302 13 13
4214600.000000 4025562.500000 -69.433968 14 13
4214800.000000 4025562.500000 195.370728 15 13
4215000.000000 4025562.500000 455.316895 16 13
4215200.000000 4025562.500000 709.717468 17 13
4215400.000000 4025562.500000 958.761902 18 13
4215600.000000 4025562.500000 1203.306519 19 13
4215800.000000 4025562.500000 1440.338745 20 13
4216000.000000 4025562.500000 1669.027222 21 13
4216200.000000 4025562.500000 1886.129150 22 13
4216400.000000 4025562.500000 2068.209473 23 13
4216600.000000 4025562.500000 2238.135010 24 13
4216800.000000 4025562.500000 2566.746338 25 13
4217000.000000 4025562.500000 2870.008789 26 13
4217200.000000 4025562.500000 3081.539307 27 13
4217400.000000 4025562.500000 3363.080811 28 13
4217600.000000 4025562.500000 3684.662109 29 13
4217800.000000 4025562.500000 3979.594238 30 13
4218000.000000 4025562.500000 4199.648926 31 13
4218200.000000 4025562.500000 4416.467773 32 13
4218400.000000 4025562.500000 4677.592773 33 13
4218600.000000 4025562.500000 4955.981934 34 13
4218800.000000 4025562.500000 5212.025879 35 13
4219000.000000 4025562.500000 5435.298828 36 13
4219200.000000 4025562.500000 5630.282227 37 13
4219400.000000 4025562.500000 5805.164063 38 13
4219600.000000 4025562.500000 5964.466309 39 13
4219800.000000 4025562.500000 6110.412109 40 13
4220000.000000 4025562.500000 6246.083984 41 13
4220200.000000 4025562.500000 6372.014648 42 13
4212000.000000 4025934.375000 -3768.198242 1 14
4212200.000000 4025934.375000 -3456.253418 2 14
4212400.000000 4025934.375000 -3150.899658 3 14
4212600.000000 4025934.375000 -2851.126221 4 14
4212800.000000 4025934.375000 -2558.928467 5 14
4213000.000000 4025934.375000 -2272.262207 6 14
4213200.000000 4025934.375000 -1989.526001 7 14
4213400.000000 4025934.375000 -1706.689209 8 14
4213600.000000 4025934.375000 -1423.207886 9 14
4213800.000000 4025934.375000 -1141.627197 10 14
4214000.000000 4025934.375000 -862.177368 11 14
4214200.000000 4025934.375000 -586.191345 12 14
4214400.000000 4025934.375000 -314.206940 13 14
4214600.000000 4025934.375000 -45.369530 14 14
4214800.000000 4025934.375000 219.659332 15 14
4215000.000000 4025934.375000 479.892975 16 14
4215200.000000 4025934.375000 734.691528 17 14
4215400.000000 4025934.375000 986.793396 18 14
4215600.000000 4025934.375000 1237.718384 19 14
4215800.000000 4025934.375000 1481.237305 20 14
4216000.000000 4025934.375000 1722.639526 21 14
4216200.000000 4025934.375000 1979.375366 22 14
4216400.000000 4025934.375000 2266.917725 23 14
4216600.000000 4025934.375000 2513.977295 24 14
4216800.000000 4025934.375000 2757.677002 25 14
4217000.000000 4025934.375000 3024.219238 26 14
4217200.000000 4025934.375000 3291.052490 27 14
4217400.000000 4025934.375000 3584.763428 28 14
4217600.000000 4025934.375000 3855.180420 29 14
4217800.000000 4025934.375000 4090.980225 30 14
4218000.000000 4025934.375000 4282.837891 31 14
4218200.000000 4025934.375000 4506.202148 32 14
4218400.000000 4025934.375000 4780.455078 33 14
4218600.000000 4025934.375000 5061.491699 34 14
4218800.000000 4025934.375000 5312.864258 35 14
4219000.000000 4025934.375000 5524.108887 36 14
4219200.000000 4025934.375000 5703.331055 37 14
4219400.000000 4025934.375000 5861.127930 38 14
4219600.000000 4025934.375000 6004.175293 39 14
4219800.000000 4025934.375000 6135.157715 40 14
4220000.000000 4025934.375000 6256.569336 41 14
4220200.000000 4025934.375000 6366.355957 42 14
4212000.000000 4026306.250000 -3743.427246 1 15
4212200.000000 4026306.250000 -3430.552246 2 15
4212400.000000 4026306.250000 -3124.254883 3 15
4212600.000000 4026306.250000 -2824.038086 4 15
4212800.000000 4026306.250000 -2531.339111 5 15
4213000.000000 4026306.250000 -2243.154297 6 15
4213200.000000 4026306.250000 -1958.864258 7 15
4213400.000000 4026306.250000 -1675.461304 8 15
4213600.000000 4026306.250000 -1391.455078 9 15
4213800.000000 4026306.250000 -1109.062744 10 15
4214000.000000 4026306.250000 -829.119934 11 15
4214200.000000 4026306.250000 -553.113708 12 15
4214400.000000 4026306.250000 -281.104614 13 15
4214600.000000 4026306.250000 -12.143570 14 15
4214800.000000 4026306.250000 252.584473 15 15
4215000.000000 4026306.250000 512.300842 16 15
4215200.000000 4026306.250000 767.553345 17 15
4215400.000000 4026306.250000 1026.077515 18 15
4215600.000000 4026306.250000 1287.858154 19 15
4215800.000000 4026306.250000 1544.085327 20 15
4216000.000000 4026306.250000 1795.413818 21 15
4216200.000000 4026306.250000 2065.563965 22 15
4216400.000000 4026306.250000 2398.699951 23 15
4216600.000000 4026306.250000 2732.580566 24 15
4216800.000000 4026306.250000 3039.251709 25 15
4217000.000000 4026306.250000 3329.375000 26 15
4217200.000000 4026306.250000 3573.745850 27 15
4217400.000000 4026306.250000 3833.384521 28 15
4217600.000000 4026306.250000 4040.603760 29 15
4217800.000000 4026306.250000 4200.154297 30 15
4218000.000000 4026306.250000 4372.295898 31 15
4218200.000000 4026306.250000 4620.919922 32 15
4218400.000000 4026306.250000 4916.916016 33 15
4218600.000000 4026306.250000 5198.924805 34 15
4218800.000000 4026306.250000 5440.020508 35 15
4219000.000000 4026306.250000 5633.631348 36 15
4219200.000000 4026306.250000 5791.283691 37 15
4219400.000000 4026306.250000 5927.430176 38 15
4219600.000000 4026306.250000 6052.470215 39 15
4219800.000000 4026306.250000 6170.513184 40 15
4220000.000000 4026306.250000 6279.887207 41 15
4220200.000000 4026306.250000 6375.863770 42 15
4212000.000000 4026678.125000 -3709.125488 1 16
4212200.000000 4026678.125000 -3395.308105 2 16
4212400.000000 4026678.125000 -3088.545166 3 16
4212600.000000 4026678.125000 -2787.815186 4 16
4212800.000000 4026678.125000 -2494.092773 5 16
4213000.000000 4026678.125000 -2204.796387 6 16
4213200.000000 4026678.125000 -1918.881958 7 16
4213400.000000 4026678.125000 -1634.320190 8 16
4213600.000000 4026678.125000 -1349.792603 9 16
4213800.000000 4026678.125000 -1067.120972 10 16
4214000.000000 4026678.125000 -786.901978 11 16
4214200.000000 4026678.125000 -511.286316 12 16
4214400.000000 4026678.125000 -239.382843 13 16
4214600.000000 4026678.125000 28.479435 14 16
4214800.000000 4026678.125000 292.109161 15 16
4215000.000000 4026678.125000 552.192505 16 16
4215200.000000 4026678.125000 810.858521 17 16
4215400.000000 4026678.125000 1076.976685 18 16
4215600.000000 4026678.125000 1352.657104 19 16
4215800.000000 4026678.125000 1632.906494 20 16
4216000.000000 4026678.125000 1912.629517 21 16
4216200.000000 4026678.125000 2193.959717 22 16
4216400.000000 4026678.125000 2478.331055 23 16
4216600.000000 4026678.125000 2709.668701 24 16
4216800.000000 4026678.125000 3010.685303 25 16
4217000.000000 4026678.125000 3376.212891 26 16
4217200.000000 4026678.125000 3635.988037 27 16
4217400.000000 4026678.125000 3880.052002 28 16
4217600.000000 4026678.125000 4108.355469 29 16
4217800.000000 4026678.125000 4255.641113 30 16
4218000.000000 4026678.125000 4442.104004 31 16
4218200.000000 4026678.125000 4749.429199 32 16
4218400.000000 4026678.125000 5081.590820 33 16
4218600.000000 4026678.125000 5364.255371 34 16
4218800.000000 4026678.125000 5586.897949 35 16
4219000.000000 4026678.125000 5758.265625 36 16
4219200.000000 4026678.125000 5891.511230 37 16
4219400.000000 4026678.125000 6005.566406 38 16
4219600.000000 4026678.125000 6113.994141 39 16
4219800.000000 4026678.125000 6220.735840 40 16
4220000.000000 4026678.125000 6320.354004 41 16
4220200.000000 4026678.125000 6404.905762 42 16
4212000.000000 4027050.000000 -3664.304443 1 17
4212200.000000 4027050.000000 -3349.520508 2 17
4212400.000000 4027050.000000 -3041.757813 3 17
4212600.000000 4027050.000000 -2740.479004 4 17
4212800.000000 4027050.000000 -2445.641357 5 17
4213000.000000 4027050.000000 -2155.652344 6 17
4213200.000000 4027050.000000 -1868.470337 7 17
4213400.000000 4027050.000000 -1582.683594 8 17
4213600.000000 4027050.000000 -1297.544922 9 17
4213800.000000 4027050.000000 -1014.157227 10 17
4214000.000000 4027050.000000 -733.808105 11 17
4214200.000000 4027050.000000 -458.922974 12 17
4214400.000000 4027050.000000 -188.658951 13 17
4214600.000000 4027050.000000 76.903542 14 17
4214800.000000 4027050.000000 338.744629 15 17
4215000.000000 4027050.000000 598.571716 16 17
4215200.000000 4027050.000000 859.998413 17 17
4215400.000000 4027050.000000 1129.854004 18 17
4215600.000000 4027050.000000 1416.017944 19 17
4215800.000000 4027050.000000 1728.622803 20 17
4216000.000000 4027050.000000 2073.568359 21 17
4216200.000000 4027050.000000 2416.957764 22 17
4216400.000000 4027050.000000 2681.861328 23 17
4216600.000000 4027050.000000 2787.394531 24 17
4216800.000000 4027050.000000 2989.594482 25 17
4217000.000000 4027050.000000 3310.160156 26 17
4217200.000000 4027050.000000 3581.283447 27 17
4217400.000000 4027050.000000 3828.657959 28 17
4217600.000000 4027050.000000 4094.729980 29 17
4217800.000000 4027050.000000 4254.422363 30 17
4218000.000000 4027050.000000 4477.074219 31 17
4218200.000000 4027050.000000 4881.397461 32 17
4218400.000000 4027050.000000 5268.472656 33 17
4218600.000000 4027050.000000 5544.226563 34 17
4218800.000000 4027050.000000 5742.343750 35 17
4219000.000000 4027050.000000 5889.135742 36 17
4219200.000000 4027050.000000 5999.684570 37 17
4219400.000000 4027050.000000 6094.814941 38 17
4219600.000000 4027050.000000 6189.970215 39 17
4219800.000000 4027050.000000 6288.837402 40 17
4220000.000000 4027050.000000 6381.687988 41 17
4220200.000000 4027050.000000 6458.837891 42 17
4212000.000000 4027421.875000 -3608.493408 1 18
4212200.000000 4027421.875000 -3292.705322 2 18
4212400.000000 4027421.875000 -2983.377930 3 18
4212600.000000 4027421.875000 -2680.999268 4 18
4212800.000000 4027421.875000 -2385.434570 5 18
4213000.000000 4027421.875000 -2094.134033 6 18
4213200.000000 4027421.875000 -1806.080322 7 18
4213400.000000 4027421.875000 -1518.896851 8 18
4213600.000000 4027421.875000 -1232.544067 9 18
4213800.000000 4027421.875000 -948.343445 10 18
4214000.000000 4027421.875000 -667.883179 11 18
4214200.000000 4027421.875000 -394.307373 12 18
4214400.000000 4027421.875000 -127.365334 13 18
4214600.000000 4027421.875000 134.157196 14 18
4214800.000000 4027421.875000 391.069855 15 18
4215000.000000 4027421.875000 645.190979 16 18
4215200.000000 4027421.875000 901.391296 17 18
4215400.000000 4027421.875000 1165.401733 18 18
4215600.000000 4027421.875000 1445.794189 19 18
4215800.000000 4027421.875000 1759.765259 20 18
4216000.000000 4027421.875000 2119.901367 21 18
4216200.000000 4027421.875000 2523.711182 22 18
4216400.000000 4027421.875000 2810.856201 23 18
4216600.000000 4027421.875000 2893.839600 24 18
4216800.000000 4027421.875000 3100.308105 25 18
4217000.000000 4027421.875000 3352.271729 26 18
4217200.000000 4027421.875000 3598.373779 27 18
4217400.000000 4027421.875000 3841.980957 28 18
4217600.000000 4027421.875000 4092.973877 29 18
4217800.000000 4027421.875000 4245.092773 30 18
4218000.000000 4027421.875000 4522.717773 31 18
4218200.000000 4027421.875000 5024.384277 32 18
4218400.000000 4027421.875000 5451.825195 33 18
4218600.000000 4027421.875000 5707.220703 34 18
4218800.000000 4027421.875000 5879.128906 35 18
4219000.000000 4027421.875000 6007.533691 36 18
4219200.000000 4027421.875000 6104.865234 37 18
4219400.000000 4027421.875000 6190.921875 38 18
4219600.000000 4027421.875000 6280.886719 39 18
4219800.000000 4027421.875000 6376.247559 40 18
4220000.000000 4027421.875000 6466.074219 41 18
4220200.000000 4027421.875000 6540.977051 42 18
4212000.000000 4027793.750000 -3541.719238 1 19
4212200.000000 4027793.750000 -3225.376709 2 19
4212400.000000 4027793.750000 -2914.956055 3 19
4212600.000000 4027793.750000 -2610.861572 4 19
4212800.000000 4027793.750000 -2313.976807 5 19
4213000.000000 4027793.750000 -2021.725220 6 19
4213200.000000 4027793.750000 -1733.118774 7 19
4213400.000000 4027793.750000 -1444.368530 8 19
4213600.000000 4027793.750000 -1155.590332 9 19
4213800.000000 4027793.750000 -870.330688 10 19
4214000.000000 4027793.750000 -589.938599 11 19
4214200.000000 4027793.750000 -317.840332 12 19
4214400.000000 4027793.750000 -53.831329 13 19
4214600.000000 4027793.750000 202.664078 14 19
4214800.000000 4027793.750000 452.430115 15 19
4215000.000000 4027793.750000 697.285950 16 19
4215200.000000 4027793.750000 943.031311 17 19
4215400.000000 4027793.750000 1196.205933 18 19
4215600.000000 4027793.750000 1456.514404 19 19
4215800.000000 4027793.750000 1720.059937 20 19
4216000.000000 4027793.750000 2017.360962 21 19
4216200.000000 4027793.750000 2464.497559 22 19
4216400.000000 4027793.750000 2731.118164 23 19
4216600.000000 4027793.750000 2843.325684 24 19
4216800.000000 4027793.750000 3138.482422 25 19
4217000.000000 4027793.750000 3402.830322 26 19
4217200.000000 4027793.750000 3630.975098 27 19
4217400.000000 4027793.750000 3876.239014 28 19
4217600.000000 4027793.750000 4092.799561 29 19
4217800.000000 4027793.750000 4263.365234 30 19
4218000.000000 4027793.750000 4586.890137 31 19
4218200.000000 4027793.750000 5101.775391 32 19
4218400.000000 4027793.750000 5528.889160 33 19
4218600.000000 4027793.750000 5784.307617 34 19
4218800.000000 4027793.750000 5961.885254 35 19
4219000.000000 4027793.750000 6095.504883 36 19
4219200.000000 4027793.750000 6197.691406 37 19
4219400.000000 4027793.750000 6288.841309 38 19
4219600.000000 4027793.750000 6383.384766 39 19
4219800.000000 4027793.750000 6481.480957 40 19
4220000.000000 4027793.750000 6573.737305 41 19
4220200.000000 4027793.750000 6651.705078 42 19
4212000.000000 4028165.625000 -3465.005859 1 20
4212200.000000 4028165.625000 -3148.050049 2 20
4212400.000000 4028165.625000 -2836.949219 3 20
4212600.000000 4028165.625000 -2531.565186 4 20
4212800.000000 4028165.625000 -2233.244385 5 20
4213000.000000 4028165.625000 -1939.397583 6 20
4213200.000000 4028165.625000 -1649.561035 7 20
4213400.000000 4028165.625000 -1359.019775 8 20
4213600.000000 4028165.625000 -1068.518311 9 20
4213800.000000 4028165.625000 -781.780090 10 20
4214000.000000 4028165.625000 -500.945770 11 20
4214200.000000 4028165.625000 -229.609222 12 20
4214400.000000 4028165.625000 32.882999 13 20
4214600.000000 4028165.625000 285.495117 14 20
4214800.000000 4028165.625000 529.572388 15 20
4215000.000000 4028165.625000 767.400146 16 20
4215200.000000 4028165.625000 1008.202515 17 20
4215400.000000 4028165.625000 1260.937134 18 20
4215600.000000 4028165.625000 1519.535400 19 20
4215800.000000 4028165.625000 1753.850586 20 20
4216000.000000 4028165.625000 1972.101563 21 20
4216200.000000 4028165.625000 2462.033691 22 20
4216400.000000 4028165.625000 2764.422363 23 20
4216600.000000 4028165.625000 2912.415527 24 20
4216800.000000 4028165.625000 3168.532715 25 20
4217000.000000 4028165.625000 3388.861084 26 20
4217200.000000 4028165.625000 3640.615234 27 20
4217400.000000 4028165.625000 3920.812988 28 20
4217600.000000 4028165.625000 4161.289063 29 20
4217800.000000 4028165.625000 4388.001953 30 20
4218000.000000 4028165.625000 4698.942383 31 20
4218200.000000 4028165.625000 5118.223145 32 20
4218400.000000 4028165.625000 5493.428223 33 20
4218600.000000 4028165.625000 5770.843750 34 20
4218800.000000 4028165.625000 5986.618652 35 20
4219000.000000 4028165.625000 6151.508301 36 20
4219200.000000 4028165.625000 6278.467285 37 20
4219400.000000 4028165.625000 6388.118164 38 20
4219600.000000 4028165.625000 6496.688477 39 20
4219800.000000 4028165.625000 6603.396484 40 20
4220000.000000 4028165.625000 6703.135254 41 20
4220200.000000 4028165.625000 6788.522461 42 20
4212000.000000 4028537.500000 -3378.890137 1 21
4212200.000000 4028537.500000 -3061.261719 2 21
4212400.000000 4028537.500000 -2749.395752 3 21
4212600.000000 4028537.500000 -2443.137451 4 21
4212800.000000 4028537.500000 -2143.293457 5 21
4213000.000000 4028537.500000 -1847.724121 6 21
4213200.000000 4028537.500000 -1555.479980 7 21
4213400.000000 4028537.500000 -1263.425293 8 21
4213600.000000 4028537.500000 -971.882202 9 21
4213800.000000 4028537.500000 -683.747314 10 21
4214000.000000 4028537.500000 -401.813843 11 21
4214200.000000 4028537.500000 -129.397369 12 21
4214400.000000 4028537.500000 133.656097 13 21
4214600.000000 4028537.500000 385.539978 14 21
4214800.000000 4028537.500000 627.297729 15 21
4215000.000000 4028537.500000 863.085327 16 21
4215200.000000 4028537.500000 1106.066284 17 21
4215400.000000 4028537.500000 1370.708374 18 21
4215600.000000 4028537.500000 1660.523193 19 21
4215800.000000 4028537.500000 1917.367798 20 21
4216000.000000 4028537.500000 2083.171387 21 21
4216200.000000 4028537.500000 2465.560303 22 21
4216400.000000 4028537.500000 2744.554932 23 21
4216600.000000 4028537.500000 2923.500244 24 21
4216800.000000 4028537.500000 3175.336426 25 21
4217000.000000 4028537.500000 3421.041748 26 21
4217200.000000 4028537.500000 3702.324707 27 21
4217400.000000 4028537.500000 3968.681885 28 21
4217600.000000 4028537.500000 4252.182129 29 21
4217800.000000 4028537.500000 4526.396973 30 21
4218000.000000 4028537.500000 4797.044922 31 21
4218200.000000 4028537.500000 5120.710938 32 21
4218400.000000 4028537.500000 5443.419434 33 21
4218600.000000 4028537.500000 5735.535645 34 21
4218800.000000 4028537.500000 5992.520996 35 21
4219000.000000 4028537.500000 6196.772949 36 21
4219200.000000 4028537.500000 6357.338379 37 21
4219400.000000 4028537.500000 6494.483398 38 21
4219600.000000 4028537.500000 6621.650391 39 21
4219800.000000 4028537.500000 6741.199707 40 21
4220000.000000 4028537.500000 6851.382324 41 21
4220200.000000 4028537.500000 6948.516602 42 21
4212000.000000 4028909.375000 -3282.874023 1 22
4212200.000000 4028909.375000 -2964.022217 2 22
4212400.000000 4028909.375000 -2650.854004 3 22
4212600.000000 4028909.375000 -2343.161133 4 22
4212800.000000 4028909.375000 -2042.208374 5 22
4213000.000000 4028909.375000 -1745.319336 6 22
4213200.000000 4028909.375000 -1450.580078 7 22
4213400.000000 4028909.375000 -1156.878052 8 22
4213600.000000 4028909.375000 -864.074158 9 22
4213800.000000 4028909.375000 -574.704407 10 22
4214000.000000 4028909.375000 -291.278809 11 22
4214200.000000 4028909.375000 -16.130138 12 22
4214400.000000 4028909.375000 250.387146 13 22
4214600.000000 4028909.375000 506.453247 14 22
4214800.000000 4028909.375000 751.632202 15 22
4215000.000000 4028909.375000 989.345520 16 22
4215200.000000 4028909.375000 1231.683838 17 22
4215400.000000 4028909.375000 1495.123779 18 22
4215600.000000 4028909.375000 1781.002441 19 22
4215800.000000 4028909.375000 2053.017822 20 22
4216000.000000 4028909.375000 2289.638916 21 22
4216200.000000 4028909.375000 2589.147949 22 22
4216400.000000 4028909.375000 2824.786621 23 22
4216600.000000 4028909.375000 3024.789307 24 22
4216800.000000 4028909.375000 3314.152588 25 22
4217000.000000 4028909.375000 3609.043945 26 22
4217200.000000 4028909.375000 3849.204834 27 22
4217400.000000 4028909.375000 4110.133789 28 22
4217600.000000 4028909.375000 4444.508301 29 22
4217800.000000 4028909.375000 4693.781250 30 22
4218000.000000 4028909.375000 4874.569336 31 22
4218200.000000 4028909.375000 5139.114746 32 22
4218400.000000 4028909.375000 5442.414551 33 22
4218600.000000 4028909.375000 5746.003906 34 22
4218800.000000 4028909.375000 6026.277832 35 22
4219000.000000 4028909.375000 6258.276367 36 22
4219200.000000 4028909.375000 6447.577637 37 22
4219400.000000 4028909.375000 6610.712402 38 22
4219600.000000 4028909.375000 6758.508789 39 22
4219800.000000 4028909.375000 6892.318848 40 22
4220000.000000 4028909.375000 7015.762207 41 22
4220200.000000 4028909.375000 7127.872559 42 22
4212000.000000 4029281.250000 -3176.471924 1 23
4212200.000000 4029281.250000 -2856.364990 2 23
4212400.000000 4029281.250000 -2541.867676 3 23
4212600.000000 4029281.250000 -2232.719727 4 23
4212800.000000 4029281.250000 -1930.132202 5 23
4213000.000000 4029281.250000 -1631.956299 6 23
4213200.000000 4029281.250000 -1335.723755 7 23
4213400.000000 4029281.250000 -1040.344482 8 23
4213600.000000 4029281.250000 -745.795654 9 23
4213800.000000 4029281.250000 -454.757477 10 23
4214000.000000 4029281.250000 -169.777222 11 23
4214200.000000 4029281.250000 107.899529 12 23
4214400.000000 4029281.250000 381.292389 13 23
4214600.000000 4029281.250000 647.819397 14 23
4214800.000000 4029281.250000 904.499329 15 23
4215000.000000 4029281.250000 1149.718628 16 23
4215200.000000 4029281.250000 1392.463257 17 23
4215400.000000 4029281.250000 1659.250854 18 23
4215600.000000 4029281.250000 1979.562622 19 23
4215800.000000 4029281.250000 2300.480957 20 23
4216000.000000 4029281.250000 2590.839600 21 23
4216200.000000 4029281.250000 2819.025635 22 23
4216400.000000 4029281.250000 3055.097412 23 23
4216600.000000 4029281.250000 3298.676270 24 23
4216800.000000 4029281.250000 3586.339600 25 23
4217000.000000 4029281.250000 3849.456543 26 23
4217200.000000 4029281.250000 4015.535156 27 23
4217400.000000 4029281.250000 4253.085938 28 23
4217600.000000 4029281.250000 4543.814453 29 23
4217800.000000 4029281.250000 4741.576660 30 23
4218000.000000 4029281.250000 4897.358398 31 23
4218200.000000 4029281.250000 5178.559570 32 23
4218400.000000 4029281.250000 5507.613281 33 23
4218600.000000 4029281.250000 5824.687012 34 23
4218800.000000 4029281.250000 6108.368164 35 23
4219000.000000 4029281.250000 6350.088379 36 23
4219200.000000 4029281.250000 6556.748047 37 23
4219400.000000 4029281.250000 6739.585938 38 23
4219600.000000 4029281.250000 6905.556152 39 23
4219800.000000 4029281.250000 7054.758301 40 23
4220000.000000 4029281.250000 7193.080078 41 23
4220200.000000 4029281.250000 7322.286133 42 23
4212000.000000 4029653.125000 -3060.190674 1 24
4212200.000000 4029653.125000 -2738.827637 2 24
4212400.000000 4029653.125000 -2423.531006 3 24
4212600.000000 4029653.125000 -2112.948242 4 24
4212800.000000 4029653.125000 -1808.809937 5 24
4213000.000000 4029653.125000 -1508.937012 6 24
4213200.000000 4029653.125000 -1211.363892 7 24
4213400.000000 4029653.125000 -914.047302 8 24
4213600.000000 4029653.125000 -618.082031 9 24
4213800.000000 4029653.125000 -325.777130 10 24
4214000.000000 4029653.125000 -39.554665 11 24
4214200.000000 4029653.125000 240.528732 12 24
4214400.000000 4029653.125000 523.393311 13 24
4214600.000000 4029653.125000 809.829773 14 24
4214800.000000 4029653.125000 1089.448486 15 24
4215000.000000 4029653.125000 1350.537354 16 24
4215200.000000 4029653.125000 1592.997559 17 24
4215400.000000 4029653.125000 1855.775146 18 24
4215600.000000 4029653.125000 2209.029053 19 24
4215800.000000 4029653.125000 2561.465332 20 24
4216000.000000 4029653.125000 2841.350830 21 24
4216200.000000 4029653.125000 3068.019775 22 24
4216400.000000 4029653.125000 3378.546387 23 24
4216600.000000 4029653.125000 3640.238281 24 24
4216800.000000 4029653.125000 3841.702881 25 24
4217000.000000 4029653.125000 4012.693848 26 24
4217200.000000 4029653.125000 4186.310547 27 24
4217400.000000 4029653.125000 4418.555664 28 24
4217600.000000 4029653.125000 4624.749023 29 24
4217800.000000 4029653.125000 4787.859863 30 24
4218000.000000 4029653.125000 4975.451172 31 24
4218200.000000 4029653.125000 5288.105469 32 24
4218400.000000 4029653.125000 5635.542969 33 24
4218600.000000 4029653.125000 5954.954590 34 24
4218800.000000 4029653.125000 6229.434082 35 24
4219000.000000 4029653.125000 6470.102051 36 24
4219200.000000 4029653.125000 6684.947266 37 24
4219400.000000 4029653.125000 6880.683594 38 24
4219600.000000 4029653.125000 7060.990723 39 24
4219800.000000 4029653.125000 7225.956055 40 24
4220000.000000 4029653.125000 7380.140625 41 24
4220200.000000 4029653.125000 7526.933105 42 24
4212000.000000 4030025.000000 -2933.049316 1 25
4212200.000000 4030025.000000 -2610.968506 2 25
4212400.000000 4030025.000000 -2295.403076 3 25
4212600.000000 4030025.000000 -1984.520874 4 25
4212800.000000 4030025.000000 -1678.989502 5 25
4213000.000000 4030025.000000 -1377.645264 6 25
4213200.000000 4030025.000000 -1078.032104 7 25
4213400.000000 4030025.000000 -779.218933 8 25
4213600.000000 4030025.000000 -481.923523 9 25
4213800.000000 4030025.000000 -188.980133 10 25
4214000.000000 4030025.000000 98.224770 11 25
4214200.000000 4030025.000000 381.147278 12 25
4214400.000000 4030025.000000 677.666870 13 25
4214600.000000 4030025.000000 991.814758 14 25
4214800.000000 4030025.000000 1306.777832 15 25
4215000.000000 4030025.000000 1597.942017 16 25
4215200.000000 4030025.000000 1851.769287 17 25
4215400.000000 4030025.000000 2118.130371 18 25
4215600.000000 4030025.000000 2448.815674 19 25
4215800.000000 4030025.000000 2773.019287 20 25
4216000.000000 4030025.000000 3045.243652 21 25
4216200.000000 4030025.000000 3303.520020 22 25
4216400.000000 4030025.000000 3621.513672 23 25
4216600.000000 4030025.000000 3869.772461 24 25
4216800.000000 4030025.000000 4052.782471 25 25
4217000.000000 4030025.000000 4238.576660 26 25
4217200.000000 4030025.000000 4497.330566 27 25
4217400.000000 4030025.000000 4732.822754 28 25
4217600.000000 4030025.000000 4886.416992 29 25
4217800.000000 4030025.000000 5025.155273 30 25
4218000.000000 4030025.000000 5212.845215 31 25
4218200.000000 4030025.000000 5492.423828 32 25
4218400.000000 4030025.000000 5809.093750 33 25
4218600.000000 4030025.000000 6107.755371 34 25
4218800.000000 4030025.000000 6370.159180 35 25
4219000.000000 4030025.000000 6608.508789 36 25
4219200.000000 4030025.000000 6828.125977 37 25
4219400.000000 4030025.000000 7033.221191 38 25
4219600.000000 4030025.000000 7225.811523 39 25
4219800.000000 4030025.000000 7405.265137 40 25
4220000.000000 4030025.000000 7575.621582 41 25
4220200.000000 4030025.000000 7739.417969 42 25
4212000.000000 4030396.875000 -2795.020020 1 26
4212200.000000 4030396.875000 -2472.788086 2 26
4212400.000000 4030396.875000 -2157.105957 3 26
4212600.000000 4030396.875000 -1845.565186 4 26
4212800.000000 4030396.875000 -1539.385742 5 26
4213000.000000 4030396.875000 -1236.906738 6 26
4213200.000000 4030396.875000 -935.732849 7 26
4213400.000000 4030396.875000 -635.493530 8 26
4213600.000000 4030396.875000 -337.522888 9 26
4213800.000000 4030396.875000 -43.964321 10 26
4214000.000000 4030396.875000 243.322083 11 26
4214200.000000 4030396.875000 529.755066 12 26
4214400.000000 4030396.875000 840.961975 13 26
4214600.000000 4030396.875000 1185.391357 14 26
4214800.000000 4030396.875000 1539.829590 15 26
4215000.000000 4030396.875000 1868.118530 16 26
4215200.000000 4030396.875000 2151.847168 17 26
4215400.000000 4030396.875000 2477.461426 18 26
4215600.000000 4030396.875000 2756.433105 19 26
4215800.000000 4030396.875000 2978.080566 20 26
4216000.000000 4030396.875000 3247.251465 21 26
4216200.000000 4030396.875000 3567.496338 22 26
4216400.000000 4030396.875000 3833.613281 23 26
4216600.000000 4030396.875000 4026.665771 24 26
4216800.000000 4030396.875000 4230.120117 25 26
4217000.000000 4030396.875000 4506.874023 26 26
4217200.000000 4030396.875000 4841.177246 27 26
4217400.000000 4030396.875000 5076.593750 28 26
4217600.000000 4030396.875000 5207.734863 29 26
4217800.000000 4030396.875000 5331.739746 30 26
4218000.000000 4030396.875000 5498.858887 31 26
4218200.000000 4030396.875000 5729.501953 32 26
4218400.000000 4030396.875000 5997.347168 33 26
4218600.000000 4030396.875000 6266.538086 34 26
4218800.000000 4030396.875000 6519.758301 35 26
4219000.000000 4030396.875000 6758.360352 36 26
4219200.000000 4030396.875000 6983.405762 37 26
4219400.000000 4030396.875000 7196.944824 38 26
4219600.000000 4030396.875000 7400.251465 39 26
4219800.000000 4030396.875000 7592.820313 40 26
4220000.000000 4030396.875000 7778.133789 41 26
4220200.000000 4030396.875000 7957.278809 42 26
4212000.000000 4030768.750000 -2646.574707 1 27
4212200.000000 4030768.750000 -2324.335205 2 27
4212400.000000 4030768.750000 -2008.689453 3 27
4212600.000000 4030768.750000 -1696.739258 4 27
4212800.000000 4030768.750000 -1390.727173 5 27
4213000.000000 4030768.750000 -1087.523926 6 27
4213200.000000 4030768.750000 -785.260437 7 27
4213400.000000 4030768.750000 -483.660431 8 27
4213600.000000 4030768.750000 -184.045364 9 27
4213800.000000 4030768.750000 110.810982 10 27
4214000.000000 4030768.750000 399.919739 11 27
4214200.000000 4030768.750000 690.172546 12 27
4214400.000000 4030768.750000 1011.313416 13 27
4214600.000000 4030768.750000 1373.977417 14 27
4214800.000000 4030768.750000 1749.729248 15 27
4215000.000000 4030768.750000 2072.393066 16 27
4215200.000000 4030768.750000 2271.959961 17 27
4215400.000000 4030768.750000 2631.152832 18 27
4215600.000000 4030768.750000 2912.243164 19 27
4215800.000000 4030768.750000 3122.451416 20 27
4216000.000000 4030768.750000 3413.456299 21 27
4216200.000000 4030768.750000 3748.458008 22 27
4216400.000000 4030768.750000 3958.489746 23 27
4216600.000000 4030768.750000 4105.762695 24 27
4216800.000000 4030768.750000 4333.000000 25 27
4217000.000000 4030768.750000 4673.156738 26 27
4217200.000000 4030768.750000 5032.417969 27 27
4217400.000000 4030768.750000 5294.850098 28 27
4217600.000000 4030768.750000 5465.141602 29 27
4217800.000000 4030768.750000 5608.370605 30 27
4218000.000000 4030768.750000 5767.759277 31 27
4218200.000000 4030768.750000 5964.922852 32 27
4218400.000000 4030768.750000 6193.822754 33 27
4218600.000000 4030768.750000 6437.396973 34 27
4218800.000000 4030768.750000 6682.156738 35 27
4219000.000000 4030768.750000 6920.858398 36 27
4219200.000000 4030768.750000 7151.319824 37 27
4219400.000000 4030768.750000 7372.753418 38 27
4219600.000000 4030768.750000 7585.791992 39 27
4219800.000000 4030768.750000 7789.120605 40 27
4220000.000000 4030768.750000 7986.643066 41 27
4220200.000000 4030768.750000 8179.471191 42 27
4212000.000000 4031140.625000 -2487.164307 1 28
4212200.000000 4031140.625000 -2166.578369 2 28
4212400.000000 4031140.625000 -1851.174072 3 28
4212600.000000 4031140.625000 -1539.586182 4 28
4212800.000000 4031140.625000 -1233.596436 5 28
4213000.000000 4031140.625000 -929.605957 6 28
4213200.000000 4031140.625000 -627.256226 7 28
4213400.000000 4031140.625000 -324.259674 8 28
4213600.000000 4031140.625000 -22.323795 9 28
4213800.000000 4031140.625000 275.117584 10 28
4214000.000000 4031140.625000 567.137207 11 28
4214200.000000 4031140.625000 859.854248 12 28
4214400.000000 4031140.625000 1179.665283 13 28
4214600.000000 4031140.625000 1540.032471 14 28
4214800.000000 4031140.625000 1916.977661 15 28
4215000.000000 4031140.625000 2193.986328 16 28
4215200.000000 4031140.625000 2240.203613 17 28
4215400.000000 4031140.625000 2605.099121 18 28
4215600.000000 4031140.625000 2948.111572 19 28
4215800.000000 4031140.625000 3188.082031 20 28
4216000.000000 4031140.625000 3437.130859 21 28
4216200.000000 4031140.625000 3727.342773 22 28
4216400.000000 4031140.625000 3975.474854 23 28
4216600.000000 4031140.625000 4182.410645 24 28
4216800.000000 4031140.625000 4457.010742 25 28
4217000.000000 4031140.625000 4821.482910 26 28
4217200.000000 4031140.625000 5180.379883 27 28
4217400.000000 4031140.625000 5465.054688 28 28
4217600.000000 4031140.625000 5674.348145 29 28
4217800.000000 4031140.625000 5843.144043 30 28
4218000.000000 4031140.625000 6005.343750 31 28
4218200.000000 4031140.625000 6186.478027 32 28
4218400.000000 4031140.625000 6393.047852 33 28
4218600.000000 4031140.625000 6619.948242 34 28
4218800.000000 4031140.625000 6858.607910 35 28
4219000.000000 4031140.625000 7097.799316 36 28
4219200.000000 4031140.625000 7332.233887 37 28
4219400.000000 4031140.625000 7559.774414 38 28
4219600.000000 4031140.625000 7780.711426 39 28
4219800.000000 4031140.625000 7993.531250 40 28
4220000.000000 4031140.625000 8201.552734 41 28
4220200.000000 4031140.625000 8405.416016 42 28
4212000.000000 4031512.500000 -2316.719482 1 29
4212200.000000 4031512.500000 -1998.486450 2 29
4212400.000000 4031512.500000 -1684.029541 3 29
4212600.000000 4031512.500000 -1373.104736 4 29
4212800.000000 4031512.500000 -1067.493774 5 29
4213000.000000 4031512.500000 -764.114075 6 29
4213200.000000 4031512.500000 -461.620361 7 29
4213400.000000 4031512.500000 -157.054443 8 29
4213600.000000 4031512.500000 148.479492 9 29
4213800.000000 4031512.500000 449.207306 10 29
4214000.000000 4031512.500000 742.628540 11 29
4214200.000000 4031512.500000 1031.610474 12 29
4214400.000000 4031512.500000 1332.787231 13 29
4214600.000000 4031512.500000 1657.772949 14 29
4214800.000000 4031512.500000 1995.261475 15 29
4215000.000000 4031512.500000 2247.902100 16 29
4215200.000000 4031512.500000 2285.754639 17 29
4215400.000000 4031512.500000 2625.918701 18 29
4215600.000000 4031512.500000 3010.222656 19 29
4215800.000000 4031512.500000 3312.067871 20 29
4216000.000000 4031512.500000 3535.739502 21 29
4216200.000000 4031512.500000 3786.930908 22 29
4216400.000000 4031512.500000 4074.591309 23 29
4216600.000000 4031512.500000 4349.375000 24 29
4216800.000000 4031512.500000 4654.630859 25 29
4217000.000000 4031512.500000 5003.815430 26 29
4217200.000000 4031512.500000 5341.854980 27 29
4217400.000000 4031512.500000 5628.603516 28 29
4217600.000000 4031512.500000 5857.086426 29 29
4217800.000000 4031512.500000 6046.169922 30 29
4218000.000000 4031512.500000 6218.166016 31 29
4218200.000000 4031512.500000 6396.983398 32 29
4218400.000000 4031512.500000 6594.660156 33 29
4218600.000000 4031512.500000 6814.591309 34 29
4218800.000000 4031512.500000 7050.335449 35 29
4219000.000000 4031512.500000 7289.440918 36 29
4219200.000000 4031512.500000 7526.552246 37 29
4219400.000000 4031512.500000 7758.068848 38 29
4219600.000000 4031512.500000 7984.701660 39 29
4219800.000000 4031512.500000 8205.832031 40 29
4220000.000000 4031512.500000 8422.714844 41 29
4220200.000000 4031512.500000 8635.500977 42 29
4212000.000000 4031884.375000 -2135.655518 1 30
4212200.000000 4031884.375000 -1819.948120 2 30
4212400.000000 4031884.375000 -1507.189575 3 30
4212600.000000 4031884.375000 -1196.664063 4 30
4212800.000000 4031884.375000 -891.256653 5 30
4213000.000000 4031884.375000 -588.882690 6 30
4213200.000000 4031884.375000 -287.058319 7 30
4213400.000000 4031884.375000 19.310436 8 30
4213600.000000 4031884.375000 328.831207 9 30
4213800.000000 4031884.375000 634.110535 10 30
4214000.000000 4031884.375000 928.497559 11 30
4214200.000000 4031884.375000 1208.591431 12 30
4214400.000000 4031884.375000 1476.089355 13 30
4214600.000000 4031884.375000 1737.840942 14 30
4214800.000000 4031884.375000 1996.731567 15 30
4215000.000000 4031884.375000 2236.426758 16 30
4215200.000000 4031884.375000 2449.648926 17 30
4215400.000000 4031884.375000 2801.358887 18 30
4215600.000000 4031884.375000 3146.380615 19 30
4215800.000000 4031884.375000 3469.555664 20 30
4216000.000000 4031884.375000 3716.368896 21 30
4216200.000000 4031884.375000 3972.433594 22 30
4216400.000000 4031884.375000 4264.098633 23 30
4216600.000000 4031884.375000 4560.943359 24 30
4216800.000000 4031884.375000 4871.483887 25 30
4217000.000000 4031884.375000 5197.309082 26 30
4217200.000000 4031884.375000 5511.876465 27 30
4217400.000000 4031884.375000 5792.096680 28 30
4217600.000000 4031884.375000 6028.692383 29 30
4217800.000000 4031884.375000 6232.793457 30 30
4218000.000000 4031884.375000 6417.821289 31 30
4218200.000000 4031884.375000 6603.862793 32 30
4218400.000000 4031884.375000 6802.761719 33 30
4218600.000000 4031884.375000 7021.486816 34 30
4218800.000000 4031884.375000 7256.374512 35 30
4219000.000000 4031884.375000 7495.896484 36 30
4219200.000000 4031884.375000 7734.284668 37 30
4219400.000000 4031884.375000 7969.242188 38 30
4219600.000000 4031884.375000 8199.976563 39 30
4219800.000000 4031884.375000 8426.817383 40 30
4220000.000000 4031884.375000 8649.990234 41 30
4220200.000000 4031884.375000 8870.121094 42 30
4212000.000000 4032256.250000 -1944.402466 1 31
4212200.000000 4032256.250000 -1630.895630 2 31
4212400.000000 4032256.250000 -1318.996460 3 31
4212600.000000 4032256.250000 -1009.132874 4 31
4212800.000000 4032256.250000 -704.695435 5 31
4213000.000000 4032256.250000 -403.080566 6 31
4213200.000000 4032256.250000 -101.709938 7 31
4213400.000000 4032256.250000 205.773239 8 31
4213600.000000 4032256.250000 519.748901 9 31
4213800.000000 4032256.250000 829.132690 10 31
4214000.000000 4032256.250000 1123.499146 11 31
4214200.000000 4032256.250000 1393.083984 12 31
4214400.000000 4032256.250000 1625.305542 13 31
4214600.000000 4032256.250000 1825.906738 14 31
4214800.000000 4032256.250000 2012.816772 15 31
4215000.000000 4032256.250000 2235.970215 16 31
4215200.000000 4032256.250000 2605.165771 17 31
4215400.000000 4032256.250000 2994.951172 18 31
4215600.000000 4032256.250000 3291.447021 19 31
4215800.000000 4032256.250000 3606.326416 20 31
4216000.000000 4032256.250000 3893.421631 21 31
4216200.000000 4032256.250000 4178.525391 22 31
4216400.000000 4032256.250000 4475.735840 23 31
4216600.000000 4032256.250000 4777.433105 24 31
4216800.000000 4032256.250000 5083.203125 25 31
4217000.000000 4032256.250000 5391.737305 26 31
4217200.000000 4032256.250000 5688.898926 27 31
4217400.000000 4032256.250000 5961.936523 28 31
4217600.000000 4032256.250000 6202.822266 29 31
4217800.000000 4032256.250000 6418.166992 30 31
4218000.000000 4032256.250000 6617.545898 31 31
4218200.000000 4032256.250000 6814.466309 32 31
4218400.000000 4032256.250000 7020.301758 33 31
4218600.000000 4032256.250000 7241.307617 34 31
4218800.000000 4032256.250000 7476.420410 35 31
4219000.000000 4032256.250000 7715.897949 36 31
4219200.000000 4032256.250000 7954.604980 37 31
4219400.000000 4032256.250000 8190.989258 38 31
4219600.000000 4032256.250000 8424.806641 39 31
4219800.000000 4032256.250000 8655.847656 40 31
4220000.000000 4032256.250000 8883.286133 41 31
4220200.000000 4032256.250000 9108.721680 42 31
4212000.000000 4032628.125000 -1746.861816 1 32
4212200.000000 4032628.125000 -1434.191040 2 32
4212400.000000 4032628.125000 -1123.830444 3 32
4212600.000000 4032628.125000 -815.770325 4 32
4212800.000000 4032628.125000 -511.505341 5 32
4213000.000000 4032628.125000 -208.874344 6 32
4213200.000000 4032628.125000 93.357430 7 32
4213400.000000 4032628.125000 403.332733 8 32
4213600.000000 4032628.125000 721.702698 9 32
4213800.000000 4032628.125000 1034.448486 10 32
4214000.000000 4032628.125000 1327.768311 11 32
4214200.000000 4032628.125000 1587.335938 12 32
4214400.000000 4032628.125000 1794.931885 13 32
4214600.000000 4032628.125000 1957.230225 14 32
4214800.000000 4032628.125000 2111.272461 15 32
4215000.000000 4032628.125000 2328.497314 16 32
4215200.000000 4032628.125000 2728.045166 17 32
4215400.000000 4032628.125000 3123.549316 18 32
4215600.000000 4032628.125000 3425.265625 19 32
4215800.000000 4032628.125000 3750.509277 20 32
4216000.000000 4032628.125000 4068.584717 21 32
4216200.000000 4032628.125000 4377.549805 22 32
4216400.000000 4032628.125000 4684.117188 23 32
4216600.000000 4032628.125000 4989.187988 24 32
4216800.000000 4032628.125000 5291.612793 25 32
4217000.000000 4032628.125000 5589.972656 26 32
4217200.000000 4032628.125000 5877.241699 27 32
4217400.000000 4032628.125000 6144.836426 28 32
4217600.000000 4032628.125000 6389.104980 29 32
4217800.000000 4032628.125000 6612.888184 30 32
4218000.000000 4032628.125000 6823.908691 31 32
4218200.000000 4032628.125000 7031.736328 32 32
4218400.000000 4032628.125000 7245.099121 33 32
4218600.000000 4032628.125000 7469.552246 34 32
4218800.000000 4032628.125000 7704.497070 35 32
4219000.000000 4032628.125000 7942.840332 36 32
4219200.000000 4032628.125000 8181.865723 37 32
4219400.000000 4032628.125000 8419.709961 38 32
4219600.000000 4032628.125000 8656.139648 39 32
4219800.000000 4032628.125000 8889.379883 40 32
4220000.000000 4032628.125000 9120.571289 41 32
4220200.000000 4032628.125000 9350.274414 42 32
4212000.000000 4033000.000000 -1545.988770 1 33
4212200.000000 4033000.000000 -1234.705444 2 33
4212400.000000 4033000.000000 -925.425232 3 33
4212600.000000 4033000.000000 -618.323547 4 33
4212800.000000 4033000.000000 -313.392853 5 33
4213000.000000 4033000.000000 -8.891669 6 33
4213200.000000 4033000.000000 297.588104 7 33
4213400.000000 4033000.000000 613.002197 8 33
4213600.000000 4033000.000000 936.798767 9 33
4213800.000000 4033000.000000 1252.497314 10 33
4214000.000000 4033000.000000 1542.453979 11 33
4214200.000000 4033000.000000 1788.524902 12 33
4214400.000000 4033000.000000 1975.842773 13 33
4214600.000000 4033000.000000 2121.159424 14 33
4214800.000000 4033000.000000 2276.333496 15 33
4215000.000000 4033000.000000 2501.913086 16 33
4215200.000000 4033000.000000 2860.327393 17 33
4215400.000000 4033000.000000 3235.920898 18 33
4215600.000000 4033000.000000 3571.402100 19 33
4215800.000000 4033000.000000 3914.687988 20 33
4216000.000000 4033000.000000 4251.776367 21 33
4216200.000000 4033000.000000 4577.280762 22 33
4216400.000000 4033000.000000 4893.223633 23 33
4216600.000000 4033000.000000 5202.101074 24 33
4216800.000000 4033000.000000 5503.811523 25 33
4217000.000000 4033000.000000 5797.704102 26 33
4217200.000000 4033000.000000 6079.017090 27 33
4217400.000000 4033000.000000 6344.462891 28 33
4217600.000000 4033000.000000 6590.209473 29 33
4217800.000000 4033000.000000 6819.713867 30 33
4218000.000000 4033000.000000 7038.038574 31 33
4218200.000000 4033000.000000 7253.503418 32 33
4218400.000000 4033000.000000 7473.080566 33 33
4218600.000000 4033000.000000 7700.743652 34 33
4218800.000000 4033000.000000 7935.223633 35 33
4219000.000000 4033000.000000 8173.335449 36 33
4219200.000000 4033000.000000 8412.685547 37 33
4219400.000000 4033000.000000 8651.489258 38 33
4219600.000000 4033000.000000 8889.509766 39 33
4219800.000000 4033000.000000 9125.931641 40 33
4220000.000000 4033000.000000 9360.843750 41 33
4220200.000000 4033000.000000 9594.295898 42 33
