# Type: scattered data
# Version: 6
# Description: No description
# Format: free
# Field: 1 x
# Field: 2 y
# Field: 3 z undefined
# Field: 4 column
# Field: 5 row
# Projection: Local Rectangular
# Units: undefined
# End:
# Information from grid:
# Grid_size: 28 x 59
# Grid_space: 4235625.000000,4238325.000000,4027133.000000,4032933.000000
# Scattered data: Not_available
# Z_field: z
# Vertical_faults: Not_available
# History: No history
# Z_units: undefined
4237525.000000 4027233.000000 3307.138916 20 2
4237625.000000 4027233.000000 3492.573975 21 2
4237425.000000 4027333.000000 3162.837891 19 3
4237525.000000 4027333.000000 3351.110107 20 3
4237625.000000 4027333.000000 3540.108887 21 3
4237725.000000 4027333.000000 3729.604980 22 3
4237325.000000 4027433.000000 3007.217041 18 4
4237425.000000 4027433.000000 3200.405029 19 4
4237525.000000 4027433.000000 3396.041016 20 4
4237625.000000 4027433.000000 3587.615967 21 4
4237725.000000 4027433.000000 3775.944092 22 4
4237825.000000 4027433.000000 3965.946045 23 4
4237325.000000 4027533.000000 3048.602051 18 5
4237425.000000 4027533.000000 3244.711914 19 5
4237525.000000 4027533.000000 3443.669922 20 5
4237625.000000 4027533.000000 3634.066895 21 5
4237725.000000 4027533.000000 3820.113037 22 5
4237825.000000 4027533.000000 4005.958008 23 5
4237225.000000 4027633.000000 2910.179932 17 6
4237325.000000 4027633.000000 3096.310059 18 6
4237425.000000 4027633.000000 3292.698975 19 6
4237525.000000 4027633.000000 3491.379883 20 6
4237625.000000 4027633.000000 3682.857910 21 6
4237725.000000 4027633.000000 3869.637939 22 6
4237825.000000 4027633.000000 4056.335938 23 6
4237125.000000 4027733.000000 2774.665039 16 7
4237225.000000 4027733.000000 2956.180908 17 7
4237325.000000 4027733.000000 3145.989990 18 7
4237425.000000 4027733.000000 3342.250000 19 7
4237525.000000 4027733.000000 3540.308105 20 7
4237625.000000 4027733.000000 3735.197021 21 7
4237725.000000 4027733.000000 3925.923096 22 7
4237825.000000 4027733.000000 4111.736816 23 7
4237025.000000 4027833.000000 2632.802979 15 8
4237125.000000 4027833.000000 2816.095947 16 8
4237225.000000 4027833.000000 3003.708984 17 8
4237325.000000 4027833.000000 3195.783936 18 8
4237425.000000 4027833.000000 3392.312012 19 8
4237525.000000 4027833.000000 3590.041016 20 8
4237625.000000 4027833.000000 3787.877930 21 8
4237725.000000 4027833.000000 3980.139893 22 8
4237825.000000 4027833.000000 4162.630859 23 8
4237925.000000 4027833.000000 4340.354004 24 8
4237025.000000 4027933.000000 2674.024902 15 9
4237125.000000 4027933.000000 2860.758057 16 9
4237225.000000 4027933.000000 3050.704102 17 9
4237325.000000 4027933.000000 3244.221924 18 9
4237425.000000 4027933.000000 3441.410889 19 9
4237525.000000 4027933.000000 3640.965088 20 9
4237625.000000 4027933.000000 3840.681885 21 9
4237725.000000 4027933.000000 4031.604980 22 9
4237825.000000 4027933.000000 4210.321777 23 9
4237925.000000 4027933.000000 4383.375000 24 9
4236925.000000 4028033.000000 2535.099121 14 10
4237025.000000 4028033.000000 2718.113037 15 10
4237125.000000 4028033.000000 2905.732910 16 10
4237225.000000 4028033.000000 3097.275879 17 10
4237325.000000 4028033.000000 3292.683105 18 10
4237425.000000 4028033.000000 3491.964111 19 10
4237525.000000 4028033.000000 3695.175049 20 10
4237625.000000 4028033.000000 3895.280029 21 10
4237725.000000 4028033.000000 4082.569092 22 10
4237825.000000 4028033.000000 4257.077148 23 10
4237925.000000 4028033.000000 4425.928223 24 10
4236825.000000 4028133.000000 2379.221924 13 11
4236925.000000 4028133.000000 2566.626953 14 11
4237025.000000 4028133.000000 2758.444092 15 11
4237125.000000 4028133.000000 2951.565918 16 11
4237225.000000 4028133.000000 3145.095947 17 11
4237325.000000 4028133.000000 3342.113037 18 11
4237425.000000 4028133.000000 3543.810059 19 11
4237525.000000 4028133.000000 3749.943115 20 11
4237625.000000 4028133.000000 3949.695068 21 11
4237725.000000 4028133.000000 4132.959961 22 11
4237825.000000 4028133.000000 4305.670898 23 11
4237925.000000 4028133.000000 4475.154785 24 11
4236725.000000 4028233.000000 2236.472900 12 12
4236825.000000 4028233.000000 2422.073975 13 12
4236925.000000 4028233.000000 2610.837891 14 12
4237025.000000 4028233.000000 2803.457031 15 12
4237125.000000 4028233.000000 2998.184082 16 12
4237225.000000 4028233.000000 3193.303955 17 12
4237325.000000 4028233.000000 3392.232910 18 12
4237425.000000 4028233.000000 3596.916992 19 12
4237525.000000 4028233.000000 3805.437012 20 12
4237625.000000 4028233.000000 4003.728027 21 12
4237725.000000 4028233.000000 4183.254883 22 12
4237825.000000 4028233.000000 4354.174805 23 12
4237925.000000 4028233.000000 4524.088867 24 12
4236725.000000 4028333.000000 2269.797119 12 13
4236825.000000 4028333.000000 2464.264893 13 13
4236925.000000 4028333.000000 2656.964111 14 13
4237025.000000 4028333.000000 2850.604980 15 13
4237125.000000 4028333.000000 3045.934082 16 13
4237225.000000 4028333.000000 3242.152100 17 13
4237325.000000 4028333.000000 3443.275879 18 13
4237425.000000 4028333.000000 3653.287109 19 13
4237525.000000 4028333.000000 3862.514893 20 13
4237625.000000 4028333.000000 4056.315918 21 13
4237725.000000 4028333.000000 4232.873047 22 13
4237825.000000 4028333.000000 4402.438965 23 13
4237925.000000 4028333.000000 4574.268066 24 13
4238025.000000 4028333.000000 4748.801758 25 13
4236625.000000 4028433.000000 2098.139893 11 14
4236725.000000 4028433.000000 2305.854980 12 14
4236825.000000 4028433.000000 2509.822021 13 14
4236925.000000 4028433.000000 2705.063965 14 14
4237025.000000 4028433.000000 2898.667969 15 14
4237125.000000 4028433.000000 3094.028076 16 14
4237225.000000 4028433.000000 3291.706055 17 14
4237325.000000 4028433.000000 3495.670898 18 14
4237425.000000 4028433.000000 3709.525879 19 14
4237525.000000 4028433.000000 3919.340088 20 14
4237625.000000 4028433.000000 4109.861816 21 14
4237725.000000 4028433.000000 4282.685059 22 14
4237825.000000 4028433.000000 4451.804199 23 14
4237925.000000 4028433.000000 4626.021973 24 14
4238025.000000 4028433.000000 4802.979004 25 14
4236625.000000 4028533.000000 2144.550049 11 15
4236725.000000 4028533.000000 2352.577881 12 15
4236825.000000 4028533.000000 2557.375977 13 15
4236925.000000 4028533.000000 2753.613037 14 15
4237025.000000 4028533.000000 2947.445068 15 15
4237125.000000 4028533.000000 3142.465088 16 15
4237225.000000 4028533.000000 3341.576904 17 15
4237325.000000 4028533.000000 3548.541016 18 15
4237425.000000 4028533.000000 3764.665039 19 15
4237525.000000 4028533.000000 3972.654053 20 15
4237625.000000 4028533.000000 4158.293945 21 15
4237725.000000 4028533.000000 4330.083984 22 15
4237825.000000 4028533.000000 4501.057129 23 15
4237925.000000 4028533.000000 4678.834961 24 15
4238025.000000 4028533.000000 4859.081055 25 15
4236625.000000 4028633.000000 2194.591064 11 16
4236725.000000 4028633.000000 2402.816895 12 16
4236825.000000 4028633.000000 2605.562012 13 16
4236925.000000 4028633.000000 2801.867920 14 16
4237025.000000 4028633.000000 2995.982910 15 16
4237125.000000 4028633.000000 3191.168945 16 16
4237225.000000 4028633.000000 3391.748047 17 16
4237325.000000 4028633.000000 3602.435059 18 16
4237425.000000 4028633.000000 3820.970947 19 16
4237525.000000 4028633.000000 4026.745117 20 16
4237625.000000 4028633.000000 4207.182129 21 16
4237725.000000 4028633.000000 4377.475098 22 16
4237825.000000 4028633.000000 4552.389160 23 16
4237925.000000 4028633.000000 4734.127930 24 16
4238025.000000 4028633.000000 4918.693848 25 16
4236525.000000 4028733.000000 2038.225952 10 17
4236625.000000 4028733.000000 2243.833984 11 17
4236725.000000 4028733.000000 2451.031006 12 17
4236825.000000 4028733.000000 2652.753906 13 17
4236925.000000 4028733.000000 2849.767090 14 17
4237025.000000 4028733.000000 3044.920898 15 17
4237125.000000 4028733.000000 3240.622070 16 17
4237225.000000 4028733.000000 3443.097900 17 17
4237325.000000 4028733.000000 3659.835938 18 17
4237425.000000 4028733.000000 3878.521973 19 17
4237525.000000 4028733.000000 4078.145996 20 17
4237625.000000 4028733.000000 4256.314941 21 17
4237725.000000 4028733.000000 4427.666992 22 17
4237825.000000 4028733.000000 4606.558105 23 17
4237925.000000 4028733.000000 4792.703125 24 17
4238025.000000 4028733.000000 4981.659180 25 17
4238125.000000 4028733.000000 5169.277832 26 17
4236525.000000 4028833.000000 2086.334961 10 18
4236625.000000 4028833.000000 2292.415039 11 18
4236725.000000 4028833.000000 2499.050049 12 18
4236825.000000 4028833.000000 2700.291992 13 18
4236925.000000 4028833.000000 2897.770996 14 18
4237025.000000 4028833.000000 3094.175049 15 18
4237125.000000 4028833.000000 3290.925049 16 18
4237225.000000 4028833.000000 3496.020996 17 18
4237325.000000 4028833.000000 3715.863037 18 18
4237425.000000 4028833.000000 3932.907959 19 18
4237525.000000 4028833.000000 4128.914063 20 18
4237625.000000 4028833.000000 4305.979004 21 18
4237725.000000 4028833.000000 4479.568848 22 18
4237825.000000 4028833.000000 4662.945801 23 18
4237925.000000 4028833.000000 4852.070801 24 18
4238025.000000 4028833.000000 5042.714844 25 18
4238125.000000 4028833.000000 5231.844238 26 18
4238225.000000 4028833.000000 5420.726074 27 18
4236525.000000 4028933.000000 2134.514893 10 19
4236625.000000 4028933.000000 2341.747070 11 19
4236725.000000 4028933.000000 2547.853027 12 19
4236825.000000 4028933.000000 2748.352051 13 19
4236925.000000 4028933.000000 2945.893066 14 19
4237025.000000 4028933.000000 3141.840088 15 19
4237125.000000 4028933.000000 3340.783936 16 19
4237225.000000 4028933.000000 3549.464111 17 19
4237325.000000 4028933.000000 3772.145996 18 19
4237425.000000 4028933.000000 3987.862061 19 19
4237525.000000 4028933.000000 4178.653809 20 19
4237625.000000 4028933.000000 4355.855957 21 19
4237725.000000 4028933.000000 4533.631836 22 19
4237825.000000 4028933.000000 4720.650879 23 19
4237925.000000 4028933.000000 4912.600098 24 19
4238025.000000 4028933.000000 5104.494141 25 19
4238125.000000 4028933.000000 5295.480957 26 19
4238225.000000 4028933.000000 5484.933105 27 19
4236525.000000 4029033.000000 2184.564941 10 20
4236625.000000 4029033.000000 2392.236084 11 20
4236725.000000 4029033.000000 2596.320068 12 20
4236825.000000 4029033.000000 2795.920898 13 20
4236925.000000 4029033.000000 2993.261963 14 20
4237025.000000 4029033.000000 3189.635986 15 20
4237125.000000 4029033.000000 3391.313965 16 20
4237225.000000 4029033.000000 3605.491943 17 20
4237325.000000 4029033.000000 3830.083008 18 20
4237425.000000 4029033.000000 4042.156006 19 20
4237525.000000 4029033.000000 4228.817871 20 20
4237625.000000 4029033.000000 4405.818848 21 20
4237725.000000 4029033.000000 4588.820801 22 20
4237825.000000 4029033.000000 4779.207031 23 20
4237925.000000 4029033.000000 4973.611816 24 20
4238025.000000 4029033.000000 5168.791992 25 20
4238125.000000 4029033.000000 5362.507813 26 20
4236425.000000 4029133.000000 2030.749023 9 21
4236525.000000 4029133.000000 2234.093018 10 21
4236625.000000 4029133.000000 2440.732910 11 21
4236725.000000 4029133.000000 2643.574951 12 21
4236825.000000 4029133.000000 2843.185059 13 21
4236925.000000 4029133.000000 3041.427979 14 21
4237025.000000 4029133.000000 3238.460938 15 21
4237125.000000 4029133.000000 3443.085938 16 21
4237225.000000 4029133.000000 3665.187988 17 21
4237325.000000 4029133.000000 3890.489990 18 21
4237425.000000 4029133.000000 4095.645996 19 21
4237525.000000 4029133.000000 4279.832031 20 21
4237625.000000 4029133.000000 4458.733887 21 21
4237725.000000 4029133.000000 4645.868164 22 21
4237825.000000 4029133.000000 4839.342773 23 21
4237925.000000 4029133.000000 5036.536133 24 21
4238025.000000 4029133.000000 5235.312988 25 21
4238125.000000 4029133.000000 5430.924805 26 21
4236425.000000 4029233.000000 2080.610107 9 22
4236525.000000 4029233.000000 2283.209961 10 22
4236625.000000 4029233.000000 2488.955078 11 22
4236725.000000 4029233.000000 2691.104004 12 22
4236825.000000 4029233.000000 2890.644043 13 22
4236925.000000 4029233.000000 3089.507080 14 22
4237025.000000 4029233.000000 3288.466064 15 22
4237125.000000 4029233.000000 3496.704102 16 22
4237225.000000 4029233.000000 3723.698975 17 22
4237325.000000 4029233.000000 3948.574951 18 22
4237425.000000 4029233.000000 4147.538086 19 22
4237525.000000 4029233.000000 4330.773926 20 22
4237625.000000 4029233.000000 4513.184082 21 22
4237725.000000 4029233.000000 4704.232910 22 22
4237825.000000 4029233.000000 4901.210938 23 22
4237925.000000 4029233.000000 5101.520996 24 22
4238025.000000 4029233.000000 5303.607910 25 22
4236425.000000 4029333.000000 2128.957031 9 23
4236525.000000 4029333.000000 2331.665039 10 23
4236625.000000 4029333.000000 2536.704102 11 23
4236725.000000 4029333.000000 2739.750000 12 23
4236825.000000 4029333.000000 2940.958008 13 23
4236925.000000 4029333.000000 3140.251953 14 23
4237025.000000 4029333.000000 3340.048096 15 23
4237125.000000 4029333.000000 3551.675049 16 23
4237225.000000 4029333.000000 3781.645020 17 23
4237325.000000 4029333.000000 4005.132080 18 23
4237425.000000 4029333.000000 4199.842773 19 23
4237525.000000 4029333.000000 4382.055176 20 23
4237625.000000 4029333.000000 4569.285156 21 23
4237725.000000 4029333.000000 4764.105957 22 23
4237825.000000 4029333.000000 4964.354980 23 23
4237925.000000 4029333.000000 5169.817871 24 23
4238025.000000 4029333.000000 5374.004883 25 23
4236425.000000 4029433.000000 2180.378906 9 24
4236525.000000 4029433.000000 2381.303955 10 24
4236625.000000 4029433.000000 2584.449951 11 24
4236725.000000 4029433.000000 2788.658936 12 24
4236825.000000 4029433.000000 2991.081055 13 24
4236925.000000 4029433.000000 3189.895996 14 24
4237025.000000 4029433.000000 3392.238037 15 24
4237125.000000 4029433.000000 3609.687012 16 24
4237225.000000 4029433.000000 3840.809082 17 24
4237325.000000 4029433.000000 4060.535889 18 24
4237425.000000 4029433.000000 4253.007813 19 24
4237525.000000 4029433.000000 4436.902832 20 24
4237625.000000 4029433.000000 4627.821777 21 24
4237725.000000 4029433.000000 4826.155762 22 24
4237825.000000 4029433.000000 5029.785156 23 24
4237925.000000 4029433.000000 5238.764160 24 24
4238025.000000 4029433.000000 5443.753906 25 24
4236325.000000 4029533.000000 2037.266968 8 25
4236425.000000 4029533.000000 2230.681885 9 25
4236525.000000 4029533.000000 2429.376953 10 25
4236625.000000 4029533.000000 2632.468018 11 25
4236725.000000 4029533.000000 2838.508057 12 25
4236825.000000 4029533.000000 3042.278076 13 25
4236925.000000 4029533.000000 3241.451904 14 25
4237025.000000 4029533.000000 3447.028076 15 25
4237125.000000 4029533.000000 3671.225098 16 25
4237225.000000 4029533.000000 3901.042969 17 25
4237325.000000 4029533.000000 4112.764160 18 25
4237425.000000 4029533.000000 4304.685059 19 25
4237525.000000 4029533.000000 4491.381836 20 25
4237625.000000 4029533.000000 4686.446777 21 25
4237725.000000 4029533.000000 4889.133789 22 25
4237825.000000 4029533.000000 5097.328125 23 25
4237925.000000 4029533.000000 5309.354980 24 25
4236325.000000 4029633.000000 2088.028076 8 26
4236425.000000 4029633.000000 2279.956055 9 26
4236525.000000 4029633.000000 2476.667969 10 26
4236625.000000 4029633.000000 2682.105957 11 26
4236725.000000 4029633.000000 2889.569092 12 26
4236825.000000 4029633.000000 3093.127930 13 26
4236925.000000 4029633.000000 3293.773926 14 26
4237025.000000 4029633.000000 3503.071045 15 26
4237125.000000 4029633.000000 3730.579102 16 26
4237225.000000 4029633.000000 3956.957031 17 26
4237325.000000 4029633.000000 4163.536133 18 26
4237425.000000 4029633.000000 4355.899902 19 26
4237525.000000 4029633.000000 4546.458984 20 26
4237625.000000 4029633.000000 4743.973145 21 26
4237725.000000 4029633.000000 4948.583984 22 26
4237825.000000 4029633.000000 5162.872070 23 26
4237925.000000 4029633.000000 5379.659180 24 26
4236325.000000 4029733.000000 2136.434082 8 27
4236425.000000 4029733.000000 2329.312988 9 27
4236525.000000 4029733.000000 2526.979004 10 27
4236625.000000 4029733.000000 2733.593018 11 27
4236725.000000 4029733.000000 2941.697021 12 27
4236825.000000 4029733.000000 3143.112061 13 27
4236925.000000 4029733.000000 3345.697998 14 27
4237025.000000 4029733.000000 3559.677979 15 27
4237125.000000 4029733.000000 3790.410889 16 27
4237225.000000 4029733.000000 4013.635010 17 27
4237325.000000 4029733.000000 4216.237793 18 27
4237425.000000 4029733.000000 4408.101074 19 27
4237525.000000 4029733.000000 4602.856934 20 27
4237625.000000 4029733.000000 4802.514160 21 27
4237725.000000 4029733.000000 5009.309082 22 27
4237825.000000 4029733.000000 5224.544922 23 27
4237925.000000 4029733.000000 5439.220215 24 27
4236325.000000 4029833.000000 2185.579102 8 28
4236425.000000 4029833.000000 2379.916992 9 28
4236525.000000 4029833.000000 2579.590088 10 28
4236625.000000 4029833.000000 2785.324951 11 28
4236725.000000 4029833.000000 2991.756104 12 28
4236825.000000 4029833.000000 3192.670898 13 28
4236925.000000 4029833.000000 3397.455078 14 28
4237025.000000 4029833.000000 3617.852051 15 28
4237125.000000 4029833.000000 3852.075928 16 28
4237225.000000 4029833.000000 4071.030029 17 28
4237325.000000 4029833.000000 4270.884766 18 28
4237425.000000 4029833.000000 4464.043945 19 28
4237525.000000 4029833.000000 4660.287109 20 28
4237625.000000 4029833.000000 4861.296875 21 28
4237725.000000 4029833.000000 5069.648926 22 28
4237825.000000 4029833.000000 5285.366211 23 28
4237925.000000 4029833.000000 5497.152832 24 28
4236225.000000 4029933.000000 2041.776001 7 29
4236325.000000 4029933.000000 2235.709961 8 29
4236425.000000 4029933.000000 2431.452881 9 29
4236525.000000 4029933.000000 2631.868896 10 29
4236625.000000 4029933.000000 2836.750977 11 29
4236725.000000 4029933.000000 3041.631104 12 29
4236825.000000 4029933.000000 3243.157959 13 29
4236925.000000 4029933.000000 3450.954102 14 29
4237025.000000 4029933.000000 3676.843994 15 29
4237125.000000 4029933.000000 3908.620117 16 29
4237225.000000 4029933.000000 4123.457031 17 29
4237325.000000 4029933.000000 4322.265137 18 29
4237425.000000 4029933.000000 4518.897949 19 29
4237525.000000 4029933.000000 4716.814941 20 29
4237625.000000 4029933.000000 4920.020996 21 29
4237725.000000 4029933.000000 5130.215820 22 29
4237825.000000 4029933.000000 5345.948242 23 29
4236225.000000 4030033.000000 2089.868896 7 30
4236325.000000 4030033.000000 2285.403076 8 30
4236425.000000 4030033.000000 2483.361084 9 30
4236525.000000 4030033.000000 2684.202881 10 30
4236625.000000 4030033.000000 2888.050049 11 30
4236725.000000 4030033.000000 3091.408936 12 30
4236825.000000 4030033.000000 3294.125000 13 30
4236925.000000 4030033.000000 3504.437012 14 30
4237025.000000 4030033.000000 3732.233887 15 30
4237125.000000 4030033.000000 3960.716064 16 30
4237225.000000 4030033.000000 4169.199219 17 30
4237325.000000 4030033.000000 4366.145996 18 30
4237425.000000 4030033.000000 4565.261230 19 30
4237525.000000 4030033.000000 4768.504883 20 30
4237625.000000 4030033.000000 4976.985840 21 30
4237725.000000 4030033.000000 5189.721191 22 30
4237825.000000 4030033.000000 5405.698242 23 30
4236225.000000 4030133.000000 2136.770996 7 31
4236325.000000 4030133.000000 2333.039063 8 31
4236425.000000 4030133.000000 2532.218994 9 31
4236525.000000 4030133.000000 2733.998047 10 31
4236625.000000 4030133.000000 2937.879883 11 31
4236725.000000 4030133.000000 3141.083008 12 31
4236825.000000 4030133.000000 3345.043945 13 31
4236925.000000 4030133.000000 3557.946045 14 31
4237025.000000 4030133.000000 3784.775879 15 31
4237125.000000 4030133.000000 4008.279053 16 31
4237225.000000 4030133.000000 4212.930176 17 31
4237325.000000 4030133.000000 4409.311035 18 31
4237425.000000 4030133.000000 4609.990234 19 31
4237525.000000 4030133.000000 4815.280762 20 31
4237625.000000 4030133.000000 5024.603027 21 31
4237725.000000 4030133.000000 5240.020020 22 31
4237825.000000 4030133.000000 5456.500000 23 31
4236225.000000 4030233.000000 2182.747070 7 32
4236325.000000 4030233.000000 2378.831055 8 32
4236425.000000 4030233.000000 2578.257080 9 32
4236525.000000 4030233.000000 2781.043945 10 32
4236625.000000 4030233.000000 2984.668945 11 32
4236725.000000 4030233.000000 3187.574951 12 32
4236825.000000 4030233.000000 3393.968994 13 32
4236925.000000 4030233.000000 3610.856934 14 32
4237025.000000 4030233.000000 3836.831055 15 32
4237125.000000 4030233.000000 4054.968994 16 32
4237225.000000 4030233.000000 4256.296875 17 32
4237325.000000 4030233.000000 4452.140137 18 32
4237425.000000 4030233.000000 4654.681152 19 32
4237525.000000 4030233.000000 4861.668945 20 32
4237625.000000 4030233.000000 5071.862793 21 32
4237725.000000 4030233.000000 5285.645020 22 32
4236125.000000 4030333.000000 2034.708008 6 33
4236225.000000 4030333.000000 2228.733887 7 33
4236325.000000 4030333.000000 2425.385986 8 33
4236425.000000 4030333.000000 2625.310059 9 33
4236525.000000 4030333.000000 2828.107910 10 33
4236625.000000 4030333.000000 3031.339111 11 33
4236725.000000 4030333.000000 3233.642090 12 33
4236825.000000 4030333.000000 3441.584961 13 33
4236925.000000 4030333.000000 3664.069092 14 33
4237025.000000 4030333.000000 3889.866943 15 33
4237125.000000 4030333.000000 4101.988770 16 33
4237225.000000 4030333.000000 4300.020996 17 33
4237325.000000 4030333.000000 4496.025879 18 33
4237425.000000 4030333.000000 4700.008789 19 33
4237525.000000 4030333.000000 4908.683105 20 33
4237625.000000 4030333.000000 5119.024902 21 33
4237725.000000 4030333.000000 5331.236816 22 33
4236125.000000 4030433.000000 2080.206055 6 34
4236225.000000 4030433.000000 2273.983887 7 34
4236325.000000 4030433.000000 2471.187012 8 34
4236425.000000 4030433.000000 2672.264893 9 34
4236525.000000 4030433.000000 2875.254883 10 34
4236625.000000 4030433.000000 3077.950928 11 34
4236725.000000 4030433.000000 3280.426025 12 34
4236825.000000 4030433.000000 3490.449951 13 34
4236925.000000 4030433.000000 3715.789063 14 34
4237025.000000 4030433.000000 3940.216064 15 34
4237125.000000 4030433.000000 4146.548828 16 34
4237225.000000 4030433.000000 4342.300781 17 34
4237325.000000 4030433.000000 4539.188965 18 34
4237425.000000 4030433.000000 4744.738770 19 34
4237525.000000 4030433.000000 4954.740234 20 34
4237625.000000 4030433.000000 5164.689941 21 34
4237725.000000 4030433.000000 5376.308105 22 34
4236125.000000 4030533.000000 2124.510010 6 35
4236225.000000 4030533.000000 2319.410889 7 35
4236325.000000 4030533.000000 2517.889893 8 35
4236425.000000 4030533.000000 2719.309082 9 35
4236525.000000 4030533.000000 2922.066895 10 35
4236625.000000 4030533.000000 3124.314941 11 35
4236725.000000 4030533.000000 3327.252930 12 35
4236825.000000 4030533.000000 3539.562012 13 35
4236925.000000 4030533.000000 3766.938965 14 35
4237025.000000 4030533.000000 3989.541992 15 35
4237125.000000 4030533.000000 4190.845215 16 35
4237225.000000 4030533.000000 4383.737793 17 35
4237325.000000 4030533.000000 4582.354004 18 35
4237425.000000 4030533.000000 4788.395996 19 35
4237525.000000 4030533.000000 4998.089844 20 35
4237625.000000 4030533.000000 5208.479980 21 35
4237725.000000 4030533.000000 5420.151855 22 35
4236125.000000 4030633.000000 2169.603027 6 36
4236225.000000 4030633.000000 2365.075928 7 36
4236325.000000 4030633.000000 2563.989990 8 36
4236425.000000 4030633.000000 2765.946045 9 36
4236525.000000 4030633.000000 2968.718994 10 36
4236625.000000 4030633.000000 3169.674072 11 36
4236725.000000 4030633.000000 3373.960938 12 36
4236825.000000 4030633.000000 3590.340088 13 36
4236925.000000 4030633.000000 3818.852051 14 36
4237025.000000 4030633.000000 4037.632080 15 36
4237125.000000 4030633.000000 4235.194824 16 36
4237225.000000 4030633.000000 4426.375000 17 36
4237325.000000 4030633.000000 4625.412109 18 36
4237425.000000 4030633.000000 4832.087891 19 36
4237525.000000 4030633.000000 5041.880859 20 36
4237625.000000 4030633.000000 5251.701172 21 36
4237725.000000 4030633.000000 5462.839844 22 36
4236025.000000 4030733.000000 2021.005005 5 37
4236125.000000 4030733.000000 2213.596924 6 37
4236225.000000 4030733.000000 2409.650879 7 37
4236325.000000 4030733.000000 2609.164063 8 37
4236425.000000 4030733.000000 2811.791016 9 37
4236525.000000 4030733.000000 3014.875000 10 37
4236625.000000 4030733.000000 3215.259033 11 37
4236725.000000 4030733.000000 3421.409912 12 37
4236825.000000 4030733.000000 3641.302979 13 37
4236925.000000 4030733.000000 3871.562012 14 37
4237025.000000 4030733.000000 4084.927002 15 37
4237125.000000 4030733.000000 4278.835938 16 37
4237225.000000 4030733.000000 4468.788086 17 37
4237325.000000 4030733.000000 4669.063965 18 37
4237425.000000 4030733.000000 4875.946777 19 37
4237525.000000 4030733.000000 5084.761230 20 37
4237625.000000 4030733.000000 5294.812012 21 37
4236025.000000 4030833.000000 2063.470947 5 38
4236125.000000 4030833.000000 2256.895996 6 38
4236225.000000 4030833.000000 2453.275879 7 38
4236325.000000 4030833.000000 2653.731934 8 38
4236425.000000 4030833.000000 2856.318115 9 38
4236525.000000 4030833.000000 3058.433105 10 38
4236625.000000 4030833.000000 3259.177979 11 38
4236725.000000 4030833.000000 3467.490967 12 38
4236825.000000 4030833.000000 3691.708008 13 38
4236925.000000 4030833.000000 3919.267090 14 38
4237025.000000 4030833.000000 4128.456055 15 38
4237125.000000 4030833.000000 4320.498047 16 38
4237225.000000 4030833.000000 4510.853027 17 38
4237325.000000 4030833.000000 4712.395996 18 38
4237425.000000 4030833.000000 4919.782227 19 38
4237525.000000 4030833.000000 5128.401855 20 38
4237625.000000 4030833.000000 5338.213867 21 38
4236025.000000 4030933.000000 2105.427979 5 39
4236125.000000 4030933.000000 2299.550049 6 39
4236225.000000 4030933.000000 2496.308105 7 39
4236325.000000 4030933.000000 2697.802979 8 39
4236425.000000 4030933.000000 2900.379883 9 39
4236525.000000 4030933.000000 3101.169922 10 39
4236625.000000 4030933.000000 3301.355957 11 39
4236725.000000 4030933.000000 3510.943115 12 39
4236825.000000 4030933.000000 3738.693115 13 39
4236925.000000 4030933.000000 3964.664063 14 39
4237025.000000 4030933.000000 4168.549805 15 39
4237125.000000 4030933.000000 4359.791016 16 39
4237225.000000 4030933.000000 4553.014160 17 39
4237325.000000 4030933.000000 4754.937012 18 39
4237425.000000 4030933.000000 4962.495117 19 39
4237525.000000 4030933.000000 5171.080078 20 39
4237625.000000 4030933.000000 5380.847168 21 39
4236025.000000 4031033.000000 2147.250977 5 40
4236125.000000 4031033.000000 2342.166992 6 40
4236225.000000 4031033.000000 2539.909912 7 40
4236325.000000 4031033.000000 2741.779053 8 40
4236425.000000 4031033.000000 2944.038086 9 40
4236525.000000 4031033.000000 3141.889893 10 40
4236625.000000 4031033.000000 3342.289063 11 40
4236725.000000 4031033.000000 3554.968994 12 40
4236825.000000 4031033.000000 3784.863037 13 40
4236925.000000 4031033.000000 4009.302002 14 40
4237025.000000 4031033.000000 4207.570801 15 40
4237125.000000 4031033.000000 4395.717773 16 40
4237225.000000 4031033.000000 4590.958984 17 40
4237325.000000 4031033.000000 4794.811035 18 40
4237425.000000 4031033.000000 5003.371094 19 40
4237525.000000 4031033.000000 5212.712891 20 40
4237625.000000 4031033.000000 5423.782227 21 40
4236025.000000 4031133.000000 2188.551025 5 41
4236125.000000 4031133.000000 2384.248047 6 41
4236225.000000 4031133.000000 2582.771973 7 41
4236325.000000 4031133.000000 2784.343994 8 41
4236425.000000 4031133.000000 2985.684082 9 41
4236525.000000 4031133.000000 3181.553955 10 41
4236625.000000 4031133.000000 3382.081055 11 41
4236725.000000 4031133.000000 3598.490967 12 41
4236825.000000 4031133.000000 3830.467041 13 41
4236925.000000 4031133.000000 4051.366943 14 41
4237025.000000 4031133.000000 4245.887207 15 41
4237125.000000 4031133.000000 4432.587891 16 41
4237225.000000 4031133.000000 4628.508789 17 41
4237325.000000 4031133.000000 4833.301758 18 41
4237425.000000 4031133.000000 5041.810059 19 41
4237525.000000 4031133.000000 5251.702148 20 41
4237625.000000 4031133.000000 5462.920898 21 41
4235925.000000 4031233.000000 2034.189941 4 42
4236025.000000 4031233.000000 2229.472900 5 42
4236125.000000 4031233.000000 2425.797119 6 42
4236225.000000 4031233.000000 2624.373047 7 42
4236325.000000 4031233.000000 2824.946045 8 42
4236425.000000 4031233.000000 3024.688965 9 42
4236525.000000 4031233.000000 3221.083984 10 42
4236625.000000 4031233.000000 3423.938965 11 42
4236725.000000 4031233.000000 3644.071045 12 42
4236825.000000 4031233.000000 3877.293945 13 42
4236925.000000 4031233.000000 4091.288086 14 42
4237025.000000 4031233.000000 4283.037109 15 42
4237125.000000 4031233.000000 4469.316895 16 42
4237225.000000 4031233.000000 4666.958984 17 42
4237325.000000 4031233.000000 4872.312988 18 42
4237425.000000 4031233.000000 5080.306152 19 42
4237525.000000 4031233.000000 5290.244141 20 42
4235925.000000 4031333.000000 2074.343994 4 43
4236025.000000 4031333.000000 2269.854980 5 43
4236125.000000 4031333.000000 2466.427002 6 43
4236225.000000 4031333.000000 2665.122070 7 43
4236325.000000 4031333.000000 2864.750977 8 43
4236425.000000 4031333.000000 3063.399902 9 43
4236525.000000 4031333.000000 3260.948975 10 43
4236625.000000 4031333.000000 3466.636963 11 43
4236725.000000 4031333.000000 3691.507080 12 43
4236825.000000 4031333.000000 3921.114990 13 43
4236925.000000 4031333.000000 4130.066895 14 43
4237025.000000 4031333.000000 4319.626953 15 43
4237125.000000 4031333.000000 4506.699219 16 43
4237225.000000 4031333.000000 4705.327148 17 43
4237325.000000 4031333.000000 4910.837891 18 43
4237425.000000 4031333.000000 5118.798828 19 43
4237525.000000 4031333.000000 5328.833008 20 43
4235925.000000 4031433.000000 2112.824951 4 44
4236025.000000 4031433.000000 2309.199951 5 44
4236125.000000 4031433.000000 2506.824951 6 44
4236225.000000 4031433.000000 2705.092041 7 44
4236325.000000 4031433.000000 2903.804932 8 44
4236425.000000 4031433.000000 3102.082031 9 44
4236525.000000 4031433.000000 3301.023926 10 44
4236625.000000 4031433.000000 3509.808105 11 44
4236725.000000 4031433.000000 3736.020996 12 44
4236825.000000 4031433.000000 3961.584961 13 44
4236925.000000 4031433.000000 4164.913086 14 44
4237025.000000 4031433.000000 4354.130859 15 44
4237125.000000 4031433.000000 4543.692871 16 44
4237225.000000 4031433.000000 4743.509766 17 44
4237325.000000 4031433.000000 4949.182129 18 44
4237425.000000 4031433.000000 5157.618164 19 44
4237525.000000 4031433.000000 5367.922852 20 44
4235925.000000 4031533.000000 2150.236084 4 45
4236025.000000 4031533.000000 2346.854980 5 45
4236125.000000 4031533.000000 2544.660889 6 45
4236225.000000 4031533.000000 2743.883057 7 45
4236325.000000 4031533.000000 2942.676025 8 45
4236425.000000 4031533.000000 3139.436035 9 45
4236525.000000 4031533.000000 3339.440918 10 45
4236625.000000 4031533.000000 3551.214111 11 45
4236725.000000 4031533.000000 3777.989014 12 45
4236825.000000 4031533.000000 4000.664063 13 45
4236925.000000 4031533.000000 4199.480957 14 45
4237025.000000 4031533.000000 4387.768066 15 45
4237125.000000 4031533.000000 4581.173828 16 45
4237225.000000 4031533.000000 4781.899902 17 45
4237325.000000 4031533.000000 4987.794922 18 45
4237425.000000 4031533.000000 5196.512207 19 45
4237525.000000 4031533.000000 5407.083984 20 45
4235925.000000 4031633.000000 2187.865967 4 46
4236025.000000 4031633.000000 2384.342041 5 46
4236125.000000 4031633.000000 2582.519043 6 46
4236225.000000 4031633.000000 2782.428955 7 46
4236325.000000 4031633.000000 2981.183105 8 46
4236425.000000 4031633.000000 3176.291992 9 46
4236525.000000 4031633.000000 3375.791992 10 46
4236625.000000 4031633.000000 3589.606934 11 46
4236725.000000 4031633.000000 3817.529053 12 46
4236825.000000 4031633.000000 4036.551025 13 46
4236925.000000 4031633.000000 4233.606934 14 46
4237025.000000 4031633.000000 4422.724121 15 46
4237125.000000 4031633.000000 4617.823242 16 46
4237225.000000 4031633.000000 4819.290039 17 46
4237325.000000 4031633.000000 5025.812012 18 46
4237425.000000 4031633.000000 5234.437012 19 46
4237525.000000 4031633.000000 5445.159180 20 46
4235825.000000 4031733.000000 2029.390015 3 47
4235925.000000 4031733.000000 2225.519043 4 47
4236025.000000 4031733.000000 2422.680908 5 47
4236125.000000 4031733.000000 2621.263916 6 47
4236225.000000 4031733.000000 2821.020996 7 47
4236325.000000 4031733.000000 3019.477051 8 47
4236425.000000 4031733.000000 3213.642090 9 47
4236525.000000 4031733.000000 3413.529053 10 47
4236625.000000 4031733.000000 3629.272949 11 47
4236725.000000 4031733.000000 3857.846924 12 47
4236825.000000 4031733.000000 4071.492920 13 47
4236925.000000 4031733.000000 4266.590820 14 47
4237025.000000 4031733.000000 4455.623047 15 47
4237125.000000 4031733.000000 4652.021973 16 47
4237225.000000 4031733.000000 4853.980957 17 47
4237325.000000 4031733.000000 5060.162109 18 47
4237425.000000 4031733.000000 5269.727051 19 47
4237525.000000 4031733.000000 5481.581055 20 47
4235825.000000 4031833.000000 2067.365967 3 48
4235925.000000 4031833.000000 2262.794922 4 48
4236025.000000 4031833.000000 2459.417969 5 48
4236125.000000 4031833.000000 2658.431885 6 48
4236225.000000 4031833.000000 2858.318115 7 48
4236325.000000 4031833.000000 3056.831055 8 48
4236425.000000 4031833.000000 3250.268066 9 48
4236525.000000 4031833.000000 3450.472900 10 48
4236625.000000 4031833.000000 3669.439941 11 48
4236725.000000 4031833.000000 3894.885010 12 48
4236825.000000 4031833.000000 4104.985840 13 48
4236925.000000 4031833.000000 4299.016113 14 48
4237025.000000 4031833.000000 4488.568848 15 48
4237125.000000 4031833.000000 4685.333008 16 48
4237225.000000 4031833.000000 4887.307129 17 48
4237325.000000 4031833.000000 5092.938965 18 48
4237425.000000 4031833.000000 5301.931152 19 48
4235825.000000 4031933.000000 2104.364990 3 49
4235925.000000 4031933.000000 2299.367920 4 49
4236025.000000 4031933.000000 2495.270020 5 49
4236125.000000 4031933.000000 2694.056885 6 49
4236225.000000 4031933.000000 2893.204102 7 49
4236325.000000 4031933.000000 3090.459961 8 49
4236425.000000 4031933.000000 3285.614990 9 49
4236525.000000 4031933.000000 3487.656982 10 49
4236625.000000 4031933.000000 3706.938965 11 49
4236725.000000 4031933.000000 3928.763916 12 49
4236825.000000 4031933.000000 4136.411133 13 49
4236925.000000 4031933.000000 4330.624023 14 49
4237025.000000 4031933.000000 4521.416016 15 49
4237125.000000 4031933.000000 4718.176758 16 49
4237225.000000 4031933.000000 4919.418945 17 49
4237325.000000 4031933.000000 5124.719238 18 49
4237425.000000 4031933.000000 5333.733887 19 49
4235825.000000 4032033.000000 2141.052979 3 50
4235925.000000 4032033.000000 2335.648926 4 50
4236025.000000 4032033.000000 2531.445068 5 50
4236125.000000 4032033.000000 2728.974121 6 50
4236225.000000 4032033.000000 2926.976074 7 50
4236325.000000 4032033.000000 3123.989990 8 50
4236425.000000 4032033.000000 3320.894043 9 50
4236525.000000 4032033.000000 3525.368896 10 50
4236625.000000 4032033.000000 3743.349121 11 50
4236725.000000 4032033.000000 3961.946045 12 50
4236825.000000 4032033.000000 4166.776855 13 50
4236925.000000 4032033.000000 4361.842773 14 50
4237025.000000 4032033.000000 4554.492188 15 50
4237125.000000 4032033.000000 4751.450195 16 50
4237225.000000 4032033.000000 4952.196777 17 50
4237325.000000 4032033.000000 5157.283203 18 50
4237425.000000 4032033.000000 5365.814941 19 50
4235825.000000 4032133.000000 2174.062988 3 51
4235925.000000 4032133.000000 2369.579102 4 51
4236025.000000 4032133.000000 2565.719971 5 51
4236125.000000 4032133.000000 2762.435059 6 51
4236225.000000 4032133.000000 2959.614990 7 51
4236325.000000 4032133.000000 3156.184082 8 51
4236425.000000 4032133.000000 3355.007080 9 51
4236525.000000 4032133.000000 3562.081055 10 51
4236625.000000 4032133.000000 3778.368896 11 51
4236725.000000 4032133.000000 3993.691895 12 51
4236825.000000 4032133.000000 4197.482910 13 51
4236925.000000 4032133.000000 4393.586914 14 51
4237025.000000 4032133.000000 4588.951172 15 51
4237125.000000 4032133.000000 4785.101074 16 51
4237225.000000 4032133.000000 4984.715820 17 51
4237325.000000 4032133.000000 5189.216797 18 51
4237425.000000 4032133.000000 5396.829102 19 51
4235725.000000 4032233.000000 2009.770996 2 52
4235825.000000 4032233.000000 2205.517090 3 52
4235925.000000 4032233.000000 2401.053955 4 52
4236025.000000 4032233.000000 2597.291992 5 52
4236125.000000 4032233.000000 2794.215088 6 52
4236225.000000 4032233.000000 2991.117920 7 52
4236325.000000 4032233.000000 3187.998047 8 52
4236425.000000 4032233.000000 3388.466064 9 52
4236525.000000 4032233.000000 3596.812988 10 52
4236625.000000 4032233.000000 3812.657959 11 52
4236725.000000 4032233.000000 4026.071045 12 52
4236825.000000 4032233.000000 4229.127930 13 52
4236925.000000 4032233.000000 4426.312988 14 52
4237025.000000 4032233.000000 4622.154785 15 52
4237125.000000 4032233.000000 4817.422852 16 52
4237225.000000 4032233.000000 5016.145996 17 52
4237325.000000 4032233.000000 5220.667969 18 52
4237425.000000 4032233.000000 5428.207031 19 52
4235725.000000 4032333.000000 2040.297974 2 53
4235825.000000 4032333.000000 2236.833984 3 53
4235925.000000 4032333.000000 2433.210938 4 53
4236025.000000 4032333.000000 2629.561035 5 53
4236125.000000 4032333.000000 2825.969971 6 53
4236225.000000 4032333.000000 3022.594971 7 53
4236325.000000 4032333.000000 3219.279053 8 53
4236425.000000 4032333.000000 3420.285889 9 53
4236525.000000 4032333.000000 3630.160889 10 53
4236625.000000 4032333.000000 3847.043945 11 53
4236725.000000 4032333.000000 4059.100098 12 53
4236825.000000 4032333.000000 4259.673828 13 53
4236925.000000 4032333.000000 4455.057129 14 53
4237025.000000 4032333.000000 4651.007813 15 53
4237125.000000 4032333.000000 4847.479004 16 53
4237225.000000 4032333.000000 5047.332031 17 53
4237325.000000 4032333.000000 5251.505859 18 53
4237425.000000 4032333.000000 5458.491211 19 53
4235725.000000 4032433.000000 2071.745117 2 54
4235825.000000 4032433.000000 2268.212891 3 54
4235925.000000 4032433.000000 2464.658936 4 54
4236025.000000 4032433.000000 2661.033936 5 54
4236125.000000 4032433.000000 2857.311035 6 54
4236225.000000 4032433.000000 3053.993896 7 54
4236325.000000 4032433.000000 3250.487061 8 54
4236425.000000 4032433.000000 3452.143066 9 54
4236525.000000 4032433.000000 3665.228027 10 54
4236625.000000 4032433.000000 3882.031006 11 54
4236725.000000 4032433.000000 4090.531006 12 54
4236825.000000 4032433.000000 4289.319824 13 54
4236925.000000 4032433.000000 4483.549805 14 54
4237025.000000 4032433.000000 4679.127930 15 54
4237125.000000 4032433.000000 4876.073242 16 54
4237225.000000 4032433.000000 5076.762207 17 54
4237325.000000 4032433.000000 5281.480957 18 54
4237425.000000 4032433.000000 5488.562012 19 54
4235725.000000 4032533.000000 2102.271973 2 55
4235825.000000 4032533.000000 2298.997070 3 55
4235925.000000 4032533.000000 2495.887939 4 55
4236025.000000 4032533.000000 2692.218994 5 55
4236125.000000 4032533.000000 2888.143066 6 55
4236225.000000 4032533.000000 3084.553955 7 55
4236325.000000 4032533.000000 3281.702881 8 55
4236425.000000 4032533.000000 3484.625977 9 55
4236525.000000 4032533.000000 3699.187012 10 55
4236625.000000 4032533.000000 3915.218018 11 55
4236725.000000 4032533.000000 4121.550781 12 55
4236825.000000 4032533.000000 4318.758789 13 55
4236925.000000 4032533.000000 4512.617188 14 55
4237025.000000 4032533.000000 4707.784180 15 55
4237125.000000 4032533.000000 4905.005859 16 55
4237225.000000 4032533.000000 5106.080078 17 55
4237325.000000 4032533.000000 5310.940918 18 55
4235725.000000 4032633.000000 2132.849121 2 56
4235825.000000 4032633.000000 2328.773926 3 56
4235925.000000 4032633.000000 2526.462891 4 56
4236025.000000 4032633.000000 2723.197998 5 56
4236125.000000 4032633.000000 2919.674072 6 56
4236225.000000 4032633.000000 3115.658936 7 56
4236325.000000 4032633.000000 3312.679932 8 56
4236425.000000 4032633.000000 3517.323975 9 56
4236525.000000 4032633.000000 3731.497070 10 56
4236625.000000 4032633.000000 3946.791992 11 56
4236725.000000 4032633.000000 4150.163086 12 56
4236825.000000 4032633.000000 4346.514160 13 56
4236925.000000 4032633.000000 4540.896973 14 56
4237025.000000 4032633.000000 4736.188965 15 56
4237125.000000 4032633.000000 4933.916016 16 56
4237225.000000 4032633.000000 5135.347168 17 56
4237325.000000 4032633.000000 5340.342773 18 56
4235725.000000 4032733.000000 2161.035889 2 57
4235825.000000 4032733.000000 2355.023926 3 57
4235925.000000 4032733.000000 2551.673096 4 57
4236025.000000 4032733.000000 2752.410889 5 57
4236125.000000 4032733.000000 2951.988037 6 57
4236225.000000 4032733.000000 3144.916992 7 57
4236325.000000 4032733.000000 3340.107910 8 57
4236425.000000 4032733.000000 3543.842041 9 57
4236525.000000 4032733.000000 3758.746094 10 57
4236625.000000 4032733.000000 3972.912109 11 57
4236725.000000 4032733.000000 4175.451172 12 57
4236825.000000 4032733.000000 4371.844238 13 57
4236925.000000 4032733.000000 4567.533203 14 57
4237025.000000 4032733.000000 4763.351074 15 57
4237125.000000 4032733.000000 4961.009766 16 57
4237225.000000 4032733.000000 5162.755859 17 57
4237325.000000 4032733.000000 5367.290039 18 57
