# Type: scattered data
# Version: 6
# Description: No description
# Format: free
# Field: 1 x
# Field: 2 y
# Field: 3 z undefined
# Field: 4 column
# Field: 5 row
# Projection: Local Rectangular
# Units: undefined
# End:
# Information from grid:
# Grid_size: 17 x 44
# Grid_space: 4239500.000000,4241100.000000,4013217.000000,4017517.000000
# Scattered data: Not_available
# Z_field: z
# Vertical_faults: Not_available
# History: No history
# Z_units: undefined
4240300.000000 4013217.000000 8123.565918 9 1
4240400.000000 4013217.000000 7491.542969 10 1
4240500.000000 4013217.000000 6861.596191 11 1
4240600.000000 4013217.000000 6238.813965 12 1
4240700.000000 4013217.000000 5634.440918 13 1
4240800.000000 4013217.000000 4974.770996 14 1
4240900.000000 4013217.000000 4195.373047 15 1
4241000.000000 4013217.000000 3432.406006 16 1
4241100.000000 4013217.000000 2675.623047 17 1
4240200.000000 4013317.000000 8557.154297 8 2
4240300.000000 4013317.000000 7906.365234 9 2
4240400.000000 4013317.000000 7257.175781 10 2
4240500.000000 4013317.000000 6612.678223 11 2
4240600.000000 4013317.000000 5980.664063 12 2
4240700.000000 4013317.000000 5358.655762 13 2
4240800.000000 4013317.000000 4648.546875 14 2
4240900.000000 4013317.000000 3849.277100 15 2
4241000.000000 4013317.000000 3152.218994 16 2
4241100.000000 4013317.000000 2437.258057 17 2
4240200.000000 4013417.000000 8352.906250 8 3
4240300.000000 4013417.000000 7687.684082 9 3
4240400.000000 4013417.000000 7022.436035 10 3
4240500.000000 4013417.000000 6359.923828 11 3
4240600.000000 4013417.000000 5708.971191 12 3
4240700.000000 4013417.000000 5051.434082 13 3
4240800.000000 4013417.000000 4295.792969 14 3
4240900.000000 4013417.000000 3577.212891 15 3
4241000.000000 4013417.000000 2911.970947 16 3
4241100.000000 4013417.000000 2196.657959 17 3
4240200.000000 4013517.000000 8148.344238 8 4
4240300.000000 4013517.000000 7470.673828 9 4
4240400.000000 4013517.000000 6794.001953 10 4
4240500.000000 4013517.000000 6122.062012 11 4
4240600.000000 4013517.000000 5462.393066 12 4
4240700.000000 4013517.000000 4757.666016 13 4
4240800.000000 4013517.000000 4009.927979 14 4
4240900.000000 4013517.000000 3325.376953 15 4
4241000.000000 4013517.000000 2635.986084 16 4
4241100.000000 4013517.000000 1930.500000 17 4
4240100.000000 4013617.000000 8634.386719 7 5
4240200.000000 4013617.000000 7943.178223 8 5
4240300.000000 4013617.000000 7253.458984 9 5
4240400.000000 4013617.000000 6565.910156 10 5
4240500.000000 4013617.000000 5883.270996 11 5
4240600.000000 4013617.000000 5198.664063 12 5
4240700.000000 4013617.000000 4472.251953 13 5
4240800.000000 4013617.000000 3736.169922 14 5
4240900.000000 4013617.000000 3053.304932 15 5
4241000.000000 4013617.000000 2350.164063 16 5
4241100.000000 4013617.000000 1644.079956 17 5
4240100.000000 4013717.000000 8436.830078 7 6
4240200.000000 4013717.000000 7735.365234 8 6
4240300.000000 4013717.000000 7033.882813 9 6
4240400.000000 4013717.000000 6332.276855 10 6
4240500.000000 4013717.000000 5630.221191 11 6
4240600.000000 4013717.000000 4923.389160 12 6
4240700.000000 4013717.000000 4204.539063 13 6
4240800.000000 4013717.000000 3477.657959 14 6
4240900.000000 4013717.000000 2771.791016 15 6
4241000.000000 4013717.000000 2064.447021 16 6
4241100.000000 4013717.000000 1366.239990 17 6
4240100.000000 4013817.000000 8238.816406 7 7
4240200.000000 4013817.000000 7527.278809 8 7
4240300.000000 4013817.000000 6816.395020 9 7
4240400.000000 4013817.000000 6107.028809 10 7
4240500.000000 4013817.000000 5393.809082 11 7
4240600.000000 4013817.000000 4668.841797 12 7
4240700.000000 4013817.000000 3950.436035 13 7
4240800.000000 4013817.000000 3222.258057 14 7
4240900.000000 4013817.000000 2506.636963 15 7
4241000.000000 4013817.000000 1798.866943 16 7
4241100.000000 4013817.000000 1100.854004 17 7
4240000.000000 4013917.000000 8762.087891 6 8
4240100.000000 4013917.000000 8040.934082 7 8
4240200.000000 4013917.000000 7319.119141 8 8
4240300.000000 4013917.000000 6598.287109 9 8
4240400.000000 4013917.000000 5881.897949 10 8
4240500.000000 4013917.000000 5163.462891 11 8
4240600.000000 4013917.000000 4429.742188 12 8
4240700.000000 4013917.000000 3698.200928 13 8
4240800.000000 4013917.000000 2977.024902 14 8
4240900.000000 4013917.000000 2267.825928 15 8
4241000.000000 4013917.000000 1558.760010 16 8
4241100.000000 4013917.000000 847.285217 17 8
4240000.000000 4014017.000000 8576.310547 6 9
4240100.000000 4014017.000000 7844.871094 7 9
4240200.000000 4014017.000000 7113.104004 8 9
4240300.000000 4014017.000000 6380.458984 9 9
4240400.000000 4014017.000000 5652.143066 10 9
4240500.000000 4014017.000000 4928.207031 11 9
4240600.000000 4014017.000000 4202.966797 12 9
4240700.000000 4014017.000000 3455.950928 13 9
4240800.000000 4014017.000000 2730.462891 14 9
4240900.000000 4014017.000000 2027.920044 15 9
4241000.000000 4014017.000000 1313.576050 16 9
4241100.000000 4014017.000000 593.443420 17 9
4240000.000000 4014117.000000 8391.669922 6 10
4240100.000000 4014117.000000 7652.018066 7 10
4240200.000000 4014117.000000 6914.667969 8 10
4240300.000000 4014117.000000 6179.242188 9 10
4240400.000000 4014117.000000 5430.298828 10 10
4240500.000000 4014117.000000 4694.298828 11 10
4240600.000000 4014117.000000 3973.899902 12 10
4240700.000000 4014117.000000 3205.337891 13 10
4240800.000000 4014117.000000 2492.011963 14 10
4240900.000000 4014117.000000 1785.927979 15 10
4241000.000000 4014117.000000 1064.015991 16 10
4241100.000000 4014117.000000 334.804688 17 10
4239900.000000 4014217.000000 8955.000000 5 11
4240000.000000 4014217.000000 8209.439453 6 11
4240100.000000 4014217.000000 7460.028809 7 11
4240200.000000 4014217.000000 6714.167969 8 11
4240300.000000 4014217.000000 5975.100098 9 11
4240400.000000 4014217.000000 5226.522949 10 11
4240500.000000 4014217.000000 4486.500000 11 11
4240600.000000 4014217.000000 3737.750000 12 11
4240700.000000 4014217.000000 2960.356934 13 11
4240800.000000 4014217.000000 2256.325928 14 11
4240900.000000 4014217.000000 1538.782959 15 11
4241000.000000 4014217.000000 807.646484 16 11
4241100.000000 4014217.000000 68.580078 17 11
4239900.000000 4014317.000000 8800.166016 5 12
4240000.000000 4014317.000000 8035.964844 6 12
4240100.000000 4014317.000000 7272.033203 7 12
4240200.000000 4014317.000000 6512.561035 8 12
4240300.000000 4014317.000000 5766.837891 9 12
4240400.000000 4014317.000000 5023.375000 10 12
4240500.000000 4014317.000000 4273.225098 11 12
4240600.000000 4014317.000000 3494.562012 12 12
4240700.000000 4014317.000000 2729.501953 13 12
4240800.000000 4014317.000000 2015.567993 14 12
4240900.000000 4014317.000000 1285.505981 15 12
4241000.000000 4014317.000000 543.044922 16 12
4239900.000000 4014417.000000 8649.091797 5 13
4240000.000000 4014417.000000 7871.300781 6 13
4240100.000000 4014417.000000 7095.591797 7 13
4240200.000000 4014417.000000 6325.748047 8 13
4240300.000000 4014417.000000 5570.024902 9 13
4240400.000000 4014417.000000 4827.137207 10 13
4240500.000000 4014417.000000 4047.729004 11 13
4240600.000000 4014417.000000 3251.458984 12 13
4240700.000000 4014417.000000 2498.772949 13 13
4240800.000000 4014417.000000 1768.463013 14 13
4240900.000000 4014417.000000 1023.153992 15 13
4241000.000000 4014417.000000 267.718689 16 13
4239900.000000 4014517.000000 8502.984375 5 14
4240000.000000 4014517.000000 7715.194824 6 14
4240100.000000 4014517.000000 6931.376953 7 14
4240200.000000 4014517.000000 6157.104004 8 14
4240300.000000 4014517.000000 5402.526855 9 14
4240400.000000 4014517.000000 4610.619141 10 14
4240500.000000 4014517.000000 3776.281006 11 14
4240600.000000 4014517.000000 2990.080078 12 14
4240700.000000 4014517.000000 2257.812012 13 14
4240800.000000 4014517.000000 1508.213013 14 14
4240900.000000 4014517.000000 746.486328 15 14
4239800.000000 4014617.000000 9156.593750 4 15
4239900.000000 4014617.000000 8361.925781 5 15
4240000.000000 4014617.000000 7564.501953 6 15
4240100.000000 4014617.000000 6770.658203 7 15
4240200.000000 4014617.000000 5984.865234 8 15
4240300.000000 4014617.000000 5207.647949 9 15
4240400.000000 4014617.000000 4388.854004 10 15
4240500.000000 4014617.000000 3573.952881 11 15
4240600.000000 4014617.000000 2772.583984 12 15
4240700.000000 4014617.000000 2005.692993 13 15
4240800.000000 4014617.000000 1231.703003 14 15
4240900.000000 4014617.000000 451.654297 15 15
4239800.000000 4014717.000000 9040.259766 4 16
4239900.000000 4014717.000000 8228.568359 5 16
4240000.000000 4014717.000000 7417.938965 6 16
4240100.000000 4014717.000000 6610.225098 7 16
4240200.000000 4014717.000000 5805.604004 8 16
4240300.000000 4014717.000000 5015.151855 9 16
4240400.000000 4014717.000000 4149.401855 10 16
4240500.000000 4014717.000000 3346.768066 11 16
4240600.000000 4014717.000000 2536.736084 12 16
4240700.000000 4014717.000000 1734.583984 13 16
4240800.000000 4014717.000000 937.654297 14 16
4240900.000000 4014717.000000 136.865204 15 16
4239800.000000 4014817.000000 8926.308594 4 17
4239900.000000 4014817.000000 8099.430176 5 17
4240000.000000 4014817.000000 7275.800781 6 17
4240100.000000 4014817.000000 6457.444824 7 17
4240200.000000 4014817.000000 5641.063965 8 17
4240300.000000 4014817.000000 4826.625000 9 17
4240400.000000 4014817.000000 3932.125000 10 17
4240500.000000 4014817.000000 3121.256104 11 17
4240600.000000 4014817.000000 2272.381104 12 17
4240700.000000 4014817.000000 1452.109009 13 17
4240800.000000 4014817.000000 631.080078 14 17
4239800.000000 4014917.000000 8815.382813 4 18
4239900.000000 4014917.000000 7972.158203 5 18
4240000.000000 4014917.000000 7133.057129 6 18
4240100.000000 4014917.000000 6301.223145 7 18
4240200.000000 4014917.000000 5481.050781 8 18
4240300.000000 4014917.000000 4622.729004 9 18
4240400.000000 4014917.000000 3717.907959 10 18
4240500.000000 4014917.000000 2883.981934 11 18
4240600.000000 4014917.000000 2011.436035 12 18
4240700.000000 4014917.000000 1160.854980 13 18
4240800.000000 4014917.000000 312.015594 14 18
4239800.000000 4015017.000000 8707.972656 4 19
4239900.000000 4015017.000000 7846.908203 5 19
4240000.000000 4015017.000000 6990.272949 6 19
4240100.000000 4015017.000000 6142.270020 7 19
4240200.000000 4015017.000000 5305.083984 8 19
4240300.000000 4015017.000000 4407.692871 9 19
4240400.000000 4015017.000000 3511.986084 10 19
4240500.000000 4015017.000000 2633.907959 11 19
4240600.000000 4015017.000000 1746.707031 12 19
4240700.000000 4015017.000000 862.357422 13 19
4239700.000000 4015117.000000 9481.371094 3 20
4239800.000000 4015117.000000 8605.251953 4 20
4239900.000000 4015117.000000 7724.964844 5 20
4240000.000000 4015117.000000 6847.805176 6 20
4240100.000000 4015117.000000 5978.203125 7 20
4240200.000000 4015117.000000 5127.723145 8 20
4240300.000000 4015117.000000 4205.007813 9 20
4240400.000000 4015117.000000 3290.858887 10 20
4240500.000000 4015117.000000 2378.957031 11 20
4240600.000000 4015117.000000 1463.561035 12 20
4240700.000000 4015117.000000 547.127014 13 20
4239700.000000 4015217.000000 9418.103516 3 21
4239800.000000 4015217.000000 8512.898438 4 21
4239900.000000 4015217.000000 7609.860840 5 21
4240000.000000 4015217.000000 6712.621094 6 21
4240100.000000 4015217.000000 5822.975098 7 21
4240200.000000 4015217.000000 4952.653809 8 21
4240300.000000 4015217.000000 4004.529053 9 21
4240400.000000 4015217.000000 3048.136963 10 21
4240500.000000 4015217.000000 2107.782959 11 21
4240600.000000 4015217.000000 1161.161987 12 21
4240700.000000 4015217.000000 210.626999 13 21
4239700.000000 4015317.000000 9358.457031 3 22
4239800.000000 4015317.000000 8425.939453 4 22
4239900.000000 4015317.000000 7498.852051 5 22
4240000.000000 4015317.000000 6581.916016 6 22
4240100.000000 4015317.000000 5672.757813 7 22
4240200.000000 4015317.000000 4770.990234 8 22
4240300.000000 4015317.000000 3788.684082 9 22
4240400.000000 4015317.000000 2785.229980 10 22
4240500.000000 4015317.000000 1818.697021 11 22
4240600.000000 4015317.000000 836.746094 12 22
4239700.000000 4015417.000000 9303.595703 3 23
4239800.000000 4015417.000000 8341.859375 4 23
4239900.000000 4015417.000000 7386.044922 5 23
4240000.000000 4015417.000000 6442.583984 6 23
4240100.000000 4015417.000000 5523.248047 7 23
4240200.000000 4015417.000000 4571.428223 8 23
4240300.000000 4015417.000000 3548.049072 9 23
4240400.000000 4015417.000000 2518.391113 10 23
4240500.000000 4015417.000000 1508.104980 11 23
4240600.000000 4015417.000000 486.957001 12 23
4239700.000000 4015517.000000 9254.186523 3 24
4239800.000000 4015517.000000 8262.132813 4 24
4239900.000000 4015517.000000 7275.871094 5 24
4240000.000000 4015517.000000 6302.071777 6 24
4240100.000000 4015517.000000 5356.671875 7 24
4240200.000000 4015517.000000 4362.244141 8 24
4240300.000000 4015517.000000 3295.364990 9 24
4240400.000000 4015517.000000 2231.914063 10 24
4240500.000000 4015517.000000 1171.421997 11 24
4240600.000000 4015517.000000 108.675797 12 24
4239700.000000 4015617.000000 9210.033203 3 25
4239800.000000 4015617.000000 8187.053223 4 25
4239900.000000 4015617.000000 7170.750000 5 25
4240000.000000 4015617.000000 6167.813965 6 25
4240100.000000 4015617.000000 5185.651855 7 25
4240200.000000 4015617.000000 4138.272949 8 25
4240300.000000 4015617.000000 3021.631104 9 25
4240400.000000 4015617.000000 1911.636963 10 25
4240500.000000 4015617.000000 806.747986 11 25
4239700.000000 4015717.000000 9169.908203 3 26
4239800.000000 4015717.000000 8112.639160 4 26
4239900.000000 4015717.000000 7061.937012 5 26
4240000.000000 4015717.000000 6022.423828 6 26
4240100.000000 4015717.000000 4993.096191 7 26
4240200.000000 4015717.000000 3895.888916 8 26
4240300.000000 4015717.000000 2728.018066 9 26
4240400.000000 4015717.000000 1566.805054 10 26
4240500.000000 4015717.000000 421.082001 11 26
4239600.000000 4015817.000000 10228.570313 2 27
4239700.000000 4015817.000000 9132.195313 3 27
4239800.000000 4015817.000000 8036.046875 4 27
4239900.000000 4015817.000000 6945.932129 5 27
4240000.000000 4015817.000000 5865.321777 6 27
4240100.000000 4015817.000000 4787.969238 7 27
4240200.000000 4015817.000000 3630.388916 8 27
4240300.000000 4015817.000000 2418.774902 9 27
4240400.000000 4015817.000000 1219.292969 10 27
4240500.000000 4015817.000000 25.222660 11 27
4239600.000000 4015917.000000 10235.799805 2 28
4239700.000000 4015917.000000 9095.847656 3 28
4239800.000000 4015917.000000 7956.975098 4 28
4239900.000000 4015917.000000 6823.987793 5 28
4240000.000000 4015917.000000 5702.104980 6 28
4240100.000000 4015917.000000 4584.223145 7 28
4240200.000000 4015917.000000 3343.761963 8 28
4240300.000000 4015917.000000 2093.562012 9 28
4240400.000000 4015917.000000 851.910217 10 28
4239600.000000 4016017.000000 10242.620117 2 29
4239700.000000 4016017.000000 9059.679688 3 29
4239800.000000 4016017.000000 7877.076172 4 29
4239900.000000 4016017.000000 6700.733887 5 29
4240000.000000 4016017.000000 5546.557129 6 29
4240100.000000 4016017.000000 4358.994141 7 29
4240200.000000 4016017.000000 3020.686035 8 29
4240300.000000 4016017.000000 1746.739990 9 29
4240400.000000 4016017.000000 465.839813 10 29
4239600.000000 4016117.000000 10248.160156 2 30
4239700.000000 4016117.000000 9023.436523 3 30
4239800.000000 4016117.000000 7797.278809 4 30
4239900.000000 4016117.000000 6574.602051 5 30
4240000.000000 4016117.000000 5370.921875 6 30
4240100.000000 4016117.000000 4105.500000 7 30
4240200.000000 4016117.000000 2709.291016 8 30
4240300.000000 4016117.000000 1402.188965 9 30
4240400.000000 4016117.000000 66.535156 10 30
4239600.000000 4016217.000000 10250.559570 2 31
4239700.000000 4016217.000000 8985.587891 3 31
4239800.000000 4016217.000000 7716.187012 4 31
4239900.000000 4016217.000000 6442.733887 5 31
4240000.000000 4016217.000000 5173.007813 6 31
4240100.000000 4016217.000000 3812.981934 7 31
4240200.000000 4016217.000000 2396.897949 8 31
4240300.000000 4016217.000000 1021.927979 9 31
4239600.000000 4016317.000000 10247.150391 2 32
4239700.000000 4016317.000000 8943.552734 3 32
4239800.000000 4016317.000000 7632.757813 4 32
4239900.000000 4016317.000000 6307.596191 5 32
4240000.000000 4016317.000000 4970.604004 6 32
4240100.000000 4016317.000000 3523.909912 7 32
4240200.000000 4016317.000000 2048.210938 8 32
4240300.000000 4016317.000000 609.923828 9 32
4239600.000000 4016417.000000 10235.019531 2 33
4239700.000000 4016417.000000 8892.759766 3 33
4239800.000000 4016417.000000 7545.610840 4 33
4239900.000000 4016417.000000 6175.442871 5 33
4240000.000000 4016417.000000 4762.518066 6 33
4240100.000000 4016417.000000 3214.938965 7 33
4240200.000000 4016417.000000 1681.203003 8 33
4240300.000000 4016417.000000 185.230499 9 33
4239600.000000 4016517.000000 10213.589844 2 34
4239700.000000 4016517.000000 8822.953125 3 34
4239800.000000 4016517.000000 7441.832031 4 34
4239900.000000 4016517.000000 6028.391113 5 34
4240000.000000 4016517.000000 4526.708984 6 34
4240100.000000 4016517.000000 2897.179932 7 34
4240200.000000 4016517.000000 1321.588013 8 34
4239700.000000 4016617.000000 8715.804688 3 35
4239800.000000 4016617.000000 7313.856934 4 35
4239900.000000 4016617.000000 5871.061035 5 35
4240000.000000 4016617.000000 4269.382813 6 35
4240100.000000 4016617.000000 2562.806885 7 35
4240200.000000 4016617.000000 949.005920 8 35
4239700.000000 4016717.000000 8583.966797 3 36
4239800.000000 4016717.000000 7166.587891 4 36
4239900.000000 4016717.000000 5731.376953 5 36
4240100.000000 4016717.000000 2254.761963 7 36
4240200.000000 4016717.000000 591.705078 8 36
4240100.000000 4016817.000000 1959.667969 7 37
4240200.000000 4016817.000000 238.095703 8 37
