# Type: scattered data
# Version: 6
# Description: No description
# Format: free
# Field: 1 x
# Field: 2 y
# Field: 3 z undefined
# Field: 4 column
# Field: 5 row
# Projection: Local Rectangular
# Units: undefined
# End:
# Information from grid:
# Grid_size: 42 x 33
# Grid_space: 4212000.000000,4220200.000000,4021100.000000,4033000.000000
# Scattered data: Not_available
# Z_field: z
# Vertical_faults: Not_available
# History: No history
# Z_units: undefined
4212000.000000 4021100.000000 -8572.209961 1 1
4212200.000000 4021100.000000 -8339.224609 2 1
4212400.000000 4021100.000000 -8105.756836 3 1
4212600.000000 4021100.000000 -7872.771484 4 1
4212800.000000 4021100.000000 -7639.303711 5 1
4213000.000000 4021100.000000 -7406.817383 6 1
4213200.000000 4021100.000000 -7173.849121 7 1
4213400.000000 4021100.000000 -6941.878906 8 1
4213600.000000 4021100.000000 -6709.393066 9 1
4213800.000000 4021100.000000 -6477.423340 10 1
4214000.000000 4021100.000000 -6245.436523 11 1
4214200.000000 4021100.000000 -6014.465332 12 1
4214400.000000 4021100.000000 -5783.494141 13 1
4214600.000000 4021100.000000 -5553.005859 14 1
4214800.000000 4021100.000000 -5323.033203 15 1
4215000.000000 4021100.000000 -5094.059570 16 1
4215200.000000 4021100.000000 -4865.085449 17 1
4215400.000000 4021100.000000 -4636.611328 18 1
4215600.000000 4021100.000000 -4408.136719 19 1
4215800.000000 4021100.000000 -4180.644531 20 1
4216000.000000 4021100.000000 -3952.669434 21 1
4216200.000000 4021100.000000 -3725.193848 22 1
4216400.000000 4021100.000000 -3496.219971 23 1
4216600.000000 4021100.000000 -3267.246338 24 1
4216800.000000 4021100.000000 -3037.273926 25 1
4217000.000000 4021100.000000 -2807.284668 26 1
4217200.000000 4021100.000000 -2576.313477 27 1
4217400.000000 4021100.000000 -2344.843018 28 1
4217600.000000 4021100.000000 -2111.358398 29 1
4217800.000000 4021100.000000 -1874.894165 30 1
4218000.000000 4021100.000000 -1633.902344 31 1
4218200.000000 4021100.000000 -1388.932373 32 1
4218400.000000 4021100.000000 -1140.949707 33 1
4218600.000000 4021100.000000 -891.485413 34 1
4218800.000000 4021100.000000 -641.505188 35 1
4219000.000000 4021100.000000 -391.524994 36 1
4219200.000000 4021100.000000 -142.044128 37 1
4219400.000000 4021100.000000 106.920731 38 1
4219600.000000 4021100.000000 356.900940 39 1
4219800.000000 4021100.000000 607.879883 40 1
4220000.000000 4021100.000000 860.356934 41 1
4220200.000000 4021100.000000 1113.832642 42 1
4212000.000000 4021471.875000 -8317.569336 1 2
4212200.000000 4021471.875000 -8084.600586 2 2
4212400.000000 4021471.875000 -7852.630859 3 2
4212600.000000 4021471.875000 -7620.144531 4 2
4212800.000000 4021471.875000 -7388.174805 5 2
4213000.000000 4021471.875000 -7156.187988 6 2
4213200.000000 4021471.875000 -6924.717773 7 2
4213400.000000 4021471.875000 -6693.247070 8 2
4213600.000000 4021471.875000 -6461.759766 9 2
4213800.000000 4021471.875000 -6230.289063 10 2
4214000.000000 4021471.875000 -5999.317871 11 2
4214200.000000 4021471.875000 -5768.330078 12 2
4214400.000000 4021471.875000 -5537.858398 13 2
4214600.000000 4021471.875000 -5307.386719 14 2
4214800.000000 4021471.875000 -5077.896973 15 2
4215000.000000 4021471.875000 -4848.423828 16 2
4215200.000000 4021471.875000 -4619.449707 17 2
4215400.000000 4021471.875000 -4389.976563 18 2
4215600.000000 4021471.875000 -4161.502441 19 2
4215800.000000 4021471.875000 -3933.028076 20 2
4216000.000000 4021471.875000 -3705.036377 21 2
4216200.000000 4021471.875000 -3476.562012 22 2
4216400.000000 4021471.875000 -3247.588135 23 2
4216600.000000 4021471.875000 -3017.615723 24 2
4216800.000000 4021471.875000 -2787.643066 25 2
4217000.000000 4021471.875000 -2556.655273 26 2
4217200.000000 4021471.875000 -2325.684082 27 2
4217400.000000 4021471.875000 -2093.714111 28 2
4217600.000000 4021471.875000 -1861.228271 29 2
4217800.000000 4021471.875000 -1625.263428 30 2
4218000.000000 4021471.875000 -1384.271729 31 2
4218200.000000 4021471.875000 -1138.302979 32 2
4218400.000000 4021471.875000 -889.820923 33 2
4218600.000000 4021471.875000 -639.840698 34 2
4218800.000000 4021471.875000 -390.376465 35 2
4219000.000000 4021471.875000 -140.895599 36 2
4219200.000000 4021471.875000 107.586548 37 2
4219400.000000 4021471.875000 356.052032 38 2
4219600.000000 4021471.875000 605.532898 39 2
4219800.000000 4021471.875000 856.012512 40 2
4220000.000000 4021471.875000 1108.489502 41 2
4220200.000000 4021471.875000 1363.962646 42 2
4212000.000000 4021843.750000 -8062.445801 1 3
4212200.000000 4021843.750000 -7830.975098 2 3
4212400.000000 4021843.750000 -7599.487793 3 3
4212600.000000 4021843.750000 -7368.516602 4 3
4212800.000000 4021843.750000 -7137.545410 5 3
4213000.000000 4021843.750000 -6907.057129 6 3
4213200.000000 4021843.750000 -6676.085938 7 3
4213400.000000 4021843.750000 -6445.613770 8 3
4213600.000000 4021843.750000 -6214.625977 9 3
4213800.000000 4021843.750000 -5984.653320 10 3
4214000.000000 4021843.750000 -5753.682129 11 3
4214200.000000 4021843.750000 -5523.709961 12 3
4214400.000000 4021843.750000 -5292.722168 13 3
4214600.000000 4021843.750000 -5062.749512 14 3
4214800.000000 4021843.750000 -4833.276367 15 3
4215000.000000 4021843.750000 -4603.803223 16 3
4215200.000000 4021843.750000 -4374.313477 17 3
4215400.000000 4021843.750000 -4145.339844 18 3
4215600.000000 4021843.750000 -3916.365967 19 3
4215800.000000 4021843.750000 -3687.392090 20 3
4216000.000000 4021843.750000 -3458.418457 21 3
4216200.000000 4021843.750000 -3229.944092 22 3
4216400.000000 4021843.750000 -2999.954834 23 3
4216600.000000 4021843.750000 -2769.982422 24 3
4216800.000000 4021843.750000 -2538.511963 25 3
4217000.000000 4021843.750000 -2307.024658 26 3
4217200.000000 4021843.750000 -2075.554199 27 3
4217400.000000 4021843.750000 -1843.584106 28 3
4217600.000000 4021843.750000 -1610.598877 29 3
4217800.000000 4021843.750000 -1375.116821 30 3
4218000.000000 4021843.750000 -1134.640991 31 3
4218200.000000 4021843.750000 -887.673645 32 3
4218400.000000 4021843.750000 -638.192749 33 3
4218600.000000 4021843.750000 -388.212555 34 3
4218800.000000 4021843.750000 -138.248978 35 3
4219000.000000 4021843.750000 110.732521 36 3
4219200.000000 4021843.750000 358.715302 37 3
4219400.000000 4021843.750000 607.180786 38 3
4219600.000000 4021843.750000 855.662903 39 3
4219800.000000 4021843.750000 1105.143799 40 3
4220000.000000 4021843.750000 1358.120239 41 3
4220200.000000 4021843.750000 1614.592041 42 3
4212000.000000 4022215.625000 -7807.821289 1 4
4212200.000000 4022215.625000 -7576.333984 2 4
4212400.000000 4022215.625000 -7346.860840 3 4
4212600.000000 4022215.625000 -7116.389160 4 4
4212800.000000 4022215.625000 -6886.899414 5 4
4213000.000000 4022215.625000 -6656.926758 6 4
4213200.000000 4022215.625000 -6427.453613 7 4
4213400.000000 4022215.625000 -6197.481445 8 4
4213600.000000 4022215.625000 -5968.008301 9 4
4213800.000000 4022215.625000 -5738.019043 10 4
4214000.000000 4022215.625000 -5508.046387 11 4
4214200.000000 4022215.625000 -5278.074219 12 4
4214400.000000 4022215.625000 -5048.101563 13 4
4214600.000000 4022215.625000 -4818.112305 14 4
4214800.000000 4022215.625000 -4588.639160 15 4
4215000.000000 4022215.625000 -4359.166016 16 4
4215200.000000 4022215.625000 -4129.692871 17 4
4215400.000000 4022215.625000 -3900.219971 18 4
4215600.000000 4022215.625000 -3671.229492 19 4
4215800.000000 4022215.625000 -3441.756348 20 4
4216000.000000 4022215.625000 -3212.283203 21 4
4216200.000000 4022215.625000 -2982.310791 22 4
4216400.000000 4022215.625000 -2752.321777 23 4
4216600.000000 4022215.625000 -2520.851074 24 4
4216800.000000 4022215.625000 -2289.380615 25 4
4217000.000000 4022215.625000 -2057.394043 26 4
4217200.000000 4022215.625000 -1824.924683 27 4
4217400.000000 4022215.625000 -1591.939453 28 4
4217600.000000 4022215.625000 -1356.973267 29 4
4217800.000000 4022215.625000 -1119.993164 30 4
4218000.000000 4022215.625000 -879.018066 31 4
4218200.000000 4022215.625000 -632.533325 32 4
4218400.000000 4022215.625000 -383.568512 33 4
4218600.000000 4022215.625000 -133.088913 34 4
4218800.000000 4022215.625000 116.891312 35 4
4219000.000000 4022215.625000 365.872803 36 4
4219200.000000 4022215.625000 614.338318 37 4
4219400.000000 4022215.625000 862.820435 38 4
4219600.000000 4022215.625000 1111.302612 39 4
4219800.000000 4022215.625000 1361.266113 40 4
4220000.000000 4022215.625000 1613.743164 41 4
4220200.000000 4022215.625000 1869.732422 42 4
4212000.000000 4022587.500000 -7552.181641 1 5
4212200.000000 4022587.500000 -7322.208984 2 5
4212400.000000 4022587.500000 -7093.235352 3 5
4212600.000000 4022587.500000 -6864.744141 4 5
4212800.000000 4022587.500000 -6635.770508 5 5
4213000.000000 4022587.500000 -6407.296387 6 5
4213200.000000 4022587.500000 -6178.821777 7 5
4213400.000000 4022587.500000 -5949.848145 8 5
4213600.000000 4022587.500000 -5720.375000 9 5
4213800.000000 4022587.500000 -5491.401367 10 5
4214000.000000 4022587.500000 -5261.412109 11 5
4214200.000000 4022587.500000 -5031.938965 12 5
4214400.000000 4022587.500000 -4802.465820 13 5
4214600.000000 4022587.500000 -4572.992676 14 5
4214800.000000 4022587.500000 -4343.502930 15 5
4215000.000000 4022587.500000 -4114.029785 16 5
4215200.000000 4022587.500000 -3884.057373 17 5
4215400.000000 4022587.500000 -3654.584229 18 5
4215600.000000 4022587.500000 -3425.111084 19 5
4215800.000000 4022587.500000 -3195.121826 20 5
4216000.000000 4022587.500000 -2965.149414 21 5
4216200.000000 4022587.500000 -2734.677490 22 5
4216400.000000 4022587.500000 -2503.689697 23 5
4216600.000000 4022587.500000 -2271.719727 24 5
4216800.000000 4022587.500000 -2039.250488 25 5
4217000.000000 4022587.500000 -1806.764648 26 5
4217200.000000 4022587.500000 -1573.795898 27 5
4217400.000000 4022587.500000 -1339.312622 28 5
4217600.000000 4022587.500000 -1102.831787 29 5
4217800.000000 4022587.500000 -864.353455 30 5
4218000.000000 4022587.500000 -622.379700 31 5
4218200.000000 4022587.500000 -375.911621 32 5
4218400.000000 4022587.500000 -127.429489 33 5
4218600.000000 4022587.500000 122.550735 34 5
4218800.000000 4022587.500000 372.514313 35 5
4219000.000000 4022587.500000 621.995178 36 5
4219200.000000 4022587.500000 870.976685 37 5
4219400.000000 4022587.500000 1119.458862 38 5
4219600.000000 4022587.500000 1367.924316 39 5
4219800.000000 4022587.500000 1617.904541 40 5
4220000.000000 4022587.500000 1870.381592 41 5
4220200.000000 4022587.500000 2126.354004 42 5
4212000.000000 4022959.375000 -7297.058105 1 6
4212200.000000 4022959.375000 -7067.568359 2 6
4212400.000000 4022959.375000 -6840.092773 3 6
4212600.000000 4022959.375000 -6612.616699 4 6
4212800.000000 4022959.375000 -6385.141113 5 6
4213000.000000 4022959.375000 -6157.665527 6 6
4213200.000000 4022959.375000 -5929.690430 7 6
4213400.000000 4022959.375000 -5701.216309 8 6
4213600.000000 4022959.375000 -5472.242188 9 6
4213800.000000 4022959.375000 -5243.768066 10 6
4214000.000000 4022959.375000 -5014.777344 11 6
4214200.000000 4022959.375000 -4785.304199 12 6
4214400.000000 4022959.375000 -4555.831055 13 6
4214600.000000 4022959.375000 -4326.358398 14 6
4214800.000000 4022959.375000 -4096.885254 15 6
4215000.000000 4022959.375000 -3867.395264 16 6
4215200.000000 4022959.375000 -3637.922119 17 6
4215400.000000 4022959.375000 -3407.949707 18 6
4215600.000000 4022959.375000 -3177.977295 19 6
4215800.000000 4022959.375000 -2947.488770 20 6
4216000.000000 4022959.375000 -2717.016846 21 6
4216200.000000 4022959.375000 -2486.045654 22 6
4216400.000000 4022959.375000 -2254.059082 23 6
4216600.000000 4022959.375000 -2021.589844 24 6
4216800.000000 4022959.375000 -1788.621094 25 6
4217000.000000 4022959.375000 -1555.136475 26 6
4217200.000000 4022959.375000 -1321.152466 27 6
4217400.000000 4022959.375000 -1085.687012 28 6
4217600.000000 4022959.375000 -848.207458 29 6
4217800.000000 4022959.375000 -608.231079 30 6
4218000.000000 4022959.375000 -365.258575 31 6
4218200.000000 4022959.375000 -119.273254 32 6
4218400.000000 4022959.375000 129.192245 33 6
4218600.000000 4022959.375000 379.172455 34 6
4218800.000000 4022959.375000 628.653320 35 6
4219000.000000 4022959.375000 878.134155 36 6
4219200.000000 4022959.375000 1127.098999 37 6
4219400.000000 4022959.375000 1375.581177 38 6
4219600.000000 4022959.375000 1624.562622 39 6
4219800.000000 4022959.375000 1874.542847 40 6
4220000.000000 4022959.375000 2127.020020 41 6
4220200.000000 4022959.375000 2383.491943 42 6
4212000.000000 4023331.250000 -7041.418457 1 7
4212200.000000 4023331.250000 -6813.443359 2 7
4212400.000000 4023331.250000 -6586.466797 3 7
4212600.000000 4023331.250000 -6360.489258 4 7
4212800.000000 4023331.250000 -6133.513184 5 7
4213000.000000 4023331.250000 -5907.036133 6 7
4213200.000000 4023331.250000 -5679.560547 7 7
4213400.000000 4023331.250000 -5451.585449 8 7
4213600.000000 4023331.250000 -5223.110840 9 7
4213800.000000 4023331.250000 -4995.136230 10 7
4214000.000000 4023331.250000 -4766.661621 11 7
4214200.000000 4023331.250000 -4537.671387 12 7
4214400.000000 4023331.250000 -4308.198242 13 7
4214600.000000 4023331.250000 -4078.724854 14 7
4214800.000000 4023331.250000 -3849.251709 15 7
4215000.000000 4023331.250000 -3619.279297 16 7
4215200.000000 4023331.250000 -3389.789551 17 7
4215400.000000 4023331.250000 -3159.817139 18 7
4215600.000000 4023331.250000 -2929.345215 19 7
4215800.000000 4023331.250000 -2698.357422 20 7
4216000.000000 4023331.250000 -2467.386230 21 7
4216200.000000 4023331.250000 -2235.915527 22 7
4216400.000000 4023331.250000 -2003.429688 23 7
4216600.000000 4023331.250000 -1770.461060 24 7
4216800.000000 4023331.250000 -1536.976318 25 7
4217000.000000 4023331.250000 -1302.509644 26 7
4217200.000000 4023331.250000 -1067.526855 27 7
4217400.000000 4023331.250000 -831.545410 28 7
4217600.000000 4023331.250000 -593.083801 29 7
4217800.000000 4023331.250000 -352.092102 30 7
4218000.000000 4023331.250000 -108.620216 31 7
4218200.000000 4023331.250000 137.348465 32 7
4218400.000000 4023331.250000 385.830597 33 7
4218600.000000 4023331.250000 635.311462 34 7
4218800.000000 4023331.250000 884.775696 35 7
4219000.000000 4023331.250000 1134.256592 36 7
4219200.000000 4023331.250000 1383.238037 37 7
4219400.000000 4023331.250000 1631.720215 38 7
4219600.000000 4023331.250000 1881.184448 39 7
4219800.000000 4023331.250000 2131.664063 40 7
4220000.000000 4023331.250000 2384.640381 41 7
4220200.000000 4023331.250000 2641.112305 42 7
4212000.000000 4023703.125000 -6786.294922 1 8
4212200.000000 4023703.125000 -6558.818848 2 8
4212400.000000 4023703.125000 -6332.841309 3 8
4212600.000000 4023703.125000 -6106.863770 4 8
4212800.000000 4023703.125000 -5881.385742 5 8
4213000.000000 4023703.125000 -5654.908691 6 8
4213200.000000 4023703.125000 -5428.431641 7 8
4213400.000000 4023703.125000 -5200.956055 8 8
4213600.000000 4023703.125000 -4972.980957 9 8
4213800.000000 4023703.125000 -4745.005859 10 8
4214000.000000 4023703.125000 -4517.030762 11 8
4214200.000000 4023703.125000 -4288.540039 12 8
4214400.000000 4023703.125000 -4059.066650 13 8
4214600.000000 4023703.125000 -3830.093018 14 8
4214800.000000 4023703.125000 -3600.619873 15 8
4215000.000000 4023703.125000 -3370.647461 16 8
4215200.000000 4023703.125000 -3140.658203 17 8
4215400.000000 4023703.125000 -2910.186523 18 8
4215600.000000 4023703.125000 -2679.215332 19 8
4215800.000000 4023703.125000 -2448.227295 20 8
4216000.000000 4023703.125000 -2217.256104 21 8
4216200.000000 4023703.125000 -1985.286255 22 8
4216400.000000 4023703.125000 -1752.300903 23 8
4216600.000000 4023703.125000 -1518.832886 24 8
4216800.000000 4023703.125000 -1284.848877 25 8
4217000.000000 4023703.125000 -1049.882813 26 8
4217200.000000 4023703.125000 -814.400696 27 8
4217400.000000 4023703.125000 -577.420532 28 8
4217600.000000 4023703.125000 -337.943542 29 8
4217800.000000 4023703.125000 -96.469093 30 8
4218000.000000 4023703.125000 147.502151 31 8
4218200.000000 4023703.125000 393.986847 32 8
4218400.000000 4023703.125000 642.468994 33 8
4218600.000000 4023703.125000 891.933228 34 8
4218800.000000 4023703.125000 1141.414063 35 8
4219000.000000 4023703.125000 1390.894897 36 8
4219200.000000 4023703.125000 1639.859741 37 8
4219400.000000 4023703.125000 1888.341919 38 8
4219600.000000 4023703.125000 2137.323486 39 8
4219800.000000 4023703.125000 2387.802979 40 8
4220000.000000 4023703.125000 2640.779297 41 8
4220200.000000 4023703.125000 2897.251221 42 8
4212000.000000 4024075.000000 -6530.655273 1 9
4212200.000000 4024075.000000 -6304.178223 2 9
4212400.000000 4024075.000000 -6078.200684 3 9
4212600.000000 4024075.000000 -5853.221680 4 9
4212800.000000 4024075.000000 -5627.743652 5 9
4213000.000000 4024075.000000 -5402.281738 6 9
4213200.000000 4024075.000000 -5175.804688 7 9
4213400.000000 4024075.000000 -4948.828613 8 9
4213600.000000 4024075.000000 -4721.353027 9 9
4213800.000000 4024075.000000 -4493.361328 10 9
4214000.000000 4024075.000000 -4265.885742 11 9
4214200.000000 4024075.000000 -4037.910400 12 9
4214400.000000 4024075.000000 -3808.936768 13 9
4214600.000000 4024075.000000 -3579.962891 14 9
4214800.000000 4024075.000000 -3350.489746 15 9
4215000.000000 4024075.000000 -3120.500732 16 9
4215200.000000 4024075.000000 -2890.528320 17 9
4215400.000000 4024075.000000 -2660.056396 18 9
4215600.000000 4024075.000000 -2429.085205 19 9
4215800.000000 4024075.000000 -2197.597900 20 9
4216000.000000 4024075.000000 -1966.127441 21 9
4216200.000000 4024075.000000 -1733.641479 22 9
4216400.000000 4024075.000000 -1500.672852 23 9
4216600.000000 4024075.000000 -1267.188110 24 9
4216800.000000 4024075.000000 -1032.721436 25 9
4217000.000000 4024075.000000 -797.239319 26 9
4217200.000000 4024075.000000 -560.758484 27 9
4217400.000000 4024075.000000 -322.796234 28 9
4217600.000000 4024075.000000 -82.320526 29 9
4217800.000000 4024075.000000 159.669922 30 9
4218000.000000 4024075.000000 404.140533 31 9
4218200.000000 4024075.000000 650.608582 32 9
4218400.000000 4024075.000000 899.090698 33 9
4218600.000000 4024075.000000 1148.571533 34 9
4218800.000000 4024075.000000 1398.052490 35 9
4219000.000000 4024075.000000 1647.516602 36 9
4219200.000000 4024075.000000 1896.498169 37 9
4219400.000000 4024075.000000 2145.479736 38 9
4219600.000000 4024075.000000 2394.444580 39 9
4219800.000000 4024075.000000 2644.424805 40 9
4220000.000000 4024075.000000 2896.901855 41 9
4220200.000000 4024075.000000 3153.373779 42 9
4212000.000000 4024446.875000 -6275.531250 1 10
4212200.000000 4024446.875000 -6049.054688 2 10
4212400.000000 4024446.875000 -5824.075684 3 10
4212600.000000 4024446.875000 -5599.096680 4 10
4212800.000000 4024446.875000 -5374.117676 5 10
4213000.000000 4024446.875000 -5148.639648 6 10
4213200.000000 4024446.875000 -4922.662109 7 10
4213400.000000 4024446.875000 -4696.185059 8 10
4213600.000000 4024446.875000 -4469.208984 9 10
4213800.000000 4024446.875000 -4241.732910 10 10
4214000.000000 4024446.875000 -4014.257324 11 10
4214200.000000 4024446.875000 -3786.282471 12 10
4214400.000000 4024446.875000 -3557.807861 13 10
4214600.000000 4024446.875000 -3328.834229 14 10
4214800.000000 4024446.875000 -3099.361084 15 10
4215000.000000 4024446.875000 -2869.372070 16 10
4215200.000000 4024446.875000 -2638.900146 17 10
4215400.000000 4024446.875000 -2408.428223 18 10
4215600.000000 4024446.875000 -2177.440430 19 10
4215800.000000 4024446.875000 -1945.969849 20 10
4216000.000000 4024446.875000 -1713.999878 21 10
4216200.000000 4024446.875000 -1481.014648 22 10
4216400.000000 4024446.875000 -1248.046021 23 10
4216600.000000 4024446.875000 -1014.561340 24 10
4216800.000000 4024446.875000 -779.595215 25 10
4217000.000000 4024446.875000 -543.613770 26 10
4217200.000000 4024446.875000 -306.633575 27 10
4217400.000000 4024446.875000 -67.655952 28 10
4217600.000000 4024446.875000 173.319122 29 10
4217800.000000 4024446.875000 415.792297 30 10
4218000.000000 4024446.875000 660.778870 31 10
4218200.000000 4024446.875000 907.246948 32 10
4218400.000000 4024446.875000 1155.729126 33 10
4218600.000000 4024446.875000 1405.193237 34 10
4218800.000000 4024446.875000 1654.674194 35 10
4219000.000000 4024446.875000 1904.155029 36 10
4219200.000000 4024446.875000 2153.136475 37 10
4219400.000000 4024446.875000 2402.101318 38 10
4219600.000000 4024446.875000 2651.582275 39 10
4219800.000000 4024446.875000 2901.562500 40 10
4220000.000000 4024446.875000 3153.540039 41 10
4220200.000000 4024446.875000 3409.512695 42 10
4212000.000000 4024818.750000 -6019.392578 1 11
4212200.000000 4024818.750000 -5793.914063 2 11
4212400.000000 4024818.750000 -5568.935547 3 11
4212600.000000 4024818.750000 -5344.472656 4 11
4212800.000000 4024818.750000 -5119.493652 5 11
4213000.000000 4024818.750000 -4894.514648 6 11
4213200.000000 4024818.750000 -4669.036621 7 11
4213400.000000 4024818.750000 -4443.059082 8 11
4213600.000000 4024818.750000 -4216.082520 9 11
4213800.000000 4024818.750000 -3989.106201 10 11
4214000.000000 4024818.750000 -3761.630615 11 11
4214200.000000 4024818.750000 -3533.655518 12 11
4214400.000000 4024818.750000 -3305.181152 13 11
4214600.000000 4024818.750000 -3076.207275 14 11
4214800.000000 4024818.750000 -2846.717529 15 11
4215000.000000 4024818.750000 -2616.745117 16 11
4215200.000000 4024818.750000 -2386.273193 17 11
4215400.000000 4024818.750000 -2155.801514 18 11
4215600.000000 4024818.750000 -1924.813599 19 11
4215800.000000 4024818.750000 -1693.343018 20 11
4216000.000000 4024818.750000 -1460.857056 21 11
4216200.000000 4024818.750000 -1227.888428 22 11
4216400.000000 4024818.750000 -994.903137 23 11
4216600.000000 4024818.750000 -760.935791 24 11
4216800.000000 4024818.750000 -525.453674 25 11
4217000.000000 4024818.750000 -288.972839 26 11
4217200.000000 4024818.750000 -51.509937 27 11
4217400.000000 4024818.750000 187.967056 28 11
4217600.000000 4024818.750000 428.942139 29 11
4217800.000000 4024818.750000 671.931274 30 11
4218000.000000 4024818.750000 916.901245 31 11
4218200.000000 4024818.750000 1163.885254 32 11
4218400.000000 4024818.750000 1412.850220 33 11
4218600.000000 4024818.750000 1661.831665 34 11
4218800.000000 4024818.750000 1911.312500 35 11
4219000.000000 4024818.750000 2160.776855 36 11
4219200.000000 4024818.750000 2409.758301 37 11
4219400.000000 4024818.750000 2658.739746 38 11
4219600.000000 4024818.750000 2907.721191 39 11
4219800.000000 4024818.750000 3157.684814 40 11
4220000.000000 4024818.750000 3409.662598 41 11
4220200.000000 4024818.750000 3664.636230 42 11
4212000.000000 4025190.625000 -5763.769531 1 12
4212200.000000 4025190.625000 -5538.291016 2 12
4212400.000000 4025190.625000 -5314.311035 3 12
4212600.000000 4025190.625000 -5089.831543 4 12
4212800.000000 4025190.625000 -4865.851563 5 12
4213000.000000 4025190.625000 -4640.889160 6 12
4213200.000000 4025190.625000 -4415.411133 7 12
4213400.000000 4025190.625000 -4189.433105 8 12
4213600.000000 4025190.625000 -3962.457031 9 12
4213800.000000 4025190.625000 -3735.480713 10 12
4214000.000000 4025190.625000 -3508.005127 11 12
4214200.000000 4025190.625000 -3280.030029 12 12
4214400.000000 4025190.625000 -3051.538818 13 12
4214600.000000 4025190.625000 -2822.565186 14 12
4214800.000000 4025190.625000 -2593.092041 15 12
4215000.000000 4025190.625000 -2363.119629 16 12
4215200.000000 4025190.625000 -2133.146973 17 12
4215400.000000 4025190.625000 -1902.658569 18 12
4215600.000000 4025190.625000 -1671.687378 19 12
4215800.000000 4025190.625000 -1440.216797 20 12
4216000.000000 4025190.625000 -1207.730835 21 12
4216200.000000 4025190.625000 -974.262878 22 12
4216400.000000 4025190.625000 -740.778198 23 12
4216600.000000 4025190.625000 -506.294830 24 12
4216800.000000 4025190.625000 -270.829376 25 12
4217000.000000 4025190.625000 -33.849197 26 12
4217200.000000 4025190.625000 204.129715 27 12
4217400.000000 4025190.625000 443.606689 28 12
4217600.000000 4025190.625000 685.081116 29 12
4217800.000000 4025190.625000 928.553040 30 12
4218000.000000 4025190.625000 1173.539673 31 12
4218200.000000 4025190.625000 1420.507080 32 12
4218400.000000 4025190.625000 1669.488525 33 12
4218600.000000 4025190.625000 1918.470093 34 12
4218800.000000 4025190.625000 2167.934326 35 12
4219000.000000 4025190.625000 2417.415039 36 12
4219200.000000 4025190.625000 2666.396729 37 12
4219400.000000 4025190.625000 2915.361572 38 12
4219600.000000 4025190.625000 3164.343018 39 12
4219800.000000 4025190.625000 3414.323242 40 12
4220000.000000 4025190.625000 3666.300781 41 12
4220200.000000 4025190.625000 3920.275879 42 12
4212000.000000 4025562.500000 -5507.630371 1 13
4212200.000000 4025562.500000 -5283.150879 2 13
4212400.000000 4025562.500000 -5059.187500 3 13
4212600.000000 4025562.500000 -4835.706543 4 13
4212800.000000 4025562.500000 -4611.726563 5 13
4213000.000000 4025562.500000 -4386.747559 6 13
4213200.000000 4025562.500000 -4161.269531 7 13
4213400.000000 4025562.500000 -3935.291748 8 13
4213600.000000 4025562.500000 -3708.315430 9 13
4213800.000000 4025562.500000 -3481.339111 10 13
4214000.000000 4025562.500000 -3253.863525 11 13
4214200.000000 4025562.500000 -3025.888428 12 13
4214400.000000 4025562.500000 -2797.414063 13 13
4214600.000000 4025562.500000 -2568.440186 14 13
4214800.000000 4025562.500000 -2338.967041 15 13
4215000.000000 4025562.500000 -2108.978027 16 13
4215200.000000 4025562.500000 -1879.005493 17 13
4215400.000000 4025562.500000 -1648.533691 18 13
4215600.000000 4025562.500000 -1417.562500 19 13
4215800.000000 4025562.500000 -1186.075195 20 13
4216000.000000 4025562.500000 -953.605957 21 13
4216200.000000 4025562.500000 -720.121338 22 13
4216400.000000 4025562.500000 -486.153931 23 13
4216600.000000 4025562.500000 -251.171188 24 13
4216800.000000 4025562.500000 -15.689094 25 13
4217000.000000 4025562.500000 221.274445 26 13
4217200.000000 4025562.500000 459.752716 27 13
4217400.000000 4025562.500000 699.729065 28 13
4217600.000000 4025562.500000 941.702881 29 13
4217800.000000 4025562.500000 1185.191406 30 13
4218000.000000 4025562.500000 1430.161377 31 13
4218200.000000 4025562.500000 1677.145386 32 13
4218400.000000 4025562.500000 1926.110229 33 13
4218600.000000 4025562.500000 2175.091797 34 13
4218800.000000 4025562.500000 2424.572510 35 13
4219000.000000 4025562.500000 2674.053467 36 13
4219200.000000 4025562.500000 2923.018311 37 13
4219400.000000 4025562.500000 3171.999756 38 13
4219600.000000 4025562.500000 3420.981445 39 13
4219800.000000 4025562.500000 3670.961670 40 13
4220000.000000 4025562.500000 3922.423340 41 13
4220200.000000 4025562.500000 4174.900391 42 13
4212000.000000 4025934.375000 -5251.008789 1 14
4212200.000000 4025934.375000 -5027.028320 2 14
4212400.000000 4025934.375000 -4803.547852 3 14
4212600.000000 4025934.375000 -4580.066895 4 14
4212800.000000 4025934.375000 -4356.603027 5 14
4213000.000000 4025934.375000 -4131.624023 6 14
4213200.000000 4025934.375000 -3906.145752 7 14
4213400.000000 4025934.375000 -3680.168213 8 14
4213600.000000 4025934.375000 -3453.691162 9 14
4213800.000000 4025934.375000 -3226.714844 10 14
4214000.000000 4025934.375000 -2999.239258 11 14
4214200.000000 4025934.375000 -2771.264160 12 14
4214400.000000 4025934.375000 -2542.789795 13 14
4214600.000000 4025934.375000 -2313.799316 14 14
4214800.000000 4025934.375000 -2084.326172 15 14
4215000.000000 4025934.375000 -1854.353760 16 14
4215200.000000 4025934.375000 -1624.381226 17 14
4215400.000000 4025934.375000 -1393.393433 18 14
4215600.000000 4025934.375000 -1162.422119 19 14
4215800.000000 4025934.375000 -930.951599 20 14
4216000.000000 4025934.375000 -698.465698 21 14
4216200.000000 4025934.375000 -464.997681 22 14
4216400.000000 4025934.375000 -231.013641 23 14
4216600.000000 4025934.375000 4.451808 24 14
4216800.000000 4025934.375000 240.433273 25 14
4217000.000000 4025934.375000 477.413452 26 14
4217200.000000 4025934.375000 715.891724 27 14
4217400.000000 4025934.375000 956.367432 28 14
4217600.000000 4025934.375000 1198.341187 29 14
4217800.000000 4025934.375000 1441.813110 30 14
4218000.000000 4025934.375000 1686.799683 31 14
4218200.000000 4025934.375000 1933.767090 32 14
4218400.000000 4025934.375000 2182.748535 33 14
4218600.000000 4025934.375000 2431.730225 34 14
4218800.000000 4025934.375000 2681.194336 35 14
4219000.000000 4025934.375000 2930.675293 36 14
4219200.000000 4025934.375000 3179.656738 37 14
4219400.000000 4025934.375000 3428.638184 38 14
4219600.000000 4025934.375000 3677.603027 39 14
4219800.000000 4025934.375000 3927.583252 40 14
4220000.000000 4025934.375000 4178.062988 41 14
4220200.000000 4025934.375000 4429.041992 42 14
4212000.000000 4026306.250000 -4994.869629 1 15
4212200.000000 4026306.250000 -4770.390137 2 15
4212400.000000 4026306.250000 -4547.425293 3 15
4212600.000000 4026306.250000 -4324.443848 4 15
4212800.000000 4026306.250000 -4100.463867 5 15
4213000.000000 4026306.250000 -3875.484863 6 15
4213200.000000 4026306.250000 -3650.506104 7 15
4213400.000000 4026306.250000 -3424.528564 8 15
4213600.000000 4026306.250000 -3198.051514 9 15
4213800.000000 4026306.250000 -2971.075195 10 15
4214000.000000 4026306.250000 -2743.599609 11 15
4214200.000000 4026306.250000 -2515.624512 12 15
4214400.000000 4026306.250000 -2287.150146 13 15
4214600.000000 4026306.250000 -2058.176270 14 15
4214800.000000 4026306.250000 -1828.703247 15 15
4215000.000000 4026306.250000 -1599.230103 16 15
4215200.000000 4026306.250000 -1369.240967 17 15
4215400.000000 4026306.250000 -1138.269775 18 15
4215600.000000 4026306.250000 -907.298523 19 15
4215800.000000 4026306.250000 -675.811340 20 15
4216000.000000 4026306.250000 -443.342041 21 15
4216200.000000 4026306.250000 -209.857376 22 15
4216400.000000 4026306.250000 24.609356 23 15
4216600.000000 4026306.250000 260.091461 24 15
4216800.000000 4026306.250000 496.572296 25 15
4217000.000000 4026306.250000 734.051819 26 15
4217200.000000 4026306.250000 972.513428 27 15
4217400.000000 4026306.250000 1212.989136 28 15
4217600.000000 4026306.250000 1454.979614 29 15
4217800.000000 4026306.250000 1698.451538 30 15
4218000.000000 4026306.250000 1943.421509 31 15
4218200.000000 4026306.250000 2190.405518 32 15
4218400.000000 4026306.250000 2439.386963 33 15
4218600.000000 4026306.250000 2688.351807 34 15
4218800.000000 4026306.250000 2937.832764 35 15
4219000.000000 4026306.250000 3187.313477 36 15
4219200.000000 4026306.250000 3436.278564 37 15
4219400.000000 4026306.250000 3685.260010 38 15
4219600.000000 4026306.250000 3934.241455 39 15
4219800.000000 4026306.250000 4183.722168 40 15
4220000.000000 4026306.250000 4433.186523 41 15
4220200.000000 4026306.250000 4683.666016 42 15
4212000.000000 4026678.125000 -4738.747070 1 16
4212200.000000 4026678.125000 -4514.767090 2 16
4212400.000000 4026678.125000 -4291.286133 3 16
4212600.000000 4026678.125000 -4068.304932 4 16
4212800.000000 4026678.125000 -3844.324707 5 16
4213000.000000 4026678.125000 -3619.861816 6 16
4213200.000000 4026678.125000 -3394.383789 7 16
4213400.000000 4026678.125000 -3168.905518 8 16
4213600.000000 4026678.125000 -2942.428467 9 16
4213800.000000 4026678.125000 -2715.452148 10 16
4214000.000000 4026678.125000 -2487.976563 11 16
4214200.000000 4026678.125000 -2260.001465 12 16
4214400.000000 4026678.125000 -2031.527100 13 16
4214600.000000 4026678.125000 -1802.536621 14 16
4214800.000000 4026678.125000 -1573.063599 15 16
4215000.000000 4026678.125000 -1343.590454 16 16
4215200.000000 4026678.125000 -1113.617920 17 16
4215400.000000 4026678.125000 -882.630066 18 16
4215600.000000 4026678.125000 -651.159546 19 16
4215800.000000 4026678.125000 -419.688965 20 16
4216000.000000 4026678.125000 -187.203018 21 16
4216200.000000 4026678.125000 46.264988 22 16
4216400.000000 4026678.125000 280.748352 23 16
4216600.000000 4026678.125000 516.213806 24 16
4216800.000000 4026678.125000 752.694641 25 16
4217000.000000 4026678.125000 990.174194 26 16
4217200.000000 4026678.125000 1229.151855 27 16
4217400.000000 4026678.125000 1469.627563 28 16
4217600.000000 4026678.125000 1711.601318 29 16
4217800.000000 4026678.125000 1955.073242 30 16
4218000.000000 4026678.125000 2200.059814 31 16
4218200.000000 4026678.125000 2447.027344 32 16
4218400.000000 4026678.125000 2696.008789 33 16
4218600.000000 4026678.125000 2944.990234 34 16
4218800.000000 4026678.125000 3194.471191 35 16
4219000.000000 4026678.125000 3443.935303 36 16
4219200.000000 4026678.125000 3692.916748 37 16
4219400.000000 4026678.125000 3941.898193 38 16
4219600.000000 4026678.125000 4190.863281 39 16
4219800.000000 4026678.125000 4440.344238 40 16
4220000.000000 4026678.125000 4689.824707 41 16
4220200.000000 4026678.125000 4940.304688 42 16
4212000.000000 4027050.000000 -4482.608398 1 17
4212200.000000 4027050.000000 -4258.128906 2 17
4212400.000000 4027050.000000 -4035.147461 3 17
4212600.000000 4027050.000000 -3811.683105 4 17
4212800.000000 4027050.000000 -3588.202393 5 17
4213000.000000 4027050.000000 -3363.223633 6 17
4213200.000000 4027050.000000 -3138.244629 7 17
4213400.000000 4027050.000000 -2912.267090 8 17
4213600.000000 4027050.000000 -2685.790039 9 17
4213800.000000 4027050.000000 -2458.813721 10 17
4214000.000000 4027050.000000 -2231.338135 11 17
4214200.000000 4027050.000000 -2003.363159 12 17
4214400.000000 4027050.000000 -1774.888672 13 17
4214600.000000 4027050.000000 -1545.914917 14 17
4214800.000000 4027050.000000 -1316.441772 15 17
4215000.000000 4027050.000000 -1086.952026 16 17
4215200.000000 4027050.000000 -856.979553 17 17
4215400.000000 4027050.000000 -626.008362 18 17
4215600.000000 4027050.000000 -394.537811 19 17
4215800.000000 4027050.000000 -163.050583 20 17
4216000.000000 4027050.000000 69.418701 21 17
4216200.000000 4027050.000000 302.903351 22 17
4216400.000000 4027050.000000 537.370117 23 17
4216600.000000 4027050.000000 772.852173 24 17
4216800.000000 4027050.000000 1009.333008 25 17
4217000.000000 4027050.000000 1246.812622 26 17
4217200.000000 4027050.000000 1485.790161 27 17
4217400.000000 4027050.000000 1726.265869 28 17
4217600.000000 4027050.000000 1968.239746 29 17
4217800.000000 4027050.000000 2211.711670 30 17
4218000.000000 4027050.000000 2456.681641 31 17
4218200.000000 4027050.000000 2703.665527 32 17
4218400.000000 4027050.000000 2952.647217 33 17
4218600.000000 4027050.000000 3201.612061 34 17
4218800.000000 4027050.000000 3451.092773 35 17
4219000.000000 4027050.000000 3700.573730 36 17
4219200.000000 4027050.000000 3949.555176 37 17
4219400.000000 4027050.000000 4198.520020 38 17
4219600.000000 4027050.000000 4447.501465 39 17
4219800.000000 4027050.000000 4697.481934 40 17
4220000.000000 4027050.000000 4947.961426 41 17
4220200.000000 4027050.000000 5199.422852 42 17
4212000.000000 4027421.875000 -4225.470703 1 18
4212200.000000 4027421.875000 -4001.507080 2 18
4212400.000000 4027421.875000 -3778.026367 3 18
4212600.000000 4027421.875000 -3555.044922 4 18
4212800.000000 4027421.875000 -3331.064697 5 18
4213000.000000 4027421.875000 -3106.601807 6 18
4213200.000000 4027421.875000 -2881.123535 7 18
4213400.000000 4027421.875000 -2655.145996 8 18
4213600.000000 4027421.875000 -2428.169678 9 18
4213800.000000 4027421.875000 -2200.694092 10 18
4214000.000000 4027421.875000 -1973.218384 11 18
4214200.000000 4027421.875000 -1745.742676 12 18
4214400.000000 4027421.875000 -1517.251587 13 18
4214600.000000 4027421.875000 -1288.277832 14 18
4214800.000000 4027421.875000 -1059.304077 15 18
4215000.000000 4027421.875000 -829.830994 16 18
4215200.000000 4027421.875000 -599.359131 17 18
4215400.000000 4027421.875000 -368.371277 18 18
4215600.000000 4027421.875000 -136.900711 19 18
4215800.000000 4027421.875000 94.569862 20 18
4216000.000000 4027421.875000 327.055786 21 18
4216200.000000 4027421.875000 560.523804 22 18
4216400.000000 4027421.875000 795.007202 23 18
4216600.000000 4027421.875000 1029.989868 24 18
4216800.000000 4027421.875000 1266.454102 25 18
4217000.000000 4027421.875000 1503.933594 26 18
4217200.000000 4027421.875000 1742.411865 27 18
4217400.000000 4027421.875000 1982.887695 28 18
4217600.000000 4027421.875000 2224.861328 29 18
4217800.000000 4027421.875000 2468.349854 30 18
4218000.000000 4027421.875000 2713.319824 31 18
4218200.000000 4027421.875000 2960.303955 32 18
4218400.000000 4027421.875000 3209.268799 33 18
4218600.000000 4027421.875000 3458.250244 34 18
4218800.000000 4027421.875000 3707.731201 35 18
4219000.000000 4027421.875000 3957.195313 36 18
4219200.000000 4027421.875000 4206.176758 37 18
4219400.000000 4027421.875000 4455.158203 38 18
4219600.000000 4027421.875000 4704.140137 39 18
4219800.000000 4027421.875000 4954.603027 40 18
4220000.000000 4027421.875000 5206.081055 41 18
4220200.000000 4027421.875000 5459.057617 42 18
4212000.000000 4027793.750000 -3968.349365 1 19
4212200.000000 4027793.750000 -3743.869873 2 19
4212400.000000 4027793.750000 -3520.888428 3 19
4212600.000000 4027793.750000 -3297.424316 4 19
4212800.000000 4027793.750000 -3073.943604 5 19
4213000.000000 4027793.750000 -2848.964844 6 19
4213200.000000 4027793.750000 -2623.985840 7 19
4213400.000000 4027793.750000 -2397.508789 8 19
4213600.000000 4027793.750000 -2170.532471 9 19
4213800.000000 4027793.750000 -1943.056885 10 19
4214000.000000 4027793.750000 -1715.081909 11 19
4214200.000000 4027793.750000 -1487.606201 12 19
4214400.000000 4027793.750000 -1259.131836 13 19
4214600.000000 4027793.750000 -1030.158081 14 19
4214800.000000 4027793.750000 -801.167664 15 19
4215000.000000 4027793.750000 -571.694519 16 19
4215200.000000 4027793.750000 -341.222656 17 19
4215400.000000 4027793.750000 -110.251465 18 19
4215600.000000 4027793.750000 121.235748 19 19
4215800.000000 4027793.750000 352.706329 20 19
4216000.000000 4027793.750000 585.192261 21 19
4216200.000000 4027793.750000 818.660278 22 19
4216400.000000 4027793.750000 1053.143677 23 19
4216600.000000 4027793.750000 1287.610352 24 19
4216800.000000 4027793.750000 1523.591797 25 19
4217000.000000 4027793.750000 1760.572021 26 19
4217200.000000 4027793.750000 1999.050293 27 19
4217400.000000 4027793.750000 2239.026611 28 19
4217600.000000 4027793.750000 2481.000488 29 19
4217800.000000 4027793.750000 2724.971680 30 19
4218000.000000 4027793.750000 2969.958252 31 19
4218200.000000 4027793.750000 3216.925781 32 19
4218400.000000 4027793.750000 3465.907227 33 19
4218600.000000 4027793.750000 3714.888672 34 19
4218800.000000 4027793.750000 3964.353027 35 19
4219000.000000 4027793.750000 4213.833984 36 19
4219200.000000 4027793.750000 4462.815430 37 19
4219400.000000 4027793.750000 4711.780273 38 19
4219600.000000 4027793.750000 4960.761719 39 19
4219800.000000 4027793.750000 5211.241211 40 19
4220000.000000 4027793.750000 5463.218750 41 19
4220200.000000 4027793.750000 5717.193848 42 19
4212000.000000 4028165.625000 -3710.712402 1 20
4212200.000000 4028165.625000 -3486.232910 2 20
4212400.000000 4028165.625000 -3262.768799 3 20
4212600.000000 4028165.625000 -3039.787354 4 20
4212800.000000 4028165.625000 -2815.807129 5 20
4213000.000000 4028165.625000 -2591.327637 6 20
4213200.000000 4028165.625000 -2365.849365 7 20
4213400.000000 4028165.625000 -2139.372559 8 20
4213600.000000 4028165.625000 -1912.396118 9 20
4213800.000000 4028165.625000 -1684.920410 10 20
4214000.000000 4028165.625000 -1456.945435 11 20
4214200.000000 4028165.625000 -1228.970337 12 20
4214400.000000 4028165.625000 -1000.495972 13 20
4214600.000000 4028165.625000 -771.522217 14 20
4214800.000000 4028165.625000 -542.049072 15 20
4215000.000000 4028165.625000 -312.559326 16 20
4215200.000000 4028165.625000 -82.087486 17 20
4215400.000000 4028165.625000 148.883713 18 20
4215600.000000 4028165.625000 379.871582 19 20
4215800.000000 4028165.625000 611.342163 20 20
4216000.000000 4028165.625000 843.811401 21 20
4216200.000000 4028165.625000 1077.296021 22 20
4216400.000000 4028165.625000 1311.263428 23 20
4216600.000000 4028165.625000 1545.746826 24 20
4216800.000000 4028165.625000 1781.228882 25 20
4217000.000000 4028165.625000 2017.693115 26 20
4217200.000000 4028165.625000 2255.672119 27 20
4217400.000000 4028165.625000 2495.648438 28 20
4217600.000000 4028165.625000 2737.622070 29 20
4217800.000000 4028165.625000 2981.610107 30 20
4218000.000000 4028165.625000 3226.580078 31 20
4218200.000000 4028165.625000 3473.563965 32 20
4218400.000000 4028165.625000 3722.529053 33 20
4218600.000000 4028165.625000 3971.510498 34 20
4218800.000000 4028165.625000 4220.991211 35 20
4219000.000000 4028165.625000 4470.472168 36 20
4219200.000000 4028165.625000 4719.437012 37 20
4219400.000000 4028165.625000 4968.418457 38 20
4219600.000000 4028165.625000 5217.899414 39 20
4219800.000000 4028165.625000 5467.879395 40 20
4220000.000000 4028165.625000 5719.840820 41 20
4220200.000000 4028165.625000 5974.831055 42 20
4212000.000000 4028537.500000 -3453.075195 1 21
4212200.000000 4028537.500000 -3228.113037 2 21
4212400.000000 4028537.500000 -3004.632324 3 21
4212600.000000 4028537.500000 -2781.151367 4 21
4212800.000000 4028537.500000 -2557.670654 5 21
4213000.000000 4028537.500000 -2332.708496 6 21
4213200.000000 4028537.500000 -2107.230225 7 21
4213400.000000 4028537.500000 -1880.753296 8 21
4213600.000000 4028537.500000 -1653.776978 9 21
4213800.000000 4028537.500000 -1426.301270 10 21
4214000.000000 4028537.500000 -1198.309570 11 21
4214200.000000 4028537.500000 -969.835205 12 21
4214400.000000 4028537.500000 -740.861450 13 21
4214600.000000 4028537.500000 -511.887695 14 21
4214800.000000 4028537.500000 -282.414551 15 21
4215000.000000 4028537.500000 -52.442078 16 21
4215200.000000 4028537.500000 178.046417 17 21
4215400.000000 4028537.500000 408.518250 18 21
4215600.000000 4028537.500000 639.489441 19 21
4215800.000000 4028537.500000 870.976685 20 21
4216000.000000 4028537.500000 1103.445923 21 21
4216200.000000 4028537.500000 1336.930664 22 21
4216400.000000 4028537.500000 1570.398682 23 21
4216600.000000 4028537.500000 1804.382690 24 21
4216800.000000 4028537.500000 2039.348755 25 21
4217000.000000 4028537.500000 2275.829590 26 21
4217200.000000 4028537.500000 2513.309082 27 21
4217400.000000 4028537.500000 2752.786133 28 21
4217600.000000 4028537.500000 2994.760010 29 21
4217800.000000 4028537.500000 3238.231689 30 21
4218000.000000 4028537.500000 3483.218506 31 21
4218200.000000 4028537.500000 3730.185791 32 21
4218400.000000 4028537.500000 3979.167236 33 21
4218600.000000 4028537.500000 4228.148926 34 21
4218800.000000 4028537.500000 4477.612793 35 21
4219000.000000 4028537.500000 4727.093750 36 21
4219200.000000 4028537.500000 4976.075195 37 21
4219400.000000 4028537.500000 5225.056641 38 21
4219600.000000 4028537.500000 5474.520996 39 21
4219800.000000 4028537.500000 5724.001953 40 21
4220000.000000 4028537.500000 5976.479004 41 21
4220200.000000 4028537.500000 6231.452637 42 21
4212000.000000 4028909.375000 -3195.454834 1 22
4212200.000000 4028909.375000 -2969.477295 2 22
4212400.000000 4028909.375000 -2745.996338 3 22
4212600.000000 4028909.375000 -2522.515625 4 22
4212800.000000 4028909.375000 -2298.552246 5 22
4213000.000000 4028909.375000 -2073.573242 6 22
4213200.000000 4028909.375000 -1847.595703 7 22
4213400.000000 4028909.375000 -1621.118774 8 22
4213600.000000 4028909.375000 -1394.142456 9 22
4213800.000000 4028909.375000 -1166.167358 10 22
4214000.000000 4028909.375000 -938.192322 11 22
4214200.000000 4028909.375000 -709.201965 12 22
4214400.000000 4028909.375000 -480.228180 13 22
4214600.000000 4028909.375000 -251.254425 14 22
4214800.000000 4028909.375000 -21.781300 15 22
4215000.000000 4028909.375000 208.191177 16 22
4215200.000000 4028909.375000 438.679688 17 22
4215400.000000 4028909.375000 669.151489 18 22
4215600.000000 4028909.375000 900.122742 19 22
4215800.000000 4028909.375000 1131.609985 20 22
4216000.000000 4028909.375000 1364.079224 21 22
4216200.000000 4028909.375000 1597.047852 22 22
4216400.000000 4028909.375000 1830.532471 23 22
4216600.000000 4028909.375000 2064.000488 24 22
4216800.000000 4028909.375000 2298.483887 25 22
4217000.000000 4028909.375000 2534.465332 26 22
4217200.000000 4028909.375000 2771.445557 27 22
4217400.000000 4028909.375000 3010.423096 28 22
4217600.000000 4028909.375000 3251.897705 29 22
4217800.000000 4028909.375000 3494.870117 30 22
4218000.000000 4028909.375000 3739.840088 31 22
4218200.000000 4028909.375000 3986.824219 32 22
4218400.000000 4028909.375000 4235.289551 33 22
4218600.000000 4028909.375000 4484.270996 34 22
4218800.000000 4028909.375000 4733.751953 35 22
4219000.000000 4028909.375000 4983.232910 36 22
4219200.000000 4028909.375000 5232.697266 37 22
4219400.000000 4028909.375000 5481.678711 38 22
4219600.000000 4028909.375000 5730.660156 39 22
4219800.000000 4028909.375000 5980.640137 40 22
4220000.000000 4028909.375000 6232.618164 41 22
4220200.000000 4028909.375000 6487.591797 42 22
4212000.000000 4029281.250000 -2937.318359 1 23
4212200.000000 4029281.250000 -2711.340820 2 23
4212400.000000 4029281.250000 -2486.861328 3 23
4212600.000000 4029281.250000 -2262.897705 4 23
4212800.000000 4029281.250000 -2038.418213 5 23
4213000.000000 4029281.250000 -1812.940063 6 23
4213200.000000 4029281.250000 -1586.962402 7 23
4213400.000000 4029281.250000 -1360.485474 8 23
4213600.000000 4029281.250000 -1133.509155 9 23
4213800.000000 4029281.250000 -905.534119 10 23
4214000.000000 4029281.250000 -677.059753 11 23
4214200.000000 4029281.250000 -448.085968 12 23
4214400.000000 4029281.250000 -219.095566 13 23
4214600.000000 4029281.250000 10.377562 14 23
4214800.000000 4029281.250000 239.850677 15 23
4215000.000000 4029281.250000 469.823181 16 23
4215200.000000 4029281.250000 700.311646 17 23
4215400.000000 4029281.250000 930.783508 18 23
4215600.000000 4029281.250000 1161.754761 19 23
4215800.000000 4029281.250000 1393.241943 20 23
4216000.000000 4029281.250000 1625.711182 21 23
4216200.000000 4029281.250000 1858.180542 22 23
4216400.000000 4029281.250000 2091.165771 23 23
4216600.000000 4029281.250000 2324.633789 24 23
4216800.000000 4029281.250000 2558.617920 25 23
4217000.000000 4029281.250000 2794.099854 26 23
4217200.000000 4029281.250000 3031.063477 27 23
4217400.000000 4029281.250000 3269.042480 28 23
4217600.000000 4029281.250000 3509.518066 29 23
4217800.000000 4029281.250000 3751.491943 30 23
4218000.000000 4029281.250000 3995.979248 31 23
4218200.000000 4029281.250000 4242.946777 32 23
4218400.000000 4029281.250000 4491.428711 33 23
4218600.000000 4029281.250000 4740.909668 34 23
4218800.000000 4029281.250000 4990.390625 35 23
4219000.000000 4029281.250000 5239.854492 36 23
4219200.000000 4029281.250000 5489.335449 37 23
4219400.000000 4029281.250000 5737.817383 38 23
4219600.000000 4029281.250000 5986.782715 39 23
4219800.000000 4029281.250000 6237.262207 40 23
4220000.000000 4029281.250000 6489.239746 41 23
4220200.000000 4029281.250000 6743.214844 42 23
4212000.000000 4029653.125000 -2679.697998 1 24
4212200.000000 4029653.125000 -2452.721680 2 24
4212400.000000 4029653.125000 -2227.742676 3 24
4212600.000000 4029653.125000 -2002.763916 4 24
4212800.000000 4029653.125000 -1777.785034 5 24
4213000.000000 4029653.125000 -1551.807373 6 24
4213200.000000 4029653.125000 -1325.330444 7 24
4213400.000000 4029653.125000 -1098.853516 8 24
4213600.000000 4029653.125000 -871.877197 9 24
4213800.000000 4029653.125000 -643.902161 10 24
4214000.000000 4029653.125000 -415.427734 11 24
4214200.000000 4029653.125000 -186.453979 12 24
4214400.000000 4029653.125000 43.035786 13 24
4214600.000000 4029653.125000 273.008270 14 24
4214800.000000 4029653.125000 502.481384 15 24
4215000.000000 4029653.125000 732.453857 16 24
4215200.000000 4029653.125000 963.441711 17 24
4215400.000000 4029653.125000 1193.913574 18 24
4215600.000000 4029653.125000 1424.884766 19 24
4215800.000000 4029653.125000 1656.371948 20 24
4216000.000000 4029653.125000 1888.341919 21 24
4216200.000000 4029653.125000 2120.811279 22 24
4216400.000000 4029653.125000 2353.297119 23 24
4216600.000000 4029653.125000 2586.265869 24 24
4216800.000000 4029653.125000 2820.249756 25 24
4217000.000000 4029653.125000 3055.232666 26 24
4217200.000000 4029653.125000 3291.696777 27 24
4217400.000000 4029653.125000 3529.176270 28 24
4217600.000000 4029653.125000 3768.653320 29 24
4217800.000000 4029653.125000 4009.128906 30 24
4218000.000000 4029653.125000 4252.601074 31 24
4218200.000000 4029653.125000 4499.584961 32 24
4218400.000000 4029653.125000 4748.566406 33 24
4218600.000000 4029653.125000 4998.030762 34 24
4218800.000000 4029653.125000 5247.511719 35 24
4219000.000000 4029653.125000 5496.992188 36 24
4219200.000000 4029653.125000 5745.973633 37 24
4219400.000000 4029653.125000 5994.439453 38 24
4219600.000000 4029653.125000 6243.420898 39 24
4219800.000000 4029653.125000 6493.400879 40 24
4220000.000000 4029653.125000 6744.879395 41 24
4220200.000000 4029653.125000 6998.854492 42 24
4212000.000000 4030025.000000 -2421.561523 1 25
4212200.000000 4030025.000000 -2194.585205 2 25
4212400.000000 4030025.000000 -1968.108154 3 25
4212600.000000 4030025.000000 -1742.630005 4 25
4212800.000000 4030025.000000 -1516.652344 5 25
4213000.000000 4030025.000000 -1290.175415 6 25
4213200.000000 4030025.000000 -1063.698486 7 25
4213400.000000 4030025.000000 -836.722168 8 25
4213600.000000 4030025.000000 -609.246460 9 25
4213800.000000 4030025.000000 -381.271423 10 25
4214000.000000 4030025.000000 -152.797043 11 25
4214200.000000 4030025.000000 76.176727 12 25
4214400.000000 4030025.000000 305.666504 13 25
4214600.000000 4030025.000000 535.638977 14 25
4214800.000000 4030025.000000 765.611450 15 25
4215000.000000 4030025.000000 996.083313 16 25
4215200.000000 4030025.000000 1227.071167 17 25
4215400.000000 4030025.000000 1458.042358 18 25
4215600.000000 4030025.000000 1689.013550 19 25
4215800.000000 4030025.000000 1920.500732 20 25
4216000.000000 4030025.000000 2152.470703 21 25
4216200.000000 4030025.000000 2384.457275 22 25
4216400.000000 4030025.000000 2616.926514 23 25
4216600.000000 4030025.000000 2849.895264 24 25
4216800.000000 4030025.000000 3083.879150 25 25
4217000.000000 4030025.000000 3318.362549 26 25
4217200.000000 4030025.000000 3554.327393 27 25
4217400.000000 4030025.000000 3790.808350 28 25
4217600.000000 4030025.000000 4028.787109 29 25
4217800.000000 4030025.000000 4268.264160 30 25
4218000.000000 4030025.000000 4510.737305 31 25
4218200.000000 4030025.000000 4758.220703 32 25
4218400.000000 4030025.000000 5007.685059 33 25
4218600.000000 4030025.000000 5257.166016 34 25
4218800.000000 4030025.000000 5506.646484 35 25
4219000.000000 4030025.000000 5755.627930 36 25
4219200.000000 4030025.000000 6004.593262 37 25
4219400.000000 4030025.000000 6253.075195 38 25
4219600.000000 4030025.000000 6502.056641 39 25
4219800.000000 4030025.000000 6751.021484 40 25
4220000.000000 4030025.000000 7002.500000 41 25
4220200.000000 4030025.000000 7256.974121 42 25
4212000.000000 4030396.875000 -2163.425049 1 26
4212200.000000 4030396.875000 -1934.950562 2 26
4212400.000000 4030396.875000 -1708.473633 3 26
4212600.000000 4030396.875000 -1481.996704 4 26
4212800.000000 4030396.875000 -1256.019165 5 26
4213000.000000 4030396.875000 -1028.543457 6 26
4213200.000000 4030396.875000 -801.567139 7 26
4213400.000000 4030396.875000 -574.091431 8 26
4213600.000000 4030396.875000 -346.116394 9 26
4213800.000000 4030396.875000 -118.141365 10 26
4214000.000000 4030396.875000 110.832390 11 26
4214200.000000 4030396.875000 340.322174 12 26
4214400.000000 4030396.875000 569.795288 13 26
4214600.000000 4030396.875000 799.767761 14 26
4214800.000000 4030396.875000 1030.239624 15 26
4215000.000000 4030396.875000 1261.227417 16 26
4215200.000000 4030396.875000 1492.697998 17 26
4215400.000000 4030396.875000 1723.669189 18 26
4215600.000000 4030396.875000 1954.657104 19 26
4215800.000000 4030396.875000 2186.127686 20 26
4216000.000000 4030396.875000 2418.097656 21 26
4216200.000000 4030396.875000 2650.084229 22 26
4216400.000000 4030396.875000 2882.553467 23 26
4216600.000000 4030396.875000 3115.538818 24 26
4216800.000000 4030396.875000 3349.006836 25 26
4217000.000000 4030396.875000 3583.490234 26 26
4217200.000000 4030396.875000 3818.955566 27 26
4217400.000000 4030396.875000 4054.937012 28 26
4217600.000000 4030396.875000 4292.416504 29 26
4217800.000000 4030396.875000 4531.893555 30 26
4218000.000000 4030396.875000 4774.866211 31 26
4218200.000000 4030396.875000 5021.850098 32 26
4218400.000000 4030396.875000 5270.315430 33 26
4218600.000000 4030396.875000 5519.796387 34 26
4218800.000000 4030396.875000 5768.777832 35 26
4219000.000000 4030396.875000 6018.258789 36 26
4219200.000000 4030396.875000 6267.723145 37 26
4219400.000000 4030396.875000 6517.204102 38 26
4219600.000000 4030396.875000 6767.184082 39 26
4219800.000000 4030396.875000 7017.164551 40 26
4220000.000000 4030396.875000 7268.642578 41 26
4220200.000000 4030396.875000 7522.118652 42 26
4212000.000000 4030768.750000 -1904.789185 1 27
4212200.000000 4030768.750000 -1675.815430 2 27
4212400.000000 4030768.750000 -1448.339722 3 27
4212600.000000 4030768.750000 -1221.862793 4 27
4212800.000000 4030768.750000 -994.387146 5 27
4213000.000000 4030768.750000 -766.911438 6 27
4213200.000000 4030768.750000 -538.936401 7 27
4213400.000000 4030768.750000 -310.961365 8 27
4213600.000000 4030768.750000 -82.486977 9 27
4213800.000000 4030768.750000 145.987427 10 27
4214000.000000 4030768.750000 375.477203 11 27
4214200.000000 4030768.750000 605.449646 12 27
4214400.000000 4030768.750000 835.422180 13 27
4214600.000000 4030768.750000 1065.894043 14 27
4214800.000000 4030768.750000 1296.881836 15 27
4215000.000000 4030768.750000 1528.352417 16 27
4215200.000000 4030768.750000 1759.822998 17 27
4215400.000000 4030768.750000 1990.810791 18 27
4215600.000000 4030768.750000 2221.781982 19 27
4215800.000000 4030768.750000 2453.252686 20 27
4216000.000000 4030768.750000 2685.239258 21 27
4216200.000000 4030768.750000 2917.209229 22 27
4216400.000000 4030768.750000 3149.695068 23 27
4216600.000000 4030768.750000 3382.663574 24 27
4216800.000000 4030768.750000 3616.148438 25 27
4217000.000000 4030768.750000 3850.614990 26 27
4217200.000000 4030768.750000 4086.097168 27 27
4217400.000000 4030768.750000 4322.578125 28 27
4217600.000000 4030768.750000 4560.041016 29 27
4217800.000000 4030768.750000 4800.017090 30 27
4218000.000000 4030768.750000 5043.006348 31 27
4218200.000000 4030768.750000 5288.975098 32 27
4218400.000000 4030768.750000 5536.958008 33 27
4218600.000000 4030768.750000 5785.423340 34 27
4218800.000000 4030768.750000 6034.904297 35 27
4219000.000000 4030768.750000 6284.385254 36 27
4219200.000000 4030768.750000 6534.864746 37 27
4219400.000000 4030768.750000 6785.344238 38 27
4219600.000000 4030768.750000 7036.306641 39 27
4219800.000000 4030768.750000 7287.285645 40 27
4220000.000000 4030768.750000 7539.762695 41 27
4220200.000000 4030768.750000 7791.740234 42 27
4212000.000000 4031140.625000 -1647.168701 1 28
4212200.000000 4031140.625000 -1416.696899 2 28
4212400.000000 4031140.625000 -1188.705200 3 28
4212600.000000 4031140.625000 -960.730164 4 28
4212800.000000 4031140.625000 -732.755127 5 28
4213000.000000 4031140.625000 -503.781372 6 28
4213200.000000 4031140.625000 -275.306976 7 28
4213400.000000 4031140.625000 -46.832588 8 28
4213600.000000 4031140.625000 182.141174 9 28
4213800.000000 4031140.625000 411.131592 10 28
4214000.000000 4031140.625000 641.104065 11 28
4214200.000000 4031140.625000 871.575928 12 28
4214400.000000 4031140.625000 1102.547119 13 28
4214600.000000 4031140.625000 1333.534912 14 28
4214800.000000 4031140.625000 1565.005493 15 28
4215000.000000 4031140.625000 1796.476074 16 28
4215200.000000 4031140.625000 2027.963257 17 28
4215400.000000 4031140.625000 2259.433838 18 28
4215600.000000 4031140.625000 2490.921143 19 28
4215800.000000 4031140.625000 2722.391602 20 28
4216000.000000 4031140.625000 2954.361572 21 28
4216200.000000 4031140.625000 3186.348145 22 28
4216400.000000 4031140.625000 3418.817383 23 28
4216600.000000 4031140.625000 3651.802734 24 28
4216800.000000 4031140.625000 3885.270752 25 28
4217000.000000 4031140.625000 4120.253418 26 28
4217200.000000 4031140.625000 4355.718750 27 28
4217400.000000 4031140.625000 4592.699219 28 28
4217600.000000 4031140.625000 4830.678223 29 28
4217800.000000 4031140.625000 5071.153809 30 28
4218000.000000 4031140.625000 5313.626953 31 28
4218200.000000 4031140.625000 5559.112793 32 28
4218400.000000 4031140.625000 5806.080078 33 28
4218600.000000 4031140.625000 6055.062012 34 28
4218800.000000 4031140.625000 6304.043457 35 28
4219000.000000 4031140.625000 6554.006836 36 28
4219200.000000 4031140.625000 6804.486328 37 28
4219400.000000 4031140.625000 7055.964844 38 28
4219600.000000 4031140.625000 7307.442871 39 28
4219800.000000 4031140.625000 7559.919922 40 28
4220000.000000 4031140.625000 7812.396973 41 28
4220200.000000 4031140.625000 8064.874023 42 28
4212000.000000 4031512.500000 -1389.032349 1 29
4212200.000000 4031512.500000 -1158.061035 2 29
4212400.000000 4031512.500000 -928.587952 3 29
4212600.000000 4031512.500000 -699.597534 4 29
4212800.000000 4031512.500000 -470.124451 5 29
4213000.000000 4031512.500000 -240.651321 6 29
4213200.000000 4031512.500000 -11.178197 7 29
4213400.000000 4031512.500000 218.294922 8 29
4213600.000000 4031512.500000 447.784698 9 29
4213800.000000 4031512.500000 677.757202 10 29
4214000.000000 4031512.500000 908.229004 11 29
4214200.000000 4031512.500000 1139.200195 12 29
4214400.000000 4031512.500000 1370.687378 13 29
4214600.000000 4031512.500000 1602.157959 14 29
4214800.000000 4031512.500000 1834.144531 15 29
4215000.000000 4031512.500000 2065.615234 16 29
4215200.000000 4031512.500000 2297.584961 17 29
4215400.000000 4031512.500000 2529.571533 18 29
4215600.000000 4031512.500000 2761.541504 19 29
4215800.000000 4031512.500000 2993.028809 20 29
4216000.000000 4031512.500000 3224.998779 21 29
4216200.000000 4031512.500000 3457.468018 22 29
4216400.000000 4031512.500000 3690.453369 23 29
4216600.000000 4031512.500000 3923.421875 24 29
4216800.000000 4031512.500000 4157.405762 25 29
4217000.000000 4031512.500000 4391.872559 26 29
4217200.000000 4031512.500000 4627.854004 27 29
4217400.000000 4031512.500000 4864.834473 28 29
4217600.000000 4031512.500000 5103.812012 29 29
4217800.000000 4031512.500000 5344.287598 30 29
4218000.000000 4031512.500000 5587.260254 31 29
4218200.000000 4031512.500000 5831.747559 32 29
4218400.000000 4031512.500000 6078.714844 33 29
4218600.000000 4031512.500000 6326.697754 34 29
4218800.000000 4031512.500000 6576.162109 35 29
4219000.000000 4031512.500000 6825.642578 36 29
4219200.000000 4031512.500000 7076.621582 37 29
4219400.000000 4031512.500000 7328.100098 38 29
4219600.000000 4031512.500000 7580.577148 39 29
4219800.000000 4031512.500000 7833.054199 40 29
4220000.000000 4031512.500000 8086.030273 41 29
4220200.000000 4031512.500000 8338.007813 42 29
4212000.000000 4031884.375000 -1130.895874 1 30
4212200.000000 4031884.375000 -898.426575 2 30
4212400.000000 4031884.375000 -667.954712 3 30
4212600.000000 4031884.375000 -437.466217 4 30
4212800.000000 4031884.375000 -207.493729 5 30
4213000.000000 4031884.375000 22.978109 6 30
4213200.000000 4031884.375000 253.449951 7 30
4213400.000000 4031884.375000 483.938446 8 30
4213600.000000 4031884.375000 714.410278 9 30
4213800.000000 4031884.375000 945.381470 10 30
4214000.000000 4031884.375000 1176.868652 11 30
4214200.000000 4031884.375000 1408.838623 12 30
4214400.000000 4031884.375000 1640.309204 13 30
4214600.000000 4031884.375000 1872.295776 14 30
4214800.000000 4031884.375000 2104.265625 15 30
4215000.000000 4031884.375000 2336.252197 16 30
4215200.000000 4031884.375000 2568.222168 17 30
4215400.000000 4031884.375000 2800.691406 18 30
4215600.000000 4031884.375000 3032.677979 19 30
4215800.000000 4031884.375000 3264.647949 20 30
4216000.000000 4031884.375000 3497.134033 21 30
4216200.000000 4031884.375000 3729.603271 22 30
4216400.000000 4031884.375000 3962.588623 23 30
4216600.000000 4031884.375000 4196.056641 24 30
4216800.000000 4031884.375000 4430.540039 25 30
4217000.000000 4031884.375000 4665.505859 26 30
4217200.000000 4031884.375000 4900.988281 27 30
4217400.000000 4031884.375000 5138.966797 28 30
4217600.000000 4031884.375000 5377.944824 29 30
4217800.000000 4031884.375000 5619.418945 30 30
4218000.000000 4031884.375000 5861.892090 31 30
4218200.000000 4031884.375000 6106.362793 32 30
4218400.000000 4031884.375000 6352.847656 33 30
4218600.000000 4031884.375000 6600.830078 34 30
4218800.000000 4031884.375000 6849.794922 35 30
4219000.000000 4031884.375000 7099.775391 36 30
4219200.000000 4031884.375000 7350.254883 37 30
4219400.000000 4031884.375000 7602.232422 38 30
4219600.000000 4031884.375000 7854.210449 39 30
4219800.000000 4031884.375000 8107.186523 40 30
4220000.000000 4031884.375000 8359.664063 41 30
4220200.000000 4031884.375000 8612.140625 42 30
4212000.000000 4032256.250000 -872.276672 1 31
4212200.000000 4032256.250000 -639.291382 2 31
4212400.000000 4032256.250000 -407.321442 3 31
4212600.000000 4032256.250000 -175.834229 4 31
4212800.000000 4032256.250000 55.636333 5 31
4213000.000000 4032256.250000 287.106903 6 31
4213200.000000 4032256.250000 518.594116 7 31
4213400.000000 4032256.250000 750.064697 8 31
4213600.000000 4032256.250000 981.535217 9 31
4213800.000000 4032256.250000 1213.521851 10 31
4214000.000000 4032256.250000 1445.991089 11 31
4214200.000000 4032256.250000 1678.477051 12 31
4214400.000000 4032256.250000 1910.447021 13 31
4214600.000000 4032256.250000 2142.416992 14 31
4214800.000000 4032256.250000 2374.902832 15 31
4215000.000000 4032256.250000 2607.372070 16 31
4215200.000000 4032256.250000 2839.858154 17 31
4215400.000000 4032256.250000 3071.827881 18 31
4215600.000000 4032256.250000 3304.313965 19 31
4215800.000000 4032256.250000 3536.783203 20 31
4216000.000000 4032256.250000 3769.751953 21 31
4216200.000000 4032256.250000 4002.237793 22 31
4216400.000000 4032256.250000 4235.705566 23 31
4216600.000000 4032256.250000 4469.190430 24 31
4216800.000000 4032256.250000 4704.173340 25 31
4217000.000000 4032256.250000 4939.139160 26 31
4217200.000000 4032256.250000 5175.620117 27 31
4217400.000000 4032256.250000 5413.599121 28 31
4217600.000000 4032256.250000 5653.575195 29 31
4217800.000000 4032256.250000 5894.550293 30 31
4218000.000000 4032256.250000 6137.522949 31 31
4218200.000000 4032256.250000 6382.010254 32 31
4218400.000000 4032256.250000 6628.478516 33 31
4218600.000000 4032256.250000 6875.462402 34 31
4218800.000000 4032256.250000 7124.926758 35 31
4219000.000000 4032256.250000 7374.407227 36 31
4219200.000000 4032256.250000 7624.887207 37 31
4219400.000000 4032256.250000 7876.365234 38 31
4219600.000000 4032256.250000 8128.842285 39 31
4219800.000000 4032256.250000 8381.319336 40 31
4220000.000000 4032256.250000 8634.295898 41 31
4220200.000000 4032256.250000 8885.774414 42 31
4212000.000000 4032628.125000 -614.140198 1 32
4212200.000000 4032628.125000 -379.656830 2 32
4212400.000000 4032628.125000 -146.688187 3 32
4212600.000000 4032628.125000 86.297112 4 32
4212800.000000 4032628.125000 318.766388 5 32
4213000.000000 4032628.125000 551.235718 6 32
4213200.000000 4032628.125000 783.721619 7 32
4213400.000000 4032628.125000 1016.690247 8 32
4213600.000000 4032628.125000 1249.176270 9 32
4213800.000000 4032628.125000 1482.144897 10 32
4214000.000000 4032628.125000 1715.130127 11 32
4214200.000000 4032628.125000 1948.098755 12 32
4214400.000000 4032628.125000 2180.584717 13 32
4214600.000000 4032628.125000 2413.053955 14 32
4214800.000000 4032628.125000 2645.523438 15 32
4215000.000000 4032628.125000 2878.508545 16 32
4215200.000000 4032628.125000 3110.478516 17 32
4215400.000000 4032628.125000 3343.463867 18 32
4215600.000000 4032628.125000 3575.933105 19 32
4215800.000000 4032628.125000 3808.918457 20 32
4216000.000000 4032628.125000 4041.387695 21 32
4216200.000000 4032628.125000 4274.872559 22 32
4216400.000000 4032628.125000 4508.340332 23 32
4216600.000000 4032628.125000 4742.324219 24 32
4216800.000000 4032628.125000 4976.791016 25 32
4217000.000000 4032628.125000 5212.772461 26 32
4217200.000000 4032628.125000 5449.253418 27 32
4217400.000000 4032628.125000 5688.230957 28 32
4217600.000000 4032628.125000 5928.207520 29 32
4217800.000000 4032628.125000 6169.681641 30 32
4218000.000000 4032628.125000 6412.654297 31 32
4218200.000000 4032628.125000 6657.641113 32 32
4218400.000000 4032628.125000 6903.609863 33 32
4218600.000000 4032628.125000 7151.093262 34 32
4218800.000000 4032628.125000 7399.558594 35 32
4219000.000000 4032628.125000 7649.538574 36 32
4219200.000000 4032628.125000 7899.519043 37 32
4219400.000000 4032628.125000 8150.997559 38 32
4219600.000000 4032628.125000 8402.475586 39 32
4219800.000000 4032628.125000 8654.953125 40 32
4220000.000000 4032628.125000 8907.429688 41 32
4220200.000000 4032628.125000 9159.390625 42 32
4212000.000000 4033000.000000 -355.504395 1 33
4212200.000000 4033000.000000 -121.037666 2 33
4212400.000000 4033000.000000 113.945076 3 33
4212600.000000 4033000.000000 347.912445 4 33
4212800.000000 4033000.000000 581.397095 5 33
4213000.000000 4033000.000000 814.865112 6 33
4213200.000000 4033000.000000 1048.849121 7 33
4213400.000000 4033000.000000 1282.333740 8 33
4213600.000000 4033000.000000 1516.301147 9 33
4213800.000000 4033000.000000 1749.286499 10 33
4214000.000000 4033000.000000 1983.253784 11 33
4214200.000000 4033000.000000 2216.239014 12 33
4214400.000000 4033000.000000 2449.707031 13 33
4214600.000000 4033000.000000 2682.193115 14 33
4214800.000000 4033000.000000 2915.161621 15 33
4215000.000000 4033000.000000 3148.146973 16 33
4215200.000000 4033000.000000 3381.115723 17 33
4215400.000000 4033000.000000 3613.584961 18 33
4215600.000000 4033000.000000 3846.570313 19 33
4215800.000000 4033000.000000 4079.039551 20 33
4216000.000000 4033000.000000 4312.024902 21 33
4216200.000000 4033000.000000 4544.993652 22 33
4216400.000000 4033000.000000 4778.977539 23 33
4216600.000000 4033000.000000 5012.445313 24 33
4216800.000000 4033000.000000 5247.927734 25 33
4217000.000000 4033000.000000 5483.909180 26 33
4217200.000000 4033000.000000 5721.388672 27 33
4217400.000000 4033000.000000 5959.850098 28 33
4217600.000000 4033000.000000 6200.841797 29 33
4217800.000000 4033000.000000 6442.316406 30 33
4218000.000000 4033000.000000 6685.788086 31 33
4218200.000000 4033000.000000 6930.258789 32 33
4218400.000000 4033000.000000 7176.743652 33 33
4218600.000000 4033000.000000 7423.710938 34 33
4218800.000000 4033000.000000 7672.692383 35 33
4219000.000000 4033000.000000 7922.173340 36 33
4219200.000000 4033000.000000 8172.652832 37 33
4219400.000000 4033000.000000 8423.631836 38 33
4219600.000000 4033000.000000 8675.592773 39 33
4219800.000000 4033000.000000 8927.570313 40 33
4220000.000000 4033000.000000 9180.047852 41 33
4220200.000000 4033000.000000 9431.526367 42 33
