# Type: scattered data
# Version: 6
# Description: No description
# Format: free
# Field: 1 x
# Field: 2 y
# Field: 3 z undefined
# Field: 4 column
# Field: 5 row
# Projection: Local Rectangular
# Units: undefined
# End:
# Information from grid:
# Grid_size: 42 x 33
# Grid_space: 4212000.000000,4220200.000000,4021100.000000,4033000.000000
# Scattered data: Not_available
# Z_field: z
# Vertical_faults: Not_available
# History: No history
# Z_units: undefined
4212000.000000 4021100.000000 -4409.952637 1 1
4212200.000000 4021100.000000 -4188.767578 2 1
4212400.000000 4021100.000000 -3967.580078 3 1
4212600.000000 4021100.000000 -3746.389893 4 1
4212800.000000 4021100.000000 -3525.195557 5 1
4213000.000000 4021100.000000 -3303.996582 6 1
4213200.000000 4021100.000000 -3083.291748 7 1
4213400.000000 4021100.000000 -2862.081787 8 1
4213600.000000 4021100.000000 -2640.864258 9 1
4213800.000000 4021100.000000 -2419.641113 10 1
4214000.000000 4021100.000000 -2198.411621 11 1
4214200.000000 4021100.000000 -1977.173828 12 1
4214400.000000 4021100.000000 -1755.428833 13 1
4214600.000000 4021100.000000 -1533.678589 14 1
4214800.000000 4021100.000000 -1311.922852 15 1
4215000.000000 4021100.000000 -1090.161011 16 1
4215200.000000 4021100.000000 -867.885376 17 1
4215400.000000 4021100.000000 -646.113953 18 1
4215600.000000 4021100.000000 -423.840271 19 1
4215800.000000 4021100.000000 -201.063705 20 1
4216000.000000 4021100.000000 21.716747 21 1
4216200.000000 4021100.000000 244.001099 22 1
4216400.000000 4021100.000000 466.297455 23 1
4216600.000000 4021100.000000 687.593323 24 1
4216800.000000 4021100.000000 908.897461 25 1
4217000.000000 4021100.000000 1129.202759 26 1
4217200.000000 4021100.000000 1349.530273 27 1
4217400.000000 4021100.000000 1569.402588 28 1
4217600.000000 4021100.000000 1789.366455 29 1
4217800.000000 4021100.000000 2009.923828 30 1
4218000.000000 4021100.000000 2231.587891 31 1
4218200.000000 4021100.000000 2454.908447 32 1
4218400.000000 4021100.000000 2679.325684 33 1
4218600.000000 4021100.000000 2904.276855 34 1
4218800.000000 4021100.000000 3129.192139 35 1
4219000.000000 4021100.000000 3354.474365 36 1
4219200.000000 4021100.000000 3580.586182 37 1
4219400.000000 4021100.000000 3806.571533 38 1
4219600.000000 4021100.000000 4031.496582 39 1
4219800.000000 4021100.000000 4254.466797 40 1
4220000.000000 4021100.000000 4475.505859 41 1
4220200.000000 4021100.000000 4694.112793 42 1
4212000.000000 4021471.875000 -4347.397461 1 2
4212200.000000 4021471.875000 -4126.214355 2 2
4212400.000000 4021471.875000 -3905.029297 3 2
4212600.000000 4021471.875000 -3683.841309 4 2
4212800.000000 4021471.875000 -3462.648926 5 2
4213000.000000 4021471.875000 -3241.451904 6 2
4213200.000000 4021471.875000 -3020.250000 7 2
4213400.000000 4021471.875000 -2799.041992 8 2
4213600.000000 4021471.875000 -2577.827148 9 2
4213800.000000 4021471.875000 -2356.606445 10 2
4214000.000000 4021471.875000 -2135.379639 11 2
4214200.000000 4021471.875000 -1914.144653 12 2
4214400.000000 4021471.875000 -1692.402954 13 2
4214600.000000 4021471.875000 -1470.647705 14 2
4214800.000000 4021471.875000 -1248.895630 15 2
4215000.000000 4021471.875000 -1027.137451 16 2
4215200.000000 4021471.875000 -805.373169 17 2
4215400.000000 4021471.875000 -583.605530 18 2
4215600.000000 4021471.875000 -361.335693 19 2
4215800.000000 4021471.875000 -139.062622 20 2
4216000.000000 4021471.875000 83.213531 21 2
4216200.000000 4021471.875000 305.501129 22 2
4216400.000000 4021471.875000 527.286926 23 2
4216600.000000 4021471.875000 748.589661 24 2
4216800.000000 4021471.875000 969.415771 25 2
4217000.000000 4021471.875000 1190.265381 26 2
4217200.000000 4021471.875000 1410.642944 27 2
4217400.000000 4021471.875000 1630.624268 28 2
4217600.000000 4021471.875000 1850.773804 29 2
4217800.000000 4021471.875000 2071.587646 30 2
4218000.000000 4021471.875000 2293.084473 31 2
4218200.000000 4021471.875000 2516.339600 32 2
4218400.000000 4021471.875000 2740.721191 33 2
4218600.000000 4021471.875000 2965.104736 34 2
4218800.000000 4021471.875000 3188.872314 35 2
4219000.000000 4021471.875000 3412.804443 36 2
4219200.000000 4021471.875000 3637.837402 37 2
4219400.000000 4021471.875000 3862.471191 38 2
4219600.000000 4021471.875000 4085.746094 39 2
4219800.000000 4021471.875000 4305.909668 40 2
4220000.000000 4021471.875000 4523.597168 41 2
4220200.000000 4021471.875000 4738.355469 42 2
4212000.000000 4021843.750000 -4284.335449 1 3
4212200.000000 4021843.750000 -4063.154541 2 3
4212400.000000 4021843.750000 -3842.470703 3 3
4212600.000000 4021843.750000 -3621.284668 4 3
4212800.000000 4021843.750000 -3399.594971 5 3
4213000.000000 4021843.750000 -3178.399902 6 3
4213200.000000 4021843.750000 -2957.199951 7 3
4213400.000000 4021843.750000 -2735.994385 8 3
4213600.000000 4021843.750000 -2514.781738 9 3
4213800.000000 4021843.750000 -2293.563477 10 3
4214000.000000 4021843.750000 -2072.339355 11 3
4214200.000000 4021843.750000 -1850.607788 12 3
4214400.000000 4021843.750000 -1629.368530 13 3
4214600.000000 4021843.750000 -1407.624756 14 3
4214800.000000 4021843.750000 -1185.876099 15 3
4215000.000000 4021843.750000 -964.121399 16 3
4215200.000000 4021843.750000 -742.360718 17 3
4215400.000000 4021843.750000 -520.596863 18 3
4215600.000000 4021843.750000 -298.830322 19 3
4215800.000000 4021843.750000 -76.553307 20 3
4216000.000000 4021843.750000 145.218277 21 3
4216200.000000 4021843.750000 366.992950 22 3
4216400.000000 4021843.750000 588.776367 23 3
4216600.000000 4021843.750000 810.088623 24 3
4216800.000000 4021843.750000 1030.940918 25 3
4217000.000000 4021843.750000 1251.833740 26 3
4217200.000000 4021843.750000 1472.286865 27 3
4217400.000000 4021843.750000 1692.385254 28 3
4217600.000000 4021843.750000 1912.748779 29 3
4217800.000000 4021843.750000 2133.858398 30 3
4218000.000000 4021843.750000 2355.239014 31 3
4218200.000000 4021843.750000 2578.490479 32 3
4218400.000000 4021843.750000 2802.896240 33 3
4218600.000000 4021843.750000 3026.769775 34 3
4218800.000000 4021843.750000 3249.444824 35 3
4219000.000000 4021843.750000 3472.595947 36 3
4219200.000000 4021843.750000 3696.600342 37 3
4219400.000000 4021843.750000 3920.384521 38 3
4219600.000000 4021843.750000 4141.894531 39 3
4219800.000000 4021843.750000 4360.103516 40 3
4220000.000000 4021843.750000 4575.316406 41 3
4220200.000000 4021843.750000 4787.631348 42 3
4212000.000000 4022215.625000 -4221.781250 1 4
4212200.000000 4022215.625000 -4000.602295 2 4
4212400.000000 4022215.625000 -3779.421143 3 4
4212600.000000 4022215.625000 -3558.237061 4 4
4212800.000000 4022215.625000 -3337.048584 5 4
4213000.000000 4022215.625000 -3115.356201 6 4
4213200.000000 4022215.625000 -2894.158203 7 4
4213400.000000 4022215.625000 -2672.954834 8 4
4213600.000000 4022215.625000 -2451.744385 9 4
4213800.000000 4022215.625000 -2230.029297 10 4
4214000.000000 4022215.625000 -2008.807495 11 4
4214200.000000 4022215.625000 -1787.577881 12 4
4214400.000000 4022215.625000 -1565.842041 13 4
4214600.000000 4022215.625000 -1344.600708 14 4
4214800.000000 4022215.625000 -1122.846680 15 4
4215000.000000 4022215.625000 -901.095337 16 4
4215200.000000 4022215.625000 -679.338196 17 4
4215400.000000 4022215.625000 -458.077484 18 4
4215600.000000 4022215.625000 -236.315094 19 4
4215800.000000 4022215.625000 -14.550497 20 4
4216000.000000 4022215.625000 207.215408 21 4
4216200.000000 4022215.625000 428.984436 22 4
4216400.000000 4022215.625000 650.765686 23 4
4216600.000000 4022215.625000 872.090210 24 4
4216800.000000 4022215.625000 1092.974121 25 4
4217000.000000 4022215.625000 1313.917603 26 4
4217200.000000 4022215.625000 1534.448730 27 4
4217400.000000 4022215.625000 1755.199219 28 4
4217600.000000 4022215.625000 1975.807373 29 4
4217800.000000 4022215.625000 2197.253418 30 4
4218000.000000 4022215.625000 2419.058594 31 4
4218200.000000 4022215.625000 2641.863770 32 4
4218400.000000 4022215.625000 2866.350342 33 4
4218600.000000 4022215.625000 3090.268066 34 4
4218800.000000 4022215.625000 3312.905273 35 4
4219000.000000 4022215.625000 3535.848633 36 4
4219200.000000 4022215.625000 3758.929199 37 4
4219400.000000 4022215.625000 3981.827148 38 4
4219600.000000 4022215.625000 4201.839844 39 4
4219800.000000 4022215.625000 4418.470703 40 4
4220000.000000 4022215.625000 4633.571289 41 4
4220200.000000 4022215.625000 4846.334473 42 4
4212000.000000 4022587.500000 -4158.728027 1 5
4212200.000000 4022587.500000 -3937.550781 2 5
4212400.000000 4022587.500000 -3716.363037 3 5
4212600.000000 4022587.500000 -3495.180664 4 5
4212800.000000 4022587.500000 -3273.994141 5 5
4213000.000000 4022587.500000 -3052.303467 6 5
4213200.000000 4022587.500000 -2831.107422 7 5
4213400.000000 4022587.500000 -2609.906006 8 5
4213600.000000 4022587.500000 -2388.198242 9 5
4213800.000000 4022587.500000 -2166.984619 10 5
4214000.000000 4022587.500000 -1945.265625 11 5
4214200.000000 4022587.500000 -1724.038452 12 5
4214400.000000 4022587.500000 -1502.804443 13 5
4214600.000000 4022587.500000 -1281.066406 14 5
4214800.000000 4022587.500000 -1059.822876 15 5
4215000.000000 4022587.500000 -838.074402 16 5
4215200.000000 4022587.500000 -616.320740 17 5
4215400.000000 4022587.500000 -395.063782 18 5
4215600.000000 4022587.500000 -173.805069 19 5
4215800.000000 4022587.500000 47.954365 20 5
4216000.000000 4022587.500000 269.713867 21 5
4216200.000000 4022587.500000 491.476044 22 5
4216400.000000 4022587.500000 713.262451 23 5
4216600.000000 4022587.500000 934.600830 24 5
4216800.000000 4022587.500000 1156.020264 25 5
4217000.000000 4022587.500000 1377.520996 26 5
4217200.000000 4022587.500000 1598.640503 27 5
4217400.000000 4022587.500000 1819.545410 28 5
4217600.000000 4022587.500000 2040.422729 29 5
4217800.000000 4022587.500000 2261.733154 30 5
4218000.000000 4022587.500000 2483.507813 31 5
4218200.000000 4022587.500000 2706.892578 32 5
4218400.000000 4022587.500000 2931.983643 33 5
4218600.000000 4022587.500000 3155.957764 34 5
4218800.000000 4022587.500000 3379.078613 35 5
4219000.000000 4022587.500000 3602.929443 36 5
4219200.000000 4022587.500000 3825.725586 37 5
4219400.000000 4022587.500000 4049.621338 38 5
4219600.000000 4022587.500000 4270.259277 39 5
4219800.000000 4022587.500000 4483.367188 40 5
4220000.000000 4022587.500000 4698.746582 41 5
4220200.000000 4022587.500000 4916.465820 42 5
4212000.000000 4022959.375000 -4095.666260 1 6
4212200.000000 4022959.375000 -3874.490723 2 6
4212400.000000 4022959.375000 -3653.312988 3 6
4212600.000000 4022959.375000 -3432.132080 4 6
4212800.000000 4022959.375000 -3210.947021 5 6
4213000.000000 4022959.375000 -2989.258057 6 6
4213200.000000 4022959.375000 -2768.063721 7 6
4213400.000000 4022959.375000 -2546.364502 8 6
4213600.000000 4022959.375000 -2324.658447 9 6
4213800.000000 4022959.375000 -2103.446533 10 6
4214000.000000 4022959.375000 -1882.229004 11 6
4214200.000000 4022959.375000 -1660.504395 12 6
4214400.000000 4022959.375000 -1439.272583 13 6
4214600.000000 4022959.375000 -1217.536743 14 6
4214800.000000 4022959.375000 -996.287354 15 6
4215000.000000 4022959.375000 -775.040894 16 6
4215200.000000 4022959.375000 -553.290283 17 6
4215400.000000 4022959.375000 -332.037109 18 6
4215600.000000 4022959.375000 -110.283440 19 6
4215800.000000 4022959.375000 110.971123 20 6
4216000.000000 4022959.375000 332.723267 21 6
4216200.000000 4022959.375000 554.476135 22 6
4216400.000000 4022959.375000 776.247253 23 6
4216600.000000 4022959.375000 998.095459 24 6
4216800.000000 4022959.375000 1220.047974 25 6
4217000.000000 4022959.375000 1441.605469 26 6
4217200.000000 4022959.375000 1663.313477 27 6
4217400.000000 4022959.375000 1884.389160 28 6
4217600.000000 4022959.375000 2105.527588 29 6
4217800.000000 4022959.375000 2327.182373 30 6
4218000.000000 4022959.375000 2548.878174 31 6
4218200.000000 4022959.375000 2771.790771 32 6
4218400.000000 4022959.375000 2996.901367 33 6
4218600.000000 4022959.375000 3222.858398 34 6
4218800.000000 4022959.375000 3449.418945 35 6
4219000.000000 4022959.375000 3676.275146 36 6
4219200.000000 4022959.375000 3899.930664 37 6
4219400.000000 4022959.375000 4128.119141 38 6
4219600.000000 4022959.375000 4352.562500 39 6
4219800.000000 4022959.375000 4558.963867 40 6
4220000.000000 4022959.375000 4772.806152 41 6
4220200.000000 4022959.375000 4999.098633 42 6
4212000.000000 4023331.250000 -4033.112061 1 7
4212200.000000 4023331.250000 -3811.937988 2 7
4212400.000000 4023331.250000 -3590.761475 3 7
4212600.000000 4023331.250000 -3369.082520 4 7
4212800.000000 4023331.250000 -3147.898682 5 7
4213000.000000 4023331.250000 -2926.202881 6 7
4213200.000000 4023331.250000 -2704.510254 7 7
4213400.000000 4023331.250000 -2482.812500 8 7
4213600.000000 4023331.250000 -2261.107666 9 7
4213800.000000 4023331.250000 -2039.897339 10 7
4214000.000000 4023331.250000 -1818.681274 11 7
4214200.000000 4023331.250000 -1596.958374 12 7
4214400.000000 4023331.250000 -1375.728271 13 7
4214600.000000 4023331.250000 -1153.994263 14 7
4214800.000000 4023331.250000 -932.755188 15 7
4215000.000000 4023331.250000 -711.510864 16 7
4215200.000000 4023331.250000 -489.763153 17 7
4215400.000000 4023331.250000 -268.513580 18 7
4215600.000000 4023331.250000 -46.764416 19 7
4215800.000000 4023331.250000 174.484268 20 7
4216000.000000 4023331.250000 395.728424 21 7
4216200.000000 4023331.250000 617.467896 22 7
4216400.000000 4023331.250000 839.732666 23 7
4216600.000000 4023331.250000 1061.582031 24 7
4216800.000000 4023331.250000 1283.557739 25 7
4217000.000000 4023331.250000 1505.659912 26 7
4217200.000000 4023331.250000 1727.943481 27 7
4217400.000000 4023331.250000 1949.662354 28 7
4217600.000000 4023331.250000 2170.529053 29 7
4217800.000000 4023331.250000 2391.970459 30 7
4218000.000000 4023331.250000 2613.533691 31 7
4218200.000000 4023331.250000 2836.858887 32 7
4218400.000000 4023331.250000 3062.323730 33 7
4218600.000000 4023331.250000 3291.101563 34 7
4218800.000000 4023331.250000 3525.549805 35 7
4219000.000000 4023331.250000 3764.528809 36 7
4219200.000000 4023331.250000 4001.115723 37 7
4219400.000000 4023331.250000 4242.697754 38 7
4219600.000000 4023331.250000 4476.579102 39 7
4219800.000000 4023331.250000 4674.825684 40 7
4220000.000000 4023331.250000 4880.063477 41 7
4220200.000000 4023331.250000 5102.654297 42 7
4212000.000000 4023703.125000 -3970.549072 1 8
4212200.000000 4023703.125000 -3748.876465 2 8
4212400.000000 4023703.125000 -3527.700928 3 8
4212600.000000 4023703.125000 -3306.022949 4 8
4212800.000000 4023703.125000 -3084.840088 5 8
4213000.000000 4023703.125000 -2863.153320 6 8
4213200.000000 4023703.125000 -2640.962402 7 8
4213400.000000 4023703.125000 -2419.265137 8 8
4213600.000000 4023703.125000 -2198.060791 9 8
4213800.000000 4023703.125000 -1976.352051 10 8
4214000.000000 4023703.125000 -1754.637573 11 8
4214200.000000 4023703.125000 -1533.414917 12 8
4214400.000000 4023703.125000 -1311.678345 13 8
4214600.000000 4023703.125000 -1090.444946 14 8
4214800.000000 4023703.125000 -868.707764 15 8
4215000.000000 4023703.125000 -647.964478 16 8
4215200.000000 4023703.125000 -426.219238 17 8
4215400.000000 4023703.125000 -204.973114 18 8
4215600.000000 4023703.125000 16.771463 19 8
4215800.000000 4023703.125000 238.013626 20 8
4216000.000000 4023703.125000 459.745911 21 8
4216200.000000 4023703.125000 681.463684 22 8
4216400.000000 4023703.125000 903.191406 23 8
4216600.000000 4023703.125000 1125.019287 24 8
4216800.000000 4023703.125000 1347.488159 25 8
4217000.000000 4023703.125000 1569.600220 26 8
4217200.000000 4023703.125000 1791.925049 27 8
4217400.000000 4023703.125000 2013.719727 28 8
4217600.000000 4023703.125000 2234.729492 29 8
4217800.000000 4023703.125000 2456.362549 30 8
4218000.000000 4023703.125000 2678.134521 31 8
4218200.000000 4023703.125000 2901.138184 32 8
4218400.000000 4023703.125000 3127.171387 33 8
4218600.000000 4023703.125000 3359.030762 34 8
4218800.000000 4023703.125000 3603.173340 35 8
4219000.000000 4023703.125000 3859.968750 36 8
4219200.000000 4023703.125000 4120.159180 37 8
4219400.000000 4023703.125000 4383.328613 38 8
4219600.000000 4023703.125000 4629.932129 39 8
4219800.000000 4023703.125000 4810.793457 40 8
4220000.000000 4023703.125000 4998.137207 41 8
4220200.000000 4023703.125000 5208.957520 42 8
4212000.000000 4024075.000000 -3907.993896 1 9
4212200.000000 4024075.000000 -3686.321533 2 9
4212400.000000 4024075.000000 -3464.646973 3 9
4212600.000000 4024075.000000 -3242.969727 4 9
4212800.000000 4024075.000000 -3021.287842 5 9
4213000.000000 4024075.000000 -2799.601563 6 9
4213200.000000 4024075.000000 -2577.902100 7 9
4213400.000000 4024075.000000 -2356.205322 8 9
4213600.000000 4024075.000000 -2134.501953 9 9
4213800.000000 4024075.000000 -1912.793457 10 9
4214000.000000 4024075.000000 -1691.079346 11 9
4214200.000000 4024075.000000 -1469.857056 12 9
4214400.000000 4024075.000000 -1248.129150 13 9
4214600.000000 4024075.000000 -1026.396973 14 9
4214800.000000 4024075.000000 -804.660645 15 9
4215000.000000 4024075.000000 -583.918457 16 9
4215200.000000 4024075.000000 -362.175537 17 9
4215400.000000 4024075.000000 -140.932938 18 9
4215600.000000 4024075.000000 80.806610 19 9
4215800.000000 4024075.000000 302.041138 20 9
4216000.000000 4024075.000000 523.758789 21 9
4216200.000000 4024075.000000 745.952271 22 9
4216400.000000 4024075.000000 967.631775 23 9
4216600.000000 4024075.000000 1188.909790 24 9
4216800.000000 4024075.000000 1410.834229 25 9
4217000.000000 4024075.000000 1632.908813 26 9
4217200.000000 4024075.000000 1855.200806 27 9
4217400.000000 4024075.000000 2077.012939 28 9
4217600.000000 4024075.000000 2298.072754 29 9
4217800.000000 4024075.000000 2519.772949 30 9
4218000.000000 4024075.000000 2742.133789 31 9
4218200.000000 4024075.000000 2965.206055 32 9
4218400.000000 4024075.000000 3191.115723 33 9
4218600.000000 4024075.000000 3425.146973 34 9
4218800.000000 4024075.000000 3674.311279 35 9
4219000.000000 4024075.000000 3940.600830 36 9
4219200.000000 4024075.000000 4214.072754 37 9
4219400.000000 4024075.000000 4490.762695 38 9
4219600.000000 4024075.000000 4749.523438 39 9
4219800.000000 4024075.000000 4925.518555 40 9
4220000.000000 4024075.000000 5095.854980 41 9
4220200.000000 4024075.000000 5287.288574 42 9
4212000.000000 4024446.875000 -3845.437744 1 10
4212200.000000 4024446.875000 -3623.258057 2 10
4212400.000000 4024446.875000 -3401.583496 3 10
4212600.000000 4024446.875000 -3179.406982 4 10
4212800.000000 4024446.875000 -2957.725342 5 10
4213000.000000 4024446.875000 -2736.039063 6 10
4213200.000000 4024446.875000 -2514.347900 7 10
4213400.000000 4024446.875000 -2292.651123 8 10
4213600.000000 4024446.875000 -2070.448242 9 10
4213800.000000 4024446.875000 -1848.739746 10 10
4214000.000000 4024446.875000 -1627.017090 11 10
4214200.000000 4024446.875000 -1405.794678 12 10
4214400.000000 4024446.875000 -1184.066650 13 10
4214600.000000 4024446.875000 -962.334534 14 10
4214800.000000 4024446.875000 -740.598450 15 10
4215000.000000 4024446.875000 -519.357788 16 10
4215200.000000 4024446.875000 -297.617035 17 10
4215400.000000 4024446.875000 -75.878807 18 10
4215600.000000 4024446.875000 145.355774 19 10
4215800.000000 4024446.875000 367.080841 20 10
4216000.000000 4024446.875000 588.281494 21 10
4216200.000000 4024446.875000 809.927002 22 10
4216400.000000 4024446.875000 1031.542847 23 10
4216600.000000 4024446.875000 1252.746460 24 10
4216800.000000 4024446.875000 1474.593262 25 10
4217000.000000 4024446.875000 1696.091187 26 10
4217200.000000 4024446.875000 1917.811157 27 10
4217400.000000 4024446.875000 2139.570313 28 10
4217600.000000 4024446.875000 2361.106934 29 10
4217800.000000 4024446.875000 2583.310547 30 10
4218000.000000 4024446.875000 2806.181641 31 10
4218200.000000 4024446.875000 3029.245605 32 10
4218400.000000 4024446.875000 3254.939453 33 10
4218600.000000 4024446.875000 3487.926758 34 10
4218800.000000 4024446.875000 3734.598145 35 10
4219000.000000 4024446.875000 3997.263672 36 10
4219200.000000 4024446.875000 4265.969727 37 10
4219400.000000 4024446.875000 4527.772461 38 10
4219600.000000 4024446.875000 4771.083984 39 10
4219800.000000 4024446.875000 4958.682617 40 10
4220000.000000 4024446.875000 5135.311523 41 10
4220200.000000 4024446.875000 5323.114258 42 10
4212000.000000 4024818.750000 -3782.372803 1 11
4212200.000000 4024818.750000 -3560.201416 2 11
4212400.000000 4024818.750000 -3338.027344 3 11
4212600.000000 4024818.750000 -3116.349854 4 11
4212800.000000 4024818.750000 -2894.168701 5 11
4213000.000000 4024818.750000 -2672.482178 6 11
4213200.000000 4024818.750000 -2450.782227 7 11
4213400.000000 4024818.750000 -2228.585693 8 11
4213600.000000 4024818.750000 -2006.881470 9 11
4213800.000000 4024818.750000 -1784.672729 10 11
4214000.000000 4024818.750000 -1562.957642 11 11
4214200.000000 4024818.750000 -1341.734497 12 11
4214400.000000 4024818.750000 -1120.005615 13 11
4214600.000000 4024818.750000 -898.272949 14 11
4214800.000000 4024818.750000 -676.536743 15 11
4215000.000000 4024818.750000 -454.797180 16 11
4215200.000000 4024818.750000 -233.050400 17 11
4215400.000000 4024818.750000 -11.316303 18 11
4215600.000000 4024818.750000 209.911835 19 11
4215800.000000 4024818.750000 431.626556 20 11
4216000.000000 4024818.750000 653.305420 21 11
4216200.000000 4024818.750000 874.402588 22 11
4216400.000000 4024818.750000 1095.939575 23 11
4216600.000000 4024818.750000 1316.545288 24 11
4216800.000000 4024818.750000 1537.782349 25 11
4217000.000000 4024818.750000 1758.663330 26 11
4217200.000000 4024818.750000 1979.761963 27 11
4217400.000000 4024818.750000 2201.403809 28 11
4217600.000000 4024818.750000 2423.341553 29 11
4217800.000000 4024818.750000 2645.958740 30 11
4218000.000000 4024818.750000 2869.250732 31 11
4218200.000000 4024818.750000 3093.728760 32 11
4218400.000000 4024818.750000 3319.137451 33 11
4218600.000000 4024818.750000 3549.104248 34 11
4218800.000000 4024818.750000 3788.247559 35 11
4219000.000000 4024818.750000 4037.468262 36 11
4219200.000000 4024818.750000 4287.938965 37 11
4219400.000000 4024818.750000 4517.569824 38 11
4219600.000000 4024818.750000 4690.105957 39 11
4219800.000000 4024818.750000 4842.271484 40 11
4220000.000000 4024818.750000 5064.030273 41 11
4220200.000000 4024818.750000 5335.216309 42 11
4212000.000000 4025190.625000 -3718.814941 1 12
4212200.000000 4025190.625000 -3496.642578 2 12
4212400.000000 4025190.625000 -3274.958984 3 12
4212600.000000 4025190.625000 -3052.781250 4 12
4212800.000000 4025190.625000 -2830.598877 5 12
4213000.000000 4025190.625000 -2608.911133 6 12
4213200.000000 4025190.625000 -2386.718994 7 12
4213400.000000 4025190.625000 -2164.520996 8 12
4213600.000000 4025190.625000 -1942.815186 9 12
4213800.000000 4025190.625000 -1720.596436 10 12
4214000.000000 4025190.625000 -1498.879395 11 12
4214200.000000 4025190.625000 -1277.654175 12 12
4214400.000000 4025190.625000 -1055.424194 13 12
4214600.000000 4025190.625000 -833.689941 14 12
4214800.000000 4025190.625000 -611.952698 15 12
4215000.000000 4025190.625000 -390.213226 16 12
4215200.000000 4025190.625000 -168.477448 17 12
4215400.000000 4025190.625000 53.251427 18 12
4215600.000000 4025190.625000 274.471344 19 12
4215800.000000 4025190.625000 496.172791 20 12
4216000.000000 4025190.625000 717.833557 21 12
4216200.000000 4025190.625000 939.371155 22 12
4216400.000000 4025190.625000 1160.313721 23 12
4216600.000000 4025190.625000 1380.795532 24 12
4216800.000000 4025190.625000 1600.879639 25 12
4217000.000000 4025190.625000 1821.098511 26 12
4217200.000000 4025190.625000 2041.519043 27 12
4217400.000000 4025190.625000 2262.465088 28 12
4217600.000000 4025190.625000 2484.700928 29 12
4217800.000000 4025190.625000 2708.114746 30 12
4218000.000000 4025190.625000 2932.191406 31 12
4218200.000000 4025190.625000 3157.913330 32 12
4218400.000000 4025190.625000 3383.140137 33 12
4218600.000000 4025190.625000 3609.126465 34 12
4218800.000000 4025190.625000 3838.712402 35 12
4219000.000000 4025190.625000 4074.853760 36 12
4219200.000000 4025190.625000 4318.140625 37 12
4219400.000000 4025190.625000 4544.324219 38 12
4219600.000000 4025190.625000 4649.318848 39 12
4219800.000000 4025190.625000 4748.539063 40 12
4220000.000000 4025190.625000 5060.405762 41 12
4220200.000000 4025190.625000 5398.854004 42 12
4212000.000000 4025562.500000 -3655.745605 1 13
4212200.000000 4025562.500000 -3433.571777 2 13
4212400.000000 4025562.500000 -3211.395264 3 13
4212600.000000 4025562.500000 -2989.215820 4 13
4212800.000000 4025562.500000 -2767.031738 5 13
4213000.000000 4025562.500000 -2544.834229 6 13
4213200.000000 4025562.500000 -2322.639893 7 13
4213400.000000 4025562.500000 -2100.439209 8 13
4213600.000000 4025562.500000 -1878.730713 9 13
4213800.000000 4025562.500000 -1656.517212 10 13
4214000.000000 4025562.500000 -1434.797119 11 13
4214200.000000 4025562.500000 -1213.069214 12 13
4214400.000000 4025562.500000 -991.335266 13 13
4214600.000000 4025562.500000 -769.090637 14 13
4214800.000000 4025562.500000 -547.351501 15 13
4215000.000000 4025562.500000 -325.611603 16 13
4215200.000000 4025562.500000 -103.878632 17 13
4215400.000000 4025562.500000 117.844421 18 13
4215600.000000 4025562.500000 339.554535 19 13
4215800.000000 4025562.500000 561.241638 20 13
4216000.000000 4025562.500000 782.867493 21 13
4216200.000000 4025562.500000 1003.849854 22 13
4216400.000000 4025562.500000 1224.703491 23 13
4216600.000000 4025562.500000 1444.568726 24 13
4216800.000000 4025562.500000 1664.021729 25 13
4217000.000000 4025562.500000 1883.582397 26 13
4217200.000000 4025562.500000 2103.322998 27 13
4217400.000000 4025562.500000 2324.043213 28 13
4217600.000000 4025562.500000 2546.526855 29 13
4217800.000000 4025562.500000 2770.168457 30 13
4218000.000000 4025562.500000 2995.438965 31 13
4218200.000000 4025562.500000 3222.296387 32 13
4218400.000000 4025562.500000 3446.964844 33 13
4218600.000000 4025562.500000 3666.968262 34 13
4218800.000000 4025562.500000 3880.683594 35 13
4219000.000000 4025562.500000 4091.894043 36 13
4219200.000000 4025562.500000 4320.248535 37 13
4219400.000000 4025562.500000 4566.806641 38 13
4219600.000000 4025562.500000 4692.821289 39 13
4219800.000000 4025562.500000 4919.771484 40 13
4220000.000000 4025562.500000 5340.197266 41 13
4220200.000000 4025562.500000 5621.916992 42 13
4212000.000000 4025934.375000 -3592.182861 1 14
4212200.000000 4025934.375000 -3370.007080 2 14
4212400.000000 4025934.375000 -3147.820068 3 14
4212600.000000 4025934.375000 -2925.638428 4 14
4212800.000000 4025934.375000 -2702.952393 5 14
4213000.000000 4025934.375000 -2480.760498 6 14
4213200.000000 4025934.375000 -2258.562988 7 14
4213400.000000 4025934.375000 -2036.858398 8 14
4213600.000000 4025934.375000 -1814.638306 9 14
4213800.000000 4025934.375000 -1592.420898 10 14
4214000.000000 4025934.375000 -1370.696533 11 14
4214200.000000 4025934.375000 -1148.464722 12 14
4214400.000000 4025934.375000 -926.726501 13 14
4214600.000000 4025934.375000 -704.486267 14 14
4214800.000000 4025934.375000 -482.743958 15 14
4215000.000000 4025934.375000 -260.994049 16 14
4215200.000000 4025934.375000 -39.262638 17 14
4215400.000000 4025934.375000 182.456024 18 14
4215600.000000 4025934.375000 404.158661 19 14
4215800.000000 4025934.375000 625.833679 20 14
4216000.000000 4025934.375000 847.437317 21 14
4216200.000000 4025934.375000 1068.373413 22 14
4216400.000000 4025934.375000 1288.653931 23 14
4216600.000000 4025934.375000 1508.420288 24 14
4216800.000000 4025934.375000 1727.253296 25 14
4217000.000000 4025934.375000 1946.166870 26 14
4217200.000000 4025934.375000 2165.245361 27 14
4217400.000000 4025934.375000 2385.765381 28 14
4217600.000000 4025934.375000 2607.989746 29 14
4217800.000000 4025934.375000 2832.318848 30 14
4218000.000000 4025934.375000 3057.751221 31 14
4218200.000000 4025934.375000 3284.739990 32 14
4218400.000000 4025934.375000 3507.839355 33 14
4218600.000000 4025934.375000 3722.375244 34 14
4218800.000000 4025934.375000 3921.329590 35 14
4219000.000000 4025934.375000 4104.594727 36 14
4219200.000000 4025934.375000 4281.646484 37 14
4219400.000000 4025934.375000 4449.377441 38 14
4219600.000000 4025934.375000 4598.778320 39 14
4219800.000000 4025934.375000 5023.514160 40 14
4220000.000000 4025934.375000 5506.729492 41 14
4220200.000000 4025934.375000 5812.446289 42 14
4212000.000000 4026306.250000 -3529.109375 1 15
4212200.000000 4026306.250000 -3306.930664 2 15
4212400.000000 4026306.250000 -3084.250000 3 15
4212600.000000 4026306.250000 -2861.565918 4 15
4212800.000000 4026306.250000 -2638.868408 5 15
4213000.000000 4026306.250000 -2416.673096 6 15
4213200.000000 4026306.250000 -2194.970947 7 15
4213400.000000 4026306.250000 -1972.762939 8 15
4213600.000000 4026306.250000 -1750.546631 9 15
4213800.000000 4026306.250000 -1528.324341 10 15
4214000.000000 4026306.250000 -1306.594604 11 15
4214200.000000 4026306.250000 -1084.348877 12 15
4214400.000000 4026306.250000 -862.105652 13 15
4214600.000000 4026306.250000 -639.860107 14 15
4214800.000000 4026306.250000 -418.113037 15 15
4215000.000000 4026306.250000 -196.367859 16 15
4215200.000000 4026306.250000 25.364470 17 15
4215400.000000 4026306.250000 247.081818 18 15
4215600.000000 4026306.250000 468.780762 19 15
4215800.000000 4026306.250000 690.456970 20 15
4216000.000000 4026306.250000 911.546814 21 15
4216200.000000 4026306.250000 1132.451538 22 15
4216400.000000 4026306.250000 1353.180176 23 15
4216600.000000 4026306.250000 1572.366577 24 15
4216800.000000 4026306.250000 1791.107300 25 15
4217000.000000 4026306.250000 2009.919189 26 15
4217200.000000 4026306.250000 2228.356445 27 15
4217400.000000 4026306.250000 2448.693604 28 15
4217600.000000 4026306.250000 2670.674316 29 15
4217800.000000 4026306.250000 2894.718750 30 15
4218000.000000 4026306.250000 3120.313477 31 15
4218200.000000 4026306.250000 3347.923340 32 15
4218400.000000 4026306.250000 3571.170166 33 15
4218600.000000 4026306.250000 3784.422363 34 15
4218800.000000 4026306.250000 3976.729736 35 15
4219000.000000 4026306.250000 4145.860352 36 15
4219200.000000 4026306.250000 4304.883301 37 15
4219400.000000 4026306.250000 4461.322266 38 15
4219600.000000 4026306.250000 4647.963379 39 15
4219800.000000 4026306.250000 5090.441895 40 15
4220000.000000 4026306.250000 5547.440430 41 15
4220200.000000 4026306.250000 5951.289551 42 15
4212000.000000 4026678.125000 -3465.541748 1 16
4212200.000000 4026678.125000 -3243.360107 2 16
4212400.000000 4026678.125000 -3020.667480 3 16
4212600.000000 4026678.125000 -2797.979736 4 16
4212800.000000 4026678.125000 -2575.286377 5 16
4213000.000000 4026678.125000 -2353.086426 6 16
4213200.000000 4026678.125000 -2130.880371 7 16
4213400.000000 4026678.125000 -1908.658691 8 16
4213600.000000 4026678.125000 -1686.436646 9 16
4213800.000000 4026678.125000 -1464.208008 10 16
4214000.000000 4026678.125000 -1241.972412 11 16
4214200.000000 4026678.125000 -1019.727844 12 16
4214400.000000 4026678.125000 -797.476990 13 16
4214600.000000 4026678.125000 -575.215576 14 16
4214800.000000 4026678.125000 -353.460968 15 16
4215000.000000 4026678.125000 -131.209335 16 16
4215200.000000 4026678.125000 90.529068 17 16
4215400.000000 4026678.125000 312.251648 18 16
4215600.000000 4026678.125000 533.455688 19 16
4215800.000000 4026678.125000 754.627686 20 16
4216000.000000 4026678.125000 976.218567 21 16
4216200.000000 4026678.125000 1197.120117 22 16
4216400.000000 4026678.125000 1417.338501 23 16
4216600.000000 4026678.125000 1637.007813 24 16
4216800.000000 4026678.125000 1855.707520 25 16
4217000.000000 4026678.125000 2073.954834 26 16
4217200.000000 4026678.125000 2292.321777 27 16
4217400.000000 4026678.125000 2512.031738 28 16
4217600.000000 4026678.125000 2734.320313 29 16
4217800.000000 4026678.125000 2957.616943 30 16
4218000.000000 4026678.125000 3183.427002 31 16
4218200.000000 4026678.125000 3411.220215 32 16
4218400.000000 4026678.125000 3634.936768 33 16
4218600.000000 4026678.125000 3849.657715 34 16
4218800.000000 4026678.125000 4047.784668 35 16
4219000.000000 4026678.125000 4234.342285 36 16
4219200.000000 4026678.125000 4425.816895 37 16
4219400.000000 4026678.125000 4648.000488 38 16
4219600.000000 4026678.125000 4903.935059 39 16
4219800.000000 4026678.125000 5292.504883 40 16
4220000.000000 4026678.125000 5691.296387 41 16
4220200.000000 4026678.125000 6095.292969 42 16
4212000.000000 4027050.000000 -3401.963867 1 17
4212200.000000 4027050.000000 -3179.278809 2 17
4212400.000000 4027050.000000 -2956.590576 3 17
4212600.000000 4027050.000000 -2733.898438 4 17
4212800.000000 4027050.000000 -2511.192139 5 17
4213000.000000 4027050.000000 -2288.987305 6 17
4213200.000000 4027050.000000 -2066.276123 7 17
4213400.000000 4027050.000000 -1844.056885 8 17
4213600.000000 4027050.000000 -1621.320435 9 17
4213800.000000 4027050.000000 -1399.084717 10 17
4214000.000000 4027050.000000 -1176.841431 11 17
4214200.000000 4027050.000000 -954.588501 12 17
4214400.000000 4027050.000000 -732.328735 13 17
4214600.000000 4027050.000000 -510.066223 14 17
4214800.000000 4027050.000000 -288.293610 15 17
4215000.000000 4027050.000000 -66.531151 16 17
4215200.000000 4027050.000000 155.217987 17 17
4215400.000000 4027050.000000 376.951813 18 17
4215600.000000 4027050.000000 598.667114 19 17
4215800.000000 4027050.000000 819.352783 20 17
4216000.000000 4027050.000000 1040.959473 21 17
4216200.000000 4027050.000000 1261.882446 22 17
4216400.000000 4027050.000000 1481.626099 23 17
4216600.000000 4027050.000000 1701.312378 24 17
4216800.000000 4027050.000000 1920.007324 25 17
4217000.000000 4027050.000000 2138.751953 26 17
4217200.000000 4027050.000000 2357.088135 27 17
4217400.000000 4027050.000000 2576.711182 28 17
4217600.000000 4027050.000000 2798.866211 29 17
4217800.000000 4027050.000000 3022.468750 30 17
4218000.000000 4027050.000000 3247.531006 31 17
4218200.000000 4027050.000000 3474.559814 32 17
4218400.000000 4027050.000000 3697.637939 33 17
4218600.000000 4027050.000000 3914.449219 34 17
4218800.000000 4027050.000000 4121.136230 35 17
4219000.000000 4027050.000000 4327.873047 36 17
4219200.000000 4027050.000000 4562.389160 37 17
4219400.000000 4027050.000000 4830.357910 38 17
4219600.000000 4027050.000000 5102.341309 39 17
4219800.000000 4027050.000000 5474.736328 40 17
4220000.000000 4027050.000000 5853.893555 41 17
4220200.000000 4027050.000000 6235.133301 42 17
4212000.000000 4027421.875000 -3337.893066 1 18
4212200.000000 4027421.875000 -3115.195557 2 18
4212400.000000 4027421.875000 -2892.003418 3 18
4212600.000000 4027421.875000 -2669.306396 4 18
4212800.000000 4027421.875000 -2446.603027 5 18
4213000.000000 4027421.875000 -2223.884521 6 18
4213200.000000 4027421.875000 -2001.167358 7 18
4213400.000000 4027421.875000 -1778.941284 8 18
4213600.000000 4027421.875000 -1556.205811 9 18
4213800.000000 4027421.875000 -1333.962158 10 18
4214000.000000 4027421.875000 -1111.702026 11 18
4214200.000000 4027421.875000 -889.439697 12 18
4214400.000000 4027421.875000 -667.169617 13 18
4214600.000000 4027421.875000 -445.395508 14 18
4214800.000000 4027421.875000 -223.619370 15 18
4215000.000000 4027421.875000 -1.344572 16 18
4215200.000000 4027421.875000 219.920273 17 18
4215400.000000 4027421.875000 441.670990 18 18
4215600.000000 4027421.875000 663.413452 19 18
4215800.000000 4027421.875000 884.112793 20 18
4216000.000000 4027421.875000 1105.756714 21 18
4216200.000000 4027421.875000 1326.224731 22 18
4216400.000000 4027421.875000 1546.017944 23 18
4216600.000000 4027421.875000 1765.760010 24 18
4216800.000000 4027421.875000 1985.008423 25 18
4217000.000000 4027421.875000 2203.786865 26 18
4217200.000000 4027421.875000 2422.130127 27 18
4217400.000000 4027421.875000 2642.230713 28 18
4217600.000000 4027421.875000 2863.782471 29 18
4217800.000000 4027421.875000 3086.733154 30 18
4218000.000000 4027421.875000 3310.598389 31 18
4218200.000000 4027421.875000 3536.363770 32 18
4218400.000000 4027421.875000 3759.708008 33 18
4218600.000000 4027421.875000 3977.934326 34 18
4218800.000000 4027421.875000 4192.104492 35 18
4219000.000000 4027421.875000 4411.615234 36 18
4219200.000000 4027421.875000 4642.864258 37 18
4219400.000000 4027421.875000 4869.002930 38 18
4219600.000000 4027421.875000 5142.021484 39 18
4219800.000000 4027421.875000 5540.690918 40 18
4220000.000000 4027421.875000 5930.833008 41 18
4220200.000000 4027421.875000 6317.012695 42 18
4212000.000000 4027793.750000 -3273.812012 1 19
4212200.000000 4027793.750000 -3050.618408 2 19
4212400.000000 4027793.750000 -2827.412842 3 19
4212600.000000 4027793.750000 -2604.710449 4 19
4212800.000000 4027793.750000 -2381.501709 5 19
4213000.000000 4027793.750000 -2158.785400 6 19
4213200.000000 4027793.750000 -1936.052856 7 19
4213400.000000 4027793.750000 -1713.319946 8 19
4213600.000000 4027793.750000 -1491.075562 9 19
4213800.000000 4027793.750000 -1268.323608 10 19
4214000.000000 4027793.750000 -1046.062256 11 19
4214200.000000 4027793.750000 -823.781006 12 19
4214400.000000 4027793.750000 -601.998596 13 19
4214600.000000 4027793.750000 -380.211731 14 19
4214800.000000 4027793.750000 -158.421539 15 19
4215000.000000 4027793.750000 63.369984 16 19
4215200.000000 4027793.750000 285.153992 17 19
4215400.000000 4027793.750000 506.428345 18 19
4215600.000000 4027793.750000 728.188965 19 19
4215800.000000 4027793.750000 948.928223 20 19
4216000.000000 4027793.750000 1170.107788 21 19
4216200.000000 4027793.750000 1391.144531 22 19
4216400.000000 4027793.750000 1611.040161 23 19
4216600.000000 4027793.750000 1830.382202 24 19
4216800.000000 4027793.750000 2049.724121 25 19
4217000.000000 4027793.750000 2269.078369 26 19
4217200.000000 4027793.750000 2487.998291 27 19
4217400.000000 4027793.750000 2707.625488 28 19
4217600.000000 4027793.750000 2929.132813 29 19
4217800.000000 4027793.750000 3151.472412 30 19
4218000.000000 4027793.750000 3375.146240 31 19
4218200.000000 4027793.750000 3600.145996 32 19
4218400.000000 4027793.750000 3823.231201 33 19
4218600.000000 4027793.750000 4041.755127 34 19
4218800.000000 4027793.750000 4258.131836 35 19
4219000.000000 4027793.750000 4483.672363 36 19
4219200.000000 4027793.750000 4747.136719 37 19
4219400.000000 4027793.750000 4996.946289 38 19
4219600.000000 4027793.750000 5260.955566 39 19
4219800.000000 4027793.750000 5607.765137 40 19
4220000.000000 4027793.750000 5970.187988 41 19
4220200.000000 4027793.750000 6350.316406 42 19
4212000.000000 4028165.625000 -3209.228760 1 20
4212200.000000 4028165.625000 -2986.029541 2 20
4212400.000000 4028165.625000 -2762.826416 3 20
4212600.000000 4028165.625000 -2539.610107 4 20
4212800.000000 4028165.625000 -2316.394775 5 20
4213000.000000 4028165.625000 -2093.670898 6 20
4213200.000000 4028165.625000 -1870.938843 7 20
4213400.000000 4028165.625000 -1648.188965 8 20
4213600.000000 4028165.625000 -1425.435791 9 20
4213800.000000 4028165.625000 -1202.673950 10 20
4214000.000000 4028165.625000 -980.401611 11 20
4214200.000000 4028165.625000 -758.615906 12 20
4214400.000000 4028165.625000 -536.312378 13 20
4214600.000000 4028165.625000 -314.510437 14 20
4214800.000000 4028165.625000 -92.703384 15 20
4215000.000000 4028165.625000 128.608612 16 20
4215200.000000 4028165.625000 350.417938 17 20
4215400.000000 4028165.625000 571.722351 18 20
4215600.000000 4028165.625000 793.018799 19 20
4215800.000000 4028165.625000 1014.300476 20 20
4216000.000000 4028165.625000 1235.540283 21 20
4216200.000000 4028165.625000 1456.177246 22 20
4216400.000000 4028165.625000 1676.211670 23 20
4216600.000000 4028165.625000 1895.708496 24 20
4216800.000000 4028165.625000 2115.699219 25 20
4217000.000000 4028165.625000 2334.717773 26 20
4217200.000000 4028165.625000 2554.283203 27 20
4217400.000000 4028165.625000 2774.016357 28 20
4217600.000000 4028165.625000 2995.049072 29 20
4217800.000000 4028165.625000 3216.838867 30 20
4218000.000000 4028165.625000 3440.375732 31 20
4218200.000000 4028165.625000 3664.587158 32 20
4218400.000000 4028165.625000 3886.599854 33 20
4218600.000000 4028165.625000 4102.417969 34 20
4218800.000000 4028165.625000 4309.971680 35 20
4219000.000000 4028165.625000 4516.386230 36 20
4219200.000000 4028165.625000 4760.057617 37 20
4219400.000000 4028165.625000 5027.001465 38 20
4219600.000000 4028165.625000 5314.826660 39 20
4219800.000000 4028165.625000 5640.834961 40 20
4220000.000000 4028165.625000 5987.266113 41 20
4220200.000000 4028165.625000 6348.435547 42 20
4212000.000000 4028537.500000 -3144.152588 1 21
4212200.000000 4028537.500000 -2920.938965 2 21
4212400.000000 4028537.500000 -2697.729248 3 21
4212600.000000 4028537.500000 -2474.514404 4 21
4212800.000000 4028537.500000 -2251.283203 5 21
4213000.000000 4028537.500000 -2028.052124 6 21
4213200.000000 4028537.500000 -1804.812012 7 21
4213400.000000 4028537.500000 -1582.560547 8 21
4213600.000000 4028537.500000 -1359.788696 9 21
4213800.000000 4028537.500000 -1137.015747 10 21
4214000.000000 4028537.500000 -914.731628 11 21
4214200.000000 4028537.500000 -692.932800 12 21
4214400.000000 4028537.500000 -470.622742 13 21
4214600.000000 4028537.500000 -248.804337 14 21
4214800.000000 4028537.500000 -26.970390 15 21
4215000.000000 4028537.500000 194.862915 16 21
4215200.000000 4028537.500000 416.201141 17 21
4215400.000000 4028537.500000 637.539307 18 21
4215600.000000 4028537.500000 858.875488 19 21
4215800.000000 4028537.500000 1080.206055 20 21
4216000.000000 4028537.500000 1301.015869 21 21
4216200.000000 4028537.500000 1521.770020 22 21
4216400.000000 4028537.500000 1741.962402 23 21
4216600.000000 4028537.500000 1961.650879 24 21
4216800.000000 4028537.500000 2181.852051 25 21
4217000.000000 4028537.500000 2401.077148 26 21
4217200.000000 4028537.500000 2620.846191 27 21
4217400.000000 4028537.500000 2840.744141 28 21
4217600.000000 4028537.500000 3061.378418 29 21
4217800.000000 4028537.500000 3283.207764 30 21
4218000.000000 4028537.500000 3505.712402 31 21
4218200.000000 4028537.500000 3729.279785 32 21
4218400.000000 4028537.500000 3951.570557 33 21
4218600.000000 4028537.500000 4167.110352 34 21
4218800.000000 4028537.500000 4367.118164 35 21
4219000.000000 4028537.500000 4542.427734 36 21
4219200.000000 4028537.500000 4723.904297 37 21
4219400.000000 4028537.500000 4986.249512 38 21
4219600.000000 4028537.500000 5326.487305 39 21
4219800.000000 4028537.500000 5659.632324 40 21
4220000.000000 4028537.500000 5989.856934 41 21
4220200.000000 4028537.500000 6328.055664 42 21
4212000.000000 4028909.375000 -3079.565430 1 22
4212200.000000 4028909.375000 -2855.854248 2 22
4212400.000000 4028909.375000 -2632.629150 3 22
4212600.000000 4028909.375000 -2409.406738 4 22
4212800.000000 4028909.375000 -2185.676270 5 22
4213000.000000 4028909.375000 -1961.928711 6 22
4213200.000000 4028909.375000 -1739.178589 7 22
4213400.000000 4028909.375000 -1516.417480 8 22
4213600.000000 4028909.375000 -1293.634644 9 22
4213800.000000 4028909.375000 -1070.849854 10 22
4214000.000000 4028909.375000 -848.552795 11 22
4214200.000000 4028909.375000 -626.240295 12 22
4214400.000000 4028909.375000 -404.413727 13 22
4214600.000000 4028909.375000 -182.078232 14 22
4214800.000000 4028909.375000 39.775646 15 22
4215000.000000 4028909.375000 261.133057 16 22
4215200.000000 4028909.375000 482.501434 17 22
4215400.000000 4028909.375000 703.875549 18 22
4215600.000000 4028909.375000 925.254150 19 22
4215800.000000 4028909.375000 1146.137695 20 22
4216000.000000 4028909.375000 1367.014893 21 22
4216200.000000 4028909.375000 1587.899658 22 22
4216400.000000 4028909.375000 1808.288452 23 22
4216600.000000 4028909.375000 2027.701050 24 22
4216800.000000 4028909.375000 2247.645996 25 22
4217000.000000 4028909.375000 2467.625244 26 22
4217200.000000 4028909.375000 2687.646484 27 22
4217400.000000 4028909.375000 2907.800781 28 22
4217600.000000 4028909.375000 3128.143799 29 22
4217800.000000 4028909.375000 3349.652100 30 22
4218000.000000 4028909.375000 3571.810791 31 22
4218200.000000 4028909.375000 3795.089844 32 22
4218400.000000 4028909.375000 4019.099365 33 22
4218600.000000 4028909.375000 4240.250977 34 22
4218800.000000 4028909.375000 4450.478516 35 22
4219000.000000 4028909.375000 4640.026367 36 22
4219200.000000 4028909.375000 4822.294922 37 22
4219400.000000 4028909.375000 5070.824219 38 22
4219600.000000 4028909.375000 5386.157715 39 22
4219800.000000 4028909.375000 5691.498047 40 22
4220000.000000 4028909.375000 5993.784180 41 22
4220200.000000 4028909.375000 6301.425781 42 22
4212000.000000 4029281.250000 -3014.476807 1 23
4212200.000000 4029281.250000 -2790.758057 2 23
4212400.000000 4029281.250000 -2567.025635 3 23
4212600.000000 4029281.250000 -2343.295654 4 23
4212800.000000 4029281.250000 -2119.556396 5 23
4213000.000000 4029281.250000 -1896.298462 6 23
4213200.000000 4029281.250000 -1673.038574 7 23
4213400.000000 4029281.250000 -1450.266357 8 23
4213600.000000 4029281.250000 -1226.971802 9 23
4213800.000000 4029281.250000 -1004.174011 10 23
4214000.000000 4029281.250000 -781.862976 11 23
4214200.000000 4029281.250000 -559.535095 12 23
4214400.000000 4029281.250000 -337.191986 13 23
4214600.000000 4029281.250000 -115.336937 14 23
4214800.000000 4029281.250000 106.537964 15 23
4215000.000000 4029281.250000 328.419159 16 23
4215200.000000 4029281.250000 549.818237 17 23
4215400.000000 4029281.250000 770.729370 18 23
4215600.000000 4029281.250000 992.150696 19 23
4215800.000000 4029281.250000 1213.087280 20 23
4216000.000000 4029281.250000 1434.042358 21 23
4216200.000000 4029281.250000 1654.566284 22 23
4216400.000000 4029281.250000 1875.159180 23 23
4216600.000000 4029281.250000 2094.821777 24 23
4216800.000000 4029281.250000 2314.548584 25 23
4217000.000000 4029281.250000 2534.822510 26 23
4217200.000000 4029281.250000 2754.675293 27 23
4217400.000000 4029281.250000 2974.673096 28 23
4217600.000000 4029281.250000 3195.378174 29 23
4217800.000000 4029281.250000 3416.776611 30 23
4218000.000000 4029281.250000 3639.443848 31 23
4218200.000000 4029281.250000 3863.240967 32 23
4218400.000000 4029281.250000 4090.290527 33 23
4218600.000000 4029281.250000 4321.837891 34 23
4218800.000000 4029281.250000 4558.818359 35 23
4219000.000000 4029281.250000 4804.649414 36 23
4219200.000000 4029281.250000 5052.787598 37 23
4219400.000000 4029281.250000 5282.052246 38 23
4219600.000000 4029281.250000 5501.257324 39 23
4219800.000000 4029281.250000 5741.353516 40 23
4220000.000000 4029281.250000 6003.590820 41 23
4220200.000000 4029281.250000 6277.728516 42 23
4212000.000000 4029653.125000 -2949.386963 1 24
4212200.000000 4029653.125000 -2725.160645 2 24
4212400.000000 4029653.125000 -2500.928711 3 24
4212600.000000 4029653.125000 -2277.181152 4 24
4212800.000000 4029653.125000 -2053.432373 5 24
4213000.000000 4029653.125000 -1829.664551 6 24
4213200.000000 4029653.125000 -1606.393677 7 24
4213400.000000 4029653.125000 -1383.109985 8 24
4213600.000000 4029653.125000 -1160.301880 9 24
4213800.000000 4029653.125000 -936.990845 10 24
4214000.000000 4029653.125000 -714.165588 11 24
4214200.000000 4029653.125000 -491.821350 12 24
4214400.000000 4029653.125000 -269.460297 13 24
4214600.000000 4029653.125000 -47.577358 14 24
4214800.000000 4029653.125000 174.310684 15 24
4215000.000000 4029653.125000 396.216309 16 24
4215200.000000 4029653.125000 617.645142 17 24
4215400.000000 4029653.125000 838.590759 18 24
4215600.000000 4029653.125000 1059.552490 19 24
4215800.000000 4029653.125000 1280.537354 20 24
4216000.000000 4029653.125000 1501.571045 21 24
4216200.000000 4029653.125000 1722.212402 22 24
4216400.000000 4029653.125000 1942.493042 23 24
4216600.000000 4029653.125000 2162.387695 24 24
4216800.000000 4029653.125000 2382.378906 25 24
4217000.000000 4029653.125000 2602.441162 26 24
4217200.000000 4029653.125000 2822.104492 27 24
4217400.000000 4029653.125000 3041.939697 28 24
4217600.000000 4029653.125000 3262.998535 29 24
4217800.000000 4029653.125000 3484.316162 30 24
4218000.000000 4029653.125000 3706.448486 31 24
4218200.000000 4029653.125000 3930.291748 32 24
4218400.000000 4029653.125000 4157.676758 33 24
4218600.000000 4029653.125000 4392.070313 34 24
4218800.000000 4029653.125000 4637.162598 35 24
4219000.000000 4029653.125000 4896.154297 36 24
4219200.000000 4029653.125000 5155.274902 37 24
4219400.000000 4029653.125000 5374.451172 38 24
4219600.000000 4029653.125000 5560.887207 39 24
4219800.000000 4029653.125000 5770.726563 40 24
4220000.000000 4029653.125000 6006.053223 41 24
4220200.000000 4029653.125000 6255.816406 42 24
4212000.000000 4030025.000000 -2883.805664 1 25
4212200.000000 4030025.000000 -2659.063232 2 25
4212400.000000 4030025.000000 -2434.822266 3 25
4212600.000000 4030025.000000 -2210.565918 4 25
4212800.000000 4030025.000000 -1986.307617 5 25
4213000.000000 4030025.000000 -1762.529175 6 25
4213200.000000 4030025.000000 -1539.246704 7 25
4213400.000000 4030025.000000 -1315.950806 8 25
4213600.000000 4030025.000000 -1092.629883 9 25
4213800.000000 4030025.000000 -869.304626 10 25
4214000.000000 4030025.000000 -646.464050 11 25
4214200.000000 4030025.000000 -424.103088 12 25
4214400.000000 4030025.000000 -201.715378 13 25
4214600.000000 4030025.000000 20.678425 14 25
4214800.000000 4030025.000000 242.588028 15 25
4215000.000000 4030025.000000 464.517792 16 25
4215200.000000 4030025.000000 685.975403 17 25
4215400.000000 4030025.000000 906.953857 18 25
4215600.000000 4030025.000000 1127.953003 19 25
4215800.000000 4030025.000000 1348.982422 20 25
4216000.000000 4030025.000000 1569.579834 21 25
4216200.000000 4030025.000000 1790.341553 22 25
4216400.000000 4030025.000000 2010.280151 23 25
4216600.000000 4030025.000000 2230.380859 24 25
4216800.000000 4030025.000000 2450.606445 25 25
4217000.000000 4030025.000000 2670.425293 26 25
4217200.000000 4030025.000000 2889.866455 27 25
4217400.000000 4030025.000000 3109.494141 28 25
4217600.000000 4030025.000000 3330.362305 29 25
4217800.000000 4030025.000000 3551.486816 30 25
4218000.000000 4030025.000000 3772.925781 31 25
4218200.000000 4030025.000000 3995.995850 32 25
4218400.000000 4030025.000000 4221.398926 33 25
4218600.000000 4030025.000000 4451.819336 34 25
4218800.000000 4030025.000000 4688.385254 35 25
4219000.000000 4030025.000000 4929.562988 36 25
4219200.000000 4030025.000000 5160.854492 37 25
4219400.000000 4030025.000000 5374.747070 38 25
4219600.000000 4030025.000000 5575.798828 39 25
4219800.000000 4030025.000000 5785.741211 40 25
4220000.000000 4030025.000000 6008.674805 41 25
4220200.000000 4030025.000000 6240.223145 42 25
4212000.000000 4030396.875000 -2817.716553 1 26
4212200.000000 4030396.875000 -2592.965332 2 26
4212400.000000 4030396.875000 -2368.215820 3 26
4212600.000000 4030396.875000 -2143.450439 4 26
4212800.000000 4030396.875000 -1919.181519 5 26
4213000.000000 4030396.875000 -1695.391968 6 26
4213200.000000 4030396.875000 -1471.598389 7 26
4213400.000000 4030396.875000 -1247.782227 8 26
4213600.000000 4030396.875000 -1023.956604 9 26
4213800.000000 4030396.875000 -800.616760 10 26
4214000.000000 4030396.875000 -577.752319 11 26
4214200.000000 4030396.875000 -354.874939 12 26
4214400.000000 4030396.875000 -132.477005 13 26
4214600.000000 4030396.875000 89.936745 14 26
4214800.000000 4030396.875000 311.867828 15 26
4215000.000000 4030396.875000 533.821411 16 26
4215200.000000 4030396.875000 755.306702 17 26
4215400.000000 4030396.875000 976.316162 18 26
4215600.000000 4030396.875000 1197.849487 19 26
4215800.000000 4030396.875000 1418.420166 20 26
4216000.000000 4030396.875000 1639.073730 21 26
4216200.000000 4030396.875000 1859.932129 22 26
4216400.000000 4030396.875000 2079.521484 23 26
4216600.000000 4030396.875000 2299.289551 24 26
4216800.000000 4030396.875000 2519.214844 25 26
4217000.000000 4030396.875000 2738.751953 26 26
4217200.000000 4030396.875000 2958.428955 27 26
4217400.000000 4030396.875000 3177.810303 28 26
4217600.000000 4030396.875000 3397.905762 29 26
4217800.000000 4030396.875000 3618.202637 30 26
4218000.000000 4030396.875000 3838.256592 31 26
4218200.000000 4030396.875000 4059.281982 32 26
4218400.000000 4030396.875000 4281.693848 33 26
4218600.000000 4030396.875000 4505.869629 34 26
4218800.000000 4030396.875000 4731.692871 35 26
4219000.000000 4030396.875000 4956.903809 36 26
4219200.000000 4030396.875000 5174.139648 37 26
4219400.000000 4030396.875000 5385.830078 38 26
4219600.000000 4030396.875000 5594.263184 39 26
4219800.000000 4030396.875000 5803.886719 40 26
4220000.000000 4030396.875000 6019.007813 41 26
4220200.000000 4030396.875000 6235.778809 42 26
4212000.000000 4030768.750000 -2751.627686 1 27
4212200.000000 4030768.750000 -2526.367676 2 27
4212400.000000 4030768.750000 -2301.109375 3 27
4212600.000000 4030768.750000 -2076.333740 4 27
4212800.000000 4030768.750000 -1852.054199 5 27
4213000.000000 4030768.750000 -1627.753906 6 27
4213200.000000 4030768.750000 -1403.948242 7 27
4213400.000000 4030768.750000 -1179.619751 8 27
4213600.000000 4030768.750000 -955.780212 9 27
4213800.000000 4030768.750000 -731.917786 10 27
4214000.000000 4030768.750000 -508.546448 11 27
4214200.000000 4030768.750000 -285.651764 12 27
4214400.000000 4030768.750000 -62.735737 13 27
4214600.000000 4030768.750000 159.706238 14 27
4214800.000000 4030768.750000 381.658508 15 27
4215000.000000 4030768.750000 603.635071 16 27
4215200.000000 4030768.750000 825.645569 17 27
4215400.000000 4030768.750000 1047.182617 18 27
4215600.000000 4030768.750000 1268.247437 19 27
4215800.000000 4030768.750000 1489.352417 20 27
4216000.000000 4030768.750000 1710.051758 21 27
4216200.000000 4030768.750000 1930.476929 22 27
4216400.000000 4030768.750000 2150.172119 23 27
4216600.000000 4030768.750000 2369.578125 24 27
4216800.000000 4030768.750000 2588.642090 25 27
4217000.000000 4030768.750000 2807.845947 26 27
4217200.000000 4030768.750000 3027.185059 27 27
4217400.000000 4030768.750000 3246.244385 28 27
4217600.000000 4030768.750000 3465.473389 29 27
4217800.000000 4030768.750000 3684.320801 30 27
4218000.000000 4030768.750000 3903.296143 31 27
4218200.000000 4030768.750000 4122.006348 32 27
4218400.000000 4030768.750000 4340.686523 33 27
4218600.000000 4030768.750000 4559.248535 34 27
4218800.000000 4030768.750000 4777.982422 35 27
4219000.000000 4030768.750000 4993.530762 36 27
4219200.000000 4030768.750000 5205.209961 37 27
4219400.000000 4030768.750000 5413.983398 38 27
4219600.000000 4030768.750000 5620.764160 39 27
4219800.000000 4030768.750000 5827.527344 40 27
4220000.000000 4030768.750000 6035.654785 41 27
4220200.000000 4030768.750000 6242.392090 42 27
4212000.000000 4031140.625000 -2685.040283 1 28
4212200.000000 4031140.625000 -2459.271484 2 28
4212400.000000 4031140.625000 -2234.002930 3 28
4212600.000000 4031140.625000 -2008.717651 4 28
4212800.000000 4031140.625000 -1784.418701 5 28
4213000.000000 4031140.625000 -1559.615723 6 28
4213200.000000 4031140.625000 -1335.290161 7 28
4213400.000000 4031140.625000 -1110.956787 8 28
4213600.000000 4031140.625000 -886.595337 9 28
4213800.000000 4031140.625000 -662.726257 10 28
4214000.000000 4031140.625000 -438.839539 11 28
4214200.000000 4031140.625000 -215.919144 12 28
4214400.000000 4031140.625000 7.015501 13 28
4214600.000000 4031140.625000 229.968048 14 28
4214800.000000 4031140.625000 452.440125 15 28
4215000.000000 4031140.625000 674.438293 16 28
4215200.000000 4031140.625000 896.471924 17 28
4215400.000000 4031140.625000 1118.541260 18 28
4215600.000000 4031140.625000 1339.623535 19 28
4215800.000000 4031140.625000 1560.257080 20 28
4216000.000000 4031140.625000 1780.989624 21 28
4216200.000000 4031140.625000 2001.470947 22 28
4216400.000000 4031140.625000 2220.730713 23 28
4216600.000000 4031140.625000 2439.704102 24 28
4216800.000000 4031140.625000 2658.858398 25 28
4217000.000000 4031140.625000 2877.641113 26 28
4217200.000000 4031140.625000 3096.072266 27 28
4217400.000000 4031140.625000 3314.223389 28 28
4217600.000000 4031140.625000 3532.015137 29 28
4217800.000000 4031140.625000 3749.872314 30 28
4218000.000000 4031140.625000 3967.278320 31 28
4218200.000000 4031140.625000 4183.725098 32 28
4218400.000000 4031140.625000 4399.805664 33 28
4218600.000000 4031140.625000 4614.475586 34 28
4218800.000000 4031140.625000 4828.119629 35 28
4219000.000000 4031140.625000 5038.496582 36 28
4219200.000000 4031140.625000 5245.715332 37 28
4219400.000000 4031140.625000 5451.213379 38 28
4219600.000000 4031140.625000 5654.917480 39 28
4219800.000000 4031140.625000 5857.089355 40 28
4220000.000000 4031140.625000 6058.729980 41 28
4220200.000000 4031140.625000 6258.013672 42 28
4212000.000000 4031512.500000 -2618.454346 1 29
4212200.000000 4031512.500000 -2392.675537 2 29
4212400.000000 4031512.500000 -2166.888916 3 29
4212600.000000 4031512.500000 -1941.101929 4 29
4212800.000000 4031512.500000 -1716.292603 5 29
4213000.000000 4031512.500000 -1491.478027 6 29
4213200.000000 4031512.500000 -1266.141235 7 29
4213400.000000 4031512.500000 -1041.794800 8 29
4213600.000000 4031512.500000 -816.919739 9 29
4213800.000000 4031512.500000 -593.035583 10 29
4214000.000000 4031512.500000 -369.124573 11 29
4214200.000000 4031512.500000 -145.695908 12 29
4214400.000000 4031512.500000 77.756401 13 29
4214600.000000 4031512.500000 300.736206 14 29
4214800.000000 4031512.500000 523.727112 15 29
4215000.000000 4031512.500000 746.244629 16 29
4215200.000000 4031512.500000 968.298645 17 29
4215400.000000 4031512.500000 1190.380249 18 29
4215600.000000 4031512.500000 1411.491943 19 29
4215800.000000 4031512.500000 1632.146973 20 29
4216000.000000 4031512.500000 1852.902222 21 29
4216200.000000 4031512.500000 2072.910889 22 29
4216400.000000 4031512.500000 2291.693848 23 29
4216600.000000 4031512.500000 2510.708740 24 29
4216800.000000 4031512.500000 2729.388672 25 29
4217000.000000 4031512.500000 2947.705811 26 29
4217200.000000 4031512.500000 3165.678223 27 29
4217400.000000 4031512.500000 3382.357178 28 29
4217600.000000 4031512.500000 3599.147461 29 29
4217800.000000 4031512.500000 3814.973145 30 29
4218000.000000 4031512.500000 4030.810059 31 29
4218200.000000 4031512.500000 4245.074707 32 29
4218400.000000 4031512.500000 4458.223633 33 29
4218600.000000 4031512.500000 4670.265625 34 29
4218800.000000 4031512.500000 4880.621582 35 29
4219000.000000 4031512.500000 5087.351074 36 29
4219200.000000 4031512.500000 5291.244629 37 29
4219400.000000 4031512.500000 5492.791016 38 29
4219600.000000 4031512.500000 5692.957031 39 29
4219800.000000 4031512.500000 5889.882324 40 29
4220000.000000 4031512.500000 6085.887695 41 29
4220200.000000 4031512.500000 6279.574219 42 29
4212000.000000 4031884.375000 -2551.370361 1 30
4212200.000000 4031884.375000 -2325.581299 2 30
4212400.000000 4031884.375000 -2099.284912 3 30
4212600.000000 4031884.375000 -1873.487305 4 30
4212800.000000 4031884.375000 -1648.167603 5 30
4213000.000000 4031884.375000 -1422.833496 6 30
4213200.000000 4031884.375000 -1196.993530 7 30
4213400.000000 4031884.375000 -972.126221 8 30
4213600.000000 4031884.375000 -747.245300 9 30
4213800.000000 4031884.375000 -522.838501 10 30
4214000.000000 4031884.375000 -298.420624 11 30
4214200.000000 4031884.375000 -74.467247 12 30
4214400.000000 4031884.375000 149.002930 13 30
4214600.000000 4031884.375000 372.491974 14 30
4214800.000000 4031884.375000 595.509583 15 30
4215000.000000 4031884.375000 818.544617 16 30
4215200.000000 4031884.375000 1040.615845 17 30
4215400.000000 4031884.375000 1262.713867 18 30
4215600.000000 4031884.375000 1483.841431 19 30
4215800.000000 4031884.375000 1704.511597 20 30
4216000.000000 4031884.375000 1925.279419 21 30
4216200.000000 4031884.375000 2145.286621 22 30
4216400.000000 4031884.375000 2364.078125 23 30
4216600.000000 4031884.375000 2582.580566 24 30
4216800.000000 4031884.375000 2800.760498 25 30
4217000.000000 4031884.375000 3018.066162 26 30
4217200.000000 4031884.375000 3235.013428 27 30
4217400.000000 4031884.375000 3451.164795 28 30
4217600.000000 4031884.375000 3666.412354 29 30
4217800.000000 4031884.375000 3880.678223 30 30
4218000.000000 4031884.375000 4094.436279 31 30
4218200.000000 4031884.375000 4306.563965 32 30
4218400.000000 4031884.375000 4516.949219 33 30
4218600.000000 4031884.375000 4725.603027 34 30
4218800.000000 4031884.375000 4931.990234 35 30
4219000.000000 4031884.375000 5135.816406 36 30
4219200.000000 4031884.375000 5336.521484 37 30
4219400.000000 4031884.375000 5534.125488 38 30
4219600.000000 4031884.375000 5729.639160 39 30
4219800.000000 4031884.375000 5923.129395 40 30
4220000.000000 4031884.375000 6114.794434 41 30
4220200.000000 4031884.375000 6304.208008 42 30
4212000.000000 4032256.250000 -2483.789307 1 31
4212200.000000 4032256.250000 -2257.490479 2 31
4212400.000000 4032256.250000 -2031.183594 3 31
4212600.000000 4032256.250000 -1804.867676 4 31
4212800.000000 4032256.250000 -1579.045898 5 31
4213000.000000 4032256.250000 -1353.201050 6 31
4213200.000000 4032256.250000 -1127.839844 7 31
4213400.000000 4032256.250000 -902.468689 8 31
4213600.000000 4032256.250000 -677.066162 9 31
4213800.000000 4032256.250000 -452.153564 10 31
4214000.000000 4032256.250000 -227.212387 11 31
4214200.000000 4032256.250000 -2.743023 12 31
4214400.000000 4032256.250000 221.243805 13 31
4214600.000000 4032256.250000 444.750153 14 31
4214800.000000 4032256.250000 668.284058 15 31
4215000.000000 4032256.250000 891.335083 16 31
4215200.000000 4032256.250000 1113.419556 17 31
4215400.000000 4032256.250000 1335.528809 18 31
4215600.000000 4032256.250000 1557.165161 19 31
4215800.000000 4032256.250000 1777.842529 20 31
4216000.000000 4032256.250000 1998.612793 21 31
4216200.000000 4032256.250000 2218.607666 22 31
4216400.000000 4032256.250000 2437.370850 23 31
4216600.000000 4032256.250000 2655.335693 24 31
4216800.000000 4032256.250000 2872.962646 25 31
4217000.000000 4032256.250000 3089.725586 26 31
4217200.000000 4032256.250000 3305.615967 27 31
4217400.000000 4032256.250000 3520.689453 28 31
4217600.000000 4032256.250000 3734.354492 29 31
4217800.000000 4032256.250000 3947.027100 30 31
4218000.000000 4032256.250000 4158.682617 31 31
4218200.000000 4032256.250000 4368.191895 32 31
4218400.000000 4032256.250000 4575.399414 33 31
4218600.000000 4032256.250000 4780.840820 34 31
4218800.000000 4032256.250000 4983.978027 35 31
4219000.000000 4032256.250000 5184.109375 36 31
4219200.000000 4032256.250000 5381.264160 37 31
4219400.000000 4032256.250000 5575.477539 38 31
4219600.000000 4032256.250000 5767.263672 39 31
4219800.000000 4032256.250000 5957.195801 40 31
4220000.000000 4032256.250000 6144.890137 41 31
4220200.000000 4032256.250000 6330.892090 42 31
4212000.000000 4032628.125000 -2416.210449 1 32
4212200.000000 4032628.125000 -2189.900879 2 32
4212400.000000 4032628.125000 -1963.583496 3 32
4212600.000000 4032628.125000 -1736.757813 4 32
4212800.000000 4032628.125000 -1510.417725 5 32
4213000.000000 4032628.125000 -1284.070679 6 32
4213200.000000 4032628.125000 -1058.198364 7 32
4213400.000000 4032628.125000 -832.306885 8 32
4213600.000000 4032628.125000 -606.391357 9 32
4213800.000000 4032628.125000 -380.964905 10 32
4214000.000000 4032628.125000 -156.008331 11 32
4214200.000000 4032628.125000 68.968285 12 32
4214400.000000 4032628.125000 293.479614 13 32
4214600.000000 4032628.125000 517.501831 14 32
4214800.000000 4032628.125000 741.043274 15 32
4215000.000000 4032628.125000 964.616028 16 32
4215200.000000 4032628.125000 1187.209595 17 32
4215400.000000 4032628.125000 1409.325317 18 32
4215600.000000 4032628.125000 1630.964722 19 32
4215800.000000 4032628.125000 1852.140869 20 32
4216000.000000 4032628.125000 2072.905762 21 32
4216200.000000 4032628.125000 2292.882324 22 32
4216400.000000 4032628.125000 2511.588135 23 32
4216600.000000 4032628.125000 2728.993408 24 32
4216800.000000 4032628.125000 2946.052246 25 32
4217000.000000 4032628.125000 3162.240479 26 32
4217200.000000 4032628.125000 3377.540039 27 32
4217400.000000 4032628.125000 3591.027100 28 32
4217600.000000 4032628.125000 3803.078857 29 32
4217800.000000 4032628.125000 4014.139893 30 32
4218000.000000 4032628.125000 4223.670898 31 32
4218200.000000 4032628.125000 4430.560059 32 32
4218400.000000 4032628.125000 4635.139160 33 32
4218600.000000 4032628.125000 4837.437500 34 32
4218800.000000 4032628.125000 5037.442871 35 32
4219000.000000 4032628.125000 5234.002441 36 32
4219200.000000 4032628.125000 5427.179199 37 32
4219400.000000 4032628.125000 5618.026367 38 32
4219600.000000 4032628.125000 5806.080566 39 32
4219800.000000 4032628.125000 5991.892090 40 32
4220000.000000 4032628.125000 6176.044922 41 32
4220200.000000 4032628.125000 6359.079590 42 32
4212000.000000 4033000.000000 -2349.132813 1 33
4212200.000000 4033000.000000 -2122.313232 2 33
4212400.000000 4033000.000000 -1895.486572 3 33
4212600.000000 4033000.000000 -1668.151367 4 33
4212800.000000 4033000.000000 -1441.301636 5 33
4213000.000000 4033000.000000 -1214.436157 6 33
4213200.000000 4033000.000000 -988.053101 7 33
4213400.000000 4033000.000000 -761.658264 8 33
4213600.000000 4033000.000000 -535.729675 9 33
4213800.000000 4033000.000000 -309.781189 10 33
4214000.000000 4033000.000000 -84.318268 11 33
4214200.000000 4033000.000000 141.181854 12 33
4214400.000000 4033000.000000 366.208832 13 33
4214600.000000 4033000.000000 590.746399 14 33
4214800.000000 4033000.000000 814.810425 15 33
4215000.000000 4033000.000000 1038.387329 16 33
4215200.000000 4033000.000000 1261.486816 17 33
4215400.000000 4033000.000000 1483.604126 18 33
4215600.000000 4033000.000000 1705.739258 19 33
4215800.000000 4033000.000000 1926.905884 20 33
4216000.000000 4033000.000000 2147.656738 21 33
4216200.000000 4033000.000000 2367.593506 22 33
4216400.000000 4033000.000000 2586.233887 23 33
4216600.000000 4033000.000000 2803.562744 24 33
4216800.000000 4033000.000000 3020.044434 25 33
4217000.000000 4033000.000000 3235.632324 26 33
4217200.000000 4033000.000000 3449.833984 27 33
4217400.000000 4033000.000000 3662.207031 28 33
4217600.000000 4033000.000000 3873.139404 29 33
4217800.000000 4033000.000000 4082.579590 30 33
4218000.000000 4033000.000000 4289.980957 31 33
4218200.000000 4033000.000000 4494.750977 32 33
4218400.000000 4033000.000000 4696.223145 33 33
4218600.000000 4033000.000000 4895.437500 34 33
4218800.000000 4033000.000000 5092.368652 35 33
4219000.000000 4033000.000000 5285.430176 36 33
4219200.000000 4033000.000000 5475.180664 37 33
4219400.000000 4033000.000000 5661.695801 38 33
4219600.000000 4033000.000000 5846.001953 39 33
4219800.000000 4033000.000000 6028.163086 40 33
4220000.000000 4033000.000000 6208.744141 41 33
4220200.000000 4033000.000000 6388.260742 42 33
