# Type: scattered data
# Version: 6
# Description: No description
# Format: free
# Field: 1 x
# Field: 2 y
# Field: 3 z undefined
# Field: 4 column
# Field: 5 row
# Projection: Local Rectangular
# Units: undefined
# End:
# Information from grid:
# Grid_size: 42 x 33
# Grid_space: 4212000.000000,4220200.000000,4021100.000000,4033000.000000
# Scattered data: Not_available
# Z_field: z
# Vertical_faults: Not_available
# History: No history
# Z_units: undefined
4212000.000000 4021100.000000 -15152.109375 1 1
4212200.000000 4021100.000000 -14915.220703 2 1
4212400.000000 4021100.000000 -14678.366211 3 1
4212600.000000 4021100.000000 -14443.478516 4 1
4212800.000000 4021100.000000 -14205.596680 5 1
4213000.000000 4021100.000000 -13967.719727 6 1
4213200.000000 4021100.000000 -13727.848633 7 1
4213400.000000 4021100.000000 -13487.982422 8 1
4213600.000000 4021100.000000 -13246.125977 9 1
4213800.000000 4021100.000000 -13005.307617 10 1
4214000.000000 4021100.000000 -12762.465820 11 1
4214200.000000 4021100.000000 -12518.600586 12 1
4214400.000000 4021100.000000 -12273.781250 13 1
4214600.000000 4021100.000000 -12027.976563 14 1
4214800.000000 4021100.000000 -11781.190430 15 1
4215000.000000 4021100.000000 -11534.429688 16 1
4215200.000000 4021100.000000 -11286.706055 17 1
4215400.000000 4021100.000000 -11037.995117 18 1
4215600.000000 4021100.000000 -10788.378906 19 1
4215800.000000 4021100.000000 -10536.848633 20 1
4216000.000000 4021100.000000 -10283.388672 21 1
4216200.000000 4021100.000000 -10029.071289 22 1
4216400.000000 4021100.000000 -9773.833984 23 1
4216600.000000 4021100.000000 -9518.740234 24 1
4216800.000000 4021100.000000 -9261.704102 25 1
4217000.000000 4021100.000000 -9002.744141 26 1
4217200.000000 4021100.000000 -8743.723633 27 1
4217400.000000 4021100.000000 -8481.590820 28 1
4217600.000000 4021100.000000 -8217.249023 29 1
4217800.000000 4021100.000000 -7950.606934 30 1
4218000.000000 4021100.000000 -7679.555176 31 1
4218200.000000 4021100.000000 -7403.985352 32 1
4218400.000000 4021100.000000 -7126.856934 33 1
4218600.000000 4021100.000000 -6847.145996 34 1
4218800.000000 4021100.000000 -6565.903320 35 1
4219000.000000 4021100.000000 -6285.077148 36 1
4219200.000000 4021100.000000 -6003.691406 37 1
4219400.000000 4021100.000000 -5720.878418 38 1
4219600.000000 4021100.000000 -5436.558105 39 1
4219800.000000 4021100.000000 -5151.564453 40 1
4220000.000000 4021100.000000 -4862.853027 41 1
4220200.000000 4021100.000000 -4572.248047 42 1
4212000.000000 4021471.875000 -14392.551758 1 2
4212200.000000 4021471.875000 -14158.660156 2 2
4212400.000000 4021471.875000 -13924.770508 3 2
4212600.000000 4021471.875000 -13690.916016 4 2
4212800.000000 4021471.875000 -13455.035156 5 2
4213000.000000 4021471.875000 -13217.160156 6 2
4213200.000000 4021471.875000 -12979.290039 7 2
4213400.000000 4021471.875000 -12738.429688 8 2
4213600.000000 4021471.875000 -12497.576172 9 2
4213800.000000 4021471.875000 -12255.733398 10 2
4214000.000000 4021471.875000 -12011.901367 11 2
4214200.000000 4021471.875000 -11767.082031 12 2
4214400.000000 4021471.875000 -11521.280273 13 2
4214600.000000 4021471.875000 -11274.498047 14 2
4214800.000000 4021471.875000 -11026.740234 15 2
4215000.000000 4021471.875000 -10779.014648 16 2
4215200.000000 4021471.875000 -10530.302734 17 2
4215400.000000 4021471.875000 -10280.678711 18 2
4215600.000000 4021471.875000 -10030.125000 19 2
4215800.000000 4021471.875000 -9777.631836 20 2
4216000.000000 4021471.875000 -9523.284180 21 2
4216200.000000 4021471.875000 -9268.014648 22 2
4216400.000000 4021471.875000 -9011.893555 23 2
4216600.000000 4021471.875000 -8754.850586 24 2
4216800.000000 4021471.875000 -8496.925781 25 2
4217000.000000 4021471.875000 -8238.000977 26 2
4217200.000000 4021471.875000 -7977.042969 27 2
4217400.000000 4021471.875000 -7713.956055 28 2
4217600.000000 4021471.875000 -7448.645508 29 2
4217800.000000 4021471.875000 -7182.054199 30 2
4218000.000000 4021471.875000 -6910.973145 31 2
4218200.000000 4021471.875000 -6635.385742 32 2
4218400.000000 4021471.875000 -6357.211426 33 2
4218600.000000 4021471.875000 -6077.444824 34 2
4218800.000000 4021471.875000 -5795.990234 35 2
4219000.000000 4021471.875000 -5514.823730 36 2
4219200.000000 4021471.875000 -5232.891113 37 2
4219400.000000 4021471.875000 -4949.294922 38 2
4219600.000000 4021471.875000 -4665.895508 39 2
4219800.000000 4021471.875000 -4380.463867 40 2
4220000.000000 4021471.875000 -4089.914795 41 2
4220200.000000 4021471.875000 -3793.963623 42 2
4212000.000000 4021843.750000 -13631.960938 1 3
4212200.000000 4021843.750000 -13402.099609 2 3
4212400.000000 4021843.750000 -13170.208008 3 3
4212600.000000 4021843.750000 -12938.320313 4 3
4212800.000000 4021843.750000 -12703.472656 5 3
4213000.000000 4021843.750000 -12466.598633 6 3
4213200.000000 4021843.750000 -12227.732422 7 3
4213400.000000 4021843.750000 -11987.874023 8 3
4213600.000000 4021843.750000 -11746.027344 9 3
4213800.000000 4021843.750000 -11504.189453 10 3
4214000.000000 4021843.750000 -11260.365234 11 3
4214200.000000 4021843.750000 -11014.558594 12 3
4214400.000000 4021843.750000 -10768.770508 13 3
4214600.000000 4021843.750000 -10521.006836 14 3
4214800.000000 4021843.750000 -10272.239258 15 3
4215000.000000 4021843.750000 -10023.545898 16 3
4215200.000000 4021843.750000 -9772.908203 17 3
4215400.000000 4021843.750000 -9522.332031 18 3
4215600.000000 4021843.750000 -9270.801758 19 3
4215800.000000 4021843.750000 -9017.410156 20 3
4216000.000000 4021843.750000 -8762.107422 21 3
4216200.000000 4021843.750000 -8505.960938 22 3
4216400.000000 4021843.750000 -8248.904297 23 3
4216600.000000 4021843.750000 -7991.000000 24 3
4216800.000000 4021843.750000 -7733.152344 25 3
4217000.000000 4021843.750000 -7472.344238 26 3
4217200.000000 4021843.750000 -7209.501953 27 3
4217400.000000 4021843.750000 -6945.526855 28 3
4217600.000000 4021843.750000 -6679.356934 29 3
4217800.000000 4021843.750000 -6411.837891 30 3
4218000.000000 4021843.750000 -6140.896484 31 3
4218200.000000 4021843.750000 -5865.384766 32 3
4218400.000000 4021843.750000 -5586.319824 33 3
4218600.000000 4021843.750000 -5306.639648 34 3
4218800.000000 4021843.750000 -5025.191406 35 3
4219000.000000 4021843.750000 -4743.863281 36 3
4219200.000000 4021843.750000 -4461.531250 37 3
4219400.000000 4021843.750000 -4178.254395 38 3
4219600.000000 4021843.750000 -3894.830078 39 3
4219800.000000 4021843.750000 -3607.972900 40 3
4220000.000000 4021843.750000 -3315.582031 41 3
4220200.000000 4021843.750000 -3015.257324 42 3
4212000.000000 4022215.625000 -12871.403320 1 4
4212200.000000 4022215.625000 -12642.507813 2 4
4212400.000000 4022215.625000 -12413.647461 3 4
4212600.000000 4022215.625000 -12181.760742 4 4
4212800.000000 4022215.625000 -11947.879883 5 4
4213000.000000 4022215.625000 -11712.040039 6 4
4213200.000000 4022215.625000 -11474.174805 7 4
4213400.000000 4022215.625000 -11234.320313 8 4
4213600.000000 4022215.625000 -10992.477539 9 4
4213800.000000 4022215.625000 -10749.646484 10 4
4214000.000000 4022215.625000 -10505.829102 11 4
4214200.000000 4022215.625000 -10260.031250 12 4
4214400.000000 4022215.625000 -10013.256836 13 4
4214600.000000 4022215.625000 -9764.477539 14 4
4214800.000000 4022215.625000 -9514.764648 15 4
4215000.000000 4022215.625000 -9265.099609 16 4
4215200.000000 4022215.625000 -9013.463867 17 4
4215400.000000 4022215.625000 -8760.934570 18 4
4215600.000000 4022215.625000 -8507.495117 19 4
4215800.000000 4022215.625000 -8253.138672 20 4
4216000.000000 4022215.625000 -7996.952637 21 4
4216200.000000 4022215.625000 -7739.870117 22 4
4216400.000000 4022215.625000 -7481.925781 23 4
4216600.000000 4022215.625000 -7224.149414 24 4
4216800.000000 4022215.625000 -6965.445801 25 4
4217000.000000 4022215.625000 -6703.795410 26 4
4217200.000000 4022215.625000 -6440.122559 27 4
4217400.000000 4022215.625000 -6174.334961 28 4
4217600.000000 4022215.625000 -5906.339844 29 4
4217800.000000 4022215.625000 -5638.058594 30 4
4218000.000000 4022215.625000 -5366.405273 31 4
4218200.000000 4022215.625000 -5090.284668 32 4
4218400.000000 4022215.625000 -4812.641113 33 4
4218600.000000 4022215.625000 -4533.381836 34 4
4218800.000000 4022215.625000 -4252.367676 35 4
4219000.000000 4022215.625000 -3971.251953 36 4
4219200.000000 4022215.625000 -3688.830078 37 4
4219400.000000 4022215.625000 -3405.085205 38 4
4219600.000000 4022215.625000 -3119.750000 39 4
4219800.000000 4022215.625000 -2830.512451 40 4
4220000.000000 4022215.625000 -2535.315674 41 4
4220200.000000 4022215.625000 -2233.682617 42 4
4212000.000000 4022587.500000 -12109.813477 1 5
4212200.000000 4022587.500000 -11882.950195 2 5
4212400.000000 4022587.500000 -11655.055664 3 5
4212600.000000 4022587.500000 -11424.201172 4 5
4212800.000000 4022587.500000 -11190.322266 5 5
4213000.000000 4022587.500000 -10954.451172 6 5
4213200.000000 4022587.500000 -10716.588867 7 5
4213400.000000 4022587.500000 -10476.736328 8 5
4213600.000000 4022587.500000 -10234.930664 9 5
4213800.000000 4022587.500000 -9991.073242 10 5
4214000.000000 4022587.500000 -9747.261719 11 5
4214200.000000 4022587.500000 -9501.472656 12 5
4214400.000000 4022587.500000 -9253.709961 13 5
4214600.000000 4022587.500000 -9003.979492 14 5
4214800.000000 4022587.500000 -8754.286133 15 5
4215000.000000 4022587.500000 -8502.615234 16 5
4215200.000000 4022587.500000 -8249.049805 17 5
4215400.000000 4022587.500000 -7995.530762 18 5
4215600.000000 4022587.500000 -7741.145508 19 5
4215800.000000 4022587.500000 -7485.859375 20 5
4216000.000000 4022587.500000 -7228.759766 21 5
4216200.000000 4022587.500000 -6971.780273 22 5
4216400.000000 4022587.500000 -6712.959961 23 5
4216600.000000 4022587.500000 -6453.332520 24 5
4216800.000000 4022587.500000 -6193.801758 25 5
4217000.000000 4022587.500000 -5931.348145 26 5
4217200.000000 4022587.500000 -5666.902344 27 5
4217400.000000 4022587.500000 -5400.386719 28 5
4217600.000000 4022587.500000 -5131.727051 29 5
4217800.000000 4022587.500000 -4861.870117 30 5
4218000.000000 4022587.500000 -4589.769043 31 5
4218200.000000 4022587.500000 -4314.372070 32 5
4218400.000000 4022587.500000 -4037.590088 33 5
4218600.000000 4022587.500000 -3759.368896 34 5
4218800.000000 4022587.500000 -3479.339111 35 5
4219000.000000 4022587.500000 -3198.955078 36 5
4219200.000000 4022587.500000 -2916.928467 37 5
4219400.000000 4022587.500000 -2633.029053 38 5
4219600.000000 4022587.500000 -2346.927734 39 5
4219800.000000 4022587.500000 -2056.448242 40 5
4220000.000000 4022587.500000 -1758.534058 41 5
4220200.000000 4022587.500000 -1454.871460 42 5
4212000.000000 4022959.375000 -11347.224609 1 6
4212200.000000 4022959.375000 -11120.361328 2 6
4212400.000000 4022959.375000 -10893.500000 3 6
4212600.000000 4022959.375000 -10662.614258 4 6
4212800.000000 4022959.375000 -10428.736328 5 6
4213000.000000 4022959.375000 -10192.900391 6 6
4213200.000000 4022959.375000 -9955.040039 7 6
4213400.000000 4022959.375000 -9715.190430 8 6
4213600.000000 4022959.375000 -9473.355469 9 6
4213800.000000 4022959.375000 -9229.535156 10 6
4214000.000000 4022959.375000 -8984.731445 11 6
4214200.000000 4022959.375000 -8737.951172 12 6
4214400.000000 4022959.375000 -8490.166992 13 6
4214600.000000 4022959.375000 -8240.450195 14 6
4214800.000000 4022959.375000 -7989.775879 15 6
4215000.000000 4022959.375000 -7737.129883 16 6
4215200.000000 4022959.375000 -7482.597168 17 6
4215400.000000 4022959.375000 -7228.153809 18 6
4215600.000000 4022959.375000 -6972.789551 19 6
4215800.000000 4022959.375000 -6716.572266 20 6
4216000.000000 4022959.375000 -6458.559570 21 6
4216200.000000 4022959.375000 -6200.686523 22 6
4216400.000000 4022959.375000 -5940.995605 23 6
4216600.000000 4022959.375000 -5680.526367 24 6
4216800.000000 4022959.375000 -5419.187500 25 6
4217000.000000 4022959.375000 -5155.960449 26 6
4217200.000000 4022959.375000 -4890.791992 27 6
4217400.000000 4022959.375000 -4624.630371 28 6
4217600.000000 4022959.375000 -4356.438965 29 6
4217800.000000 4022959.375000 -4086.205811 30 6
4218000.000000 4022959.375000 -3813.952393 31 6
4218200.000000 4022959.375000 -3539.693115 32 6
4218400.000000 4022959.375000 -3263.337158 33 6
4218600.000000 4022959.375000 -2986.737549 34 6
4218800.000000 4022959.375000 -2708.307373 35 6
4219000.000000 4022959.375000 -2429.323730 36 6
4219200.000000 4022959.375000 -2148.140869 37 6
4219400.000000 4022959.375000 -1865.377686 38 6
4219600.000000 4022959.375000 -1578.783325 39 6
4219800.000000 4022959.375000 -1287.228760 40 6
4220000.000000 4022959.375000 -987.949280 41 6
4220200.000000 4022959.375000 -681.795471 42 6
4212000.000000 4023331.250000 -10583.669922 1 7
4212200.000000 4023331.250000 -10356.774414 2 7
4212400.000000 4023331.250000 -10129.914063 3 7
4212600.000000 4023331.250000 -9900.027344 4 7
4212800.000000 4023331.250000 -9666.184570 5 7
4213000.000000 4023331.250000 -9429.317383 6 7
4213200.000000 4023331.250000 -9191.458984 7 7
4213400.000000 4023331.250000 -8951.613281 8 7
4213600.000000 4023331.250000 -8708.783203 9 7
4213800.000000 4023331.250000 -8464.967773 10 7
4214000.000000 4023331.250000 -8220.169922 11 7
4214200.000000 4023331.250000 -7973.396973 12 7
4214400.000000 4023331.250000 -7724.656738 13 7
4214600.000000 4023331.250000 -7473.920898 14 7
4214800.000000 4023331.250000 -7222.265137 15 7
4215000.000000 4023331.250000 -6968.676270 16 7
4215200.000000 4023331.250000 -6714.140137 17 7
4215400.000000 4023331.250000 -6458.736328 18 7
4215600.000000 4023331.250000 -6202.422363 19 7
4215800.000000 4023331.250000 -5945.270020 20 7
4216000.000000 4023331.250000 -5687.338867 21 7
4216200.000000 4023331.250000 -5427.569336 22 7
4216400.000000 4023331.250000 -5167.004395 23 7
4216600.000000 4023331.250000 -4905.693359 24 7
4216800.000000 4023331.250000 -4643.551270 25 7
4217000.000000 4023331.250000 -4379.568359 26 7
4217200.000000 4023331.250000 -4114.711914 27 7
4217400.000000 4023331.250000 -3847.976807 28 7
4217600.000000 4023331.250000 -3579.375000 29 7
4217800.000000 4023331.250000 -3309.953613 30 7
4218000.000000 4023331.250000 -3038.826172 31 7
4218200.000000 4023331.250000 -2766.061523 32 7
4218400.000000 4023331.250000 -2491.661865 33 7
4218600.000000 4023331.250000 -2217.258301 34 7
4218800.000000 4023331.250000 -1941.055176 35 7
4219000.000000 4023331.250000 -1663.973511 36 7
4219200.000000 4023331.250000 -1383.997925 37 7
4219400.000000 4023331.250000 -1100.681274 38 7
4219600.000000 4023331.250000 -813.755615 39 7
4219800.000000 4023331.250000 -521.437439 40 7
4220000.000000 4023331.250000 -222.441803 41 7
4220200.000000 4023331.250000 84.137596 42 7
4212000.000000 4023703.125000 -9819.083008 1 8
4212200.000000 4023703.125000 -9592.221680 2 8
4212400.000000 4023703.125000 -9365.328125 3 8
4212600.000000 4023703.125000 -9135.476563 4 8
4212800.000000 4023703.125000 -8901.601563 5 8
4213000.000000 4023703.125000 -8664.736328 6 8
4213200.000000 4023703.125000 -8425.880859 7 8
4213400.000000 4023703.125000 -8186.070801 8 8
4213600.000000 4023703.125000 -7943.244141 9 8
4213800.000000 4023703.125000 -7698.401367 10 8
4214000.000000 4023703.125000 -7452.609863 11 8
4214200.000000 4023703.125000 -7205.844238 12 8
4214400.000000 4023703.125000 -6956.114746 13 8
4214600.000000 4023703.125000 -6705.423828 14 8
4214800.000000 4023703.125000 -6452.750977 15 8
4215000.000000 4023703.125000 -6199.182129 16 8
4215200.000000 4023703.125000 -5943.672852 17 8
4215400.000000 4023703.125000 -5687.303711 18 8
4215600.000000 4023703.125000 -5431.031738 19 8
4215800.000000 4023703.125000 -5172.968262 20 8
4216000.000000 4023703.125000 -4914.075195 21 8
4216200.000000 4023703.125000 -4653.395020 22 8
4216400.000000 4023703.125000 -4391.942383 23 8
4216600.000000 4023703.125000 -4129.743164 24 8
4216800.000000 4023703.125000 -3866.821777 25 8
4217000.000000 4023703.125000 -3603.079102 26 8
4217200.000000 4023703.125000 -3337.548584 27 8
4217400.000000 4023703.125000 -3071.277344 28 8
4217600.000000 4023703.125000 -2803.340332 29 8
4217800.000000 4023703.125000 -2534.856445 30 8
4218000.000000 4023703.125000 -2265.012695 31 8
4218200.000000 4023703.125000 -1993.078613 32 8
4218400.000000 4023703.125000 -1720.943237 33 8
4218600.000000 4023703.125000 -1449.093994 34 8
4218800.000000 4023703.125000 -1175.548828 35 8
4219000.000000 4023703.125000 -900.694702 36 8
4219200.000000 4023703.125000 -622.128052 37 8
4219400.000000 4023703.125000 -339.249817 38 8
4219600.000000 4023703.125000 -52.123802 39 8
4219800.000000 4023703.125000 239.362106 40 8
4220000.000000 4023703.125000 538.064453 41 8
4220200.000000 4023703.125000 842.552856 42 8
4212000.000000 4024075.000000 -9053.497070 1 9
4212200.000000 4024075.000000 -8826.636719 2 9
4212400.000000 4024075.000000 -8599.777344 3 9
4212600.000000 4024075.000000 -8369.892578 4 9
4212800.000000 4024075.000000 -8136.019043 5 9
4213000.000000 4024075.000000 -7899.188965 6 9
4213200.000000 4024075.000000 -7659.336914 7 9
4213400.000000 4024075.000000 -7418.497070 8 9
4213600.000000 4024075.000000 -7174.674805 9 9
4213800.000000 4024075.000000 -6929.869141 10 9
4214000.000000 4024075.000000 -6684.049805 11 9
4214200.000000 4024075.000000 -6436.291504 12 9
4214400.000000 4024075.000000 -6186.569824 13 9
4214600.000000 4024075.000000 -5934.890137 14 9
4214800.000000 4024075.000000 -5682.229492 15 9
4215000.000000 4024075.000000 -5427.677246 16 9
4215200.000000 4024075.000000 -5172.187988 17 9
4215400.000000 4024075.000000 -4915.844238 18 9
4215600.000000 4024075.000000 -4657.606445 19 9
4215800.000000 4024075.000000 -4398.551758 20 9
4216000.000000 4024075.000000 -4138.746094 21 9
4216200.000000 4024075.000000 -3878.132080 22 9
4216400.000000 4024075.000000 -3616.765869 23 9
4216600.000000 4024075.000000 -3353.683105 24 9
4216800.000000 4024075.000000 -3089.885010 25 9
4217000.000000 4024075.000000 -2825.386719 26 9
4217200.000000 4024075.000000 -2560.152344 27 9
4217400.000000 4024075.000000 -2294.319580 28 9
4217600.000000 4024075.000000 -2026.994141 29 9
4217800.000000 4024075.000000 -1758.435791 30 9
4218000.000000 4024075.000000 -1489.935791 31 9
4218200.000000 4024075.000000 -1219.799072 32 9
4218400.000000 4024075.000000 -949.908752 33 9
4218600.000000 4024075.000000 -680.712280 34 9
4218800.000000 4024075.000000 -409.820892 35 9
4219000.000000 4024075.000000 -137.109573 36 9
4219200.000000 4024075.000000 140.249817 37 9
4219400.000000 4024075.000000 424.061798 38 9
4219600.000000 4024075.000000 711.485596 39 9
4219800.000000 4024075.000000 1002.293152 40 9
4220000.000000 4024075.000000 1297.168945 41 9
4220200.000000 4024075.000000 1596.465942 42 9
4212000.000000 4024446.875000 -8286.945313 1 10
4212200.000000 4024446.875000 -8060.052246 2 10
4212400.000000 4024446.875000 -7833.193848 3 10
4212600.000000 4024446.875000 -7603.310547 4 10
4212800.000000 4024446.875000 -7369.470703 5 10
4213000.000000 4024446.875000 -7131.610352 6 10
4213200.000000 4024446.875000 -6891.760254 7 10
4213400.000000 4024446.875000 -6649.923828 8 10
4213600.000000 4024446.875000 -6406.104492 9 10
4213800.000000 4024446.875000 -6160.303223 10 10
4214000.000000 4024446.875000 -5913.522461 11 10
4214200.000000 4024446.875000 -5664.737305 12 10
4214400.000000 4024446.875000 -5415.021973 13 10
4214600.000000 4024446.875000 -5162.351074 14 10
4214800.000000 4024446.875000 -4909.699219 15 10
4215000.000000 4024446.875000 -4655.158203 16 10
4215200.000000 4024446.875000 -4398.683594 17 10
4215400.000000 4024446.875000 -4142.354980 18 10
4215600.000000 4024446.875000 -3884.136475 19 10
4215800.000000 4024446.875000 -3624.106934 20 10
4216000.000000 4024446.875000 -3364.331543 21 10
4216200.000000 4024446.875000 -3102.758301 22 10
4216400.000000 4024446.875000 -2840.445801 23 10
4216600.000000 4024446.875000 -2577.437012 24 10
4216800.000000 4024446.875000 -2312.745361 25 10
4217000.000000 4024446.875000 -2047.364014 26 10
4217200.000000 4024446.875000 -1782.349487 27 10
4217400.000000 4024446.875000 -1515.853882 28 10
4217600.000000 4024446.875000 -1249.064941 29 10
4217800.000000 4024446.875000 -981.237122 30 10
4218000.000000 4024446.875000 -713.785217 31 10
4218200.000000 4024446.875000 -446.103943 32 10
4218400.000000 4024446.875000 -178.096863 33 10
4218600.000000 4024446.875000 88.893982 34 10
4218800.000000 4024446.875000 357.596588 35 10
4219000.000000 4024446.875000 628.602783 36 10
4219200.000000 4024446.875000 905.478699 37 10
4219400.000000 4024446.875000 1190.183105 38 10
4219600.000000 4024446.875000 1479.312378 39 10
4219800.000000 4024446.875000 1767.386108 40 10
4220000.000000 4024446.875000 2056.290283 41 10
4220200.000000 4024446.875000 2346.976074 42 10
4212000.000000 4024818.750000 -7519.361816 1 11
4212200.000000 4024818.750000 -7292.468750 2 11
4212400.000000 4024818.750000 -7065.611328 3 11
4212600.000000 4024818.750000 -6835.728516 4 11
4212800.000000 4024818.750000 -6600.891113 5 11
4213000.000000 4024818.750000 -6362.033203 6 11
4213200.000000 4024818.750000 -6122.184570 7 11
4213400.000000 4024818.750000 -5879.351563 8 11
4213600.000000 4024818.750000 -5635.534180 9 11
4213800.000000 4024818.750000 -5389.735840 10 11
4214000.000000 4024818.750000 -5141.959473 11 11
4214200.000000 4024818.750000 -4893.178223 12 11
4214400.000000 4024818.750000 -4642.468262 13 11
4214600.000000 4024818.750000 -4389.802246 14 11
4214800.000000 4024818.750000 -4136.156738 15 11
4215000.000000 4024818.750000 -3880.621826 16 11
4215200.000000 4024818.750000 -3624.151855 17 11
4215400.000000 4024818.750000 -3366.829102 18 11
4215600.000000 4024818.750000 -3108.614502 19 11
4215800.000000 4024818.750000 -2848.588379 20 11
4216000.000000 4024818.750000 -2588.816406 21 11
4216200.000000 4024818.750000 -2326.249512 22 11
4216400.000000 4024818.750000 -2062.947510 23 11
4216600.000000 4024818.750000 -1799.956543 24 11
4216800.000000 4024818.750000 -1535.297729 25 11
4217000.000000 4024818.750000 -1269.971313 26 11
4217200.000000 4024818.750000 -1004.048218 27 11
4217400.000000 4024818.750000 -736.699768 28 11
4217600.000000 4024818.750000 -469.137238 29 11
4217800.000000 4024818.750000 -201.645767 30 11
4218000.000000 4024818.750000 64.305023 31 11
4218200.000000 4024818.750000 330.280457 32 11
4218400.000000 4024818.750000 596.233398 33 11
4218600.000000 4024818.750000 861.975220 34 11
4218800.000000 4024818.750000 1129.430664 35 11
4219000.000000 4024818.750000 1398.623047 36 11
4219200.000000 4024818.750000 1674.896240 37 11
4219400.000000 4024818.750000 1962.101318 38 11
4219600.000000 4024818.750000 2254.472168 39 11
4219800.000000 4024818.750000 2538.238281 40 11
4220000.000000 4024818.750000 2817.256592 41 11
4220200.000000 4024818.750000 3094.708496 42 11
4212000.000000 4025190.625000 -6750.778809 1 12
4212200.000000 4025190.625000 -6523.919434 2 12
4212400.000000 4025190.625000 -6297.029297 3 12
4212600.000000 4025190.625000 -6066.181641 4 12
4212800.000000 4025190.625000 -5830.312988 5 12
4213000.000000 4025190.625000 -5591.456055 6 12
4213200.000000 4025190.625000 -5350.609863 7 12
4213400.000000 4025190.625000 -5107.778320 8 12
4213600.000000 4025190.625000 -4863.962891 9 12
4213800.000000 4025190.625000 -4617.167480 10 12
4214000.000000 4025190.625000 -4369.393555 11 12
4214200.000000 4025190.625000 -4119.615723 12 12
4214400.000000 4025190.625000 -3867.908936 13 12
4214600.000000 4025190.625000 -3615.244141 14 12
4214800.000000 4025190.625000 -3360.599854 15 12
4215000.000000 4025190.625000 -3105.063232 16 12
4215200.000000 4025190.625000 -2848.588379 17 12
4215400.000000 4025190.625000 -2591.223389 18 12
4215600.000000 4025190.625000 -2333.028076 19 12
4215800.000000 4025190.625000 -2072.981689 20 12
4216000.000000 4025190.625000 -1812.149658 21 12
4216200.000000 4025190.625000 -1549.580444 22 12
4216400.000000 4025190.625000 -1285.236816 23 12
4216600.000000 4025190.625000 -1021.196106 24 12
4216800.000000 4025190.625000 -755.479065 25 12
4217000.000000 4025190.625000 -490.083496 26 12
4217200.000000 4025190.625000 -224.074173 27 12
4217400.000000 4025190.625000 43.392982 28 12
4217600.000000 4025190.625000 311.123169 29 12
4217800.000000 4025190.625000 578.874817 30 12
4218000.000000 4025190.625000 845.112244 31 12
4218200.000000 4025190.625000 1111.377808 32 12
4218400.000000 4025190.625000 1376.646484 33 12
4218600.000000 4025190.625000 1641.681641 34 12
4218800.000000 4025190.625000 1908.170044 35 12
4219000.000000 4025190.625000 2175.028564 36 12
4219200.000000 4025190.625000 2449.667725 37 12
4219400.000000 4025190.625000 2745.003418 38 12
4219600.000000 4025190.625000 3048.190430 39 12
4219800.000000 4025190.625000 3322.976563 40 12
4220000.000000 4025190.625000 3585.127197 41 12
4220200.000000 4025190.625000 3847.023682 42 12
4212000.000000 4025562.500000 -5981.196777 1 13
4212200.000000 4025562.500000 -5754.337891 2 13
4212400.000000 4025562.500000 -5526.449219 3 13
4212600.000000 4025562.500000 -5294.603027 4 13
4212800.000000 4025562.500000 -5058.735352 5 13
4213000.000000 4025562.500000 -4818.879883 6 13
4213200.000000 4025562.500000 -4578.034668 7 13
4213400.000000 4025562.500000 -4335.204102 8 13
4213600.000000 4025562.500000 -4090.390869 9 13
4213800.000000 4025562.500000 -3843.596924 10 13
4214000.000000 4025562.500000 -3594.824951 11 13
4214200.000000 4025562.500000 -3345.047607 12 13
4214400.000000 4025562.500000 -3093.340088 13 13
4214600.000000 4025562.500000 -2839.641357 14 13
4214800.000000 4025562.500000 -2585.026123 15 13
4215000.000000 4025562.500000 -2328.448730 16 13
4215200.000000 4025562.500000 -2071.992920 17 13
4215400.000000 4025562.500000 -1814.606812 18 13
4215600.000000 4025562.500000 -1555.382446 19 13
4215800.000000 4025562.500000 -1295.292969 20 13
4216000.000000 4025562.500000 -1033.404297 21 13
4216200.000000 4025562.500000 -770.727783 22 13
4216400.000000 4025562.500000 -506.290955 23 13
4216600.000000 4025562.500000 -242.165756 24 13
4216800.000000 4025562.500000 23.700209 25 13
4217000.000000 4025562.500000 290.284943 26 13
4217200.000000 4025562.500000 556.554321 27 13
4217400.000000 4025562.500000 824.435913 28 13
4217600.000000 4025562.500000 1092.726563 29 13
4217800.000000 4025562.500000 1361.244019 30 13
4218000.000000 4025562.500000 1628.594604 31 13
4218200.000000 4025562.500000 1895.347656 32 13
4218400.000000 4025562.500000 2162.434570 33 13
4218600.000000 4025562.500000 2429.359863 34 13
4218800.000000 4025562.500000 2694.981201 35 13
4219000.000000 4025562.500000 2958.764160 36 13
4219200.000000 4025562.500000 3229.106445 37 13
4219400.000000 4025562.500000 3538.835205 38 13
4219600.000000 4025562.500000 3869.186768 39 13
4219800.000000 4025562.500000 4124.288574 40 13
4220000.000000 4025562.500000 4361.535156 41 13
4220200.000000 4025562.500000 4607.475098 42 13
4212000.000000 4025934.375000 -5209.616699 1 14
4212200.000000 4025934.375000 -4981.759277 2 14
4212400.000000 4025934.375000 -4752.872559 3 14
4212600.000000 4025934.375000 -4521.026855 4 14
4212800.000000 4025934.375000 -4285.159180 5 14
4213000.000000 4025934.375000 -4045.304199 6 14
4213200.000000 4025934.375000 -3804.459473 7 14
4213400.000000 4025934.375000 -3560.630371 8 14
4213600.000000 4025934.375000 -3314.818848 9 14
4213800.000000 4025934.375000 -3068.024902 10 14
4214000.000000 4025934.375000 -2819.219482 11 14
4214200.000000 4025934.375000 -2569.474365 12 14
4214400.000000 4025934.375000 -2317.764404 13 14
4214600.000000 4025934.375000 -2064.060547 14 14
4214800.000000 4025934.375000 -1808.438232 15 14
4215000.000000 4025934.375000 -1551.846924 16 14
4215200.000000 4025934.375000 -1295.369507 17 14
4215400.000000 4025934.375000 -1036.953247 18 14
4215600.000000 4025934.375000 -777.651550 19 14
4215800.000000 4025934.375000 -517.534241 20 14
4216000.000000 4025934.375000 -255.563736 21 14
4216200.000000 4025934.375000 8.216430 22 14
4216400.000000 4025934.375000 272.786011 23 14
4216600.000000 4025934.375000 537.114624 24 14
4216800.000000 4025934.375000 803.198547 25 14
4217000.000000 4025934.375000 1070.065186 26 14
4217200.000000 4025934.375000 1337.721313 27 14
4217400.000000 4025934.375000 1606.140625 28 14
4217600.000000 4025934.375000 1875.275635 29 14
4217800.000000 4025934.375000 2144.014404 30 14
4218000.000000 4025934.375000 2413.107910 31 14
4218200.000000 4025934.375000 2682.267578 32 14
4218400.000000 4025934.375000 2952.446533 33 14
4218600.000000 4025934.375000 3222.766357 34 14
4218800.000000 4025934.375000 3492.333008 35 14
4219000.000000 4025934.375000 3756.516357 36 14
4219200.000000 4025934.375000 4024.502686 37 14
4219400.000000 4025934.375000 4351.478516 38 14
4219600.000000 4025934.375000 4712.511719 39 14
4219800.000000 4025934.375000 4938.533691 40 14
4220000.000000 4025934.375000 5144.377930 41 14
4220200.000000 4025934.375000 5379.761230 42 14
4212000.000000 4026306.250000 -4436.039063 1 15
4212200.000000 4026306.250000 -4207.183105 2 15
4212400.000000 4026306.250000 -3978.295898 3 15
4212600.000000 4026306.250000 -3746.450439 4 15
4212800.000000 4026306.250000 -3509.584229 5 15
4213000.000000 4026306.250000 -3269.729248 6 15
4213200.000000 4026306.250000 -3028.884521 7 15
4213400.000000 4026306.250000 -2785.055420 8 15
4213600.000000 4026306.250000 -2539.243652 9 15
4213800.000000 4026306.250000 -2291.450439 10 15
4214000.000000 4026306.250000 -2042.643677 11 15
4214200.000000 4026306.250000 -1791.897217 12 15
4214400.000000 4026306.250000 -1540.182617 13 15
4214600.000000 4026306.250000 -1286.471436 14 15
4214800.000000 4026306.250000 -1031.836060 15 15
4215000.000000 4026306.250000 -775.226318 16 15
4215200.000000 4026306.250000 -517.722168 17 15
4215400.000000 4026306.250000 -258.267639 18 15
4215600.000000 4026306.250000 1.088684 19 15
4215800.000000 4026306.250000 261.281219 20 15
4216000.000000 4026306.250000 523.352173 21 15
4216200.000000 4026306.250000 787.260559 22 15
4216400.000000 4026306.250000 1051.992065 23 15
4216600.000000 4026306.250000 1317.526001 24 15
4216800.000000 4026306.250000 1583.872681 25 15
4217000.000000 4026306.250000 1851.075195 26 15
4217200.000000 4026306.250000 2119.186035 27 15
4217400.000000 4026306.250000 2388.264404 28 15
4217600.000000 4026306.250000 2658.365234 29 15
4217800.000000 4026306.250000 2928.500000 30 15
4218000.000000 4026306.250000 3199.607666 31 15
4218200.000000 4026306.250000 3471.635010 32 15
4218400.000000 4026306.250000 3745.548340 33 15
4218600.000000 4026306.250000 4021.827148 34 15
4218800.000000 4026306.250000 4300.855957 35 15
4219000.000000 4026306.250000 4582.667969 36 15
4219200.000000 4026306.250000 4872.562012 37 15
4219400.000000 4026306.250000 5199.361328 38 15
4219600.000000 4026306.250000 5539.111816 39 15
4219800.000000 4026306.250000 5747.129395 40 15
4220000.000000 4026306.250000 5943.981445 41 15
4220200.000000 4026306.250000 6172.033691 42 15
4212000.000000 4026678.125000 -3660.463379 1 16
4212200.000000 4026678.125000 -3431.607178 2 16
4212400.000000 4026678.125000 -3201.721436 3 16
4212600.000000 4026678.125000 -2969.842285 4 16
4212800.000000 4026678.125000 -2733.009277 5 16
4213000.000000 4026678.125000 -2493.154053 6 16
4213200.000000 4026678.125000 -2251.310059 7 16
4213400.000000 4026678.125000 -2007.480225 8 16
4213600.000000 4026678.125000 -1761.667480 9 16
4213800.000000 4026678.125000 -1513.839478 10 16
4214000.000000 4026678.125000 -1264.064941 11 16
4214200.000000 4026678.125000 -1013.314636 12 16
4214400.000000 4026678.125000 -761.560486 13 16
4214600.000000 4026678.125000 -507.873016 14 16
4214800.000000 4026678.125000 -253.223267 15 16
4215000.000000 4026678.125000 3.408463 16 16
4215200.000000 4026678.125000 260.978424 17 16
4215400.000000 4026678.125000 520.445068 18 16
4215600.000000 4026678.125000 779.863403 19 16
4215800.000000 4026678.125000 1040.173950 20 16
4216000.000000 4026678.125000 1302.323975 21 16
4216200.000000 4026678.125000 1566.374878 22 16
4216400.000000 4026678.125000 1831.284790 23 16
4216600.000000 4026678.125000 2097.042969 24 16
4216800.000000 4026678.125000 2363.668457 25 16
4217000.000000 4026678.125000 2631.216797 26 16
4217200.000000 4026678.125000 2899.777588 27 16
4217400.000000 4026678.125000 3169.482666 28 16
4217600.000000 4026678.125000 3440.477539 29 16
4217800.000000 4026678.125000 3712.919189 30 16
4218000.000000 4026678.125000 3986.858154 31 16
4218200.000000 4026678.125000 4261.423828 32 16
4218400.000000 4026678.125000 4538.681152 33 16
4218600.000000 4026678.125000 4819.986816 34 16
4218800.000000 4026678.125000 5103.468262 35 16
4219000.000000 4026678.125000 5392.550781 36 16
4219200.000000 4026678.125000 5690.934082 37 16
4219400.000000 4026678.125000 5998.958008 38 16
4219600.000000 4026678.125000 6303.774902 39 16
4219800.000000 4026678.125000 6532.867676 40 16
4220000.000000 4026678.125000 6749.317871 41 16
4220200.000000 4026678.125000 6978.389160 42 16
4212000.000000 4027050.000000 -2882.889893 1 17
4212200.000000 4027050.000000 -2654.000244 2 17
4212400.000000 4027050.000000 -2423.148682 3 17
4212600.000000 4027050.000000 -2191.269043 4 17
4212800.000000 4027050.000000 -1954.402222 5 17
4213000.000000 4027050.000000 -1714.579712 6 17
4213200.000000 4027050.000000 -1472.734985 7 17
4213400.000000 4027050.000000 -1228.870728 8 17
4213600.000000 4027050.000000 -983.056335 9 17
4213800.000000 4027050.000000 -735.259399 10 17
4214000.000000 4027050.000000 -485.481628 11 17
4214200.000000 4027050.000000 -234.726440 12 17
4214400.000000 4027050.000000 18.033859 13 17
4214600.000000 4027050.000000 271.732269 14 17
4214800.000000 4027050.000000 526.431274 15 17
4215000.000000 4027050.000000 783.053528 16 17
4215200.000000 4027050.000000 1040.658081 17 17
4215400.000000 4027050.000000 1300.205811 18 17
4215600.000000 4027050.000000 1559.655762 19 17
4215800.000000 4027050.000000 1820.054321 20 17
4216000.000000 4027050.000000 2082.353516 21 17
4216200.000000 4027050.000000 2346.550049 22 17
4216400.000000 4027050.000000 2610.608154 23 17
4216600.000000 4027050.000000 2876.588135 24 17
4216800.000000 4027050.000000 3143.481201 25 17
4217000.000000 4027050.000000 3411.346436 26 17
4217200.000000 4027050.000000 3680.293945 27 17
4217400.000000 4027050.000000 3950.500488 28 17
4217600.000000 4027050.000000 4223.203125 29 17
4217800.000000 4027050.000000 4497.538086 30 17
4218000.000000 4027050.000000 4772.782715 31 17
4218200.000000 4027050.000000 5050.161133 32 17
4218400.000000 4027050.000000 5329.768555 33 17
4218600.000000 4027050.000000 5612.587402 34 17
4218800.000000 4027050.000000 5898.091309 35 17
4219000.000000 4027050.000000 6187.176270 36 17
4219200.000000 4027050.000000 6481.051270 37 17
4219400.000000 4027050.000000 6775.795898 38 17
4219600.000000 4027050.000000 7060.274902 39 17
4219800.000000 4027050.000000 7309.879883 40 17
4220000.000000 4027050.000000 7546.690430 41 17
4220200.000000 4027050.000000 7784.056641 42 17
4212000.000000 4027421.875000 -2102.319824 1 18
4212200.000000 4027421.875000 -1872.431152 2 18
4212400.000000 4027421.875000 -1642.544434 3 18
4212600.000000 4027421.875000 -1409.698975 4 18
4212800.000000 4027421.875000 -1172.831299 5 18
4213000.000000 4027421.875000 -932.974548 6 18
4213200.000000 4027421.875000 -691.128662 7 18
4213400.000000 4027421.875000 -447.296173 8 18
4213600.000000 4027421.875000 -201.479660 9 18
4213800.000000 4027421.875000 46.320107 10 18
4214000.000000 4027421.875000 295.102936 11 18
4214200.000000 4027421.875000 545.896973 12 18
4214400.000000 4027421.875000 798.632080 13 18
4214600.000000 4027421.875000 1052.375366 14 18
4214800.000000 4027421.875000 1307.057495 15 18
4215000.000000 4027421.875000 1563.737183 16 18
4215200.000000 4027421.875000 1821.343018 17 18
4215400.000000 4027421.875000 2079.939209 18 18
4215600.000000 4027421.875000 2339.452637 19 18
4215800.000000 4027421.875000 2599.936768 20 18
4216000.000000 4027421.875000 2862.347900 21 18
4216200.000000 4027421.875000 3126.684326 22 18
4216400.000000 4027421.875000 3390.946289 23 18
4216600.000000 4027421.875000 3657.131104 24 18
4216800.000000 4027421.875000 3924.262451 25 18
4217000.000000 4027421.875000 4192.394531 26 18
4217200.000000 4027421.875000 4461.638184 27 18
4217400.000000 4027421.875000 4732.183105 28 18
4217600.000000 4027421.875000 5005.252930 29 18
4217800.000000 4027421.875000 5279.086426 30 18
4218000.000000 4027421.875000 5554.982422 31 18
4218200.000000 4027421.875000 5834.253906 32 18
4218400.000000 4027421.875000 6115.878906 33 18
4218600.000000 4027421.875000 6399.743164 34 18
4218800.000000 4027421.875000 6685.727051 35 18
4219000.000000 4027421.875000 6972.534668 36 18
4219200.000000 4027421.875000 7261.388184 37 18
4219400.000000 4027421.875000 7547.784668 38 18
4219600.000000 4027421.875000 7824.406250 39 18
4219800.000000 4027421.875000 8083.404297 40 18
4220000.000000 4027421.875000 8334.017578 41 18
4220200.000000 4027421.875000 8582.795898 42 18
4212000.000000 4027793.750000 -1317.721436 1 19
4212200.000000 4027793.750000 -1089.862793 2 19
4212400.000000 4027793.750000 -859.975464 3 19
4212600.000000 4027793.750000 -627.095947 4 19
4212800.000000 4027793.750000 -391.259308 5 19
4213000.000000 4027793.750000 -151.401367 6 19
4213200.000000 4027793.750000 90.446060 7 19
4213400.000000 4027793.750000 334.280487 8 19
4213600.000000 4027793.750000 580.099548 9 19
4213800.000000 4027793.750000 827.935913 10 19
4214000.000000 4027793.750000 1076.723145 11 19
4214200.000000 4027793.750000 1327.489868 12 19
4214400.000000 4027793.750000 1580.233398 13 19
4214600.000000 4027793.750000 1833.988281 14 19
4214800.000000 4027793.750000 2088.686768 15 19
4215000.000000 4027793.750000 2344.390625 16 19
4215200.000000 4027793.750000 2602.029053 17 19
4215400.000000 4027793.750000 2861.668213 18 19
4215600.000000 4027793.750000 3121.273682 19 19
4215800.000000 4027793.750000 3381.836426 20 19
4216000.000000 4027793.750000 3644.316162 21 19
4216200.000000 4027793.750000 3907.780273 22 19
4216400.000000 4027793.750000 4172.193848 23 19
4216600.000000 4027793.750000 4438.556641 24 19
4216800.000000 4027793.750000 4705.886719 25 19
4217000.000000 4027793.750000 4974.226074 26 19
4217200.000000 4027793.750000 5242.669922 27 19
4217400.000000 4027793.750000 5513.386230 28 19
4217600.000000 4027793.750000 5785.587402 29 19
4217800.000000 4027793.750000 6059.499512 30 19
4218000.000000 4027793.750000 6335.419922 31 19
4218200.000000 4027793.750000 6615.648926 32 19
4218400.000000 4027793.750000 6898.133301 33 19
4218600.000000 4027793.750000 7181.687500 34 19
4218800.000000 4027793.750000 7466.788574 35 19
4219000.000000 4027793.750000 7750.714844 36 19
4219200.000000 4027793.750000 8035.341797 37 19
4219400.000000 4027793.750000 8316.688477 38 19
4219600.000000 4027793.750000 8589.661133 39 19
4219800.000000 4027793.750000 8852.900391 40 19
4220000.000000 4027793.750000 9112.195313 41 19
4220200.000000 4027793.750000 9371.854492 42 19
4212000.000000 4028165.625000 -532.157166 1 20
4212200.000000 4028165.625000 -304.264587 2 20
4212400.000000 4028165.625000 -75.408493 3 20
4212600.000000 4028165.625000 156.473312 4 20
4212800.000000 4028165.625000 392.344421 5 20
4213000.000000 4028165.625000 632.203857 6 20
4213200.000000 4028165.625000 874.053101 7 20
4213400.000000 4028165.625000 1117.889893 8 20
4213600.000000 4028165.625000 1363.711914 9 20
4213800.000000 4028165.625000 1610.520020 10 20
4214000.000000 4028165.625000 1859.311890 11 20
4214200.000000 4028165.625000 2110.084961 12 20
4214400.000000 4028165.625000 2361.871582 13 20
4214600.000000 4028165.625000 2615.604492 14 20
4214800.000000 4028165.625000 2870.351318 15 20
4215000.000000 4028165.625000 3126.042969 16 20
4215200.000000 4028165.625000 3383.743896 17 20
4215400.000000 4028165.625000 3643.388916 18 20
4215600.000000 4028165.625000 3903.045898 19 20
4215800.000000 4028165.625000 4163.676758 20 20
4216000.000000 4028165.625000 4426.277344 21 20
4216200.000000 4028165.625000 4689.815918 22 20
4216400.000000 4028165.625000 4954.357422 23 20
4216600.000000 4028165.625000 5220.866211 24 20
4216800.000000 4028165.625000 5487.354004 25 20
4217000.000000 4028165.625000 5754.844727 26 20
4217200.000000 4028165.625000 6023.405273 27 20
4217400.000000 4028165.625000 6294.163574 28 20
4217600.000000 4028165.625000 6565.290527 29 20
4217800.000000 4028165.625000 6839.004395 30 20
4218000.000000 4028165.625000 7115.488281 31 20
4218200.000000 4028165.625000 7394.997070 32 20
4218400.000000 4028165.625000 7676.514160 33 20
4218600.000000 4028165.625000 7958.793945 34 20
4218800.000000 4028165.625000 8242.226563 35 20
4219000.000000 4028165.625000 8524.000000 36 20
4219200.000000 4028165.625000 8804.945313 37 20
4219400.000000 4028165.625000 9082.764648 38 20
4219600.000000 4028165.625000 9354.690430 39 20
4219800.000000 4028165.625000 9621.650391 40 20
4220000.000000 4028165.625000 9887.543945 41 20
4220200.000000 4028165.625000 10154.010742 42 20
4212000.000000 4028537.500000 254.439316 1 21
4212200.000000 4028537.500000 482.299377 2 21
4212400.000000 4028537.500000 710.190979 3 21
4212600.000000 4028537.500000 942.040588 4 21
4212800.000000 4028537.500000 1177.913086 5 21
4213000.000000 4028537.500000 1417.774292 6 21
4213200.000000 4028537.500000 1659.625610 7 21
4213400.000000 4028537.500000 1902.466187 8 21
4213600.000000 4028537.500000 2147.292725 9 21
4213800.000000 4028537.500000 2394.104980 10 21
4214000.000000 4028537.500000 2642.935059 11 21
4214200.000000 4028537.500000 2892.715820 12 21
4214400.000000 4028537.500000 3144.477295 13 21
4214600.000000 4028537.500000 3398.254395 14 21
4214800.000000 4028537.500000 3651.982910 15 21
4215000.000000 4028537.500000 3907.726807 16 21
4215200.000000 4028537.500000 4165.419922 17 21
4215400.000000 4028537.500000 4425.131348 18 21
4215600.000000 4028537.500000 4684.831543 19 21
4215800.000000 4028537.500000 4945.486328 20 21
4216000.000000 4028537.500000 5208.159668 21 21
4216200.000000 4028537.500000 5471.819824 22 21
4216400.000000 4028537.500000 5736.465332 23 21
4216600.000000 4028537.500000 6003.091797 24 21
4216800.000000 4028537.500000 6269.701172 25 21
4217000.000000 4028537.500000 6537.270020 26 21
4217200.000000 4028537.500000 6804.899902 27 21
4217400.000000 4028537.500000 7074.670410 28 21
4217600.000000 4028537.500000 7345.629883 29 21
4217800.000000 4028537.500000 7618.944336 30 21
4218000.000000 4028537.500000 7894.795898 31 21
4218200.000000 4028537.500000 8173.342285 32 21
4218400.000000 4028537.500000 8453.584961 33 21
4218600.000000 4028537.500000 8734.208008 34 21
4218800.000000 4028537.500000 9015.742188 35 21
4219000.000000 4028537.500000 9295.431641 36 21
4219200.000000 4028537.500000 9574.330078 37 21
4219400.000000 4028537.500000 9849.637695 38 21
4219600.000000 4028537.500000 10121.263672 39 21
4219800.000000 4028537.500000 10390.802734 40 21
4220000.000000 4028537.500000 10660.492188 41 21
4220200.000000 4028537.500000 10931.890625 42 21
4212000.000000 4028909.375000 1043.033325 1 22
4212200.000000 4028909.375000 1269.895630 2 22
4212400.000000 4028909.375000 1497.754883 3 22
4212600.000000 4028909.375000 1729.639038 4 22
4212800.000000 4028909.375000 1965.513062 5 22
4213000.000000 4028909.375000 2204.377441 6 22
4213200.000000 4028909.375000 2446.230957 7 22
4213400.000000 4028909.375000 2689.074463 8 22
4213600.000000 4028909.375000 2933.904541 9 22
4213800.000000 4028909.375000 3180.720947 10 22
4214000.000000 4028909.375000 3428.524170 11 22
4214200.000000 4028909.375000 3678.311279 12 22
4214400.000000 4028909.375000 3929.115479 13 22
4214600.000000 4028909.375000 4182.869141 14 22
4214800.000000 4028909.375000 4436.643555 15 22
4215000.000000 4028909.375000 4692.370117 16 22
4215200.000000 4028909.375000 4950.118164 17 22
4215400.000000 4028909.375000 5208.824707 18 22
4215600.000000 4028909.375000 5468.560547 19 22
4215800.000000 4028909.375000 5728.295410 20 22
4216000.000000 4028909.375000 5989.994141 21 22
4216200.000000 4028909.375000 6253.725098 22 22
4216400.000000 4028909.375000 6518.452637 23 22
4216600.000000 4028909.375000 6784.171875 24 22
4216800.000000 4028909.375000 7050.876953 25 22
4217000.000000 4028909.375000 7318.563477 26 22
4217200.000000 4028909.375000 7586.241211 27 22
4217400.000000 4028909.375000 7855.942871 28 22
4217600.000000 4028909.375000 8126.731445 29 22
4217800.000000 4028909.375000 8399.685547 30 22
4218000.000000 4028909.375000 8673.919922 31 22
4218200.000000 4028909.375000 8951.555664 32 22
4218400.000000 4028909.375000 9230.496094 33 22
4218600.000000 4028909.375000 9509.578125 34 22
4218800.000000 4028909.375000 9789.431641 35 22
4219000.000000 4028909.375000 10067.371094 36 22
4219200.000000 4028909.375000 10343.806641 37 22
4219400.000000 4028909.375000 10618.247070 38 22
4219600.000000 4028909.375000 10890.043945 39 22
4219800.000000 4028909.375000 11161.059570 40 22
4220000.000000 4028909.375000 11433.972656 41 22
4220200.000000 4028909.375000 11708.663086 42 22
4212000.000000 4029281.250000 1832.592896 1 23
4212200.000000 4029281.250000 2059.489258 2 23
4212400.000000 4029281.250000 2287.349609 3 23
4212600.000000 4029281.250000 2519.235107 4 23
4212800.000000 4029281.250000 2754.078857 5 23
4213000.000000 4029281.250000 2992.945313 6 23
4213200.000000 4029281.250000 3234.801270 7 23
4213400.000000 4029281.250000 3477.647705 8 23
4213600.000000 4029281.250000 3722.481445 9 23
4213800.000000 4029281.250000 3968.303467 10 23
4214000.000000 4029281.250000 4216.145020 11 23
4214200.000000 4029281.250000 4464.939941 12 23
4214400.000000 4029281.250000 4715.718262 13 23
4214600.000000 4029281.250000 4968.515625 14 23
4214800.000000 4029281.250000 5222.267578 15 23
4215000.000000 4029281.250000 5478.041504 16 23
4215200.000000 4029281.250000 5734.774414 17 23
4215400.000000 4029281.250000 5993.536133 18 23
4215600.000000 4029281.250000 6252.266602 19 23
4215800.000000 4029281.250000 6512.035156 20 23
4216000.000000 4029281.250000 6773.810547 21 23
4216200.000000 4029281.250000 7036.593750 22 23
4216400.000000 4029281.250000 7301.348633 23 23
4216600.000000 4029281.250000 7566.137207 24 23
4216800.000000 4029281.250000 7832.913086 25 23
4217000.000000 4029281.250000 8099.665527 26 23
4217200.000000 4029281.250000 8367.381836 27 23
4217400.000000 4029281.250000 8637.061523 28 23
4217600.000000 4029281.250000 8907.723633 29 23
4217800.000000 4029281.250000 9180.403320 30 23
4218000.000000 4029281.250000 9453.187500 31 23
4218200.000000 4029281.250000 9729.042969 32 23
4218400.000000 4029281.250000 10006.971680 33 23
4218600.000000 4029281.250000 10285.875000 34 23
4218800.000000 4029281.250000 10563.393555 35 23
4219000.000000 4029281.250000 10840.118164 36 23
4219200.000000 4029281.250000 11115.682617 37 23
4219400.000000 4029281.250000 11389.729492 38 23
4219600.000000 4029281.250000 11661.966797 39 23
4219800.000000 4029281.250000 11935.308594 40 23
4220000.000000 4029281.250000 12210.112305 41 23
4220200.000000 4029281.250000 12486.769531 42 23
4212000.000000 4029653.125000 2624.183105 1 24
4212200.000000 4029653.125000 2851.047363 2 24
4212400.000000 4029653.125000 3078.942139 3 24
4212600.000000 4029653.125000 3309.797119 4 24
4212800.000000 4029653.125000 3544.675781 5 24
4213000.000000 4029653.125000 3783.544189 6 24
4213200.000000 4029653.125000 4024.404053 7 24
4213400.000000 4029653.125000 4267.253418 8 24
4213600.000000 4029653.125000 4512.091309 9 24
4213800.000000 4029653.125000 4757.917480 10 24
4214000.000000 4029653.125000 5004.732422 11 24
4214200.000000 4029653.125000 5253.533203 12 24
4214400.000000 4029653.125000 5503.353516 13 24
4214600.000000 4029653.125000 5755.126953 14 24
4214800.000000 4029653.125000 6008.921875 15 24
4215000.000000 4029653.125000 6263.675293 16 24
4215200.000000 4029653.125000 6520.454590 17 24
4215400.000000 4029653.125000 6778.200195 18 24
4215600.000000 4029653.125000 7036.982910 19 24
4215800.000000 4029653.125000 7296.741699 20 24
4216000.000000 4029653.125000 7557.547363 21 24
4216200.000000 4029653.125000 7820.365234 22 24
4216400.000000 4029653.125000 8084.195313 23 24
4216600.000000 4029653.125000 8349.030273 24 24
4216800.000000 4029653.125000 8614.857422 25 24
4217000.000000 4029653.125000 8881.625977 26 24
4217200.000000 4029653.125000 9149.378906 27 24
4217400.000000 4029653.125000 9418.059570 28 24
4217600.000000 4029653.125000 9688.691406 29 24
4217800.000000 4029653.125000 9960.209961 30 24
4218000.000000 4029653.125000 10232.656250 31 24
4218200.000000 4029653.125000 10508.023438 32 24
4218400.000000 4029653.125000 10785.284180 33 24
4218600.000000 4029653.125000 11063.391602 34 24
4218800.000000 4029653.125000 11340.084961 35 24
4219000.000000 4029653.125000 11616.136719 36 24
4219200.000000 4029653.125000 11891.252930 37 24
4219400.000000 4029653.125000 12165.322266 38 24
4219600.000000 4029653.125000 12438.199219 39 24
4219800.000000 4029653.125000 12711.735352 40 24
4220000.000000 4029653.125000 12989.207031 41 24
4220200.000000 4029653.125000 13267.623047 42 24
4212000.000000 4030025.000000 3417.770752 1 25
4212200.000000 4030025.000000 3644.635986 2 25
4212400.000000 4030025.000000 3872.531982 3 25
4212600.000000 4030025.000000 4103.388184 4 25
4212800.000000 4030025.000000 4338.269043 5 25
4213000.000000 4030025.000000 4576.140625 6 25
4213200.000000 4030025.000000 4816.004395 7 25
4213400.000000 4030025.000000 5057.858398 8 25
4213600.000000 4030025.000000 5302.699707 9 25
4213800.000000 4030025.000000 5548.530762 10 25
4214000.000000 4030025.000000 5795.350586 11 25
4214200.000000 4030025.000000 6043.158691 12 25
4214400.000000 4030025.000000 6292.952637 13 25
4214600.000000 4030025.000000 6543.768066 14 25
4214800.000000 4030025.000000 6796.540039 15 25
4215000.000000 4030025.000000 7051.335449 16 25
4215200.000000 4030025.000000 7307.093750 17 25
4215400.000000 4030025.000000 7564.884277 18 25
4215600.000000 4030025.000000 7822.647949 19 25
4215800.000000 4030025.000000 8081.457031 20 25
4216000.000000 4030025.000000 8342.281250 21 25
4216200.000000 4030025.000000 8604.088867 22 25
4216400.000000 4030025.000000 8867.944336 23 25
4216600.000000 4030025.000000 9132.808594 24 25
4216800.000000 4030025.000000 9397.671875 25 25
4217000.000000 4030025.000000 9664.509766 26 25
4217200.000000 4030025.000000 9931.298828 27 25
4217400.000000 4030025.000000 10199.999023 28 25
4217600.000000 4030025.000000 10469.585938 29 25
4217800.000000 4030025.000000 10741.041016 30 25
4218000.000000 4030025.000000 11013.341797 31 25
4218200.000000 4030025.000000 11288.455078 32 25
4218400.000000 4030025.000000 11565.389648 33 25
4218600.000000 4030025.000000 11842.038086 34 25
4218800.000000 4030025.000000 12119.310547 35 25
4219000.000000 4030025.000000 12396.063477 36 25
4219200.000000 4030025.000000 12671.119141 37 25
4219400.000000 4030025.000000 12944.496094 38 25
4219600.000000 4030025.000000 13218.033203 39 25
4219800.000000 4030025.000000 13493.707031 40 25
4220000.000000 4030025.000000 13772.648438 41 25
4220200.000000 4030025.000000 14053.810547 42 25
4212000.000000 4030396.875000 4212.356934 1 26
4212200.000000 4030396.875000 4439.223145 2 26
4212400.000000 4030396.875000 4667.087402 3 26
4212600.000000 4030396.875000 4897.978516 4 26
4212800.000000 4030396.875000 5132.860352 5 26
4213000.000000 4030396.875000 5370.701172 6 26
4213200.000000 4030396.875000 5610.567871 7 26
4213400.000000 4030396.875000 5851.426270 8 26
4213600.000000 4030396.875000 6095.272461 9 26
4213800.000000 4030396.875000 6340.108887 10 26
4214000.000000 4030396.875000 6586.967285 11 26
4214200.000000 4030396.875000 6834.781250 12 26
4214400.000000 4030396.875000 7083.583008 13 26
4214600.000000 4030396.875000 7334.372559 14 26
4214800.000000 4030396.875000 7586.186035 15 26
4215000.000000 4030396.875000 7839.958008 16 26
4215200.000000 4030396.875000 8094.759277 17 26
4215400.000000 4030396.875000 8351.526367 18 26
4215600.000000 4030396.875000 8609.332031 19 26
4215800.000000 4030396.875000 8867.118164 20 26
4216000.000000 4030396.875000 9127.953125 21 26
4216200.000000 4030396.875000 9389.805664 22 26
4216400.000000 4030396.875000 9653.675781 23 26
4216600.000000 4030396.875000 9917.525391 24 26
4216800.000000 4030396.875000 10182.410156 25 26
4217000.000000 4030396.875000 10448.276367 26 26
4217200.000000 4030396.875000 10715.095703 27 26
4217400.000000 4030396.875000 10983.827148 28 26
4217600.000000 4030396.875000 11253.437500 29 26
4217800.000000 4030396.875000 11524.898438 30 26
4218000.000000 4030396.875000 11797.205078 31 26
4218200.000000 4030396.875000 12072.242188 32 26
4218400.000000 4030396.875000 12348.024414 33 26
4218600.000000 4030396.875000 12624.531250 34 26
4218800.000000 4030396.875000 12901.725586 35 26
4219000.000000 4030396.875000 13178.442383 36 26
4219200.000000 4030396.875000 13453.712891 37 26
4219400.000000 4030396.875000 13728.477539 38 26
4219600.000000 4030396.875000 14004.732422 39 26
4219800.000000 4030396.875000 14282.486328 40 26
4220000.000000 4030396.875000 14563.757813 41 26
4220200.000000 4030396.875000 14846.501953 42 26
4212000.000000 4030768.750000 5008.907227 1 27
4212200.000000 4030768.750000 5235.807617 2 27
4212400.000000 4030768.750000 5463.672852 3 27
4212600.000000 4030768.750000 5694.565430 4 27
4212800.000000 4030768.750000 5928.450684 5 27
4213000.000000 4030768.750000 6166.293457 6 27
4213200.000000 4030768.750000 6406.162598 7 27
4213400.000000 4030768.750000 6647.023926 8 27
4213600.000000 4030768.750000 6889.875488 9 27
4213800.000000 4030768.750000 7134.716309 10 27
4214000.000000 4030768.750000 7380.547363 11 27
4214200.000000 4030768.750000 7627.401367 12 27
4214400.000000 4030768.750000 7876.208984 13 27
4214600.000000 4030768.750000 8126.006836 14 27
4214800.000000 4030768.750000 8376.794922 15 27
4215000.000000 4030768.750000 8629.608398 16 27
4215200.000000 4030768.750000 8884.382813 17 27
4215400.000000 4030768.750000 9140.191406 18 27
4215600.000000 4030768.750000 9396.970703 19 27
4215800.000000 4030768.750000 9654.794922 20 27
4216000.000000 4030768.750000 9914.634766 21 27
4216200.000000 4030768.750000 10176.458984 22 27
4216400.000000 4030768.750000 10439.334961 23 27
4216600.000000 4030768.750000 10703.225586 24 27
4216800.000000 4030768.750000 10968.121094 25 27
4217000.000000 4030768.750000 11234.004883 26 27
4217200.000000 4030768.750000 11501.848633 27 27
4217400.000000 4030768.750000 11770.615234 28 27
4217600.000000 4030768.750000 12040.271484 29 27
4217800.000000 4030768.750000 12311.783203 30 27
4218000.000000 4030768.750000 12584.110352 31 27
4218200.000000 4030768.750000 12858.200195 32 27
4218400.000000 4030768.750000 13134.066406 33 27
4218600.000000 4030768.750000 13411.634766 34 27
4218800.000000 4030768.750000 13688.904297 35 27
4219000.000000 4030768.750000 13965.856445 36 27
4219200.000000 4030768.750000 14242.431641 37 27
4219400.000000 4030768.750000 14518.730469 38 27
4219600.000000 4030768.750000 14796.690430 39 27
4219800.000000 4030768.750000 15077.382813 40 27
4220000.000000 4030768.750000 15360.790039 41 27
4220200.000000 4030768.750000 15645.012695 42 27
4212000.000000 4031140.625000 5806.489258 1 28
4212200.000000 4031140.625000 6033.391113 2 28
4212400.000000 4031140.625000 6261.257324 3 28
4212600.000000 4031140.625000 6492.151367 4 28
4212800.000000 4031140.625000 6726.004883 5 28
4213000.000000 4031140.625000 6963.883301 6 28
4213200.000000 4031140.625000 7202.755859 7 28
4213400.000000 4031140.625000 7443.620117 8 28
4213600.000000 4031140.625000 7686.475098 9 28
4213800.000000 4031140.625000 7930.321289 10 28
4214000.000000 4031140.625000 8176.157227 11 28
4214200.000000 4031140.625000 8421.984375 12 28
4214400.000000 4031140.625000 8669.832031 13 28
4214600.000000 4031140.625000 8919.635742 14 28
4214800.000000 4031140.625000 9169.432617 15 28
4215000.000000 4031140.625000 9422.251953 16 28
4215200.000000 4031140.625000 9676.033203 17 28
4215400.000000 4031140.625000 9931.845703 18 28
4215600.000000 4031140.625000 10187.629883 19 28
4215800.000000 4031140.625000 10445.457031 20 28
4216000.000000 4031140.625000 10704.264648 21 28
4216200.000000 4031140.625000 10965.122070 22 28
4216400.000000 4031140.625000 11226.998047 23 28
4216600.000000 4031140.625000 11490.888672 24 28
4216800.000000 4031140.625000 11755.754883 25 28
4217000.000000 4031140.625000 12021.647461 26 28
4217200.000000 4031140.625000 12289.510742 27 28
4217400.000000 4031140.625000 12558.312500 28 28
4217600.000000 4031140.625000 12829.019531 29 28
4217800.000000 4031140.625000 13100.605469 30 28
4218000.000000 4031140.625000 13374.059570 31 28
4218200.000000 4031140.625000 13648.269531 32 28
4218400.000000 4031140.625000 13924.250000 33 28
4218600.000000 4031140.625000 14202.034180 34 28
4218800.000000 4031140.625000 14479.537109 35 28
4219000.000000 4031140.625000 14757.769531 36 28
4219200.000000 4031140.625000 15035.791992 37 28
4219400.000000 4031140.625000 15314.582031 38 28
4219600.000000 4031140.625000 15594.238281 39 28
4219800.000000 4031140.625000 15876.725586 40 28
4220000.000000 4031140.625000 16163.168945 41 28
4220200.000000 4031140.625000 16449.621094 42 28
4212000.000000 4031512.500000 6604.070801 1 29
4212200.000000 4031512.500000 6832.971191 2 29
4212400.000000 4031512.500000 7060.838867 3 29
4212600.000000 4031512.500000 7291.733887 4 29
4212800.000000 4031512.500000 7525.622559 5 29
4213000.000000 4031512.500000 7762.470703 6 29
4213200.000000 4031512.500000 8001.345703 7 29
4213400.000000 4031512.500000 8242.212891 8 29
4213600.000000 4031512.500000 8484.072266 9 29
4213800.000000 4031512.500000 8727.922852 10 29
4214000.000000 4031512.500000 8972.764648 11 29
4214200.000000 4031512.500000 9218.595703 12 29
4214400.000000 4031512.500000 9465.451172 13 29
4214600.000000 4031512.500000 9714.261719 14 29
4214800.000000 4031512.500000 9964.063477 15 29
4215000.000000 4031512.500000 10215.856445 16 29
4215200.000000 4031512.500000 10469.676758 17 29
4215400.000000 4031512.500000 10724.460938 18 29
4215600.000000 4031512.500000 10980.281250 19 29
4215800.000000 4031512.500000 11237.076172 20 29
4216000.000000 4031512.500000 11495.915039 21 29
4216200.000000 4031512.500000 11755.770508 22 29
4216400.000000 4031512.500000 12017.608398 23 29
4216600.000000 4031512.500000 12281.494141 24 29
4216800.000000 4031512.500000 12546.391602 25 29
4217000.000000 4031512.500000 12812.288086 26 29
4217200.000000 4031512.500000 13080.166016 27 29
4217400.000000 4031512.500000 13348.998047 28 29
4217600.000000 4031512.500000 13619.756836 29 29
4217800.000000 4031512.500000 13892.416992 30 29
4218000.000000 4031512.500000 14165.944336 31 29
4218200.000000 4031512.500000 14441.330078 32 29
4218400.000000 4031512.500000 14717.494141 33 29
4218600.000000 4031512.500000 14995.472656 34 29
4218800.000000 4031512.500000 15273.290039 35 29
4219000.000000 4031512.500000 15551.875000 36 29
4219200.000000 4031512.500000 15831.326172 37 29
4219400.000000 4031512.500000 16112.625000 38 29
4219600.000000 4031512.500000 16395.882813 39 29
4219800.000000 4031512.500000 16680.123047 40 29
4220000.000000 4031512.500000 16968.378906 41 29
4220200.000000 4031512.500000 17256.832031 42 29
4212000.000000 4031884.375000 7403.649902 1 30
4212200.000000 4031884.375000 7633.550293 2 30
4212400.000000 4031884.375000 7864.415039 3 30
4212600.000000 4031884.375000 8095.311523 4 30
4212800.000000 4031884.375000 8328.203125 5 30
4213000.000000 4031884.375000 8564.054688 6 30
4213200.000000 4031884.375000 8802.931641 7 30
4213400.000000 4031884.375000 9043.801758 8 30
4213600.000000 4031884.375000 9285.664063 9 30
4213800.000000 4031884.375000 9528.519531 10 30
4214000.000000 4031884.375000 9773.365234 11 30
4214200.000000 4031884.375000 10018.203125 12 30
4214400.000000 4031884.375000 10264.064453 13 30
4214600.000000 4031884.375000 10511.880859 14 30
4214800.000000 4031884.375000 10761.688477 15 30
4215000.000000 4031884.375000 11012.488281 16 30
4215200.000000 4031884.375000 11265.313477 17 30
4215400.000000 4031884.375000 11520.100586 18 30
4215600.000000 4031884.375000 11775.922852 19 30
4215800.000000 4031884.375000 12031.717773 20 30
4216000.000000 4031884.375000 12289.555664 21 30
4216200.000000 4031884.375000 12549.372070 22 30
4216400.000000 4031884.375000 12811.236328 23 30
4216600.000000 4031884.375000 13075.116211 24 30
4216800.000000 4031884.375000 13340.008789 25 30
4217000.000000 4031884.375000 13605.905273 26 30
4217200.000000 4031884.375000 13873.791992 27 30
4217400.000000 4031884.375000 14142.649414 28 30
4217600.000000 4031884.375000 14414.453125 29 30
4217800.000000 4031884.375000 14687.184570 30 30
4218000.000000 4031884.375000 14961.813477 31 30
4218200.000000 4031884.375000 15237.342773 32 30
4218400.000000 4031884.375000 15514.691406 33 30
4218600.000000 4031884.375000 15792.900391 34 30
4218800.000000 4031884.375000 16071.000977 35 30
4219000.000000 4031884.375000 16350.929688 36 30
4219200.000000 4031884.375000 16631.787109 37 30
4219400.000000 4031884.375000 16914.554688 38 30
4219600.000000 4031884.375000 17199.347656 39 30
4219800.000000 4031884.375000 17486.201172 40 30
4220000.000000 4031884.375000 17776.150391 41 30
4220200.000000 4031884.375000 18066.378906 42 30
4212000.000000 4032256.250000 8203.229492 1 31
4212200.000000 4032256.250000 8436.126953 2 31
4212400.000000 4032256.250000 8668.024414 3 31
4212600.000000 4032256.250000 8900.886719 4 31
4212800.000000 4032256.250000 9133.780273 5 31
4213000.000000 4032256.250000 9370.666016 6 31
4213200.000000 4032256.250000 9609.544922 7 31
4213400.000000 4032256.250000 9850.417969 8 31
4213600.000000 4032256.250000 10091.251953 9 31
4213800.000000 4032256.250000 10333.111328 10 31
4214000.000000 4032256.250000 10576.961914 11 31
4214200.000000 4032256.250000 10821.837891 12 31
4214400.000000 4032256.250000 11067.669922 13 31
4214600.000000 4032256.250000 11314.493164 14 31
4214800.000000 4032256.250000 11563.306641 15 31
4215000.000000 4032256.250000 11813.111328 16 31
4215200.000000 4032256.250000 12064.941406 17 31
4215400.000000 4032256.250000 12318.732422 18 31
4215600.000000 4032256.250000 12573.555664 19 31
4215800.000000 4032256.250000 12829.349609 20 31
4216000.000000 4032256.250000 13087.183594 21 31
4216200.000000 4032256.250000 13346.993164 22 31
4216400.000000 4032256.250000 13608.849609 23 31
4216600.000000 4032256.250000 13872.721680 24 31
4216800.000000 4032256.250000 14137.608398 25 31
4217000.000000 4032256.250000 14403.502930 26 31
4217200.000000 4032256.250000 14671.396484 27 31
4217400.000000 4032256.250000 14940.275391 28 31
4217600.000000 4032256.250000 15212.119141 29 31
4217800.000000 4032256.250000 15485.913086 30 31
4218000.000000 4032256.250000 15760.635742 31 31
4218200.000000 4032256.250000 16037.293945 32 31
4218400.000000 4032256.250000 16315.814453 33 31
4218600.000000 4032256.250000 16594.236328 34 31
4218800.000000 4032256.250000 16873.597656 35 31
4219000.000000 4032256.250000 17154.839844 36 31
4219200.000000 4032256.250000 17437.062500 37 31
4219400.000000 4032256.250000 17721.242188 38 31
4219600.000000 4032256.250000 18007.500000 39 31
4219800.000000 4032256.250000 18295.867188 40 31
4220000.000000 4032256.250000 18586.414063 41 31
4220200.000000 4032256.250000 18877.230469 42 31
4212000.000000 4032628.125000 9002.808594 1 32
4212200.000000 4032628.125000 9237.705078 2 32
4212400.000000 4032628.125000 9473.598633 3 32
4212600.000000 4032628.125000 9707.495117 4 32
4212800.000000 4032628.125000 9943.352539 5 32
4213000.000000 4032628.125000 10180.240234 6 32
4213200.000000 4032628.125000 10419.122070 7 32
4213400.000000 4032628.125000 10658.999023 8 32
4213600.000000 4032628.125000 10899.869141 9 32
4213800.000000 4032628.125000 11141.732422 10 32
4214000.000000 4032628.125000 11384.587891 11 32
4214200.000000 4032628.125000 11628.435547 12 32
4214400.000000 4032628.125000 11873.273438 13 32
4214600.000000 4032628.125000 12120.100586 14 32
4214800.000000 4032628.125000 12368.917969 15 32
4215000.000000 4032628.125000 12617.760742 16 32
4215200.000000 4032628.125000 12868.561523 17 32
4215400.000000 4032628.125000 13121.354492 18 32
4215600.000000 4032628.125000 13375.179688 19 32
4215800.000000 4032628.125000 13630.970703 20 32
4216000.000000 4032628.125000 13888.798828 21 32
4216200.000000 4032628.125000 14148.602539 22 32
4216400.000000 4032628.125000 14410.450195 23 32
4216600.000000 4032628.125000 14674.313477 24 32
4216800.000000 4032628.125000 14938.194336 25 32
4217000.000000 4032628.125000 15204.087891 26 32
4217200.000000 4032628.125000 15471.988281 27 32
4217400.000000 4032628.125000 15741.884766 28 32
4217600.000000 4032628.125000 16013.765625 29 32
4217800.000000 4032628.125000 16287.617188 30 32
4218000.000000 4032628.125000 16563.421875 31 32
4218200.000000 4032628.125000 16841.197266 32 32
4218400.000000 4032628.125000 17119.871094 33 32
4218600.000000 4032628.125000 17399.517578 34 32
4218800.000000 4032628.125000 17680.072266 35 32
4219000.000000 4032628.125000 17962.623047 36 32
4219200.000000 4032628.125000 18246.134766 37 32
4219400.000000 4032628.125000 18531.708984 38 32
4219600.000000 4032628.125000 18819.369141 39 32
4219800.000000 4032628.125000 19108.146484 40 32
4220000.000000 4032628.125000 19399.158203 41 32
4220200.000000 4032628.125000 19689.435547 42 32
4212000.000000 4033000.000000 9800.390625 1 33
4212200.000000 4033000.000000 10040.282227 2 33
4212400.000000 4033000.000000 10278.174805 3 33
4212600.000000 4033000.000000 10516.067383 4 33
4212800.000000 4033000.000000 10752.959961 5 33
4213000.000000 4033000.000000 10990.848633 6 33
4213200.000000 4033000.000000 11229.700195 7 33
4213400.000000 4033000.000000 11469.580078 8 33
4213600.000000 4033000.000000 11710.453125 9 33
4213800.000000 4033000.000000 11952.320313 10 33
4214000.000000 4033000.000000 12194.181641 11 33
4214200.000000 4033000.000000 12437.034180 12 33
4214400.000000 4033000.000000 12680.876953 13 33
4214600.000000 4033000.000000 12926.709961 14 33
4214800.000000 4033000.000000 13174.564453 15 33
4215000.000000 4033000.000000 13423.376953 16 33
4215200.000000 4033000.000000 13673.179688 17 33
4215400.000000 4033000.000000 13924.974609 18 33
4215600.000000 4033000.000000 14178.796875 19 33
4215800.000000 4033000.000000 14434.583008 20 33
4216000.000000 4033000.000000 14692.405273 21 33
4216200.000000 4033000.000000 14952.233398 22 33
4216400.000000 4033000.000000 15214.039063 23 33
4216600.000000 4033000.000000 15475.895508 24 33
4216800.000000 4033000.000000 15739.771484 25 33
4217000.000000 4033000.000000 16005.664063 26 33
4217200.000000 4033000.000000 16274.571289 27 33
4217400.000000 4033000.000000 16544.488281 28 33
4217600.000000 4033000.000000 16817.406250 29 33
4217800.000000 4033000.000000 17091.314453 30 33
4218000.000000 4033000.000000 17368.232422 31 33
4218200.000000 4033000.000000 17646.082031 32 33
4218400.000000 4033000.000000 17925.894531 33 33
4218600.000000 4033000.000000 18205.707031 34 33
4218800.000000 4033000.000000 18487.466797 35 33
4219000.000000 4033000.000000 18771.257813 36 33
4219200.000000 4033000.000000 19057.080078 37 33
4219400.000000 4033000.000000 19342.943359 38 33
4219600.000000 4033000.000000 19630.964844 39 33
4219800.000000 4033000.000000 19920.171875 40 33
4220000.000000 4033000.000000 20211.599609 41 33
4220200.000000 4033000.000000 20501.238281 42 33
