# Type: scattered data
# Version: 6
# Description: No description
# Format: free
# Field: 1 x
# Field: 2 y
# Field: 3 z undefined
# Field: 4 column
# Field: 5 row
# Projection: Local Rectangular
# Units: undefined
# End:
# Information from grid:
# Grid_size: 27 x 75
# Grid_space: 4226119.791444,4227419.791444,4024850.529014,4028550.529014
# Scattered data: Not_available
# Z_field: z
# Vertical_faults: Not_available
# History: No history
# Z_units: undefined
4226419.791444 4024900.529014 3804.979004 7 2
4226469.791444 4024900.529014 3735.079834 8 2
4226519.791444 4024900.529014 3662.875000 9 2
4226569.791444 4024900.529014 3587.488037 10 2
4226619.791444 4024900.529014 3507.691895 11 2
4226669.791444 4024900.529014 3431.636475 12 2
4226719.791444 4024900.529014 3362.566162 13 2
4226769.791444 4024900.529014 3299.822754 14 2
4226819.791444 4024900.529014 3242.187988 15 2
4226369.791444 4024950.529014 3866.482178 6 3
4226419.791444 4024950.529014 3798.620850 7 3
4226469.791444 4024950.529014 3727.526855 8 3
4226519.791444 4024950.529014 3653.754883 9 3
4226569.791444 4024950.529014 3577.963867 10 3
4226619.791444 4024950.529014 3491.439209 11 3
4226669.791444 4024950.529014 3412.160156 12 3
4226719.791444 4024950.529014 3342.998291 13 3
4226769.791444 4024950.529014 3280.355469 14 3
4226819.791444 4024950.529014 3222.939453 15 3
4226869.791444 4024950.529014 3169.759521 16 3
4226369.791444 4025000.529014 3861.066650 6 4
4226419.791444 4025000.529014 3792.416748 7 4
4226469.791444 4025000.529014 3719.234131 8 4
4226519.791444 4025000.529014 3641.915039 9 4
4226569.791444 4025000.529014 3563.962158 10 4
4226619.791444 4025000.529014 3473.537598 11 4
4226669.791444 4025000.529014 3392.607910 12 4
4226719.791444 4025000.529014 3323.992920 13 4
4226769.791444 4025000.529014 3260.583008 14 4
4226819.791444 4025000.529014 3202.950928 15 4
4226869.791444 4025000.529014 3151.140381 16 4
4226919.791444 4025000.529014 3101.706543 17 4
4226319.791444 4025050.529014 3920.311768 5 5
4226369.791444 4025050.529014 3854.750000 6 5
4226419.791444 4025050.529014 3785.521973 7 5
4226469.791444 4025050.529014 3710.365479 8 5
4226519.791444 4025050.529014 3629.364990 9 5
4226569.791444 4025050.529014 3546.787354 10 5
4226619.791444 4025050.529014 3460.852295 11 5
4226669.791444 4025050.529014 3384.685547 12 5
4226719.791444 4025050.529014 3310.025146 13 5
4226769.791444 4025050.529014 3241.950684 14 5
4226819.791444 4025050.529014 3183.171631 15 5
4226869.791444 4025050.529014 3133.692139 16 5
4226919.791444 4025050.529014 3086.977783 17 5
4226319.791444 4025100.529014 3912.715332 5 6
4226369.791444 4025100.529014 3846.351807 6 6
4226419.791444 4025100.529014 3776.397217 7 6
4226469.791444 4025100.529014 3698.608398 8 6
4226519.791444 4025100.529014 3615.304443 9 6
4226569.791444 4025100.529014 3532.140869 10 6
4226619.791444 4025100.529014 3449.587158 11 6
4226669.791444 4025100.529014 3371.963867 12 6
4226719.791444 4025100.529014 3292.887939 13 6
4226769.791444 4025100.529014 3220.198486 14 6
4226819.791444 4025100.529014 3163.555420 15 6
4226869.791444 4025100.529014 3118.764893 16 6
4226919.791444 4025100.529014 3075.666504 17 6
4226969.791444 4025100.529014 3027.972900 18 6
4226269.791444 4025150.529014 3970.009277 4 7
4226319.791444 4025150.529014 3902.521484 5 7
4226369.791444 4025150.529014 3833.602783 6 7
4226419.791444 4025150.529014 3763.983643 7 7
4226469.791444 4025150.529014 3687.062500 8 7
4226519.791444 4025150.529014 3599.046631 9 7
4226569.791444 4025150.529014 3513.698242 10 7
4226619.791444 4025150.529014 3432.730225 11 7
4226669.791444 4025150.529014 3354.406738 12 7
4226719.791444 4025150.529014 3276.852783 13 7
4226769.791444 4025150.529014 3205.832031 14 7
4226819.791444 4025150.529014 3152.155762 15 7
4226869.791444 4025150.529014 3109.506592 16 7
4226919.791444 4025150.529014 3068.930908 17 7
4226969.791444 4025150.529014 3021.776611 18 7
4226269.791444 4025200.529014 3961.136963 4 8
4226319.791444 4025200.529014 3888.131592 5 8
4226369.791444 4025200.529014 3812.412842 6 8
4226419.791444 4025200.529014 3734.467285 7 8
4226469.791444 4025200.529014 3656.206543 8 8
4226519.791444 4025200.529014 3568.996338 9 8
4226569.791444 4025200.529014 3484.109131 10 8
4226619.791444 4025200.529014 3406.671631 11 8
4226669.791444 4025200.529014 3332.249023 12 8
4226719.791444 4025200.529014 3268.768799 13 8
4226769.791444 4025200.529014 3203.580566 14 8
4226819.791444 4025200.529014 3146.758789 15 8
4226869.791444 4025200.529014 3104.383545 16 8
4226919.791444 4025200.529014 3065.682617 17 8
4226969.791444 4025200.529014 3018.154053 18 8
4227019.791444 4025200.529014 2958.302002 19 8
4226269.791444 4025250.529014 3952.621338 4 9
4226319.791444 4025250.529014 3872.636230 5 9
4226369.791444 4025250.529014 3788.632324 6 9
4226419.791444 4025250.529014 3703.473145 7 9
4226469.791444 4025250.529014 3615.044922 8 9
4226519.791444 4025250.529014 3527.546387 9 9
4226569.791444 4025250.529014 3441.953857 10 9
4226619.791444 4025250.529014 3362.809570 11 9
4226669.791444 4025250.529014 3294.233643 12 9
4226719.791444 4025250.529014 3237.666504 13 9
4226769.791444 4025250.529014 3189.210449 14 9
4226819.791444 4025250.529014 3137.223145 15 9
4226869.791444 4025250.529014 3101.146729 16 9
4226919.791444 4025250.529014 3064.549316 17 9
4226969.791444 4025250.529014 3015.401611 18 9
4227019.791444 4025250.529014 2950.810303 19 9
4226219.791444 4025300.529014 4028.227295 3 10
4226269.791444 4025300.529014 3946.965332 4 10
4226319.791444 4025300.529014 3859.919189 5 10
4226369.791444 4025300.529014 3765.316895 6 10
4226419.791444 4025300.529014 3668.006592 7 10
4226469.791444 4025300.529014 3574.633789 8 10
4226519.791444 4025300.529014 3483.240723 9 10
4226569.791444 4025300.529014 3394.862061 10 10
4226619.791444 4025300.529014 3313.624756 11 10
4226669.791444 4025300.529014 3251.687256 12 10
4226719.791444 4025300.529014 3206.737305 13 10
4226769.791444 4025300.529014 3171.943848 14 10
4226819.791444 4025300.529014 3139.489502 15 10
4226869.791444 4025300.529014 3105.598633 16 10
4226919.791444 4025300.529014 3066.550781 17 10
4226969.791444 4025300.529014 3011.439941 18 10
4227019.791444 4025300.529014 2939.632080 19 10
4227069.791444 4025300.529014 2855.778809 20 10
4226219.791444 4025350.529014 4034.776123 3 11
4226269.791444 4025350.529014 3947.659668 4 11
4226319.791444 4025350.529014 3855.434082 5 11
4226369.791444 4025350.529014 3756.191895 6 11
4226419.791444 4025350.529014 3645.618408 7 11
4226469.791444 4025350.529014 3540.864990 8 11
4226519.791444 4025350.529014 3440.004639 9 11
4226569.791444 4025350.529014 3347.662109 10 11
4226619.791444 4025350.529014 3263.595215 11 11
4226669.791444 4025350.529014 3209.304199 12 11
4226719.791444 4025350.529014 3176.275635 13 11
4226769.791444 4025350.529014 3152.440430 14 11
4226819.791444 4025350.529014 3132.986816 15 11
4226869.791444 4025350.529014 3108.752197 16 11
4226919.791444 4025350.529014 3066.666992 17 11
4226969.791444 4025350.529014 3001.262939 18 11
4227019.791444 4025350.529014 2920.873047 19 11
4227069.791444 4025350.529014 2829.712402 20 11
4226219.791444 4025400.529014 4047.702148 3 12
4226269.791444 4025400.529014 3954.652100 4 12
4226319.791444 4025400.529014 3857.022461 5 12
4226369.791444 4025400.529014 3753.877930 6 12
4226419.791444 4025400.529014 3639.737305 7 12
4226469.791444 4025400.529014 3514.415527 8 12
4226519.791444 4025400.529014 3405.098877 9 12
4226569.791444 4025400.529014 3312.157959 10 12
4226619.791444 4025400.529014 3231.040527 11 12
4226669.791444 4025400.529014 3175.250000 12 12
4226719.791444 4025400.529014 3147.184326 13 12
4226769.791444 4025400.529014 3127.381836 14 12
4226819.791444 4025400.529014 3114.142090 15 12
4226869.791444 4025400.529014 3096.890381 16 12
4226919.791444 4025400.529014 3050.793701 17 12
4226969.791444 4025400.529014 2979.069336 18 12
4227019.791444 4025400.529014 2891.350098 19 12
4227069.791444 4025400.529014 2794.056396 20 12
4227119.791444 4025400.529014 2691.519287 21 12
4226169.791444 4025450.529014 4162.374512 2 13
4226219.791444 4025450.529014 4066.469238 3 13
4226269.791444 4025450.529014 3966.099854 4 13
4226319.791444 4025450.529014 3861.378906 5 13
4226369.791444 4025450.529014 3751.469727 6 13
4226419.791444 4025450.529014 3628.293213 7 13
4226469.791444 4025450.529014 3489.202637 8 13
4226519.791444 4025450.529014 3379.715332 9 13
4226569.791444 4025450.529014 3283.045410 10 13
4226619.791444 4025450.529014 3203.968262 11 13
4226669.791444 4025450.529014 3147.626465 12 13
4226719.791444 4025450.529014 3115.371094 13 13
4226769.791444 4025450.529014 3095.483643 14 13
4226819.791444 4025450.529014 3083.409424 15 13
4226869.791444 4025450.529014 3065.039795 16 13
4226919.791444 4025450.529014 3019.801758 17 13
4226969.791444 4025450.529014 2944.919678 18 13
4227019.791444 4025450.529014 2851.423828 19 13
4227069.791444 4025450.529014 2749.072266 20 13
4227119.791444 4025450.529014 2642.601318 21 13
4226169.791444 4025500.529014 4194.322754 2 14
4226219.791444 4025500.529014 4090.623535 3 14
4226269.791444 4025500.529014 3982.575684 4 14
4226319.791444 4025500.529014 3869.015625 5 14
4226369.791444 4025500.529014 3741.665283 6 14
4226419.791444 4025500.529014 3604.072998 7 14
4226469.791444 4025500.529014 3472.704590 8 14
4226519.791444 4025500.529014 3360.011230 9 14
4226569.791444 4025500.529014 3263.300537 10 14
4226619.791444 4025500.529014 3186.973389 11 14
4226669.791444 4025500.529014 3125.968506 12 14
4226719.791444 4025500.529014 3085.151367 13 14
4226769.791444 4025500.529014 3058.710938 14 14
4226819.791444 4025500.529014 3048.401123 15 14
4226869.791444 4025500.529014 3037.130615 16 14
4226919.791444 4025500.529014 2984.368652 17 14
4226969.791444 4025500.529014 2902.151855 18 14
4227019.791444 4025500.529014 2802.598389 19 14
4227069.791444 4025500.529014 2695.889893 20 14
4227119.791444 4025500.529014 2586.620605 21 14
4227169.791444 4025500.529014 2477.158936 22 14
4226169.791444 4025550.529014 4231.132813 2 15
4226219.791444 4025550.529014 4120.456055 3 15
4226269.791444 4025550.529014 4004.867920 4 15
4226319.791444 4025550.529014 3885.969238 5 15
4226369.791444 4025550.529014 3754.898193 6 15
4226419.791444 4025550.529014 3608.683350 7 15
4226469.791444 4025550.529014 3471.957275 8 15
4226519.791444 4025550.529014 3353.495850 9 15
4226569.791444 4025550.529014 3258.209229 10 15
4226619.791444 4025550.529014 3178.264893 11 15
4226669.791444 4025550.529014 3111.459229 12 15
4226719.791444 4025550.529014 3057.550049 13 15
4226769.791444 4025550.529014 3014.188232 14 15
4226819.791444 4025550.529014 2995.967773 15 15
4226869.791444 4025550.529014 2980.923828 16 15
4226919.791444 4025550.529014 2936.922852 17 15
4226969.791444 4025550.529014 2847.942383 18 15
4227019.791444 4025550.529014 2744.332275 19 15
4227069.791444 4025550.529014 2635.534424 20 15
4227119.791444 4025550.529014 2525.300781 21 15
4227169.791444 4025550.529014 2415.611084 22 15
4226169.791444 4025600.529014 4271.794434 2 16
4226219.791444 4025600.529014 4156.451172 3 16
4226269.791444 4025600.529014 4035.620117 4 16
4226319.791444 4025600.529014 3910.109619 5 16
4226369.791444 4025600.529014 3777.186035 6 16
4226419.791444 4025600.529014 3628.647705 7 16
4226469.791444 4025600.529014 3477.164063 8 16
4226519.791444 4025600.529014 3354.550537 9 16
4226569.791444 4025600.529014 3258.351074 10 16
4226619.791444 4025600.529014 3178.989746 11 16
4226669.791444 4025600.529014 3107.559814 12 16
4226719.791444 4025600.529014 3039.418213 13 16
4226769.791444 4025600.529014 2976.726563 14 16
4226819.791444 4025600.529014 2936.194824 15 16
4226869.791444 4025600.529014 2914.941650 16 16
4226919.791444 4025600.529014 2867.429688 17 16
4226969.791444 4025600.529014 2778.882813 18 16
4227019.791444 4025600.529014 2678.087646 19 16
4227069.791444 4025600.529014 2570.916016 20 16
4227119.791444 4025600.529014 2461.698730 21 16
4227169.791444 4025600.529014 2353.110107 22 16
4227219.791444 4025600.529014 2246.577637 23 16
4226169.791444 4025650.529014 4314.591309 2 17
4226219.791444 4025650.529014 4197.615723 3 17
4226269.791444 4025650.529014 4077.146240 4 17
4226319.791444 4025650.529014 3942.432861 5 17
4226369.791444 4025650.529014 3796.600586 6 17
4226419.791444 4025650.529014 3644.390137 7 17
4226469.791444 4025650.529014 3504.353516 8 17
4226519.791444 4025650.529014 3376.312988 9 17
4226569.791444 4025650.529014 3285.562744 10 17
4226619.791444 4025650.529014 3206.248291 11 17
4226669.791444 4025650.529014 3125.565918 12 17
4226719.791444 4025650.529014 3039.376465 13 17
4226769.791444 4025650.529014 2954.520264 14 17
4226819.791444 4025650.529014 2896.022217 15 17
4226869.791444 4025650.529014 2850.172607 16 17
4226919.791444 4025650.529014 2797.348877 17 17
4226969.791444 4025650.529014 2714.900391 18 17
4227019.791444 4025650.529014 2614.370850 19 17
4227069.791444 4025650.529014 2508.915039 20 17
4227119.791444 4025650.529014 2400.719482 21 17
4227169.791444 4025650.529014 2293.540771 22 17
4227219.791444 4025650.529014 2189.195068 23 17
4226169.791444 4025700.529014 4354.922363 2 18
4226219.791444 4025700.529014 4236.849609 3 18
4226269.791444 4025700.529014 4117.626953 4 18
4226319.791444 4025700.529014 3983.659912 5 18
4226369.791444 4025700.529014 3831.480469 6 18
4226419.791444 4025700.529014 3681.963623 7 18
4226469.791444 4025700.529014 3546.696289 8 18
4226519.791444 4025700.529014 3425.955811 9 18
4226569.791444 4025700.529014 3338.919922 10 18
4226619.791444 4025700.529014 3261.831299 11 18
4226669.791444 4025700.529014 3169.895264 12 18
4226719.791444 4025700.529014 3066.217773 13 18
4226769.791444 4025700.529014 2966.149414 14 18
4226819.791444 4025700.529014 2880.311035 15 18
4226869.791444 4025700.529014 2813.175049 16 18
4226919.791444 4025700.529014 2741.808838 17 18
4226969.791444 4025700.529014 2653.380127 18 18
4227019.791444 4025700.529014 2561.627686 19 18
4227069.791444 4025700.529014 2455.413818 20 18
4227119.791444 4025700.529014 2347.029053 21 18
4227169.791444 4025700.529014 2240.718506 22 18
4227219.791444 4025700.529014 2138.863037 23 18
4226169.791444 4025750.529014 4388.494629 2 19
4226219.791444 4025750.529014 4269.028320 3 19
4226269.791444 4025750.529014 4150.907715 4 19
4226319.791444 4025750.529014 4022.291260 5 19
4226369.791444 4025750.529014 3886.893555 6 19
4226419.791444 4025750.529014 3746.470215 7 19
4226469.791444 4025750.529014 3604.193115 8 19
4226519.791444 4025750.529014 3483.716064 9 19
4226569.791444 4025750.529014 3402.681152 10 19
4226619.791444 4025750.529014 3331.328613 11 19
4226669.791444 4025750.529014 3229.441406 12 19
4226719.791444 4025750.529014 3111.722412 13 19
4226769.791444 4025750.529014 2995.852783 14 19
4226819.791444 4025750.529014 2893.016602 15 19
4226869.791444 4025750.529014 2797.627930 16 19
4226919.791444 4025750.529014 2705.208008 17 19
4226969.791444 4025750.529014 2614.646240 18 19
4227019.791444 4025750.529014 2525.818359 19 19
4227069.791444 4025750.529014 2414.163574 20 19
4227119.791444 4025750.529014 2302.327148 21 19
4227169.791444 4025750.529014 2197.327148 22 19
4227219.791444 4025750.529014 2098.511475 23 19
4227269.791444 4025750.529014 2003.518066 24 19
4226169.791444 4025800.529014 4413.308594 2 20
4226219.791444 4025800.529014 4291.636719 3 20
4226269.791444 4025800.529014 4170.808594 4 20
4226319.791444 4025800.529014 4053.808838 5 20
4226369.791444 4025800.529014 3940.574707 6 20
4226419.791444 4025800.529014 3811.117188 7 20
4226469.791444 4025800.529014 3673.134521 8 20
4226519.791444 4025800.529014 3553.319580 9 20
4226569.791444 4025800.529014 3464.306152 10 20
4226619.791444 4025800.529014 3376.162598 11 20
4226669.791444 4025800.529014 3274.951172 12 20
4226719.791444 4025800.529014 3153.546631 13 20
4226769.791444 4025800.529014 3025.465576 14 20
4226819.791444 4025800.529014 2904.162842 15 20
4226869.791444 4025800.529014 2783.801270 16 20
4226919.791444 4025800.529014 2676.088135 17 20
4226969.791444 4025800.529014 2578.045166 18 20
4227019.791444 4025800.529014 2482.761230 19 20
4227069.791444 4025800.529014 2374.513916 20 20
4227119.791444 4025800.529014 2265.879883 21 20
4227169.791444 4025800.529014 2164.505371 22 20
4227219.791444 4025800.529014 2070.434326 23 20
4227269.791444 4025800.529014 1979.737915 24 20
4226169.791444 4025850.529014 4432.059082 2 21
4226219.791444 4025850.529014 4312.557617 3 21
4226269.791444 4025850.529014 4197.977539 4 21
4226319.791444 4025850.529014 4087.662354 5 21
4226369.791444 4025850.529014 3973.063965 6 21
4226419.791444 4025850.529014 3851.956543 7 21
4226469.791444 4025850.529014 3723.023438 8 21
4226519.791444 4025850.529014 3613.173340 9 21
4226569.791444 4025850.529014 3529.351074 10 21
4226619.791444 4025850.529014 3442.912354 11 21
4226669.791444 4025850.529014 3328.796875 12 21
4226719.791444 4025850.529014 3195.093262 13 21
4226769.791444 4025850.529014 3051.914795 14 21
4226819.791444 4025850.529014 2913.878662 15 21
4226869.791444 4025850.529014 2782.656006 16 21
4226919.791444 4025850.529014 2664.336670 17 21
4226969.791444 4025850.529014 2554.766602 18 21
4227019.791444 4025850.529014 2458.640625 19 21
4227069.791444 4025850.529014 2351.593994 20 21
4227119.791444 4025850.529014 2246.937256 21 21
4227169.791444 4025850.529014 2146.242188 22 21
4227219.791444 4025850.529014 2057.172607 23 21
4227269.791444 4025850.529014 1970.478760 24 21
4226169.791444 4025900.529014 4443.636719 2 22
4226219.791444 4025900.529014 4326.183105 3 22
4226269.791444 4025900.529014 4215.778320 4 22
4226319.791444 4025900.529014 4112.297852 5 22
4226369.791444 4025900.529014 4000.360107 6 22
4226419.791444 4025900.529014 3876.915039 7 22
4226469.791444 4025900.529014 3754.140381 8 22
4226519.791444 4025900.529014 3652.612061 9 22
4226569.791444 4025900.529014 3580.820801 10 22
4226619.791444 4025900.529014 3497.515869 11 22
4226669.791444 4025900.529014 3382.129639 12 22
4226719.791444 4025900.529014 3234.086182 13 22
4226769.791444 4025900.529014 3077.978760 14 22
4226819.791444 4025900.529014 2928.855469 15 22
4226869.791444 4025900.529014 2790.571045 16 22
4226919.791444 4025900.529014 2656.316162 17 22
4226969.791444 4025900.529014 2545.776367 18 22
4227019.791444 4025900.529014 2453.347168 19 22
4227069.791444 4025900.529014 2346.700195 20 22
4227119.791444 4025900.529014 2233.761475 21 22
4227169.791444 4025900.529014 2145.880615 22 22
4227219.791444 4025900.529014 2060.394775 23 22
4227269.791444 4025900.529014 1976.267944 24 22
4227319.791444 4025900.529014 1888.819092 25 22
4226169.791444 4025950.529014 4447.384277 2 23
4226219.791444 4025950.529014 4330.652344 3 23
4226269.791444 4025950.529014 4219.888184 4 23
4226319.791444 4025950.529014 4119.705078 5 23
4226369.791444 4025950.529014 4013.150879 6 23
4226419.791444 4025950.529014 3894.389404 7 23
4226469.791444 4025950.529014 3782.822021 8 23
4226519.791444 4025950.529014 3682.375732 9 23
4226569.791444 4025950.529014 3608.139893 10 23
4226619.791444 4025950.529014 3518.060547 11 23
4226669.791444 4025950.529014 3400.719971 12 23
4226719.791444 4025950.529014 3253.840820 13 23
4226769.791444 4025950.529014 3097.392822 14 23
4226819.791444 4025950.529014 2946.352783 15 23
4226869.791444 4025950.529014 2806.442871 16 23
4226919.791444 4025950.529014 2671.418945 17 23
4226969.791444 4025950.529014 2560.596680 18 23
4227019.791444 4025950.529014 2476.639160 19 23
4227069.791444 4025950.529014 2367.816895 20 23
4227119.791444 4025950.529014 2255.726074 21 23
4227169.791444 4025950.529014 2164.972412 22 23
4227219.791444 4025950.529014 2079.598145 23 23
4227269.791444 4025950.529014 1995.926514 24 23
4227319.791444 4025950.529014 1908.561401 25 23
4226169.791444 4026000.529014 4445.026367 2 24
4226219.791444 4026000.529014 4329.533691 3 24
4226269.791444 4026000.529014 4218.820801 4 24
4226319.791444 4026000.529014 4116.650879 5 24
4226369.791444 4026000.529014 4007.635498 6 24
4226419.791444 4026000.529014 3896.314453 7 24
4226469.791444 4026000.529014 3793.449707 8 24
4226519.791444 4026000.529014 3697.727295 9 24
4226569.791444 4026000.529014 3610.758301 10 24
4226619.791444 4026000.529014 3512.467529 11 24
4226669.791444 4026000.529014 3388.045898 12 24
4226719.791444 4026000.529014 3253.032715 13 24
4226769.791444 4026000.529014 3108.011963 14 24
4226819.791444 4026000.529014 2965.781494 15 24
4226869.791444 4026000.529014 2830.209473 16 24
4226919.791444 4026000.529014 2711.033203 17 24
4226969.791444 4026000.529014 2609.531982 18 24
4227019.791444 4026000.529014 2525.705078 19 24
4227069.791444 4026000.529014 2421.557373 20 24
4227119.791444 4026000.529014 2326.980957 21 24
4227169.791444 4026000.529014 2212.219238 22 24
4227219.791444 4026000.529014 2115.635010 23 24
4227269.791444 4026000.529014 2028.171753 24 24
4227319.791444 4026000.529014 1938.546631 25 24
4226169.791444 4026050.529014 4438.185059 2 25
4226219.791444 4026050.529014 4324.198242 3 25
4226269.791444 4026050.529014 4214.328613 4 25
4226319.791444 4026050.529014 4109.548340 5 25
4226369.791444 4026050.529014 4004.000000 6 25
4226419.791444 4026050.529014 3896.763672 7 25
4226469.791444 4026050.529014 3793.421143 8 25
4226519.791444 4026050.529014 3695.084961 9 25
4226569.791444 4026050.529014 3598.962402 10 25
4226619.791444 4026050.529014 3497.932861 11 25
4226669.791444 4026050.529014 3381.905518 12 25
4226719.791444 4026050.529014 3251.104248 13 25
4226769.791444 4026050.529014 3119.222412 14 25
4226819.791444 4026050.529014 2991.406738 15 25
4226869.791444 4026050.529014 2868.774658 16 25
4226919.791444 4026050.529014 2755.325439 17 25
4226969.791444 4026050.529014 2662.660645 18 25
4227019.791444 4026050.529014 2583.698730 19 25
4227069.791444 4026050.529014 2489.461426 20 25
4227119.791444 4026050.529014 2405.419434 21 25
4227169.791444 4026050.529014 2268.246826 22 25
4227219.791444 4026050.529014 2162.116699 23 25
4227269.791444 4026050.529014 2068.412354 24 25
4227319.791444 4026050.529014 1974.910889 25 25
4226169.791444 4026100.529014 4428.057129 2 26
4226219.791444 4026100.529014 4315.561035 3 26
4226269.791444 4026100.529014 4205.856445 4 26
4226319.791444 4026100.529014 4099.960938 5 26
4226369.791444 4026100.529014 3995.535889 6 26
4226419.791444 4026100.529014 3889.299072 7 26
4226469.791444 4026100.529014 3783.765869 8 26
4226519.791444 4026100.529014 3680.903076 9 26
4226569.791444 4026100.529014 3577.782715 10 26
4226619.791444 4026100.529014 3478.669434 11 26
4226669.791444 4026100.529014 3370.702637 12 26
4226719.791444 4026100.529014 3253.895264 13 26
4226769.791444 4026100.529014 3135.233887 14 26
4226819.791444 4026100.529014 3021.971191 15 26
4226869.791444 4026100.529014 2914.054932 16 26
4226919.791444 4026100.529014 2809.151123 17 26
4226969.791444 4026100.529014 2718.295898 18 26
4227019.791444 4026100.529014 2649.254883 19 26
4227069.791444 4026100.529014 2563.819092 20 26
4227119.791444 4026100.529014 2452.294434 21 26
4227169.791444 4026100.529014 2327.264648 22 26
4227219.791444 4026100.529014 2216.356201 23 26
4227269.791444 4026100.529014 2113.286133 24 26
4227319.791444 4026100.529014 2012.950195 25 26
4226169.791444 4026150.529014 4415.694824 2 27
4226219.791444 4026150.529014 4305.125488 3 27
4226269.791444 4026150.529014 4197.806152 4 27
4226319.791444 4026150.529014 4091.497314 5 27
4226369.791444 4026150.529014 3984.835205 6 27
4226419.791444 4026150.529014 3877.188965 7 27
4226469.791444 4026150.529014 3767.251709 8 27
4226519.791444 4026150.529014 3658.366455 9 27
4226569.791444 4026150.529014 3556.027588 10 27
4226619.791444 4026150.529014 3460.648926 11 27
4226669.791444 4026150.529014 3360.847900 12 27
4226719.791444 4026150.529014 3253.997070 13 27
4226769.791444 4026150.529014 3146.795166 14 27
4226819.791444 4026150.529014 3047.038086 15 27
4226869.791444 4026150.529014 2954.527344 16 27
4226919.791444 4026150.529014 2861.956787 17 27
4226969.791444 4026150.529014 2780.110352 18 27
4227019.791444 4026150.529014 2712.600098 19 27
4227069.791444 4026150.529014 2628.486572 20 27
4227119.791444 4026150.529014 2516.055664 21 27
4227169.791444 4026150.529014 2386.591064 22 27
4227219.791444 4026150.529014 2266.339600 23 27
4227269.791444 4026150.529014 2153.155762 24 27
4227319.791444 4026150.529014 2045.089844 25 27
4226169.791444 4026200.529014 4400.589844 2 28
4226219.791444 4026200.529014 4290.545898 3 28
4226269.791444 4026200.529014 4181.690430 4 28
4226319.791444 4026200.529014 4074.826660 5 28
4226369.791444 4026200.529014 3967.985840 6 28
4226419.791444 4026200.529014 3858.789551 7 28
4226469.791444 4026200.529014 3747.692139 8 28
4226519.791444 4026200.529014 3638.543457 9 28
4226569.791444 4026200.529014 3536.243896 10 28
4226619.791444 4026200.529014 3442.708496 11 28
4226669.791444 4026200.529014 3349.431396 12 28
4226719.791444 4026200.529014 3250.759277 13 28
4226769.791444 4026200.529014 3149.848145 14 28
4226819.791444 4026200.529014 3055.026367 15 28
4226869.791444 4026200.529014 2975.766846 16 28
4226919.791444 4026200.529014 2898.618896 17 28
4226969.791444 4026200.529014 2826.795166 18 28
4227019.791444 4026200.529014 2759.449707 19 28
4227069.791444 4026200.529014 2672.100342 20 28
4227119.791444 4026200.529014 2562.947510 21 28
4227169.791444 4026200.529014 2435.267578 22 28
4227219.791444 4026200.529014 2305.679688 23 28
4227269.791444 4026200.529014 2179.107910 24 28
4227319.791444 4026200.529014 2063.770996 25 28
4226169.791444 4026250.529014 4384.115234 2 29
4226219.791444 4026250.529014 4275.191406 3 29
4226269.791444 4026250.529014 4166.974609 4 29
4226319.791444 4026250.529014 4059.264893 5 29
4226369.791444 4026250.529014 3950.655518 6 29
4226419.791444 4026250.529014 3839.377686 7 29
4226469.791444 4026250.529014 3726.441895 8 29
4226519.791444 4026250.529014 3615.368408 9 29
4226569.791444 4026250.529014 3511.647461 10 29
4226619.791444 4026250.529014 3420.510986 11 29
4226669.791444 4026250.529014 3332.840088 12 29
4226719.791444 4026250.529014 3243.521240 13 29
4226769.791444 4026250.529014 3153.523438 14 29
4226819.791444 4026250.529014 3066.936768 15 29
4226869.791444 4026250.529014 2988.375977 16 29
4226919.791444 4026250.529014 2913.921387 17 29
4226969.791444 4026250.529014 2839.512451 18 29
4227019.791444 4026250.529014 2759.981934 19 29
4227069.791444 4026250.529014 2668.765381 20 29
4227119.791444 4026250.529014 2561.736084 21 29
4227169.791444 4026250.529014 2427.819336 22 29
4227219.791444 4026250.529014 2297.220703 23 29
4227269.791444 4026250.529014 2175.353760 24 29
4227319.791444 4026250.529014 2062.205811 25 29
4226169.791444 4026300.529014 4366.807129 2 30
4226219.791444 4026300.529014 4259.145020 3 30
4226269.791444 4026300.529014 4152.010742 4 30
4226319.791444 4026300.529014 4043.410645 5 30
4226369.791444 4026300.529014 3934.038818 6 30
4226419.791444 4026300.529014 3820.864258 7 30
4226469.791444 4026300.529014 3706.039307 8 30
4226519.791444 4026300.529014 3592.300781 9 30
4226569.791444 4026300.529014 3484.725342 10 30
4226619.791444 4026300.529014 3396.150879 11 30
4226669.791444 4026300.529014 3309.856689 12 30
4226719.791444 4026300.529014 3226.315918 13 30
4226769.791444 4026300.529014 3143.667725 14 30
4226819.791444 4026300.529014 3063.122070 15 30
4226869.791444 4026300.529014 2987.287354 16 30
4226919.791444 4026300.529014 2912.224121 17 30
4226969.791444 4026300.529014 2831.555420 18 30
4227019.791444 4026300.529014 2741.341797 19 30
4227069.791444 4026300.529014 2639.158936 20 30
4227119.791444 4026300.529014 2524.710205 21 30
4227169.791444 4026300.529014 2396.469727 22 30
4227219.791444 4026300.529014 2270.578613 23 30
4227269.791444 4026300.529014 2153.719482 24 30
4227319.791444 4026300.529014 2045.113770 25 30
4226169.791444 4026350.529014 4348.933594 2 31
4226219.791444 4026350.529014 4242.157227 3 31
4226269.791444 4026350.529014 4135.133789 4 31
4226319.791444 4026350.529014 4027.253174 5 31
4226369.791444 4026350.529014 3917.043945 6 31
4226419.791444 4026350.529014 3804.295898 7 31
4226469.791444 4026350.529014 3689.470459 8 31
4226519.791444 4026350.529014 3575.881592 9 31
4226569.791444 4026350.529014 3468.050293 10 31
4226619.791444 4026350.529014 3374.010010 11 31
4226669.791444 4026350.529014 3285.612061 12 31
4226719.791444 4026350.529014 3203.694824 13 31
4226769.791444 4026350.529014 3125.038330 14 31
4226819.791444 4026350.529014 3048.980225 15 31
4226869.791444 4026350.529014 2977.117676 16 31
4226919.791444 4026350.529014 2901.969727 17 31
4226969.791444 4026350.529014 2813.537598 18 31
4227019.791444 4026350.529014 2711.974121 19 31
4227069.791444 4026350.529014 2600.172852 20 31
4227119.791444 4026350.529014 2481.450195 21 31
4227169.791444 4026350.529014 2358.283691 22 31
4227219.791444 4026350.529014 2236.738037 23 31
4227269.791444 4026350.529014 2122.921875 24 31
4227319.791444 4026350.529014 2018.656616 25 31
4226169.791444 4026400.529014 4331.190918 2 32
4226219.791444 4026400.529014 4225.361816 3 32
4226269.791444 4026400.529014 4118.442383 4 32
4226319.791444 4026400.529014 4010.410400 5 32
4226369.791444 4026400.529014 3901.744873 6 32
4226419.791444 4026400.529014 3790.803711 7 32
4226469.791444 4026400.529014 3676.903320 8 32
4226519.791444 4026400.529014 3564.949219 9 32
4226569.791444 4026400.529014 3458.436035 10 32
4226619.791444 4026400.529014 3358.195068 11 32
4226669.791444 4026400.529014 3265.300049 12 32
4226719.791444 4026400.529014 3183.642822 13 32
4226769.791444 4026400.529014 3106.292969 14 32
4226819.791444 4026400.529014 3031.716309 15 32
4226869.791444 4026400.529014 2963.744385 16 32
4226919.791444 4026400.529014 2890.444824 17 32
4226969.791444 4026400.529014 2793.722900 18 32
4227019.791444 4026400.529014 2680.376221 19 32
4227069.791444 4026400.529014 2558.863037 20 32
4227119.791444 4026400.529014 2435.103271 21 32
4227169.791444 4026400.529014 2311.384521 22 32
4227219.791444 4026400.529014 2194.149170 23 32
4227269.791444 4026400.529014 2087.113525 24 32
4227319.791444 4026400.529014 1988.697388 25 32
4226169.791444 4026450.529014 4314.409668 2 33
4226219.791444 4026450.529014 4209.954102 3 33
4226269.791444 4026450.529014 4103.760742 4 33
4226319.791444 4026450.529014 3995.399658 5 33
4226369.791444 4026450.529014 3887.065186 6 33
4226419.791444 4026450.529014 3778.868164 7 33
4226469.791444 4026450.529014 3666.775146 8 33
4226519.791444 4026450.529014 3556.240723 9 33
4226569.791444 4026450.529014 3450.266846 10 33
4226619.791444 4026450.529014 3348.415039 11 33
4226669.791444 4026450.529014 3254.694824 12 33
4226719.791444 4026450.529014 3173.750977 13 33
4226769.791444 4026450.529014 3097.401611 14 33
4226819.791444 4026450.529014 3023.681885 15 33
4226869.791444 4026450.529014 2955.262207 16 33
4226919.791444 4026450.529014 2879.423828 17 33
4226969.791444 4026450.529014 2776.047363 18 33
4227019.791444 4026450.529014 2651.687500 19 33
4227069.791444 4026450.529014 2522.432129 20 33
4227119.791444 4026450.529014 2395.122803 21 33
4227169.791444 4026450.529014 2268.003418 22 33
4227219.791444 4026450.529014 2154.852539 23 33
4227269.791444 4026450.529014 2055.543213 24 33
4227319.791444 4026450.529014 1962.999878 25 33
4226169.791444 4026500.529014 4299.419434 2 34
4226219.791444 4026500.529014 4197.163574 3 34
4226269.791444 4026500.529014 4093.310791 4 34
4226319.791444 4026500.529014 3987.351807 5 34
4226369.791444 4026500.529014 3879.471436 6 34
4226419.791444 4026500.529014 3770.616211 7 34
4226469.791444 4026500.529014 3660.064941 8 34
4226519.791444 4026500.529014 3551.199463 9 34
4226569.791444 4026500.529014 3446.582764 10 34
4226619.791444 4026500.529014 3347.525635 11 34
4226669.791444 4026500.529014 3256.656006 12 34
4226719.791444 4026500.529014 3175.652100 13 34
4226769.791444 4026500.529014 3100.439941 14 34
4226819.791444 4026500.529014 3027.988525 15 34
4226869.791444 4026500.529014 2955.766602 16 34
4226919.791444 4026500.529014 2873.639160 17 34
4226969.791444 4026500.529014 2765.311768 18 34
4227019.791444 4026500.529014 2632.019287 19 34
4227069.791444 4026500.529014 2501.681885 20 34
4227119.791444 4026500.529014 2372.874756 21 34
4227169.791444 4026500.529014 2244.220459 22 34
4227219.791444 4026500.529014 2133.465576 23 34
4227269.791444 4026500.529014 2037.593872 24 34
4227319.791444 4026500.529014 1948.194092 25 34
4226169.791444 4026550.529014 4286.483887 2 35
4226219.791444 4026550.529014 4186.817871 3 35
4226269.791444 4026550.529014 4085.893555 4 35
4226319.791444 4026550.529014 3983.822266 5 35
4226369.791444 4026550.529014 3877.364258 6 35
4226419.791444 4026550.529014 3767.487793 7 35
4226469.791444 4026550.529014 3658.026855 8 35
4226519.791444 4026550.529014 3551.488037 9 35
4226569.791444 4026550.529014 3448.965332 10 35
4226619.791444 4026550.529014 3352.774902 11 35
4226669.791444 4026550.529014 3264.892822 12 35
4226719.791444 4026550.529014 3184.914063 13 35
4226769.791444 4026550.529014 3110.004883 14 35
4226819.791444 4026550.529014 3037.035645 15 35
4226869.791444 4026550.529014 2961.251465 16 35
4226919.791444 4026550.529014 2875.195313 17 35
4226969.791444 4026550.529014 2765.677979 18 35
4227019.791444 4026550.529014 2627.990479 19 35
4227069.791444 4026550.529014 2494.548096 20 35
4227119.791444 4026550.529014 2365.664551 21 35
4227169.791444 4026550.529014 2242.596924 22 35
4227219.791444 4026550.529014 2132.797852 23 35
4227269.791444 4026550.529014 2035.795776 24 35
4227319.791444 4026550.529014 1946.450562 25 35
4226219.791444 4026600.529014 4177.799805 3 36
4226269.791444 4026600.529014 4078.712891 4 36
4226319.791444 4026600.529014 3977.597412 5 36
4226369.791444 4026600.529014 3872.749023 6 36
4226419.791444 4026600.529014 3765.558350 7 36
4226469.791444 4026600.529014 3659.428467 8 36
4226519.791444 4026600.529014 3556.714844 9 36
4226569.791444 4026600.529014 3456.674316 10 36
4226619.791444 4026600.529014 3362.823730 11 36
4226669.791444 4026600.529014 3277.422363 12 36
4226719.791444 4026600.529014 3198.523682 13 36
4226769.791444 4026600.529014 3123.088867 14 36
4226819.791444 4026600.529014 3048.357910 15 36
4226869.791444 4026600.529014 2968.731445 16 36
4226919.791444 4026600.529014 2879.478271 17 36
4226969.791444 4026600.529014 2766.460449 18 36
4227019.791444 4026600.529014 2632.982666 19 36
4227069.791444 4026600.529014 2499.720215 20 36
4227119.791444 4026600.529014 2372.250000 21 36
4227169.791444 4026600.529014 2251.606689 22 36
4227219.791444 4026600.529014 2143.147461 23 36
4227269.791444 4026600.529014 2046.837402 24 36
4227319.791444 4026600.529014 1956.851318 25 36
4226219.791444 4026650.529014 4170.269531 3 37
4226269.791444 4026650.529014 4072.691162 4 37
4226319.791444 4026650.529014 3973.308594 5 37
4226369.791444 4026650.529014 3871.252686 6 37
4226419.791444 4026650.529014 3766.811279 7 37
4226469.791444 4026650.529014 3664.680664 8 37
4226519.791444 4026650.529014 3566.466309 9 37
4226569.791444 4026650.529014 3469.972412 10 37
4226619.791444 4026650.529014 3377.749023 11 37
4226669.791444 4026650.529014 3293.684326 12 37
4226719.791444 4026650.529014 3214.525146 13 37
4226769.791444 4026650.529014 3137.865234 14 37
4226819.791444 4026650.529014 3060.732178 15 37
4226869.791444 4026650.529014 2980.637939 16 37
4226919.791444 4026650.529014 2892.645996 17 37
4226969.791444 4026650.529014 2782.612549 18 37
4227019.791444 4026650.529014 2650.415527 19 37
4227069.791444 4026650.529014 2519.821777 20 37
4227119.791444 4026650.529014 2397.436279 21 37
4227169.791444 4026650.529014 2275.133301 22 37
4227219.791444 4026650.529014 2167.546631 23 37
4227269.791444 4026650.529014 2071.731689 24 37
4227319.791444 4026650.529014 1979.585327 25 37
4226219.791444 4026700.529014 4164.352539 3 38
4226269.791444 4026700.529014 4067.823975 4 38
4226319.791444 4026700.529014 3969.511475 5 38
4226369.791444 4026700.529014 3869.107666 6 38
4226419.791444 4026700.529014 3768.699219 7 38
4226469.791444 4026700.529014 3670.568848 8 38
4226519.791444 4026700.529014 3575.199219 9 38
4226569.791444 4026700.529014 3482.343506 10 38
4226619.791444 4026700.529014 3393.498535 11 38
4226669.791444 4026700.529014 3310.146240 12 38
4226719.791444 4026700.529014 3230.642822 13 38
4226769.791444 4026700.529014 3152.923584 14 38
4226819.791444 4026700.529014 3074.444336 15 38
4226869.791444 4026700.529014 2992.387939 16 38
4226919.791444 4026700.529014 2901.788574 17 38
4226969.791444 4026700.529014 2794.957031 18 38
4227019.791444 4026700.529014 2681.474365 19 38
4227069.791444 4026700.529014 2562.063232 20 38
4227119.791444 4026700.529014 2445.202148 21 38
4227169.791444 4026700.529014 2328.513428 22 38
4227219.791444 4026700.529014 2217.704346 23 38
4227269.791444 4026700.529014 2112.465332 24 38
4227319.791444 4026700.529014 2013.504150 25 38
4227369.791444 4026700.529014 1917.373535 26 38
4226219.791444 4026750.529014 4160.455566 3 39
4226269.791444 4026750.529014 4065.003174 4 39
4226319.791444 4026750.529014 3968.288330 5 39
4226369.791444 4026750.529014 3870.726563 6 39
4226419.791444 4026750.529014 3773.195068 7 39
4226469.791444 4026750.529014 3677.260254 8 39
4226519.791444 4026750.529014 3583.991211 9 39
4226569.791444 4026750.529014 3493.692383 10 39
4226619.791444 4026750.529014 3407.185547 11 39
4226669.791444 4026750.529014 3324.739990 12 39
4226719.791444 4026750.529014 3245.044678 13 39
4226769.791444 4026750.529014 3166.462158 14 39
4226819.791444 4026750.529014 3087.043213 15 39
4226869.791444 4026750.529014 3004.684570 16 39
4226919.791444 4026750.529014 2916.611084 17 39
4226969.791444 4026750.529014 2820.184570 18 39
4227019.791444 4026750.529014 2716.917725 19 39
4227069.791444 4026750.529014 2607.008301 20 39
4227119.791444 4026750.529014 2499.237305 21 39
4227169.791444 4026750.529014 2390.084717 22 39
4227219.791444 4026750.529014 2272.265381 23 39
4227269.791444 4026750.529014 2155.682617 24 39
4227319.791444 4026750.529014 2051.004150 25 39
4227369.791444 4026750.529014 1951.548218 26 39
4226269.791444 4026800.529014 4064.125977 4 40
4226319.791444 4026800.529014 3968.775391 5 40
4226369.791444 4026800.529014 3873.068359 6 40
4226419.791444 4026800.529014 3777.730957 7 40
4226469.791444 4026800.529014 3683.823975 8 40
4226519.791444 4026800.529014 3592.247314 9 40
4226569.791444 4026800.529014 3503.655029 10 40
4226619.791444 4026800.529014 3418.484619 11 40
4226669.791444 4026800.529014 3336.537354 12 40
4226719.791444 4026800.529014 3256.641113 13 40
4226769.791444 4026800.529014 3177.367676 14 40
4226819.791444 4026800.529014 3097.238281 15 40
4226869.791444 4026800.529014 3014.822266 16 40
4226919.791444 4026800.529014 2928.571533 17 40
4226969.791444 4026800.529014 2837.226807 18 40
4227019.791444 4026800.529014 2740.378906 19 40
4227069.791444 4026800.529014 2638.374023 20 40
4227119.791444 4026800.529014 2535.756104 21 40
4227169.791444 4026800.529014 2426.312988 22 40
4227219.791444 4026800.529014 2307.661377 23 40
4227269.791444 4026800.529014 2188.927246 24 40
4227319.791444 4026800.529014 2084.840332 25 40
4227369.791444 4026800.529014 1985.860229 26 40
4226269.791444 4026850.529014 4065.014648 4 41
4226319.791444 4026850.529014 3970.763672 5 41
4226369.791444 4026850.529014 3876.453613 6 41
4226419.791444 4026850.529014 3782.681396 7 41
4226469.791444 4026850.529014 3690.215820 8 41
4226519.791444 4026850.529014 3599.807861 9 41
4226569.791444 4026850.529014 3512.182373 10 41
4226619.791444 4026850.529014 3427.624756 11 41
4226669.791444 4026850.529014 3345.739502 12 41
4226719.791444 4026850.529014 3265.437256 13 41
4226769.791444 4026850.529014 3185.431641 14 41
4226819.791444 4026850.529014 3104.567383 15 41
4226869.791444 4026850.529014 3021.889893 16 41
4226919.791444 4026850.529014 2936.501221 17 41
4226969.791444 4026850.529014 2847.687256 18 41
4227019.791444 4026850.529014 2754.881836 19 41
4227069.791444 4026850.529014 2658.158447 20 41
4227119.791444 4026850.529014 2557.322510 21 41
4227169.791444 4026850.529014 2449.003662 22 41
4227219.791444 4026850.529014 2330.241699 23 41
4227269.791444 4026850.529014 2219.740234 24 41
4227319.791444 4026850.529014 2116.066162 25 41
4227369.791444 4026850.529014 2018.114502 26 41
4226269.791444 4026900.529014 4067.387451 4 42
4226319.791444 4026900.529014 3974.007568 5 42
4226369.791444 4026900.529014 3880.734375 6 42
4226419.791444 4026900.529014 3788.060059 7 42
4226469.791444 4026900.529014 3696.526367 8 42
4226519.791444 4026900.529014 3606.639893 9 42
4226569.791444 4026900.529014 3519.389404 10 42
4226619.791444 4026900.529014 3435.007813 11 42
4226669.791444 4026900.529014 3352.925293 12 42
4226719.791444 4026900.529014 3272.049316 13 42
4226769.791444 4026900.529014 3191.194824 14 42
4226819.791444 4026900.529014 3109.425293 15 42
4226869.791444 4026900.529014 3026.135010 16 42
4226919.791444 4026900.529014 2940.881592 17 42
4226969.791444 4026900.529014 2853.180664 18 42
4227019.791444 4026900.529014 2763.290527 19 42
4227069.791444 4026900.529014 2670.528076 20 42
4227119.791444 4026900.529014 2573.287842 21 42
4227169.791444 4026900.529014 2469.229980 22 42
4227219.791444 4026900.529014 2351.558105 23 42
4227269.791444 4026900.529014 2241.595459 24 42
4227319.791444 4026900.529014 2141.130615 25 42
4227369.791444 4026900.529014 2045.716064 26 42
4226269.791444 4026950.529014 4070.846436 4 43
4226319.791444 4026950.529014 3978.116455 5 43
4226369.791444 4026950.529014 3885.571777 6 43
4226419.791444 4026950.529014 3793.576660 7 43
4226469.791444 4026950.529014 3702.531250 8 43
4226519.791444 4026950.529014 3612.597900 9 43
4226569.791444 4026950.529014 3525.347412 10 43
4226619.791444 4026950.529014 3440.990967 11 43
4226669.791444 4026950.529014 3358.701416 12 43
4226719.791444 4026950.529014 3277.272949 13 43
4226769.791444 4026950.529014 3195.563721 14 43
4226819.791444 4026950.529014 3112.806885 15 43
4226869.791444 4026950.529014 3028.706055 16 43
4226919.791444 4026950.529014 2943.277588 17 43
4226969.791444 4026950.529014 2856.545654 18 43
4227019.791444 4026950.529014 2768.304932 19 43
4227069.791444 4026950.529014 2677.607910 20 43
4227119.791444 4026950.529014 2582.551025 21 43
4227169.791444 4026950.529014 2481.671387 22 43
4227219.791444 4026950.529014 2369.414795 23 43
4227269.791444 4026950.529014 2261.583008 24 43
4227319.791444 4026950.529014 2161.786133 25 43
4227369.791444 4026950.529014 2068.534668 26 43
4226319.791444 4027000.529014 3982.665771 5 44
4226369.791444 4027000.529014 3890.559326 6 44
4226419.791444 4027000.529014 3799.004395 7 44
4226469.791444 4027000.529014 3707.817627 8 44
4226519.791444 4027000.529014 3617.287354 9 44
4226569.791444 4027000.529014 3530.068115 10 44
4226619.791444 4027000.529014 3445.885742 11 44
4226669.791444 4027000.529014 3363.578857 12 44
4226719.791444 4027000.529014 3281.794189 13 44
4226769.791444 4027000.529014 3199.396973 14 44
4226819.791444 4027000.529014 3115.749756 15 44
4226869.791444 4027000.529014 3030.796875 16 44
4226919.791444 4027000.529014 2944.884033 17 44
4226969.791444 4027000.529014 2858.349609 18 44
4227019.791444 4027000.529014 2770.884766 19 44
4227069.791444 4027000.529014 2680.886230 20 44
4227119.791444 4027000.529014 2585.666504 21 44
4227169.791444 4027000.529014 2483.124268 22 44
4227219.791444 4027000.529014 2373.446289 23 44
4227269.791444 4027000.529014 2269.880371 24 44
4227319.791444 4027000.529014 2175.209473 25 44
4227369.791444 4027000.529014 2085.797119 26 44
4226319.791444 4027050.529014 3987.303223 5 45
4226369.791444 4027050.529014 3895.170898 6 45
4226419.791444 4027050.529014 3803.214355 7 45
4226469.791444 4027050.529014 3711.550781 8 45
4226519.791444 4027050.529014 3620.522949 9 45
4226569.791444 4027050.529014 3533.958496 10 45
4226619.791444 4027050.529014 3450.221191 11 45
4226669.791444 4027050.529014 3368.062744 12 45
4226719.791444 4027050.529014 3286.133301 13 45
4226769.791444 4027050.529014 3203.312256 14 45
4226819.791444 4027050.529014 3119.046143 15 45
4226869.791444 4027050.529014 3033.443359 16 45
4226919.791444 4027050.529014 2947.049072 17 45
4226969.791444 4027050.529014 2860.417480 18 45
4227019.791444 4027050.529014 2773.332031 19 45
4227069.791444 4027050.529014 2684.015137 20 45
4227119.791444 4027050.529014 2588.954834 21 45
4227169.791444 4027050.529014 2485.925781 22 45
4227219.791444 4027050.529014 2377.772217 23 45
4227269.791444 4027050.529014 2276.975342 24 45
4227319.791444 4027050.529014 2185.447510 25 45
4227369.791444 4027050.529014 2099.360596 26 45
4226319.791444 4027100.529014 3992.102783 5 46
4226369.791444 4027100.529014 3899.978760 6 46
4226419.791444 4027100.529014 3807.686279 7 46
4226469.791444 4027100.529014 3715.521729 8 46
4226519.791444 4027100.529014 3624.192871 9 46
4226569.791444 4027100.529014 3538.625732 10 46
4226619.791444 4027100.529014 3455.029297 11 46
4226669.791444 4027100.529014 3372.790771 12 46
4226719.791444 4027100.529014 3290.757324 13 46
4226769.791444 4027100.529014 3207.740967 14 46
4226819.791444 4027100.529014 3123.163818 15 46
4226869.791444 4027100.529014 3037.228516 16 46
4226919.791444 4027100.529014 2950.603516 17 46
4226969.791444 4027100.529014 2864.012207 18 46
4227019.791444 4027100.529014 2777.410156 19 46
4227069.791444 4027100.529014 2689.183105 20 46
4227119.791444 4027100.529014 2595.547852 21 46
4227169.791444 4027100.529014 2492.337646 22 46
4227219.791444 4027100.529014 2382.744141 23 46
4227269.791444 4027100.529014 2282.751709 24 46
4227319.791444 4027100.529014 2194.233154 25 46
4227369.791444 4027100.529014 2110.334229 26 46
4226319.791444 4027150.529014 3997.084229 5 47
4226369.791444 4027150.529014 3905.408447 6 47
4226419.791444 4027150.529014 3813.608398 7 47
4226469.791444 4027150.529014 3722.333740 8 47
4226519.791444 4027150.529014 3633.259277 9 47
4226569.791444 4027150.529014 3546.190430 10 47
4226619.791444 4027150.529014 3461.133789 11 47
4226669.791444 4027150.529014 3378.194580 12 47
4226719.791444 4027150.529014 3295.996094 13 47
4226769.791444 4027150.529014 3212.990234 14 47
4226819.791444 4027150.529014 3128.363037 15 47
4226869.791444 4027150.529014 3042.280029 16 47
4226919.791444 4027150.529014 2955.454102 17 47
4226969.791444 4027150.529014 2868.866455 18 47
4227019.791444 4027150.529014 2782.662109 19 47
4227069.791444 4027150.529014 2695.772217 20 47
4227119.791444 4027150.529014 2605.146973 21 47
4227169.791444 4027150.529014 2502.401123 22 47
4227219.791444 4027150.529014 2396.344727 23 47
4227269.791444 4027150.529014 2296.700439 24 47
4227319.791444 4027150.529014 2204.827148 25 47
4227369.791444 4027150.529014 2119.863281 26 47
4226369.791444 4027200.529014 3911.085205 6 48
4226419.791444 4027200.529014 3820.105225 7 48
4226469.791444 4027200.529014 3729.717529 8 48
4226519.791444 4027200.529014 3640.805420 9 48
4226569.791444 4027200.529014 3553.607666 10 48
4226619.791444 4027200.529014 3467.137695 11 48
4226669.791444 4027200.529014 3383.751709 12 48
4226719.791444 4027200.529014 3301.649170 13 48
4226769.791444 4027200.529014 3218.946777 14 48
4226819.791444 4027200.529014 3134.529297 15 48
4226869.791444 4027200.529014 3048.394287 16 48
4226919.791444 4027200.529014 2961.060547 17 48
4226969.791444 4027200.529014 2873.729980 18 48
4227019.791444 4027200.529014 2786.434082 19 48
4227069.791444 4027200.529014 2698.061768 20 48
4227119.791444 4027200.529014 2605.571533 21 48
4227169.791444 4027200.529014 2504.385498 22 48
4227219.791444 4027200.529014 2399.753906 23 48
4227269.791444 4027200.529014 2300.756592 24 48
4227319.791444 4027200.529014 2210.541748 25 48
4227369.791444 4027200.529014 2125.976807 26 48
4226369.791444 4027250.529014 3916.406738 6 49
4226419.791444 4027250.529014 3826.260010 7 49
4226469.791444 4027250.529014 3736.439209 8 49
4226519.791444 4027250.529014 3647.779785 9 49
4226569.791444 4027250.529014 3560.713379 10 49
4226619.791444 4027250.529014 3472.265381 11 49
4226669.791444 4027250.529014 3388.900146 12 49
4226719.791444 4027250.529014 3307.165039 13 49
4226769.791444 4027250.529014 3224.957031 14 49
4226819.791444 4027250.529014 3141.042480 15 49
4226869.791444 4027250.529014 3054.931396 16 49
4226919.791444 4027250.529014 2966.685791 17 49
4226969.791444 4027250.529014 2878.301514 18 49
4227019.791444 4027250.529014 2788.933350 19 49
4227069.791444 4027250.529014 2698.210449 20 49
4227119.791444 4027250.529014 2604.167725 21 49
4227169.791444 4027250.529014 2504.192627 22 49
4227219.791444 4027250.529014 2400.599854 23 49
4227269.791444 4027250.529014 2302.839600 24 49
4227319.791444 4027250.529014 2213.626953 25 49
4227369.791444 4027250.529014 2129.396240 26 49
4226369.791444 4027300.529014 3920.895020 6 50
4226419.791444 4027300.529014 3831.569580 7 50
4226469.791444 4027300.529014 3742.076904 8 50
4226519.791444 4027300.529014 3653.155273 9 50
4226569.791444 4027300.529014 3565.623047 10 50
4226619.791444 4027300.529014 3477.591064 11 50
4226669.791444 4027300.529014 3393.901123 12 50
4226719.791444 4027300.529014 3312.088379 13 50
4226769.791444 4027300.529014 3230.147217 14 50
4226819.791444 4027300.529014 3146.872070 15 50
4226869.791444 4027300.529014 3061.516113 16 50
4226919.791444 4027300.529014 2972.683105 17 50
4226969.791444 4027300.529014 2882.279785 18 50
4227019.791444 4027300.529014 2790.657959 19 50
4227069.791444 4027300.529014 2697.733887 20 50
4227119.791444 4027300.529014 2603.025146 21 50
4227169.791444 4027300.529014 2504.289307 22 50
4227219.791444 4027300.529014 2401.802002 23 50
4227269.791444 4027300.529014 2304.841797 24 50
4227319.791444 4027300.529014 2215.119873 25 50
4227369.791444 4027300.529014 2130.485107 26 50
4226419.791444 4027350.529014 3835.873047 7 51
4226469.791444 4027350.529014 3746.794434 8 51
4226519.791444 4027350.529014 3657.616211 9 51
4226569.791444 4027350.529014 3569.180420 10 51
4226619.791444 4027350.529014 3482.659424 11 51
4226669.791444 4027350.529014 3398.208984 12 51
4226719.791444 4027350.529014 3315.731689 13 51
4226769.791444 4027350.529014 3233.399658 14 51
4226819.791444 4027350.529014 3149.932617 15 51
4226869.791444 4027350.529014 3064.283447 16 51
4226919.791444 4027350.529014 2975.460205 17 51
4226969.791444 4027350.529014 2884.159424 18 51
4227019.791444 4027350.529014 2791.057617 19 51
4227069.791444 4027350.529014 2696.689941 20 51
4227119.791444 4027350.529014 2601.867920 21 51
4227169.791444 4027350.529014 2505.338135 22 51
4227219.791444 4027350.529014 2403.145020 23 51
4227269.791444 4027350.529014 2304.236328 24 51
4227319.791444 4027350.529014 2214.375977 25 51
4227369.791444 4027350.529014 2129.174805 26 51
4226419.791444 4027400.529014 3839.128418 7 52
4226469.791444 4027400.529014 3750.852539 8 52
4226519.791444 4027400.529014 3661.954102 9 52
4226569.791444 4027400.529014 3573.249268 10 52
4226619.791444 4027400.529014 3485.913330 11 52
4226669.791444 4027400.529014 3401.131104 12 52
4226719.791444 4027400.529014 3317.961914 13 52
4226769.791444 4027400.529014 3234.819824 14 52
4226819.791444 4027400.529014 3150.665039 15 52
4226869.791444 4027400.529014 3064.568604 16 52
4226919.791444 4027400.529014 2975.671387 17 52
4226969.791444 4027400.529014 2883.838867 18 52
4227019.791444 4027400.529014 2789.657227 19 52
4227069.791444 4027400.529014 2694.095947 20 52
4227119.791444 4027400.529014 2598.551514 21 52
4227169.791444 4027400.529014 2502.624756 22 52
4227219.791444 4027400.529014 2400.747070 23 52
4227269.791444 4027400.529014 2303.045654 24 52
4227319.791444 4027400.529014 2212.423828 25 52
4227369.791444 4027400.529014 2126.071289 26 52
4226419.791444 4027450.529014 3841.233154 7 53
4226469.791444 4027450.529014 3754.254883 8 53
4226519.791444 4027450.529014 3666.314941 9 53
4226569.791444 4027450.529014 3578.185791 10 53
4226619.791444 4027450.529014 3490.311035 11 53
4226669.791444 4027450.529014 3404.263672 12 53
4226719.791444 4027450.529014 3319.719238 13 53
4226769.791444 4027450.529014 3235.174316 14 53
4226819.791444 4027450.529014 3149.913330 15 53
4226869.791444 4027450.529014 3063.176514 16 53
4226919.791444 4027450.529014 2974.060059 17 53
4226969.791444 4027450.529014 2881.892822 18 53
4227019.791444 4027450.529014 2786.746094 19 53
4227069.791444 4027450.529014 2689.632324 20 53
4227119.791444 4027450.529014 2593.233643 21 53
4227169.791444 4027450.529014 2495.470703 22 53
4227219.791444 4027450.529014 2396.326904 23 53
4227269.791444 4027450.529014 2300.193359 24 53
4227319.791444 4027450.529014 2208.949707 25 53
4227369.791444 4027450.529014 2121.301758 26 53
4226419.791444 4027500.529014 3841.993896 7 54
4226469.791444 4027500.529014 3756.679199 8 54
4226519.791444 4027500.529014 3670.293457 9 54
4226569.791444 4027500.529014 3583.676025 10 54
4226619.791444 4027500.529014 3496.905518 11 54
4226669.791444 4027500.529014 3408.981934 12 54
4226719.791444 4027500.529014 3321.547363 13 54
4226769.791444 4027500.529014 3234.854736 14 54
4226819.791444 4027500.529014 3148.207275 15 54
4226869.791444 4027500.529014 3060.727783 16 54
4226919.791444 4027500.529014 2971.401367 17 54
4226969.791444 4027500.529014 2879.304932 18 54
4227019.791444 4027500.529014 2783.984375 19 54
4227069.791444 4027500.529014 2686.551270 20 54
4227119.791444 4027500.529014 2588.336182 21 54
4227169.791444 4027500.529014 2489.239014 22 54
4227219.791444 4027500.529014 2390.415283 23 54
4227269.791444 4027500.529014 2295.010010 24 54
4227319.791444 4027500.529014 2203.809082 25 54
4227369.791444 4027500.529014 2115.178467 26 54
4226469.791444 4027550.529014 3757.518066 8 55
4226519.791444 4027550.529014 3672.622559 9 55
4226569.791444 4027550.529014 3587.141846 10 55
4226619.791444 4027550.529014 3501.452393 11 55
4226669.791444 4027550.529014 3411.176758 12 55
4226719.791444 4027550.529014 3321.607178 13 55
4226769.791444 4027550.529014 3233.308350 14 55
4226819.791444 4027550.529014 3145.580078 15 55
4226869.791444 4027550.529014 3057.432373 16 55
4226919.791444 4027550.529014 2967.855225 17 55
4226969.791444 4027550.529014 2875.848877 18 55
4227019.791444 4027550.529014 2780.797119 19 55
4227069.791444 4027550.529014 2682.992432 20 55
4227119.791444 4027550.529014 2583.629150 21 55
4227169.791444 4027550.529014 2483.643555 22 55
4227219.791444 4027550.529014 2384.429443 23 55
4227269.791444 4027550.529014 2289.063477 24 55
4227319.791444 4027550.529014 2197.796875 25 55
4227369.791444 4027550.529014 2108.466309 26 55
4226469.791444 4027600.529014 3756.392578 8 56
4226519.791444 4027600.529014 3672.251953 9 56
4226569.791444 4027600.529014 3586.278076 10 56
4226619.791444 4027600.529014 3498.464844 11 56
4226669.791444 4027600.529014 3408.320313 12 56
4226719.791444 4027600.529014 3319.038574 13 56
4226769.791444 4027600.529014 3230.502197 14 56
4226819.791444 4027600.529014 3142.256348 15 56
4226869.791444 4027600.529014 3053.538330 16 56
4226919.791444 4027600.529014 2963.552246 17 56
4226969.791444 4027600.529014 2871.404297 18 56
4227019.791444 4027600.529014 2776.396729 19 56
4227069.791444 4027600.529014 2678.572021 20 56
4227119.791444 4027600.529014 2578.892578 21 56
4227169.791444 4027600.529014 2478.770996 22 56
4227219.791444 4027600.529014 2379.948975 23 56
4227269.791444 4027600.529014 2284.444336 24 56
4227319.791444 4027600.529014 2192.354004 25 56
4227369.791444 4027600.529014 2102.052734 26 56
4226469.791444 4027650.529014 3753.852539 8 57
4226519.791444 4027650.529014 3670.459473 9 57
4226569.791444 4027650.529014 3584.334961 10 57
4226619.791444 4027650.529014 3495.425537 11 57
4226669.791444 4027650.529014 3404.575439 12 57
4226719.791444 4027650.529014 3316.033936 13 57
4226769.791444 4027650.529014 3227.657715 14 57
4226819.791444 4027650.529014 3138.941650 15 57
4226869.791444 4027650.529014 3049.510742 16 57
4226919.791444 4027650.529014 2958.843262 17 57
4226969.791444 4027650.529014 2866.223389 18 57
4227019.791444 4027650.529014 2770.974609 19 57
4227069.791444 4027650.529014 2673.069824 20 57
4227119.791444 4027650.529014 2573.418701 21 57
4227169.791444 4027650.529014 2473.583740 22 57
4227219.791444 4027650.529014 2375.282471 23 57
4227269.791444 4027650.529014 2279.823730 24 57
4227319.791444 4027650.529014 2187.213867 25 57
4227369.791444 4027650.529014 2096.168457 26 57
4226519.791444 4027700.529014 3668.403076 9 58
4226569.791444 4027700.529014 3583.188232 10 58
4226619.791444 4027700.529014 3495.148682 11 58
4226669.791444 4027700.529014 3405.378662 12 58
4226719.791444 4027700.529014 3315.426025 13 58
4226769.791444 4027700.529014 3226.119385 14 58
4226819.791444 4027700.529014 3136.332520 15 58
4226869.791444 4027700.529014 3045.791260 16 58
4226919.791444 4027700.529014 2954.120850 17 58
4226969.791444 4027700.529014 2860.736816 18 58
4227019.791444 4027700.529014 2764.956543 19 58
4227069.791444 4027700.529014 2666.816895 20 58
4227119.791444 4027700.529014 2567.252686 21 58
4227169.791444 4027700.529014 2467.785156 22 58
4227219.791444 4027700.529014 2369.988770 23 58
4227269.791444 4027700.529014 2274.841309 24 58
4227319.791444 4027700.529014 2182.220703 25 58
4227369.791444 4027700.529014 2090.936768 26 58
4226519.791444 4027750.529014 3666.303711 9 59
4226569.791444 4027750.529014 3582.553467 10 59
4226619.791444 4027750.529014 3495.727783 11 59
4226669.791444 4027750.529014 3406.777100 12 59
4226719.791444 4027750.529014 3316.619873 13 59
4226769.791444 4027750.529014 3225.758301 14 59
4226819.791444 4027750.529014 3134.457275 15 59
4226869.791444 4027750.529014 3042.521973 16 59
4226919.791444 4027750.529014 2949.631836 17 59
4226969.791444 4027750.529014 2855.315674 18 59
4227019.791444 4027750.529014 2758.709717 19 59
4227069.791444 4027750.529014 2660.125732 20 59
4227119.791444 4027750.529014 2560.600098 21 59
4227169.791444 4027750.529014 2461.569824 22 59
4227219.791444 4027750.529014 2364.367920 23 59
4227269.791444 4027750.529014 2269.768799 24 59
4227319.791444 4027750.529014 2177.589844 25 59
4227369.791444 4027750.529014 2086.624756 26 59
4226519.791444 4027800.529014 3664.035156 9 60
4226569.791444 4027800.529014 3581.962158 10 60
4226619.791444 4027800.529014 3496.360596 11 60
4226669.791444 4027800.529014 3407.784180 12 60
4226719.791444 4027800.529014 3317.123047 13 60
4226769.791444 4027800.529014 3225.346436 14 60
4226819.791444 4027800.529014 3132.761719 15 60
4226869.791444 4027800.529014 3039.514648 16 60
4226919.791444 4027800.529014 2945.444824 17 60
4226969.791444 4027800.529014 2850.203613 18 60
4227019.791444 4027800.529014 2752.383057 19 60
4227069.791444 4027800.529014 2653.101074 20 60
4227119.791444 4027800.529014 2553.583984 21 60
4227169.791444 4027800.529014 2455.031250 22 60
4227219.791444 4027800.529014 2358.582764 23 60
4227269.791444 4027800.529014 2264.910400 24 60
4227319.791444 4027800.529014 2173.765869 25 60
4227369.791444 4027800.529014 2083.670166 26 60
4226519.791444 4027850.529014 3661.405518 9 61
4226569.791444 4027850.529014 3581.124512 10 61
4226619.791444 4027850.529014 3496.770508 11 61
4226669.791444 4027850.529014 3408.612305 12 61
4226719.791444 4027850.529014 3317.238037 13 61
4226769.791444 4027850.529014 3224.679199 14 61
4226819.791444 4027850.529014 3130.963379 15 61
4226869.791444 4027850.529014 3036.404297 16 61
4226919.791444 4027850.529014 2941.099365 17 61
4226969.791444 4027850.529014 2845.277588 18 61
4227019.791444 4027850.529014 2745.750732 19 61
4227069.791444 4027850.529014 2645.638672 20 61
4227119.791444 4027850.529014 2546.339600 21 61
4227169.791444 4027850.529014 2448.523193 22 61
4227219.791444 4027850.529014 2353.007080 23 61
4227269.791444 4027850.529014 2260.634033 24 61
4227319.791444 4027850.529014 2171.196777 25 61
4227369.791444 4027850.529014 2082.586670 26 61
4226569.791444 4027900.529014 3579.702393 10 62
4226619.791444 4027900.529014 3496.752686 11 62
4226669.791444 4027900.529014 3409.252197 12 62
4226719.791444 4027900.529014 3317.375000 13 62
4226769.791444 4027900.529014 3223.854492 14 62
4226819.791444 4027900.529014 3128.924561 15 62
4226869.791444 4027900.529014 3032.945801 16 62
4226919.791444 4027900.529014 2936.349854 17 62
4226969.791444 4027900.529014 2838.806641 18 62
4227019.791444 4027900.529014 2737.896973 19 62
4227069.791444 4027900.529014 2637.518555 20 62
4227119.791444 4027900.529014 2539.148438 21 62
4227169.791444 4027900.529014 2442.786133 22 62
4227219.791444 4027900.529014 2348.251465 23 62
4227269.791444 4027900.529014 2257.796143 24 62
4227319.791444 4027900.529014 2170.738525 25 62
4227369.791444 4027900.529014 2083.974365 26 62
4226569.791444 4027950.529014 3577.019775 10 63
4226619.791444 4027950.529014 3495.415283 11 63
4226669.791444 4027950.529014 3408.525146 12 63
4226719.791444 4027950.529014 3317.017334 13 63
4226769.791444 4027950.529014 3222.667236 14 63
4226819.791444 4027950.529014 3126.473145 15 63
4226869.791444 4027950.529014 3028.768311 16 63
4226919.791444 4027950.529014 2929.797363 17 63
4226969.791444 4027950.529014 2829.752930 18 63
4227019.791444 4027950.529014 2728.630371 19 63
4227069.791444 4027950.529014 2629.045166 20 63
4227119.791444 4027950.529014 2532.872070 21 63
4227169.791444 4027950.529014 2439.629150 22 63
4227219.791444 4027950.529014 2348.784668 23 63
4227269.791444 4027950.529014 2259.956299 24 63
4227319.791444 4027950.529014 2173.835938 25 63
4227369.791444 4027950.529014 2088.340576 26 63
4226569.791444 4028000.529014 3572.569336 10 64
4226619.791444 4028000.529014 3492.481445 11 64
4226669.791444 4028000.529014 3406.593018 12 64
4226719.791444 4028000.529014 3315.625732 13 64
4226769.791444 4028000.529014 3220.862061 14 64
4226819.791444 4028000.529014 3123.989746 15 64
4226869.791444 4028000.529014 3024.867432 16 64
4226919.791444 4028000.529014 2923.873291 17 64
4226969.791444 4028000.529014 2821.791260 18 64
4227019.791444 4028000.529014 2719.989502 19 64
4227069.791444 4028000.529014 2621.109375 20 64
4227119.791444 4028000.529014 2527.221191 21 64
4227169.791444 4028000.529014 2437.546143 22 64
4227219.791444 4028000.529014 2349.940674 23 64
4227269.791444 4028000.529014 2263.689941 24 64
4227319.791444 4028000.529014 2179.123779 25 64
4227369.791444 4028000.529014 2095.140137 26 64
4226569.791444 4028050.529014 3565.947510 10 65
4226619.791444 4028050.529014 3487.590088 11 65
4226669.791444 4028050.529014 3403.138672 12 65
4226719.791444 4028050.529014 3312.731934 13 65
4226769.791444 4028050.529014 3218.686279 14 65
4226819.791444 4028050.529014 3122.030762 15 65
4226869.791444 4028050.529014 3022.259033 16 65
4226919.791444 4028050.529014 2919.985840 17 65
4226969.791444 4028050.529014 2816.533203 18 65
4227019.791444 4028050.529014 2713.934082 19 65
4227069.791444 4028050.529014 2615.057861 20 65
4227119.791444 4028050.529014 2522.370361 21 65
4227169.791444 4028050.529014 2435.967529 22 65
4227219.791444 4028050.529014 2352.220459 23 65
4227269.791444 4028050.529014 2268.492188 24 65
4227319.791444 4028050.529014 2185.979492 25 65
4227369.791444 4028050.529014 2103.958496 26 65
4226619.791444 4028100.529014 3480.672852 11 66
4226669.791444 4028100.529014 3398.534912 12 66
4226719.791444 4028100.529014 3310.537109 13 66
4226769.791444 4028100.529014 3217.811279 14 66
4226819.791444 4028100.529014 3121.429199 15 66
4226869.791444 4028100.529014 3021.517090 16 66
4226919.791444 4028100.529014 2918.860107 17 66
4226969.791444 4028100.529014 2814.810059 18 66
4227019.791444 4028100.529014 2711.549072 19 66
4227069.791444 4028100.529014 2612.031738 20 66
4227119.791444 4028100.529014 2518.983398 21 66
4227169.791444 4028100.529014 2433.291992 22 66
4227219.791444 4028100.529014 2353.574463 23 66
4227269.791444 4028100.529014 2273.708740 24 66
4227319.791444 4028100.529014 2194.116455 25 66
4226619.791444 4028150.529014 3471.009521 11 67
4226669.791444 4028150.529014 3391.664795 12 67
4226719.791444 4028150.529014 3306.646240 13 67
4226769.791444 4028150.529014 3216.261230 14 67
4226819.791444 4028150.529014 3121.333008 15 67
4226869.791444 4028150.529014 3022.269531 16 67
4226919.791444 4028150.529014 2920.466797 17 67
4226969.791444 4028150.529014 2816.807861 18 67
4227019.791444 4028150.529014 2713.313721 19 67
4227069.791444 4028150.529014 2613.127441 20 67
4227119.791444 4028150.529014 2520.173828 21 67
4227169.791444 4028150.529014 2436.211426 22 67
4227219.791444 4028150.529014 2357.856201 23 67
4227269.791444 4028150.529014 2280.862061 24 67
4227319.791444 4028150.529014 2204.101318 25 67
4226619.791444 4028200.529014 3457.798340 11 68
4226669.791444 4028200.529014 3381.474365 12 68
4226719.791444 4028200.529014 3299.850830 13 68
4226769.791444 4028200.529014 3213.012939 14 68
4226819.791444 4028200.529014 3121.080078 15 68
4226869.791444 4028200.529014 3024.107178 16 68
4226919.791444 4028200.529014 2924.331543 17 68
4226969.791444 4028200.529014 2822.079102 18 68
4227019.791444 4028200.529014 2718.703369 19 68
4227069.791444 4028200.529014 2617.303223 20 68
4227119.791444 4028200.529014 2524.047363 21 68
4227169.791444 4028200.529014 2442.729980 22 68
4227219.791444 4028200.529014 2365.645996 23 68
4227269.791444 4028200.529014 2290.520020 24 68
4227319.791444 4028200.529014 2216.121826 25 68
4226669.791444 4028250.529014 3367.318604 12 69
4226719.791444 4028250.529014 3289.282227 13 69
4226769.791444 4028250.529014 3206.783691 14 69
4226819.791444 4028250.529014 3119.867432 15 69
4226869.791444 4028250.529014 3028.111572 16 69
4226919.791444 4028250.529014 2930.004150 17 69
4226969.791444 4028250.529014 2829.822021 18 69
4227019.791444 4028250.529014 2727.055908 19 69
4227069.791444 4028250.529014 2623.546387 20 69
4227119.791444 4028250.529014 2530.562500 21 69
4227169.791444 4028250.529014 2450.951660 22 69
4227219.791444 4028250.529014 2375.452148 23 69
4227269.791444 4028250.529014 2302.431885 24 69
4227319.791444 4028250.529014 2230.033447 25 69
4226669.791444 4028300.529014 3349.065918 12 70
4226719.791444 4028300.529014 3274.449463 13 70
4226769.791444 4028300.529014 3195.956543 14 70
4226819.791444 4028300.529014 3113.907471 15 70
4226869.791444 4028300.529014 3027.775635 16 70
4226919.791444 4028300.529014 2934.238281 17 70
4226969.791444 4028300.529014 2837.684570 18 70
4227019.791444 4028300.529014 2737.115967 19 70
4227069.791444 4028300.529014 2629.528564 20 70
4227119.791444 4028300.529014 2537.684570 21 70
4227169.791444 4028300.529014 2459.257324 22 70
4227219.791444 4028300.529014 2386.491943 23 70
4227269.791444 4028300.529014 2315.879395 24 70
4227319.791444 4028300.529014 2245.444580 25 70
4226719.791444 4028350.529014 3255.851563 13 71
4226769.791444 4028350.529014 3180.755127 14 71
4226819.791444 4028350.529014 3102.307861 15 71
4226869.791444 4028350.529014 3020.094971 16 71
4226919.791444 4028350.529014 2932.784668 17 71
4226969.791444 4028350.529014 2841.591553 18 71
4227019.791444 4028350.529014 2744.758057 19 71
4227069.791444 4028350.529014 2635.689453 20 71
4227119.791444 4028350.529014 2548.355469 21 71
4227169.791444 4028350.529014 2472.464111 22 71
4227219.791444 4028350.529014 2400.671875 23 71
4227269.791444 4028350.529014 2331.207520 24 71
4227319.791444 4028350.529014 2262.175537 25 71
4226719.791444 4028400.529014 3234.825928 13 72
4226769.791444 4028400.529014 3162.994629 14 72
4226819.791444 4028400.529014 3087.868896 15 72
4226869.791444 4028400.529014 3009.336426 16 72
4226919.791444 4028400.529014 2926.730957 17 72
4226969.791444 4028400.529014 2839.377686 18 72
4227019.791444 4028400.529014 2742.802979 19 72
4227069.791444 4028400.529014 2649.176758 20 72
4227119.791444 4028400.529014 2565.421387 21 72
4227169.791444 4028400.529014 2488.917480 22 72
4227219.791444 4028400.529014 2417.126953 23 72
4227269.791444 4028400.529014 2348.034668 24 72
4226769.791444 4028450.529014 3144.556641 14 73
4226819.791444 4028450.529014 3072.872070 15 73
4226869.791444 4028450.529014 2997.907227 16 73
4226919.791444 4028450.529014 2919.351318 17 73
4226969.791444 4028450.529014 2836.591797 18 73
4227019.791444 4028450.529014 2748.974121 19 73
4227069.791444 4028450.529014 2662.840088 20 73
4227119.791444 4028450.529014 2581.754639 21 73
4227169.791444 4028450.529014 2505.933594 22 73
4227219.791444 4028450.529014 2434.269043 23 73
4227269.791444 4028450.529014 2365.463135 24 73
4226819.791444 4028500.529014 3059.140381 15 74
4226869.791444 4028500.529014 2987.924072 16 74
4226919.791444 4028500.529014 2913.443115 17 74
4226969.791444 4028500.529014 2835.739746 18 74
4227019.791444 4028500.529014 2755.360352 19 74
4227069.791444 4028500.529014 2675.154053 20 74
4227119.791444 4028500.529014 2596.999023 21 74
4227169.791444 4028500.529014 2522.087402 22 74
4227219.791444 4028500.529014 2450.817383 23 74
