# Type: scattered data
# Version: 6
# Description: No description
# Format: free
# Field: 1 x
# Field: 2 y
# Field: 3 z undefined
# Field: 4 column
# Field: 5 row
# Projection: Local Rectangular
# Units: undefined
# End:
# Information from grid:
# Grid_size: 31 x 41
# Grid_space: 4215800.000000,4221400.000000,4019000.000000,4033000.000000
# Scattered data: Not_available
# Z_field: z
# Vertical_faults: Not_available
# History: No history
# Z_units: undefined
4215800.000000 4019000.000000 8920.382813 1 1
4215986.666667 4019000.000000 8722.251953 2 1
4216173.333333 4019000.000000 8524.111328 3 1
4216360.000000 4019000.000000 8326.455078 4 1
4216546.666667 4019000.000000 8129.273926 5 1
4216733.333333 4019000.000000 7932.585449 6 1
4216920.000000 4019000.000000 7736.896973 7 1
4217106.666667 4019000.000000 7542.701660 8 1
4217293.333333 4019000.000000 7350.025391 9 1
4217480.000000 4019000.000000 7158.867188 10 1
4217666.666667 4019000.000000 6968.234375 11 1
4217853.333333 4019000.000000 6778.127441 12 1
4218040.000000 4019000.000000 6588.042969 13 1
4218226.666667 4019000.000000 6396.972656 14 1
4218413.333333 4019000.000000 6204.904297 15 1
4218600.000000 4019000.000000 6010.825195 16 1
4218786.666667 4019000.000000 5814.717285 17 1
4218973.333333 4019000.000000 5616.575684 18 1
4219160.000000 4019000.000000 5416.914063 19 1
4219346.666667 4019000.000000 5215.719238 20 1
4219533.333333 4019000.000000 5013.503906 21 1
4219720.000000 4019000.000000 4810.776367 22 1
4219906.666667 4019000.000000 4607.040039 23 1
4220093.333333 4019000.000000 4403.318848 24 1
4220280.000000 4019000.000000 4200.604980 25 1
4220466.666667 4019000.000000 3998.420654 26 1
4220653.333333 4019000.000000 3796.761719 27 1
4220840.000000 4019000.000000 3596.129150 28 1
4221026.666667 4019000.000000 3396.031006 29 1
4221213.333333 4019000.000000 3196.447754 30 1
4221400.000000 4019000.000000 2997.381836 31 1
4215800.000000 4019350.000000 8861.927734 1 2
4215986.666667 4019350.000000 8664.248047 2 2
4216173.333333 4019350.000000 8466.561523 3 2
4216360.000000 4019350.000000 8268.862305 4 2
4216546.666667 4019350.000000 8072.140137 5 2
4216733.333333 4019350.000000 7875.416504 6 2
4216920.000000 4019350.000000 7679.700195 7 2
4217106.666667 4019350.000000 7484.987793 8 2
4217293.333333 4019350.000000 7291.306641 9 2
4217480.000000 4019350.000000 7099.148438 10 2
4217666.666667 4019350.000000 6907.535645 11 2
4217853.333333 4019350.000000 6716.959473 12 2
4218040.000000 4019350.000000 6525.917480 13 2
4218226.666667 4019350.000000 6334.395996 14 2
4218413.333333 4019350.000000 6141.379395 15 2
4218600.000000 4019350.000000 5946.841309 16 2
4218786.666667 4019350.000000 5750.274414 17 2
4218973.333333 4019350.000000 5552.170898 18 2
4219160.000000 4019350.000000 5353.019531 19 2
4219346.666667 4019350.000000 5152.838379 20 2
4219533.333333 4019350.000000 4951.617676 21 2
4219720.000000 4019350.000000 4749.875000 22 2
4219906.666667 4019350.000000 4547.623535 23 2
4220093.333333 4019350.000000 4344.868652 24 2
4220280.000000 4019350.000000 4142.635742 25 2
4220466.666667 4019350.000000 3940.924805 26 2
4220653.333333 4019350.000000 3740.241211 27 2
4220840.000000 4019350.000000 3540.096191 28 2
4221026.666667 4019350.000000 3340.473877 29 2
4221213.333333 4019350.000000 3141.386230 30 2
4221400.000000 4019350.000000 2942.812012 31 2
4215800.000000 4019700.000000 8802.971680 1 3
4215986.666667 4019700.000000 8605.741211 2 3
4216173.333333 4019700.000000 8408.505859 3 3
4216360.000000 4019700.000000 8211.258789 4 3
4216546.666667 4019700.000000 8014.490723 5 3
4216733.333333 4019700.000000 7818.225098 6 3
4216920.000000 4019700.000000 7621.975098 7 3
4217106.666667 4019700.000000 7426.738770 8 3
4217293.333333 4019700.000000 7232.537598 9 3
4217480.000000 4019700.000000 7039.389160 10 3
4217666.666667 4019700.000000 6847.291992 11 3
4217853.333333 4019700.000000 6655.747559 12 3
4218040.000000 4019700.000000 6463.752441 13 3
4218226.666667 4019700.000000 6271.780762 14 3
4218413.333333 4019700.000000 6078.326660 15 3
4218600.000000 4019700.000000 5883.348633 16 3
4218786.666667 4019700.000000 5686.832031 17 3
4218973.333333 4019700.000000 5488.766113 18 3
4219160.000000 4019700.000000 5290.137207 19 3
4219346.666667 4019700.000000 5090.463867 20 3
4219533.333333 4019700.000000 4890.237305 21 3
4219720.000000 4019700.000000 4689.477539 22 3
4219906.666667 4019700.000000 4487.701660 23 3
4220093.333333 4019700.000000 4285.923828 24 3
4220280.000000 4019700.000000 4084.657471 25 3
4220466.666667 4019700.000000 3883.415039 26 3
4220653.333333 4019700.000000 3683.710449 27 3
4220840.000000 4019700.000000 3484.034912 28 3
4221026.666667 4019700.000000 3284.396484 29 3
4221213.333333 4019700.000000 3085.796875 30 3
4221400.000000 4019700.000000 2887.724365 31 3
4215800.000000 4020050.000000 8744.007813 1 4
4215986.666667 4020050.000000 8547.219727 2 4
4216173.333333 4020050.000000 8350.419922 3 4
4216360.000000 4020050.000000 8153.625000 4 4
4216546.666667 4020050.000000 7956.803223 5 4
4216733.333333 4020050.000000 7760.486816 6 4
4216920.000000 4020050.000000 7564.191895 7 4
4217106.666667 4020050.000000 7368.419434 8 4
4217293.333333 4020050.000000 7173.193848 9 4
4217480.000000 4020050.000000 6979.533203 10 4
4217666.666667 4020050.000000 6786.433105 11 4
4217853.333333 4020050.000000 6593.914063 12 4
4218040.000000 4020050.000000 6401.465820 13 4
4218226.666667 4020050.000000 6209.061035 14 4
4218413.333333 4020050.000000 6015.684570 15 4
4218600.000000 4020050.000000 5820.284668 16 4
4218786.666667 4020050.000000 5623.835449 17 4
4218973.333333 4020050.000000 5425.319824 18 4
4219160.000000 4020050.000000 5227.221680 19 4
4219346.666667 4020050.000000 5028.063477 20 4
4219533.333333 4020050.000000 4828.337891 21 4
4219720.000000 4020050.000000 4628.566895 22 4
4219906.666667 4020050.000000 4428.276367 23 4
4220093.333333 4020050.000000 4227.469238 24 4
4220280.000000 4020050.000000 4026.669189 25 4
4220466.666667 4020050.000000 3825.891846 26 4
4220653.333333 4020050.000000 3626.155762 27 4
4220840.000000 4020050.000000 3427.452881 28 4
4221026.666667 4020050.000000 3228.302734 29 4
4221213.333333 4020050.000000 3030.182861 30 4
4221400.000000 4020050.000000 2832.603516 31 4
4215800.000000 4020400.000000 8685.021484 1 5
4215986.666667 4020400.000000 8488.666016 2 5
4216173.333333 4020400.000000 8292.307617 3 5
4216360.000000 4020400.000000 8095.437500 4 5
4216546.666667 4020400.000000 7899.056152 5 5
4216733.333333 4020400.000000 7702.174805 6 5
4216920.000000 4020400.000000 7505.808594 7 5
4217106.666667 4020400.000000 7309.478027 8 5
4217293.333333 4020400.000000 7113.708496 9 5
4217480.000000 4020400.000000 6919.000977 10 5
4217666.666667 4020400.000000 6725.388184 11 5
4217853.333333 4020400.000000 6532.371582 12 5
4218040.000000 4020400.000000 6339.471191 13 5
4218226.666667 4020400.000000 6146.658203 14 5
4218413.333333 4020400.000000 5952.880859 15 5
4218600.000000 4020400.000000 5757.089844 16 5
4218786.666667 4020400.000000 5560.731445 17 5
4218973.333333 4020400.000000 5362.281250 18 5
4219160.000000 4020400.000000 5163.724609 19 5
4219346.666667 4020400.000000 4965.087402 20 5
4219533.333333 4020400.000000 4766.370117 21 5
4219720.000000 4020400.000000 4567.107422 22 5
4219906.666667 4020400.000000 4368.299805 23 5
4220093.333333 4020400.000000 4168.482422 24 5
4220280.000000 4020400.000000 3968.155762 25 5
4220466.666667 4020400.000000 3768.345703 26 5
4220653.333333 4020400.000000 3569.576172 27 5
4220840.000000 4020400.000000 3370.845459 28 5
4221026.666667 4020400.000000 3172.173340 29 5
4221213.333333 4020400.000000 2974.546875 30 5
4221400.000000 4020400.000000 2776.953125 31 5
4215800.000000 4020750.000000 8625.523438 1 6
4215986.666667 4020750.000000 8429.588867 2 6
4216173.333333 4020750.000000 8233.649414 3 6
4216360.000000 4020750.000000 8037.696289 4 6
4216546.666667 4020750.000000 7841.229004 5 6
4216733.333333 4020750.000000 7644.257813 6 6
4216920.000000 4020750.000000 7446.798828 7 6
4217106.666667 4020750.000000 7249.871582 8 6
4217293.333333 4020750.000000 7052.999512 9 6
4217480.000000 4020750.000000 6857.208496 10 6
4217666.666667 4020750.000000 6663.039551 11 6
4217853.333333 4020750.000000 6470.016602 12 6
4218040.000000 4020750.000000 6277.178223 13 6
4218226.666667 4020750.000000 6084.492188 14 6
4218413.333333 4020750.000000 5890.383301 15 6
4218600.000000 4020750.000000 5694.759277 16 6
4218786.666667 4020750.000000 5497.532715 17 6
4218973.333333 4020750.000000 5299.151855 18 6
4219160.000000 4020750.000000 5100.636230 19 6
4219346.666667 4020750.000000 4902.506836 20 6
4219533.333333 4020750.000000 4704.290527 21 6
4219720.000000 4020750.000000 4506.031250 22 6
4219906.666667 4020750.000000 4308.236328 23 6
4220093.333333 4020750.000000 4109.411133 24 6
4220280.000000 4020750.000000 3910.083496 25 6
4220466.666667 4020750.000000 3711.253662 26 6
4220653.333333 4020750.000000 3512.459473 27 6
4220840.000000 4020750.000000 3313.703613 28 6
4221026.666667 4020750.000000 3115.510010 29 6
4221213.333333 4020750.000000 2917.870117 30 6
4221400.000000 4020750.000000 2720.776611 31 6
4215800.000000 4021100.000000 8566.001953 1 7
4215986.666667 4021100.000000 8370.970703 2 7
4216173.333333 4021100.000000 8175.434570 3 7
4216360.000000 4021100.000000 7979.876953 4 7
4216546.666667 4021100.000000 7783.803223 5 7
4216733.333333 4021100.000000 7586.198730 6 7
4216920.000000 4021100.000000 7388.099121 7 7
4217106.666667 4021100.000000 7190.018555 8 7
4217293.333333 4021100.000000 6991.989746 9 7
4217480.000000 4021100.000000 6795.057617 10 7
4217666.666667 4021100.000000 6600.290039 11 7
4217853.333333 4021100.000000 6407.276367 12 7
4218040.000000 4021100.000000 6214.555176 13 7
4218226.666667 4021100.000000 6022.611328 14 7
4218413.333333 4021100.000000 5828.808105 15 7
4218600.000000 4021100.000000 5632.969238 16 7
4218786.666667 4021100.000000 5435.433105 17 7
4218973.333333 4021100.000000 5236.126465 18 7
4219160.000000 4021100.000000 5037.090820 19 7
4219346.666667 4021100.000000 4838.890137 20 7
4219533.333333 4021100.000000 4641.619629 21 7
4219720.000000 4021100.000000 4444.825195 22 7
4219906.666667 4021100.000000 4248.524902 23 7
4220093.333333 4021100.000000 4050.720459 24 7
4220280.000000 4021100.000000 3851.906982 25 7
4220466.666667 4021100.000000 3653.581299 26 7
4220653.333333 4021100.000000 3455.279297 27 7
4220840.000000 4021100.000000 3257.016602 28 7
4221026.666667 4021100.000000 3058.801025 29 7
4221213.333333 4021100.000000 2861.150879 30 7
4221400.000000 4021100.000000 2664.053955 31 7
4215800.000000 4021450.000000 8505.945313 1 8
4215986.666667 4021450.000000 8312.309570 2 8
4216173.333333 4021450.000000 8118.151855 3 8
4216360.000000 4021450.000000 7922.969727 4 8
4216546.666667 4021450.000000 7726.737305 5 8
4216733.333333 4021450.000000 7528.456543 6 8
4216920.000000 4021450.000000 7329.153320 7 8
4217106.666667 4021450.000000 7129.338867 8 8
4217293.333333 4021450.000000 6929.580078 9 8
4217480.000000 4021450.000000 6731.452637 10 8
4217666.666667 4021450.000000 6536.585938 11 8
4217853.333333 4021450.000000 6344.144531 12 8
4218040.000000 4021450.000000 6153.223145 13 8
4218226.666667 4021450.000000 5962.272461 14 8
4218413.333333 4021450.000000 5769.546875 15 8
4218600.000000 4021450.000000 5573.705078 16 8
4218786.666667 4021450.000000 5374.444336 17 8
4218973.333333 4021450.000000 5173.667480 18 8
4219160.000000 4021450.000000 4972.963379 19 8
4219346.666667 4021450.000000 4775.020508 20 8
4219533.333333 4021450.000000 4578.513672 21 8
4219720.000000 4021450.000000 4383.563477 22 8
4219906.666667 4021450.000000 4188.686523 23 8
4220093.333333 4021450.000000 3992.371094 24 8
4220280.000000 4021450.000000 3794.581299 25 8
4220466.666667 4021450.000000 3596.285645 26 8
4220653.333333 4021450.000000 3398.002441 27 8
4220840.000000 4021450.000000 3199.745605 28 8
4221026.666667 4021450.000000 3002.029053 29 8
4221213.333333 4021450.000000 2803.879639 30 8
4221400.000000 4021450.000000 2606.787109 31 8
4215800.000000 4021800.000000 8445.861328 1 9
4215986.666667 4021800.000000 8253.592773 2 9
4216173.333333 4021800.000000 8060.797852 3 9
4216360.000000 4021800.000000 7866.449219 4 9
4216546.666667 4021800.000000 7670.519531 5 9
4216733.333333 4021800.000000 7471.510254 6 9
4216920.000000 4021800.000000 7270.421875 7 9
4217106.666667 4021800.000000 7068.303223 8 9
4217293.333333 4021800.000000 6866.240723 9 9
4217480.000000 4021800.000000 6666.893555 10 9
4217666.666667 4021800.000000 6471.487793 11 9
4217853.333333 4021800.000000 6280.306641 12 9
4218040.000000 4021800.000000 6092.016113 13 9
4218226.666667 4021800.000000 5904.510254 14 9
4218413.333333 4021800.000000 5713.814453 15 9
4218600.000000 4021800.000000 5518.298828 16 9
4218786.666667 4021800.000000 5316.931641 17 9
4218973.333333 4021800.000000 5112.064453 18 9
4219160.000000 4021800.000000 4908.922363 19 9
4219346.666667 4021800.000000 4710.381348 20 9
4219533.333333 4021800.000000 4515.301270 21 9
4219720.000000 4021800.000000 4322.920898 22 9
4219906.666667 4021800.000000 4129.799805 23 9
4220093.333333 4021800.000000 3934.383301 24 9
4220280.000000 4021800.000000 3737.090576 25 9
4220466.666667 4021800.000000 3539.342041 26 9
4220653.333333 4021800.000000 3341.094727 27 9
4220840.000000 4021800.000000 3142.370605 28 9
4221026.666667 4021800.000000 2944.175537 29 9
4221213.333333 4021800.000000 2746.042236 30 9
4221400.000000 4021800.000000 2548.468994 31 9
4215800.000000 4022150.000000 8385.761719 1 10
4215986.666667 4022150.000000 8194.840820 2 10
4216173.333333 4022150.000000 8003.375000 3 10
4216360.000000 4022150.000000 7809.825195 4 10
4216546.666667 4022150.000000 7614.157715 5 10
4216733.333333 4022150.000000 7414.342285 6 10
4216920.000000 4022150.000000 7211.905273 7 10
4217106.666667 4022150.000000 7007.416992 8 10
4217293.333333 4022150.000000 6802.519531 9 10
4217480.000000 4022150.000000 6600.487793 10 10
4217666.666667 4022150.000000 6405.216797 11 10
4217853.333333 4022150.000000 6217.138184 12 10
4218040.000000 4022150.000000 6033.512207 13 10
4218226.666667 4022150.000000 5851.094238 14 10
4218413.333333 4022150.000000 5664.075684 15 10
4218600.000000 4022150.000000 5468.831543 16 10
4218786.666667 4022150.000000 5264.447266 17 10
4218973.333333 4022150.000000 5054.250000 18 10
4219160.000000 4022150.000000 4845.719727 19 10
4219346.666667 4022150.000000 4645.551270 20 10
4219533.333333 4022150.000000 4451.894043 21 10
4219720.000000 4022150.000000 4262.169922 22 10
4219906.666667 4022150.000000 4071.016357 23 10
4220093.333333 4022150.000000 3876.826416 24 10
4220280.000000 4022150.000000 3679.949219 25 10
4220466.666667 4022150.000000 3482.221191 26 10
4220653.333333 4022150.000000 3284.031006 27 10
4220840.000000 4022150.000000 3084.864746 28 10
4221026.666667 4022150.000000 2886.216797 29 10
4221213.333333 4022150.000000 2687.623047 30 10
4221400.000000 4022150.000000 2489.588623 31 10
4215800.000000 4022500.000000 8325.638672 1 11
4215986.666667 4022500.000000 8136.556641 2 11
4216173.333333 4022500.000000 7945.897461 3 11
4216360.000000 4022500.000000 7753.113281 4 11
4216546.666667 4022500.000000 7557.656738 5 11
4216733.333333 4022500.000000 7357.489258 6 11
4216920.000000 4022500.000000 7153.153809 7 11
4217106.666667 4022500.000000 6945.763184 8 11
4217293.333333 4022500.000000 6737.570801 9 11
4217480.000000 4022500.000000 6533.490234 10 11
4217666.666667 4022500.000000 6338.608398 11 11
4217853.333333 4022500.000000 6155.589355 12 11
4218040.000000 4022500.000000 5979.758789 13 11
4218226.666667 4022500.000000 5803.236816 14 11
4218413.333333 4022500.000000 5620.261719 15 11
4218600.000000 4022500.000000 5425.403809 16 11
4218786.666667 4022500.000000 5218.026367 17 11
4218973.333333 4022500.000000 5001.002930 18 11
4219160.000000 4022500.000000 4785.396973 19 11
4219346.666667 4022500.000000 4582.410645 20 11
4219533.333333 4022500.000000 4389.535156 21 11
4219720.000000 4022500.000000 4202.477051 22 11
4219906.666667 4022500.000000 4012.928223 23 11
4220093.333333 4022500.000000 3819.757568 24 11
4220280.000000 4022500.000000 3623.178223 25 11
4220466.666667 4022500.000000 3425.422852 26 11
4220653.333333 4022500.000000 3226.795898 27 11
4220840.000000 4022500.000000 3027.200439 28 11
4221026.666667 4022500.000000 2827.628906 29 11
4221213.333333 4022500.000000 2628.103516 30 11
4221400.000000 4022500.000000 2429.125732 31 11
4215800.000000 4022850.000000 8265.520508 1 12
4215986.666667 4022850.000000 8077.759277 2 12
4216173.333333 4022850.000000 7888.395508 3 12
4216360.000000 4022850.000000 7696.852051 4 12
4216546.666667 4022850.000000 7501.568359 5 12
4216733.333333 4022850.000000 7300.529785 6 12
4216920.000000 4022850.000000 7094.779785 7 12
4217106.666667 4022850.000000 6884.531250 8 12
4217293.333333 4022850.000000 6672.138672 9 12
4217480.000000 4022850.000000 6464.174316 10 12
4217666.666667 4022850.000000 6269.427246 11 12
4217853.333333 4022850.000000 6090.294922 12 12
4218040.000000 4022850.000000 5924.344727 13 12
4218226.666667 4022850.000000 5760.749512 14 12
4218413.333333 4022850.000000 5585.761230 15 12
4218600.000000 4022850.000000 5387.462402 16 12
4218786.666667 4022850.000000 5165.427246 17 12
4218973.333333 4022850.000000 4938.308594 18 12
4219160.000000 4022850.000000 4721.958984 19 12
4219346.666667 4022850.000000 4519.797852 20 12
4219533.333333 4022850.000000 4328.055176 21 12
4219720.000000 4022850.000000 4142.660156 22 12
4219906.666667 4022850.000000 3955.428955 23 12
4220093.333333 4022850.000000 3762.610107 24 12
4220280.000000 4022850.000000 3566.752441 25 12
4220466.666667 4022850.000000 3368.424805 26 12
4220653.333333 4022850.000000 3168.850586 27 12
4220840.000000 4022850.000000 2968.354492 28 12
4221026.666667 4022850.000000 2767.890137 29 12
4221213.333333 4022850.000000 2567.458008 30 12
4221400.000000 4022850.000000 2367.574463 31 12
4215800.000000 4023200.000000 8205.916016 1 13
4215986.666667 4023200.000000 8019.473145 2 13
4216173.333333 4023200.000000 7831.391113 3 13
4216360.000000 4023200.000000 7640.081055 4 13
4216546.666667 4023200.000000 7444.982422 5 13
4216733.333333 4023200.000000 7243.572754 6 13
4216920.000000 4023200.000000 7036.478516 7 13
4217106.666667 4023200.000000 6823.461426 8 13
4217293.333333 4023200.000000 6607.474121 9 13
4217480.000000 4023200.000000 6396.162109 10 13
4217666.666667 4023200.000000 6200.462402 11 13
4217853.333333 4023200.000000 6023.637695 12 13
4218040.000000 4023200.000000 5871.975586 13 13
4218226.666667 4023200.000000 5732.927734 14 13
4218413.333333 4023200.000000 5575.876465 15 13
4218600.000000 4023200.000000 5376.311035 16 13
4218786.666667 4023200.000000 5129.794434 17 13
4218973.333333 4023200.000000 4881.816895 18 13
4219160.000000 4023200.000000 4663.440430 19 13
4219346.666667 4023200.000000 4461.682129 20 13
4219533.333333 4023200.000000 4270.136230 21 13
4219720.000000 4023200.000000 4085.124512 22 13
4219906.666667 4023200.000000 3897.578125 23 13
4220093.333333 4023200.000000 3705.121338 24 13
4220280.000000 4023200.000000 3509.515137 25 13
4220466.666667 4023200.000000 3311.167480 26 13
4220653.333333 4023200.000000 3110.669189 27 13
4220840.000000 4023200.000000 2909.305664 28 13
4221026.666667 4023200.000000 2707.985840 29 13
4221213.333333 4023200.000000 2506.192383 30 13
4221400.000000 4023200.000000 2304.936523 31 13
4215800.000000 4023550.000000 8146.346191 1 14
4215986.666667 4023550.000000 7961.239746 2 14
4216173.333333 4023550.000000 7773.949219 3 14
4216360.000000 4023550.000000 7583.389648 4 14
4216546.666667 4023550.000000 7388.007324 5 14
4216733.333333 4023550.000000 7186.309082 6 14
4216920.000000 4023550.000000 6977.973633 7 14
4217106.666667 4023550.000000 6763.296875 8 14
4217293.333333 4023550.000000 6545.676270 9 14
4217480.000000 4023550.000000 6333.635742 10 14
4217666.666667 4023550.000000 6141.168945 11 14
4217853.333333 4023550.000000 5973.762695 12 14
4218040.000000 4023550.000000 5841.897949 13 14
4218226.666667 4023550.000000 5733.174805 14 14
4218413.333333 4023550.000000 5610.799805 15 14
4218600.000000 4023550.000000 5434.408203 16 14
4218786.666667 4023550.000000 5173.812500 17 14
4218973.333333 4023550.000000 4885.778809 18 14
4219160.000000 4023550.000000 4635.545898 19 14
4219346.666667 4023550.000000 4416.214355 20 14
4219533.333333 4023550.000000 4216.538574 21 14
4219720.000000 4023550.000000 4027.296143 22 14
4219906.666667 4023550.000000 3839.181885 23 14
4220093.333333 4023550.000000 3647.833496 24 14
4220280.000000 4023550.000000 3452.221924 25 14
4220466.666667 4023550.000000 3253.513428 26 14
4220653.333333 4023550.000000 3052.700439 27 14
4220840.000000 4023550.000000 2850.038086 28 14
4221026.666667 4023550.000000 2647.406982 29 14
4221213.333333 4023550.000000 2443.794922 30 14
4221400.000000 4023550.000000 2240.693604 31 14
4215800.000000 4023900.000000 8087.361816 1 15
4215986.666667 4023900.000000 7903.610840 2 15
4216173.333333 4023900.000000 7717.144043 3 15
4216360.000000 4023900.000000 7526.894043 4 15
4216546.666667 4023900.000000 7331.303711 5 15
4216733.333333 4023900.000000 7128.947754 6 15
4216920.000000 4023900.000000 6919.493164 7 15
4217106.666667 4023900.000000 6704.662598 8 15
4217293.333333 4023900.000000 6487.041504 9 15
4217480.000000 4023900.000000 6277.234375 10 15
4217666.666667 4023900.000000 6089.680664 11 15
4217853.333333 4023900.000000 5934.957031 12 15
4218040.000000 4023900.000000 5821.825195 13 15
4218226.666667 4023900.000000 5744.776367 14 15
4218413.333333 4023900.000000 5674.438477 15 15
4218600.000000 4023900.000000 5555.827637 16 15
4218786.666667 4023900.000000 5288.216797 17 15
4218973.333333 4023900.000000 4931.718750 18 15
4219160.000000 4023900.000000 4623.074219 19 15
4219346.666667 4023900.000000 4372.564453 20 15
4219533.333333 4023900.000000 4160.531250 21 15
4219720.000000 4023900.000000 3967.098633 22 15
4219906.666667 4023900.000000 3779.430908 23 15
4220093.333333 4023900.000000 3589.801758 24 15
4220280.000000 4023900.000000 3395.118652 25 15
4220466.666667 4023900.000000 3196.336182 26 15
4220653.333333 4023900.000000 2994.891357 27 15
4220840.000000 4023900.000000 2790.540283 28 15
4221026.666667 4023900.000000 2586.177002 29 15
4221213.333333 4023900.000000 2380.787842 30 15
4221400.000000 4023900.000000 2175.883789 31 15
4215800.000000 4024250.000000 8027.993164 1 16
4215986.666667 4024250.000000 7845.138672 2 16
4216173.333333 4024250.000000 7660.055664 3 16
4216360.000000 4024250.000000 7470.684570 4 16
4216546.666667 4024250.000000 7275.015625 5 16
4216733.333333 4024250.000000 7072.126465 6 16
4216920.000000 4024250.000000 6862.156738 7 16
4217106.666667 4024250.000000 6647.049805 8 16
4217293.333333 4024250.000000 6429.785156 9 16
4217480.000000 4024250.000000 6220.213379 10 16
4217666.666667 4024250.000000 6032.473145 11 16
4217853.333333 4024250.000000 5879.186523 12 16
4218040.000000 4024250.000000 5772.332520 13 16
4218226.666667 4024250.000000 5715.529785 14 16
4218413.333333 4024250.000000 5694.258301 15 16
4218600.000000 4024250.000000 5639.487793 16 16
4218786.666667 4024250.000000 5348.379395 17 16
4218973.333333 4024250.000000 4910.074707 18 16
4219160.000000 4024250.000000 4563.014160 19 16
4219346.666667 4024250.000000 4302.659180 20 16
4219533.333333 4024250.000000 4090.708252 21 16
4219720.000000 4024250.000000 3901.023193 22 16
4219906.666667 4024250.000000 3717.681152 23 16
4220093.333333 4024250.000000 3531.756348 24 16
4220280.000000 4024250.000000 3338.589355 25 16
4220466.666667 4024250.000000 3140.099609 26 16
4220653.333333 4024250.000000 2937.244385 27 16
4220840.000000 4024250.000000 2731.329590 28 16
4221026.666667 4024250.000000 2525.307129 29 16
4221213.333333 4024250.000000 2317.701416 30 16
4221400.000000 4024250.000000 2110.529541 31 16
4215800.000000 4024600.000000 7969.298340 1 17
4215986.666667 4024600.000000 7787.388184 2 17
4216173.333333 4024600.000000 7603.244629 3 17
4216360.000000 4024600.000000 7414.839844 4 17
4216546.666667 4024600.000000 7220.198730 5 17
4216733.333333 4024600.000000 7016.909180 6 17
4216920.000000 4024600.000000 6806.500000 7 17
4217106.666667 4024600.000000 6589.031738 8 17
4217293.333333 4024600.000000 6368.722656 9 17
4217480.000000 4024600.000000 6153.965332 10 17
4217666.666667 4024600.000000 5957.280762 11 17
4217853.333333 4024600.000000 5789.466797 12 17
4218040.000000 4024600.000000 5666.939453 13 17
4218226.666667 4024600.000000 5595.645508 14 17
4218413.333333 4024600.000000 5565.789063 15 17
4218600.000000 4024600.000000 5502.714844 16 17
4218786.666667 4024600.000000 5178.882813 17 17
4218973.333333 4024600.000000 4726.624023 18 17
4219160.000000 4024600.000000 4416.122559 19 17
4219346.666667 4024600.000000 4190.339844 20 17
4219533.333333 4024600.000000 4000.562012 21 17
4219720.000000 4024600.000000 3827.005127 22 17
4219906.666667 4024600.000000 3654.672607 23 17
4220093.333333 4024600.000000 3473.940674 24 17
4220280.000000 4024600.000000 3283.325439 25 17
4220466.666667 4024600.000000 3084.934814 26 17
4220653.333333 4024600.000000 2880.342529 27 17
4220840.000000 4024600.000000 2672.483154 28 17
4221026.666667 4024600.000000 2463.879150 29 17
4221213.333333 4024600.000000 2254.092041 30 17
4221400.000000 4024600.000000 2044.671875 31 17
4215800.000000 4024950.000000 7911.313477 1 18
4215986.666667 4024950.000000 7730.392578 2 18
4216173.333333 4024950.000000 7547.247070 3 18
4216360.000000 4024950.000000 7359.891113 4 18
4216546.666667 4024950.000000 7165.869141 5 18
4216733.333333 4024950.000000 6962.783203 6 18
4216920.000000 4024950.000000 6751.570313 7 18
4217106.666667 4024950.000000 6531.015137 8 18
4217293.333333 4024950.000000 6304.302734 9 18
4217480.000000 4024950.000000 6081.083496 10 18
4217666.666667 4024950.000000 5870.038574 11 18
4217853.333333 4024950.000000 5679.706055 12 18
4218040.000000 4024950.000000 5526.013672 13 18
4218226.666667 4024950.000000 5422.947266 14 18
4218413.333333 4024950.000000 5360.823242 15 18
4218600.000000 4024950.000000 5247.166504 16 18
4218786.666667 4024950.000000 4930.918457 17 18
4218973.333333 4024950.000000 4521.491699 18 18
4219160.000000 4024950.000000 4254.050293 19 18
4219346.666667 4024950.000000 4061.832031 20 18
4219533.333333 4024950.000000 3899.035156 21 18
4219720.000000 4024950.000000 3748.239014 22 18
4219906.666667 4024950.000000 3590.807373 23 18
4220093.333333 4024950.000000 3416.148193 24 18
4220280.000000 4024950.000000 3228.339844 25 18
4220466.666667 4024950.000000 3030.164551 26 18
4220653.333333 4024950.000000 2823.912109 27 18
4220840.000000 4024950.000000 2613.146729 28 18
4221026.666667 4024950.000000 2401.984375 29 18
4221213.333333 4024950.000000 2190.542480 30 18
4221400.000000 4024950.000000 1978.394165 31 18
4215800.000000 4025300.000000 7854.076660 1 19
4215986.666667 4025300.000000 7673.680664 2 19
4216173.333333 4025300.000000 7491.082520 3 19
4216360.000000 4025300.000000 7304.805664 4 19
4216546.666667 4025300.000000 7111.450684 5 19
4216733.333333 4025300.000000 6909.147949 6 19
4216920.000000 4025300.000000 6697.392090 7 19
4217106.666667 4025300.000000 6473.031738 8 19
4217293.333333 4025300.000000 6239.380371 9 19
4217480.000000 4025300.000000 6007.545410 10 19
4217666.666667 4025300.000000 5783.747070 11 19
4217853.333333 4025300.000000 5571.899902 12 19
4218040.000000 4025300.000000 5383.163086 13 19
4218226.666667 4025300.000000 5249.393066 14 19
4218413.333333 4025300.000000 5192.728516 15 19
4218600.000000 4025300.000000 5038.074707 16 19
4218786.666667 4025300.000000 4725.745605 17 19
4218973.333333 4025300.000000 4368.489746 18 19
4219160.000000 4025300.000000 4114.856445 19 19
4219346.666667 4025300.000000 3937.285400 20 19
4219533.333333 4025300.000000 3796.556152 21 19
4219720.000000 4025300.000000 3667.879395 22 19
4219906.666667 4025300.000000 3525.092041 23 19
4220093.333333 4025300.000000 3357.868896 24 19
4220280.000000 4025300.000000 3173.754883 25 19
4220466.666667 4025300.000000 2975.702881 26 19
4220653.333333 4025300.000000 2767.710693 27 19
4220840.000000 4025300.000000 2554.500977 28 19
4221026.666667 4025300.000000 2340.767578 29 19
4221213.333333 4025300.000000 2126.652588 30 19
4221400.000000 4025300.000000 1912.258911 31 19
4215800.000000 4025650.000000 7798.113770 1 20
4215986.666667 4025650.000000 7617.760742 2 20
4216173.333333 4025650.000000 7435.219238 3 20
4216360.000000 4025650.000000 7249.533203 4 20
4216546.666667 4025650.000000 7056.832031 5 20
4216733.333333 4025650.000000 6855.322266 6 20
4216920.000000 4025650.000000 6643.196289 7 20
4217106.666667 4025650.000000 6415.860352 8 20
4217293.333333 4025650.000000 6177.597656 9 20
4217480.000000 4025650.000000 5941.030273 10 20
4217666.666667 4025650.000000 5711.912109 11 20
4217853.333333 4025650.000000 5486.608887 12 20
4218040.000000 4025650.000000 5262.413086 13 20
4218226.666667 4025650.000000 5095.518555 14 20
4218413.333333 4025650.000000 5064.744629 15 20
4218600.000000 4025650.000000 4832.998535 16 20
4218786.666667 4025650.000000 4439.842285 17 20
4218973.333333 4025650.000000 4147.967285 18 20
4219160.000000 4025650.000000 3955.300049 19 20
4219346.666667 4025650.000000 3813.388428 20 20
4219533.333333 4025650.000000 3699.568359 21 20
4219720.000000 4025650.000000 3592.454834 22 20
4219906.666667 4025650.000000 3463.204834 23 20
4220093.333333 4025650.000000 3300.990723 24 20
4220280.000000 4025650.000000 3118.637451 25 20
4220466.666667 4025650.000000 2920.390625 26 20
4220653.333333 4025650.000000 2710.971680 27 20
4220840.000000 4025650.000000 2495.217041 28 20
4221026.666667 4025650.000000 2279.339355 29 20
4221213.333333 4025650.000000 2063.016602 30 20
4221400.000000 4025650.000000 1846.348389 31 20
4215800.000000 4026000.000000 7743.937988 1 21
4215986.666667 4026000.000000 7562.637207 2 21
4216173.333333 4026000.000000 7379.634766 3 21
4216360.000000 4026000.000000 7193.505859 4 21
4216546.666667 4026000.000000 7001.873535 5 21
4216733.333333 4026000.000000 6801.007813 6 21
4216920.000000 4026000.000000 6588.372559 7 21
4217106.666667 4026000.000000 6359.602539 8 21
4217293.333333 4026000.000000 6119.909180 9 21
4217480.000000 4026000.000000 5882.863770 10 21
4217666.666667 4026000.000000 5656.795898 11 21
4217853.333333 4026000.000000 5433.758301 12 21
4218040.000000 4026000.000000 5195.871582 13 21
4218226.666667 4026000.000000 5001.229004 14 21
4218413.333333 4026000.000000 4932.537109 15 21
4218600.000000 4026000.000000 4645.851074 16 21
4218786.666667 4026000.000000 4235.805664 17 21
4218973.333333 4026000.000000 3987.666748 18 21
4219160.000000 4026000.000000 3830.280762 19 21
4219346.666667 4026000.000000 3713.325195 20 21
4219533.333333 4026000.000000 3617.514160 21 21
4219720.000000 4026000.000000 3523.925049 22 21
4219906.666667 4026000.000000 3402.317139 23 21
4220093.333333 4026000.000000 3243.617432 24 21
4220280.000000 4026000.000000 3062.821533 25 21
4220466.666667 4026000.000000 2864.447266 26 21
4220653.333333 4026000.000000 2653.365723 27 21
4220840.000000 4026000.000000 2435.910645 28 21
4221026.666667 4026000.000000 2218.309814 29 21
4221213.333333 4026000.000000 2000.706665 30 21
4221400.000000 4026000.000000 1781.728516 31 21
4215800.000000 4026350.000000 7691.073730 1 22
4215986.666667 4026350.000000 7507.801758 2 22
4216173.333333 4026350.000000 7323.325684 3 22
4216360.000000 4026350.000000 7136.700195 4 22
4216546.666667 4026350.000000 6945.516113 5 22
4216733.333333 4026350.000000 6745.036133 6 22
4216920.000000 4026350.000000 6532.351074 7 22
4217106.666667 4026350.000000 6302.526367 8 22
4217293.333333 4026350.000000 6061.560059 9 22
4217480.000000 4026350.000000 5822.920410 10 22
4217666.666667 4026350.000000 5595.845215 11 22
4217853.333333 4026350.000000 5374.466797 12 22
4218040.000000 4026350.000000 5139.342285 13 22
4218226.666667 4026350.000000 4916.614258 14 22
4218413.333333 4026350.000000 4757.252441 15 22
4218600.000000 4026350.000000 4479.164551 16 22
4218786.666667 4026350.000000 4150.237793 17 22
4218973.333333 4026350.000000 3921.978760 18 22
4219160.000000 4026350.000000 3766.015625 19 22
4219346.666667 4026350.000000 3652.469971 20 22
4219533.333333 4026350.000000 3558.767578 21 22
4219720.000000 4026350.000000 3464.623047 22 22
4219906.666667 4026350.000000 3344.818115 23 22
4220093.333333 4026350.000000 3187.352051 24 22
4220280.000000 4026350.000000 3006.361084 25 22
4220466.666667 4026350.000000 2807.461426 26 22
4220653.333333 4026350.000000 2595.979492 27 22
4220840.000000 4026350.000000 2377.676758 28 22
4221026.666667 4026350.000000 2158.729736 29 22
4221213.333333 4026350.000000 1939.279175 30 22
4221400.000000 4026350.000000 1718.436646 31 22
4215800.000000 4026700.000000 7639.538086 1 23
4215986.666667 4026700.000000 7453.790527 2 23
4216173.333333 4026700.000000 7267.321777 3 23
4216360.000000 4026700.000000 7079.174316 4 23
4216546.666667 4026700.000000 6887.354004 5 23
4216733.333333 4026700.000000 6687.044922 6 23
4216920.000000 4026700.000000 6474.764160 7 23
4217106.666667 4026700.000000 6245.023438 8 23
4217293.333333 4026700.000000 6002.623535 9 23
4217480.000000 4026700.000000 5758.764160 10 23
4217666.666667 4026700.000000 5522.949707 11 23
4217853.333333 4026700.000000 5293.328125 12 23
4218040.000000 4026700.000000 5061.216797 13 23
4218226.666667 4026700.000000 4835.297852 14 23
4218413.333333 4026700.000000 4628.699219 15 23
4218600.000000 4026700.000000 4381.257324 16 23
4218786.666667 4026700.000000 4119.270508 17 23
4218973.333333 4026700.000000 3906.748291 18 23
4219160.000000 4026700.000000 3746.427734 19 23
4219346.666667 4026700.000000 3623.813477 20 23
4219533.333333 4026700.000000 3519.427734 21 23
4219720.000000 4026700.000000 3416.173828 22 23
4219906.666667 4026700.000000 3291.061279 23 23
4220093.333333 4026700.000000 3131.341064 24 23
4220280.000000 4026700.000000 2948.634766 25 23
4220466.666667 4026700.000000 2749.419189 26 23
4220653.333333 4026700.000000 2538.345459 27 23
4220840.000000 4026700.000000 2320.052734 28 23
4221026.666667 4026700.000000 2100.159180 29 23
4221213.333333 4026700.000000 1879.278320 30 23
4221400.000000 4026700.000000 1657.001831 31 23
4215800.000000 4027050.000000 7590.850098 1 24
4215986.666667 4027050.000000 7400.650879 2 24
4216173.333333 4027050.000000 7209.707520 3 24
4216360.000000 4027050.000000 7019.037109 4 24
4216546.666667 4027050.000000 6826.091309 5 24
4216733.333333 4027050.000000 6625.935547 6 24
4216920.000000 4027050.000000 6415.453613 7 24
4217106.666667 4027050.000000 6189.377441 8 24
4217293.333333 4027050.000000 5949.510254 9 24
4217480.000000 4027050.000000 5704.202148 10 24
4217666.666667 4027050.000000 5462.895508 11 24
4217853.333333 4027050.000000 5227.570801 12 24
4218040.000000 4027050.000000 5001.686035 13 24
4218226.666667 4027050.000000 4786.061035 14 24
4218413.333333 4027050.000000 4578.318848 15 24
4218600.000000 4027050.000000 4354.698730 16 24
4218786.666667 4027050.000000 4125.617188 17 24
4218973.333333 4027050.000000 3921.071289 18 24
4219160.000000 4027050.000000 3751.823242 19 24
4219346.666667 4027050.000000 3613.501465 20 24
4219533.333333 4027050.000000 3492.151611 21 24
4219720.000000 4027050.000000 3374.200928 22 24
4219906.666667 4027050.000000 3238.969238 23 24
4220093.333333 4027050.000000 3073.570557 24 24
4220280.000000 4027050.000000 2889.409180 25 24
4220466.666667 4027050.000000 2690.725342 26 24
4220653.333333 4027050.000000 2480.425049 27 24
4220840.000000 4027050.000000 2263.525391 28 24
4221026.666667 4027050.000000 2043.587280 29 24
4221213.333333 4027050.000000 1821.689087 30 24
4221400.000000 4027050.000000 1598.432007 31 24
4215800.000000 4027400.000000 7543.516113 1 25
4215986.666667 4027400.000000 7347.892578 2 25
4216173.333333 4027400.000000 7152.521484 3 25
4216360.000000 4027400.000000 6956.900879 4 25
4216546.666667 4027400.000000 6761.450684 5 25
4216733.333333 4027400.000000 6562.173828 6 25
4216920.000000 4027400.000000 6355.832031 7 25
4217106.666667 4027400.000000 6137.991699 8 25
4217293.333333 4027400.000000 5907.153809 9 25
4217480.000000 4027400.000000 5667.951172 10 25
4217666.666667 4027400.000000 5427.860840 11 25
4217853.333333 4027400.000000 5193.611816 12 25
4218040.000000 4027400.000000 4980.505371 13 25
4218226.666667 4027400.000000 4787.449219 14 25
4218413.333333 4027400.000000 4595.945801 15 25
4218600.000000 4027400.000000 4380.239258 16 25
4218786.666667 4027400.000000 4155.243164 17 25
4218973.333333 4027400.000000 3944.341064 18 25
4219160.000000 4027400.000000 3761.399658 19 25
4219346.666667 4027400.000000 3605.777588 20 25
4219533.333333 4027400.000000 3466.373779 21 25
4219720.000000 4027400.000000 3332.560791 22 25
4219906.666667 4027400.000000 3186.144531 23 25
4220093.333333 4027400.000000 3015.550537 24 25
4220280.000000 4027400.000000 2829.920410 25 25
4220466.666667 4027400.000000 2631.702881 26 25
4220653.333333 4027400.000000 2423.104736 27 25
4220840.000000 4027400.000000 2207.018799 28 25
4221026.666667 4027400.000000 1987.461914 29 25
4221213.333333 4027400.000000 1765.487915 30 25
4221400.000000 4027400.000000 1541.681030 31 25
4215800.000000 4027750.000000 7496.530273 1 26
4215986.666667 4027750.000000 7295.527344 2 26
4216173.333333 4027750.000000 7094.313477 3 26
4216360.000000 4027750.000000 6893.349609 4 26
4216546.666667 4027750.000000 6693.576172 5 26
4216733.333333 4027750.000000 6494.980957 6 26
4216920.000000 4027750.000000 6296.300293 7 26
4217106.666667 4027750.000000 6092.549316 8 26
4217293.333333 4027750.000000 5879.286621 9 26
4217480.000000 4027750.000000 5653.690918 10 26
4217666.666667 4027750.000000 5421.834473 11 26
4217853.333333 4027750.000000 5196.864258 12 26
4218040.000000 4027750.000000 5003.215820 13 26
4218226.666667 4027750.000000 4838.235352 14 26
4218413.333333 4027750.000000 4656.706543 15 26
4218600.000000 4027750.000000 4425.305664 16 26
4218786.666667 4027750.000000 4184.127441 17 26
4218973.333333 4027750.000000 3959.714844 18 26
4219160.000000 4027750.000000 3762.054443 19 26
4219346.666667 4027750.000000 3591.611084 20 26
4219533.333333 4027750.000000 3437.337158 21 26
4219720.000000 4027750.000000 3288.698730 22 26
4219906.666667 4027750.000000 3131.466064 23 26
4220093.333333 4027750.000000 2957.410400 24 26
4220280.000000 4027750.000000 2770.408447 25 26
4220466.666667 4027750.000000 2573.167725 26 26
4220653.333333 4027750.000000 2366.234863 27 26
4220840.000000 4027750.000000 2151.425049 28 26
4221026.666667 4027750.000000 1932.200317 29 26
4221213.333333 4027750.000000 1710.610474 30 26
4221400.000000 4027750.000000 1486.719116 31 26
4215800.000000 4028100.000000 7450.851563 1 27
4215986.666667 4028100.000000 7243.546387 2 27
4216173.333333 4028100.000000 7035.570801 3 27
4216360.000000 4028100.000000 6826.910156 4 27
4216546.666667 4028100.000000 6621.501465 5 27
4216733.333333 4028100.000000 6424.349121 6 27
4216920.000000 4028100.000000 6237.642578 7 27
4217106.666667 4028100.000000 6055.302246 8 27
4217293.333333 4028100.000000 5864.979492 9 27
4217480.000000 4028100.000000 5654.524902 10 27
4217666.666667 4028100.000000 5428.458496 11 27
4217853.333333 4028100.000000 5203.697754 12 27
4218040.000000 4028100.000000 5004.703125 13 27
4218226.666667 4028100.000000 4838.395508 14 27
4218413.333333 4028100.000000 4661.017090 15 27
4218600.000000 4028100.000000 4426.283203 16 27
4218786.666667 4028100.000000 4180.480957 17 27
4218973.333333 4028100.000000 3949.804199 18 27
4219160.000000 4028100.000000 3744.284912 19 27
4219346.666667 4028100.000000 3564.846436 20 27
4219533.333333 4028100.000000 3400.857178 21 27
4219720.000000 4028100.000000 3241.944580 22 27
4219906.666667 4028100.000000 3077.543945 23 27
4220093.333333 4028100.000000 2899.875244 24 27
4220280.000000 4028100.000000 2711.667969 25 27
4220466.666667 4028100.000000 2514.972168 26 27
4220653.333333 4028100.000000 2309.710205 27 27
4220840.000000 4028100.000000 2096.149170 28 27
4221026.666667 4028100.000000 1877.725342 29 27
4221213.333333 4028100.000000 1656.977173 30 27
4221400.000000 4028100.000000 1433.966675 31 27
4215800.000000 4028450.000000 7405.422363 1 28
4215986.666667 4028450.000000 7192.388184 2 28
4216173.333333 4028450.000000 6976.252930 3 28
4216360.000000 4028450.000000 6758.525879 4 28
4216546.666667 4028450.000000 6546.669434 5 28
4216733.333333 4028450.000000 6352.125488 6 28
4216920.000000 4028450.000000 6178.918457 7 28
4217106.666667 4028450.000000 6021.634277 8 28
4217293.333333 4028450.000000 5860.095703 9 28
4217480.000000 4028450.000000 5664.671875 10 28
4217666.666667 4028450.000000 5431.378906 11 28
4217853.333333 4028450.000000 5184.779297 12 28
4218040.000000 4028450.000000 4952.832031 13 28
4218226.666667 4028450.000000 4770.416016 14 28
4218413.333333 4028450.000000 4604.611816 15 28
4218600.000000 4028450.000000 4376.281738 16 28
4218786.666667 4028450.000000 4135.321777 17 28
4218973.333333 4028450.000000 3908.730957 18 28
4219160.000000 4028450.000000 3705.454102 19 28
4219346.666667 4028450.000000 3524.903809 20 28
4219533.333333 4028450.000000 3356.821289 21 28
4219720.000000 4028450.000000 3192.954590 22 28
4219906.666667 4028450.000000 3023.145020 23 28
4220093.333333 4028450.000000 2843.294189 24 28
4220280.000000 4028450.000000 2654.583008 25 28
4220466.666667 4028450.000000 2457.999512 26 28
4220653.333333 4028450.000000 2253.438965 27 28
4220840.000000 4028450.000000 2041.617310 28 28
4221026.666667 4028450.000000 1824.479736 29 28
4221213.333333 4028450.000000 1605.045776 30 28
4221400.000000 4028450.000000 1383.386963 31 28
4215800.000000 4028800.000000 7359.186035 1 29
4215986.666667 4028800.000000 7141.487305 2 29
4216173.333333 4028800.000000 6918.280273 3 29
4216360.000000 4028800.000000 6692.613281 4 29
4216546.666667 4028800.000000 6475.439941 5 29
4216733.333333 4028800.000000 6281.641602 6 29
4216920.000000 4028800.000000 6119.946289 7 29
4217106.666667 4028800.000000 5991.337402 8 29
4217293.333333 4028800.000000 5868.229980 9 29
4217480.000000 4028800.000000 5686.854492 10 29
4217666.666667 4028800.000000 5434.019531 11 29
4217853.333333 4028800.000000 5137.927246 12 29
4218040.000000 4028800.000000 4836.528320 13 29
4218226.666667 4028800.000000 4615.906250 14 29
4218413.333333 4028800.000000 4466.771484 15 29
4218600.000000 4028800.000000 4270.127441 16 29
4218786.666667 4028800.000000 4055.732422 17 29
4218973.333333 4028800.000000 3846.726807 18 29
4219160.000000 4028800.000000 3654.572754 19 29
4219346.666667 4028800.000000 3477.823242 20 29
4219533.333333 4028800.000000 3308.964844 21 29
4219720.000000 4028800.000000 3142.297607 22 29
4219906.666667 4028800.000000 2969.799072 23 29
4220093.333333 4028800.000000 2787.141113 24 29
4220280.000000 4028800.000000 2597.612793 25 29
4220466.666667 4028800.000000 2401.227539 26 29
4220653.333333 4028800.000000 2197.871582 27 29
4220840.000000 4028800.000000 1987.277100 28 29
4221026.666667 4028800.000000 1771.894775 29 29
4221213.333333 4028800.000000 1554.249634 30 29
4221400.000000 4028800.000000 1334.424072 31 29
4215800.000000 4029150.000000 7311.538086 1 30
4215986.666667 4029150.000000 7089.720703 2 30
4216173.333333 4029150.000000 6861.518555 3 30
4216360.000000 4029150.000000 6629.986328 4 30
4216546.666667 4029150.000000 6409.618652 5 30
4216733.333333 4029150.000000 6218.248047 6 30
4216920.000000 4029150.000000 6066.873047 7 30
4217106.666667 4029150.000000 5967.487305 8 30
4217293.333333 4029150.000000 5884.740234 9 30
4217480.000000 4029150.000000 5727.103516 10 30
4217666.666667 4029150.000000 5467.474121 11 30
4217853.333333 4029150.000000 5136.137207 12 30
4218040.000000 4029150.000000 4769.116211 13 30
4218226.666667 4029150.000000 4498.106934 14 30
4218413.333333 4029150.000000 4342.281250 15 30
4218600.000000 4029150.000000 4170.947266 16 30
4218786.666667 4029150.000000 3979.665283 17 30
4218973.333333 4029150.000000 3786.370361 18 30
4219160.000000 4029150.000000 3602.525879 19 30
4219346.666667 4029150.000000 3428.715088 20 30
4219533.333333 4029150.000000 3259.305420 21 30
4219720.000000 4029150.000000 3090.495117 22 30
4219906.666667 4029150.000000 2915.265137 23 30
4220093.333333 4029150.000000 2731.568604 24 30
4220280.000000 4029150.000000 2541.334229 25 30
4220466.666667 4029150.000000 2345.152832 26 30
4220653.333333 4029150.000000 2142.483887 27 30
4220840.000000 4029150.000000 1933.094116 28 30
4221026.666667 4029150.000000 1719.944336 29 30
4221213.333333 4029150.000000 1504.061279 30 30
4221400.000000 4029150.000000 1287.042725 31 30
4215800.000000 4029500.000000 7261.390625 1 31
4215986.666667 4029500.000000 7036.974609 2 31
4216173.333333 4029500.000000 6806.289551 3 31
4216360.000000 4029500.000000 6571.928223 4 31
4216546.666667 4029500.000000 6350.432617 5 31
4216733.333333 4029500.000000 6160.179199 6 31
4216920.000000 4029500.000000 6012.757813 7 31
4217106.666667 4029500.000000 5927.325195 8 31
4217293.333333 4029500.000000 5871.769531 9 31
4217480.000000 4029500.000000 5753.312988 10 31
4217666.666667 4029500.000000 5548.049316 11 31
4217853.333333 4029500.000000 5280.213867 12 31
4218040.000000 4029500.000000 4940.134277 13 31
4218226.666667 4029500.000000 4617.116699 14 31
4218413.333333 4029500.000000 4375.725098 15 31
4218600.000000 4029500.000000 4158.809082 16 31
4218786.666667 4029500.000000 3949.200195 17 31
4218973.333333 4029500.000000 3749.314209 18 31
4219160.000000 4029500.000000 3562.125488 19 31
4219346.666667 4029500.000000 3385.043213 20 31
4219533.333333 4029500.000000 3212.137695 21 31
4219720.000000 4029500.000000 3038.740234 22 31
4219906.666667 4029500.000000 2860.937012 23 31
4220093.333333 4029500.000000 2675.773926 24 31
4220280.000000 4029500.000000 2484.832031 25 31
4220466.666667 4029500.000000 2288.825195 26 31
4220653.333333 4029500.000000 2087.285889 27 31
4220840.000000 4029500.000000 1879.550415 28 31
4221026.666667 4029500.000000 1668.079590 29 31
4221213.333333 4029500.000000 1454.942871 30 31
4221400.000000 4029500.000000 1241.197754 31 31
4215800.000000 4029850.000000 7208.634766 1 32
4215986.666667 4029850.000000 6983.619141 2 32
4216173.333333 4029850.000000 6752.937988 3 32
4216360.000000 4029850.000000 6519.713867 4 32
4216546.666667 4029850.000000 6299.049805 5 32
4216733.333333 4029850.000000 6108.963867 6 32
4216920.000000 4029850.000000 5959.890137 7 32
4217106.666667 4029850.000000 5870.203613 8 32
4217293.333333 4029850.000000 5815.793457 9 32
4217480.000000 4029850.000000 5735.754395 10 32
4217666.666667 4029850.000000 5615.625000 11 32
4217853.333333 4029850.000000 5449.986816 12 32
4218040.000000 4029850.000000 5163.744141 13 32
4218226.666667 4029850.000000 4800.667969 14 32
4218413.333333 4029850.000000 4477.782227 15 32
4218600.000000 4029850.000000 4202.024902 16 32
4218786.666667 4029850.000000 3956.639160 17 32
4218973.333333 4029850.000000 3734.563477 18 32
4219160.000000 4029850.000000 3534.280762 19 32
4219346.666667 4029850.000000 3348.142578 20 32
4219533.333333 4029850.000000 3167.877686 21 32
4219720.000000 4029850.000000 2989.131348 22 32
4219906.666667 4029850.000000 2807.145264 23 32
4220093.333333 4029850.000000 2619.931152 24 32
4220280.000000 4029850.000000 2428.667480 25 32
4220466.666667 4029850.000000 2232.726563 26 32
4220653.333333 4029850.000000 2031.744141 27 32
4220840.000000 4029850.000000 1825.595459 28 32
4221026.666667 4029850.000000 1616.776123 29 32
4221213.333333 4029850.000000 1406.340820 30 32
4221400.000000 4029850.000000 1195.354858 31 32
4215800.000000 4030200.000000 7153.175781 1 33
4215986.666667 4030200.000000 6930.025879 2 33
4216173.333333 4030200.000000 6701.789551 3 33
4216360.000000 4030200.000000 6472.109375 4 33
4216546.666667 4030200.000000 6255.125488 5 33
4216733.333333 4030200.000000 6066.983398 6 33
4216920.000000 4030200.000000 5915.472656 7 33
4217106.666667 4030200.000000 5810.148926 8 33
4217293.333333 4030200.000000 5737.235352 9 33
4217480.000000 4030200.000000 5662.873047 10 33
4217666.666667 4030200.000000 5578.752930 11 33
4217853.333333 4030200.000000 5461.972656 12 33
4218040.000000 4030200.000000 5222.096191 13 33
4218226.666667 4030200.000000 4877.287598 14 33
4218413.333333 4030200.000000 4539.022461 15 33
4218600.000000 4030200.000000 4235.863281 16 33
4218786.666667 4030200.000000 3965.258301 17 33
4218973.333333 4030200.000000 3723.682617 18 33
4219160.000000 4030200.000000 3508.973633 19 33
4219346.666667 4030200.000000 3313.041748 20 33
4219533.333333 4030200.000000 3124.812256 21 33
4219720.000000 4030200.000000 2940.394775 22 33
4219906.666667 4030200.000000 2754.497314 23 33
4220093.333333 4030200.000000 2565.025391 24 33
4220280.000000 4030200.000000 2372.296387 25 33
4220466.666667 4030200.000000 2176.301758 26 33
4220653.333333 4030200.000000 1976.286499 27 33
4220840.000000 4030200.000000 1771.672363 28 33
4221026.666667 4030200.000000 1564.972412 29 33
4221213.333333 4030200.000000 1357.216675 30 33
4221400.000000 4030200.000000 1148.972778 31 33
4215800.000000 4030550.000000 7095.904297 1 34
4215986.666667 4030550.000000 6875.079102 2 34
4216173.333333 4030550.000000 6651.711426 3 34
4216360.000000 4030550.000000 6428.437500 4 34
4216546.666667 4030550.000000 6216.405762 5 34
4216733.333333 4030550.000000 6029.303711 6 34
4216920.000000 4030550.000000 5871.575684 7 34
4217106.666667 4030550.000000 5745.082520 8 34
4217293.333333 4030550.000000 5638.807617 9 34
4217480.000000 4030550.000000 5533.758789 10 34
4217666.666667 4030550.000000 5420.848633 11 34
4217853.333333 4030550.000000 5282.092773 12 34
4218040.000000 4030550.000000 5074.758789 13 34
4218226.666667 4030550.000000 4802.333008 14 34
4218413.333333 4030550.000000 4508.519531 15 34
4218600.000000 4030550.000000 4218.455566 16 34
4218786.666667 4030550.000000 3946.749268 17 34
4218973.333333 4030550.000000 3699.371338 18 34
4219160.000000 4030550.000000 3478.181152 19 34
4219346.666667 4030550.000000 3276.064209 20 34
4219533.333333 4030550.000000 3082.257324 21 34
4219720.000000 4030550.000000 2892.424316 22 34
4219906.666667 4030550.000000 2702.843750 23 34
4220093.333333 4030550.000000 2510.903320 24 34
4220280.000000 4030550.000000 2317.038818 25 34
4220466.666667 4030550.000000 2120.396729 26 34
4220653.333333 4030550.000000 1920.795044 27 34
4220840.000000 4030550.000000 1717.195313 28 34
4221026.666667 4030550.000000 1513.090942 29 34
4221213.333333 4030550.000000 1307.514282 30 34
4221400.000000 4030550.000000 1102.496460 31 34
4215800.000000 4030900.000000 7036.250000 1 35
4215986.666667 4030900.000000 6819.191895 2 35
4216173.333333 4030900.000000 6601.604492 3 35
4216360.000000 4030900.000000 6386.108887 4 35
4216546.666667 4030900.000000 6179.805176 5 35
4216733.333333 4030900.000000 5992.853516 6 35
4216920.000000 4030900.000000 5827.633789 7 35
4217106.666667 4030900.000000 5678.421875 8 35
4217293.333333 4030900.000000 5533.097656 9 35
4217480.000000 4030900.000000 5383.508789 10 35
4217666.666667 4030900.000000 5221.750488 11 35
4217853.333333 4030900.000000 5042.735840 12 35
4218040.000000 4030900.000000 4852.867676 13 35
4218226.666667 4030900.000000 4647.044922 14 35
4218413.333333 4030900.000000 4409.053711 15 35
4218600.000000 4030900.000000 4151.651367 16 35
4218786.666667 4030900.000000 3895.476074 17 35
4218973.333333 4030900.000000 3655.970703 18 35
4219160.000000 4030900.000000 3437.612549 19 35
4219346.666667 4030900.000000 3234.555420 20 35
4219533.333333 4030900.000000 3037.769531 21 35
4219720.000000 4030900.000000 2843.846924 22 35
4219906.666667 4030900.000000 2651.357422 23 35
4220093.333333 4030900.000000 2457.271240 24 35
4220280.000000 4030900.000000 2261.692871 25 35
4220466.666667 4030900.000000 2064.361816 26 35
4220653.333333 4030900.000000 1865.162842 27 35
4220840.000000 4030900.000000 1663.070801 28 35
4221026.666667 4030900.000000 1460.577637 29 35
4221213.333333 4030900.000000 1257.677124 30 35
4221400.000000 4030900.000000 1054.897217 31 35
4215800.000000 4031250.000000 6976.164551 1 36
4215986.666667 4031250.000000 6763.312500 2 36
4216173.333333 4031250.000000 6551.436523 3 36
4216360.000000 4031250.000000 6342.110840 4 36
4216546.666667 4031250.000000 6140.401855 5 36
4216733.333333 4031250.000000 5952.873535 6 36
4216920.000000 4031250.000000 5778.224121 7 36
4217106.666667 4031250.000000 5608.452148 8 36
4217293.333333 4031250.000000 5434.144531 9 36
4217480.000000 4031250.000000 5250.621582 10 36
4217666.666667 4031250.000000 5056.736328 11 36
4217853.333333 4031250.000000 4856.323242 12 36
4218040.000000 4031250.000000 4672.142090 13 36
4218226.666667 4031250.000000 4493.825684 14 36
4218413.333333 4031250.000000 4289.270996 15 36
4218600.000000 4031250.000000 4061.783203 16 36
4218786.666667 4031250.000000 3827.206543 17 36
4218973.333333 4031250.000000 3601.866699 18 36
4219160.000000 4031250.000000 3390.946777 19 36
4219346.666667 4031250.000000 3189.072021 20 36
4219533.333333 4031250.000000 2990.865234 21 36
4219720.000000 4031250.000000 2794.690918 22 36
4219906.666667 4031250.000000 2599.650391 23 36
4220093.333333 4031250.000000 2403.348633 24 36
4220280.000000 4031250.000000 2206.525635 25 36
4220466.666667 4031250.000000 2009.026001 26 36
4220653.333333 4031250.000000 1809.771240 27 36
4220840.000000 4031250.000000 1608.719482 28 36
4221026.666667 4031250.000000 1407.855591 29 36
4221213.333333 4031250.000000 1206.659546 30 36
4221400.000000 4031250.000000 1006.120972 31 36
4215800.000000 4031600.000000 6915.136719 1 37
4215986.666667 4031600.000000 6706.954102 2 37
4216173.333333 4031600.000000 6500.222168 3 37
4216360.000000 4031600.000000 6295.991211 4 37
4216546.666667 4031600.000000 6097.811523 5 37
4216733.333333 4031600.000000 5908.654785 6 37
4216920.000000 4031600.000000 5726.035645 7 37
4217106.666667 4031600.000000 5543.139160 8 37
4217293.333333 4031600.000000 5352.217285 9 37
4217480.000000 4031600.000000 5153.621094 10 37
4217666.666667 4031600.000000 4952.980957 11 37
4217853.333333 4031600.000000 4755.792480 12 37
4218040.000000 4031600.000000 4569.823730 13 37
4218226.666667 4031600.000000 4384.706543 14 37
4218413.333333 4031600.000000 4186.199219 15 37
4218600.000000 4031600.000000 3975.172119 16 37
4218786.666667 4031600.000000 3759.847412 17 37
4218973.333333 4031600.000000 3548.011230 18 37
4219160.000000 4031600.000000 3342.770508 19 37
4219346.666667 4031600.000000 3141.264160 20 37
4219533.333333 4031600.000000 2942.070557 21 37
4219720.000000 4031600.000000 2744.028564 22 37
4219906.666667 4031600.000000 2546.882080 23 37
4220093.333333 4031600.000000 2348.880859 24 37
4220280.000000 4031600.000000 2151.379883 25 37
4220466.666667 4031600.000000 1953.285645 26 37
4220653.333333 4031600.000000 1754.533936 27 37
4220840.000000 4031600.000000 1554.577271 28 37
4221026.666667 4031600.000000 1354.892456 29 37
4221213.333333 4031600.000000 1155.422607 30 37
4221400.000000 4031600.000000 956.652649 31 37
4215800.000000 4031950.000000 6853.679688 1 38
4215986.666667 4031950.000000 6649.630371 2 38
4216173.333333 4031950.000000 6447.487793 3 38
4216360.000000 4031950.000000 6247.321289 4 38
4216546.666667 4031950.000000 6051.638184 5 38
4216733.333333 4031950.000000 5861.885254 6 38
4216920.000000 4031950.000000 5675.445313 7 38
4217106.666667 4031950.000000 5486.277832 8 38
4217293.333333 4031950.000000 5289.378906 9 38
4217480.000000 4031950.000000 5088.559570 10 38
4217666.666667 4031950.000000 4891.038574 11 38
4217853.333333 4031950.000000 4700.916504 12 38
4218040.000000 4031950.000000 4508.474609 13 38
4218226.666667 4031950.000000 4308.185547 14 38
4218413.333333 4031950.000000 4105.672852 15 38
4218600.000000 4031950.000000 3903.249023 16 38
4218786.666667 4031950.000000 3700.765381 17 38
4218973.333333 4031950.000000 3497.613525 18 38
4219160.000000 4031950.000000 3294.559570 19 38
4219346.666667 4031950.000000 3092.322998 20 38
4219533.333333 4031950.000000 2891.506592 21 38
4219720.000000 4031950.000000 2692.051270 22 38
4219906.666667 4031950.000000 2493.328125 23 38
4220093.333333 4031950.000000 2294.211914 24 38
4220280.000000 4031950.000000 2095.640137 25 38
4220466.666667 4031950.000000 1897.552002 26 38
4220653.333333 4031950.000000 1698.890381 27 38
4220840.000000 4031950.000000 1499.597778 28 38
4221026.666667 4031950.000000 1301.136719 29 38
4221213.333333 4031950.000000 1103.439087 30 38
4221400.000000 4031950.000000 905.956482 31 38
4215800.000000 4032300.000000 6792.331543 1 39
4215986.666667 4032300.000000 6591.885254 2 39
4216173.333333 4032300.000000 6392.796875 3 39
4216360.000000 4032300.000000 6195.655273 4 39
4216546.666667 4032300.000000 6001.463867 5 39
4216733.333333 4032300.000000 5810.646973 6 39
4216920.000000 4032300.000000 5622.057617 7 39
4217106.666667 4032300.000000 5431.011230 8 39
4217293.333333 4032300.000000 5234.851563 9 39
4217480.000000 4032300.000000 5036.852051 10 39
4217666.666667 4032300.000000 4842.527344 11 39
4217853.333333 4032300.000000 4653.118652 12 39
4218040.000000 4032300.000000 4455.490723 13 39
4218226.666667 4032300.000000 4248.093262 14 39
4218413.333333 4032300.000000 4043.475098 15 39
4218600.000000 4032300.000000 3844.308594 16 39
4218786.666667 4032300.000000 3646.625244 17 39
4218973.333333 4032300.000000 3446.307129 18 39
4219160.000000 4032300.000000 3243.687500 19 39
4219346.666667 4032300.000000 3041.036377 20 39
4219533.333333 4032300.000000 2839.012451 21 39
4219720.000000 4032300.000000 2638.646240 22 39
4219906.666667 4032300.000000 2438.912109 23 39
4220093.333333 4032300.000000 2239.290283 24 39
4220280.000000 4032300.000000 2040.270264 25 39
4220466.666667 4032300.000000 1841.287109 26 39
4220653.333333 4032300.000000 1642.305298 27 39
4220840.000000 4032300.000000 1444.256470 28 39
4221026.666667 4032300.000000 1247.076416 29 39
4221213.333333 4032300.000000 1050.189697 30 39
4221400.000000 4032300.000000 854.034912 31 39
4215800.000000 4032650.000000 6730.655762 1 40
4215986.666667 4032650.000000 6533.276367 2 40
4216173.333333 4032650.000000 6336.731445 3 40
4216360.000000 4032650.000000 6141.582031 4 40
4216546.666667 4032650.000000 5947.873535 5 40
4216733.333333 4032650.000000 5756.532715 6 40
4216920.000000 4032650.000000 5565.407715 7 40
4217106.666667 4032650.000000 5373.760254 8 40
4217293.333333 4032650.000000 5179.851563 9 40
4217480.000000 4032650.000000 4984.928711 10 40
4217666.666667 4032650.000000 4791.120117 11 40
4217853.333333 4032650.000000 4597.483398 12 40
4218040.000000 4032650.000000 4398.149414 13 40
4218226.666667 4032650.000000 4193.092285 14 40
4218413.333333 4032650.000000 3991.059082 15 40
4218600.000000 4032650.000000 3791.898926 16 40
4218786.666667 4032650.000000 3593.971436 17 40
4218973.333333 4032650.000000 3393.609863 18 40
4219160.000000 4032650.000000 3190.667725 19 40
4219346.666667 4032650.000000 2987.445068 20 40
4219533.333333 4032650.000000 2785.148926 21 40
4219720.000000 4032650.000000 2583.887695 22 40
4219906.666667 4032650.000000 2383.717773 23 40
4220093.333333 4032650.000000 2183.681396 24 40
4220280.000000 4032650.000000 1983.792114 25 40
4220466.666667 4032650.000000 1784.516968 26 40
4220653.333333 4032650.000000 1585.793945 27 40
4220840.000000 4032650.000000 1388.552368 28 40
4221026.666667 4032650.000000 1192.222412 29 40
4221213.333333 4032650.000000 996.196716 30 40
4221400.000000 4032650.000000 800.895081 31 40
4215800.000000 4033000.000000 6668.223145 1 41
4215986.666667 4033000.000000 6473.380371 2 41
4216173.333333 4033000.000000 6278.826172 3 41
4216360.000000 4033000.000000 6085.176270 4 41
4216546.666667 4033000.000000 5892.469727 5 41
4216733.333333 4033000.000000 5701.166504 6 41
4216920.000000 4033000.000000 5509.599121 7 41
4217106.666667 4033000.000000 5317.539551 8 41
4217293.333333 4033000.000000 5124.709961 9 41
4217480.000000 4033000.000000 4931.808105 10 41
4217666.666667 4033000.000000 4738.509277 11 41
4217853.333333 4033000.000000 4543.483887 12 41
4218040.000000 4033000.000000 4345.498047 13 41
4218226.666667 4033000.000000 4143.991699 14 41
4218413.333333 4033000.000000 3942.588623 15 41
4218600.000000 4033000.000000 3741.978516 16 41
4218786.666667 4033000.000000 3541.913330 17 41
4218973.333333 4033000.000000 3340.209961 18 41
4219160.000000 4033000.000000 3136.719727 19 41
4219346.666667 4033000.000000 2933.269531 20 41
4219533.333333 4033000.000000 2730.115723 21 41
4219720.000000 4033000.000000 2528.433105 22 41
4219906.666667 4033000.000000 2327.345703 23 41
4220093.333333 4033000.000000 2126.937744 24 41
4220280.000000 4033000.000000 1926.743164 25 41
4220466.666667 4033000.000000 1727.733276 26 41
4220653.333333 4033000.000000 1529.340820 27 41
4220840.000000 4033000.000000 1332.479980 28 41
4221026.666667 4033000.000000 1136.562256 29 41
4221213.333333 4033000.000000 941.460388 30 41
4221400.000000 4033000.000000 747.580688 31 41
