# Type: scattered data
# Version: 6
# Description: No description
# Format: free
# Field: 1 x
# Field: 2 y
# Field: 3 z undefined
# Field: 4 column
# Field: 5 row
# Projection: Local Rectangular
# Units: undefined
# End:
# Information from grid:
# Grid_size: 42 x 33
# Grid_space: 4212000.000000,4220200.000000,4021100.000000,4033000.000000
# Scattered data: Not_available
# Z_field: z
# Vertical_faults: Not_available
# History: No history
# Z_units: undefined
4212000.000000 4021100.000000 9645.271484 1 1
4212200.000000 4021100.000000 9458.449219 2 1
4212400.000000 4021100.000000 9271.140625 3 1
4212600.000000 4021100.000000 9083.342773 4 1
4212800.000000 4021100.000000 8895.316406 5 1
4213000.000000 4021100.000000 8707.325195 6 1
4213200.000000 4021100.000000 8519.354492 7 1
4213400.000000 4021100.000000 8331.678711 8 1
4213600.000000 4021100.000000 8143.785645 9 1
4213800.000000 4021100.000000 7955.950195 10 1
4214000.000000 4021100.000000 7768.164063 11 1
4214200.000000 4021100.000000 7580.693848 12 1
4214400.000000 4021100.000000 7393.055664 13 1
4214600.000000 4021100.000000 7205.239258 14 1
4214800.000000 4021100.000000 7017.518066 15 1
4215000.000000 4021100.000000 6830.131836 16 1
4215200.000000 4021100.000000 6642.591309 17 1
4215400.000000 4021100.000000 6455.150391 18 1
4215600.000000 4021100.000000 6267.782227 19 1
4215800.000000 4021100.000000 6080.991211 20 1
4216000.000000 4021100.000000 5893.996094 21 1
4216200.000000 4021100.000000 5707.036133 22 1
4216400.000000 4021100.000000 5520.098145 23 1
4216600.000000 4021100.000000 5333.142090 24 1
4216800.000000 4021100.000000 5146.160645 25 1
4217000.000000 4021100.000000 4959.362793 26 1
4217200.000000 4021100.000000 4772.236816 27 1
4217400.000000 4021100.000000 4585.027832 28 1
4217600.000000 4021100.000000 4397.214355 29 1
4217800.000000 4021100.000000 4209.562988 30 1
4218000.000000 4021100.000000 4021.807861 31 1
4218200.000000 4021100.000000 3833.956543 32 1
4218400.000000 4021100.000000 3646.514160 33 1
4218600.000000 4021100.000000 3458.958984 34 1
4218800.000000 4021100.000000 3271.547852 35 1
4219000.000000 4021100.000000 3084.255615 36 1
4219200.000000 4021100.000000 2897.344971 37 1
4219400.000000 4021100.000000 2710.801025 38 1
4219600.000000 4021100.000000 2524.644043 39 1
4219800.000000 4021100.000000 2339.367188 40 1
4220000.000000 4021100.000000 2154.716553 41 1
4220200.000000 4021100.000000 1970.679565 42 1
4212000.000000 4021471.875000 9686.583984 1 2
4212200.000000 4021471.875000 9500.503906 2 2
4212400.000000 4021471.875000 9313.439453 3 2
4212600.000000 4021471.875000 9125.385742 4 2
4212800.000000 4021471.875000 8937.361328 5 2
4213000.000000 4021471.875000 8749.353516 6 2
4213200.000000 4021471.875000 8561.375000 7 2
4213400.000000 4021471.875000 8373.439453 8 2
4213600.000000 4021471.875000 8185.536133 9 2
4213800.000000 4021471.875000 7997.690430 10 2
4214000.000000 4021471.875000 7809.894043 11 2
4214200.000000 4021471.875000 7622.164551 12 2
4214400.000000 4021471.875000 7434.518066 13 2
4214600.000000 4021471.875000 7246.695313 14 2
4214800.000000 4021471.875000 7058.970215 15 2
4215000.000000 4021471.875000 6871.582031 16 2
4215200.000000 4021471.875000 6684.542969 17 2
4215400.000000 4021471.875000 6497.106445 18 2
4215600.000000 4021471.875000 6309.747070 19 2
4215800.000000 4021471.875000 6122.718750 20 2
4216000.000000 4021471.875000 5935.993164 21 2
4216200.000000 4021471.875000 5749.312012 22 2
4216400.000000 4021471.875000 5562.416504 23 2
4216600.000000 4021471.875000 5375.268555 24 2
4216800.000000 4021471.875000 5188.362305 25 2
4217000.000000 4021471.875000 5001.657227 26 2
4217200.000000 4021471.875000 4814.899902 27 2
4217400.000000 4021471.875000 4627.810547 28 2
4217600.000000 4021471.875000 4440.144531 29 2
4217800.000000 4021471.875000 4252.660156 30 2
4218000.000000 4021471.875000 4065.089600 31 2
4218200.000000 4021471.875000 3877.942627 32 2
4218400.000000 4021471.875000 3690.939209 33 2
4218600.000000 4021471.875000 3503.574707 34 2
4218800.000000 4021471.875000 3316.051514 35 2
4219000.000000 4021471.875000 3128.600098 36 2
4219200.000000 4021471.875000 2941.212891 37 2
4219400.000000 4021471.875000 2753.622559 38 2
4219600.000000 4021471.875000 2565.852295 39 2
4219800.000000 4021471.875000 2377.901855 40 2
4220000.000000 4021471.875000 2190.007813 41 2
4220200.000000 4021471.875000 2002.654297 42 2
4212000.000000 4021843.750000 9727.631836 1 3
4212200.000000 4021843.750000 9541.791992 2 3
4212400.000000 4021843.750000 9354.718750 3 3
4212600.000000 4021843.750000 9166.405273 4 3
4212800.000000 4021843.750000 8978.370117 5 3
4213000.000000 4021843.750000 8790.350586 6 3
4213200.000000 4021843.750000 8602.358398 7 3
4213400.000000 4021843.750000 8414.408203 8 3
4213600.000000 4021843.750000 8226.489258 9 3
4213800.000000 4021843.750000 8038.627441 10 3
4214000.000000 4021843.750000 7850.814453 11 3
4214200.000000 4021843.750000 7663.319824 12 3
4214400.000000 4021843.750000 7475.660156 13 3
4214600.000000 4021843.750000 7287.576660 14 3
4214800.000000 4021843.750000 7099.843750 15 3
4215000.000000 4021843.750000 6912.702148 16 3
4215200.000000 4021843.750000 6725.664551 17 3
4215400.000000 4021843.750000 6538.483887 18 3
4215600.000000 4021843.750000 6350.885742 19 3
4215800.000000 4021843.750000 6163.875488 20 3
4216000.000000 4021843.750000 5977.177246 21 3
4216200.000000 4021843.750000 5790.795410 22 3
4216400.000000 4021843.750000 5603.949707 23 3
4216600.000000 4021843.750000 5416.880859 24 3
4216800.000000 4021843.750000 5229.824219 25 3
4217000.000000 4021843.750000 5043.486816 26 3
4217200.000000 4021843.750000 4857.113281 27 3
4217400.000000 4021843.750000 4669.924316 28 3
4217600.000000 4021843.750000 4482.426270 29 3
4217800.000000 4021843.750000 4294.881348 30 3
4218000.000000 4021843.750000 4107.773438 31 3
4218200.000000 4021843.750000 3921.110596 32 3
4218400.000000 4021843.750000 3734.351563 33 3
4218600.000000 4021843.750000 3547.469727 34 3
4218800.000000 4021843.750000 3359.890625 35 3
4219000.000000 4021843.750000 3172.324707 36 3
4219200.000000 4021843.750000 2984.472168 37 3
4219400.000000 4021843.750000 2796.084473 38 3
4219600.000000 4021843.750000 2606.433594 39 3
4219800.000000 4021843.750000 2415.770752 40 3
4220000.000000 4021843.750000 2224.353271 41 3
4220200.000000 4021843.750000 2033.376221 42 3
4212000.000000 4022215.625000 9767.163086 1 4
4212200.000000 4022215.625000 9581.311523 2 4
4212400.000000 4022215.625000 9394.226563 3 4
4212600.000000 4022215.625000 9205.900391 4 4
4212800.000000 4022215.625000 9017.843750 5 4
4213000.000000 4022215.625000 8829.815430 6 4
4213200.000000 4022215.625000 8641.805664 7 4
4213400.000000 4022215.625000 8453.835938 8 4
4213600.000000 4022215.625000 8265.895508 9 4
4213800.000000 4022215.625000 8078.002930 10 4
4214000.000000 4022215.625000 7890.176758 11 4
4214200.000000 4022215.625000 7702.411621 12 4
4214400.000000 4022215.625000 7514.982910 13 4
4214600.000000 4022215.625000 7326.883301 14 4
4214800.000000 4022215.625000 7139.379395 15 4
4215000.000000 4022215.625000 6952.238281 16 4
4215200.000000 4022215.625000 6765.447266 17 4
4215400.000000 4022215.625000 6578.019043 18 4
4215600.000000 4022215.625000 6390.677734 19 4
4215800.000000 4022215.625000 6203.684082 20 4
4216000.000000 4022215.625000 6017.016113 21 4
4216200.000000 4022215.625000 5830.426758 22 4
4216400.000000 4022215.625000 5643.916504 23 4
4216600.000000 4022215.625000 5456.705078 24 4
4216800.000000 4022215.625000 5269.783203 25 4
4217000.000000 4022215.625000 5083.352539 26 4
4217200.000000 4022215.625000 4897.141113 27 4
4217400.000000 4022215.625000 4710.392578 28 4
4217600.000000 4022215.625000 4523.091309 29 4
4217800.000000 4022215.625000 4335.768066 30 4
4218000.000000 4022215.625000 4148.916016 31 4
4218200.000000 4022215.625000 3962.538818 32 4
4218400.000000 4022215.625000 3776.359863 33 4
4218600.000000 4022215.625000 3589.542480 34 4
4218800.000000 4022215.625000 3402.253662 35 4
4219000.000000 4022215.625000 3215.128174 36 4
4219200.000000 4022215.625000 3027.369873 37 4
4219400.000000 4022215.625000 2838.194580 38 4
4219600.000000 4022215.625000 2646.631104 39 4
4219800.000000 4022215.625000 2452.967285 40 4
4220000.000000 4022215.625000 2257.708252 41 4
4220200.000000 4022215.625000 2062.551270 42 4
4212000.000000 4022587.500000 9805.423828 1 5
4212200.000000 4022587.500000 9619.309570 2 5
4212400.000000 4022587.500000 9432.203125 3 5
4212600.000000 4022587.500000 9244.111328 4 5
4212800.000000 4022587.500000 9056.044922 5 5
4213000.000000 4022587.500000 8867.989258 6 5
4213200.000000 4022587.500000 8679.964844 7 5
4213400.000000 4022587.500000 8492.210938 8 5
4213600.000000 4022587.500000 8304.252930 9 5
4213800.000000 4022587.500000 8116.333008 10 5
4214000.000000 4022587.500000 7928.470703 11 5
4214200.000000 4022587.500000 7740.437500 12 5
4214400.000000 4022587.500000 7552.726074 13 5
4214600.000000 4022587.500000 7365.111816 14 5
4214800.000000 4022587.500000 7177.587891 15 5
4215000.000000 4022587.500000 6990.422852 16 5
4215200.000000 4022587.500000 6803.377930 17 5
4215400.000000 4022587.500000 6616.182129 18 5
4215600.000000 4022587.500000 6429.097656 19 5
4215800.000000 4022587.500000 6242.355957 20 5
4216000.000000 4022587.500000 6055.728516 21 5
4216200.000000 4022587.500000 5868.954102 22 5
4216400.000000 4022587.500000 5682.043457 23 5
4216600.000000 4022587.500000 5494.744141 24 5
4216800.000000 4022587.500000 5307.757324 25 5
4217000.000000 4022587.500000 5121.293945 26 5
4217200.000000 4022587.500000 4935.563477 27 5
4217400.000000 4022587.500000 4749.274414 28 5
4217600.000000 4022587.500000 4562.451172 29 5
4217800.000000 4022587.500000 4375.360352 30 5
4218000.000000 4022587.500000 4188.805664 31 5
4218200.000000 4022587.500000 4002.534180 32 5
4218400.000000 4022587.500000 3816.772949 33 5
4218600.000000 4022587.500000 3630.399658 34 5
4218800.000000 4022587.500000 3444.013428 35 5
4219000.000000 4022587.500000 3257.959229 36 5
4219200.000000 4022587.500000 3070.614990 37 5
4219400.000000 4022587.500000 2880.931885 38 5
4219600.000000 4022587.500000 2687.446777 39 5
4219800.000000 4022587.500000 2489.969971 40 5
4220000.000000 4022587.500000 2290.057617 41 5
4220200.000000 4022587.500000 2089.888428 42 5
4212000.000000 4022959.375000 9843.155273 1 6
4212200.000000 4022959.375000 9657.027344 2 6
4212400.000000 4022959.375000 9469.914063 3 6
4212600.000000 4022959.375000 9281.804688 4 6
4212800.000000 4022959.375000 9093.958984 5 6
4213000.000000 4022959.375000 8905.887695 6 6
4213200.000000 4022959.375000 8718.078125 7 6
4213400.000000 4022959.375000 8530.303711 8 6
4213600.000000 4022959.375000 8342.305664 9 6
4213800.000000 4022959.375000 8154.361328 10 6
4214000.000000 4022959.375000 7966.465332 11 6
4214200.000000 4022959.375000 7778.390625 12 6
4214400.000000 4022959.375000 7590.404785 13 6
4214600.000000 4022959.375000 7402.750977 14 6
4214800.000000 4022959.375000 7215.206055 15 6
4215000.000000 4022959.375000 7028.012207 16 6
4215200.000000 4022959.375000 6840.932617 17 6
4215400.000000 4022959.375000 6653.972168 18 6
4215600.000000 4022959.375000 6467.113770 19 6
4215800.000000 4022959.375000 6280.384766 20 6
4216000.000000 4022959.375000 6093.788086 21 6
4216200.000000 4022959.375000 5906.866211 22 6
4216400.000000 4022959.375000 5719.620117 23 6
4216600.000000 4022959.375000 5532.049805 24 6
4216800.000000 4022959.375000 5344.605957 25 6
4217000.000000 4022959.375000 5158.462402 26 6
4217200.000000 4022959.375000 4973.512695 27 6
4217400.000000 4022959.375000 4787.975098 28 6
4217600.000000 4022959.375000 4601.599121 29 6
4217800.000000 4022959.375000 4414.973633 30 6
4218000.000000 4022959.375000 4228.677246 31 6
4218200.000000 4022959.375000 4042.538330 32 6
4218400.000000 4022959.375000 3857.034912 33 6
4218600.000000 4022959.375000 3670.997070 34 6
4218800.000000 4022959.375000 3485.447754 35 6
4219000.000000 4022959.375000 3300.619385 36 6
4219200.000000 4022959.375000 3114.305908 37 6
4219400.000000 4022959.375000 2924.431396 38 6
4219600.000000 4022959.375000 2728.778076 39 6
4219800.000000 4022959.375000 2526.944336 40 6
4220000.000000 4022959.375000 2321.563965 41 6
4220200.000000 4022959.375000 2115.350342 42 6
4212000.000000 4023331.250000 9881.125000 1 7
4212200.000000 4023331.250000 9694.984375 2 7
4212400.000000 4023331.250000 9508.094727 3 7
4212600.000000 4023331.250000 9319.965820 4 7
4212800.000000 4023331.250000 9132.104492 5 7
4213000.000000 4023331.250000 8943.998047 6 7
4213200.000000 4023331.250000 8756.166992 7 7
4213400.000000 4023331.250000 8568.350586 8 7
4213600.000000 4023331.250000 8380.325195 9 7
4213800.000000 4023331.250000 8192.333984 10 7
4214000.000000 4023331.250000 8004.407227 11 7
4214200.000000 4023331.250000 7816.291504 12 7
4214400.000000 4023331.250000 7628.255859 13 7
4214600.000000 4023331.250000 7440.318359 14 7
4214800.000000 4023331.250000 7252.971191 15 7
4215000.000000 4023331.250000 7065.742188 16 7
4215200.000000 4023331.250000 6878.618164 17 7
4215400.000000 4023331.250000 6691.608398 18 7
4215600.000000 4023331.250000 6504.979492 19 7
4215800.000000 4023331.250000 6318.245117 20 7
4216000.000000 4023331.250000 6131.471191 21 7
4216200.000000 4023331.250000 5944.696777 22 7
4216400.000000 4023331.250000 5756.970703 23 7
4216600.000000 4023331.250000 5568.781250 24 7
4216800.000000 4023331.250000 5381.048828 25 7
4217000.000000 4023331.250000 5194.849121 26 7
4217200.000000 4023331.250000 5011.277832 27 7
4217400.000000 4023331.250000 4826.970215 28 7
4217600.000000 4023331.250000 4641.711426 29 7
4217800.000000 4023331.250000 4456.122559 30 7
4218000.000000 4023331.250000 4269.697266 31 7
4218200.000000 4023331.250000 4082.883789 32 7
4218400.000000 4023331.250000 3897.451660 33 7
4218600.000000 4023331.250000 3711.669189 34 7
4218800.000000 4023331.250000 3526.398438 35 7
4219000.000000 4023331.250000 3343.011475 36 7
4219200.000000 4023331.250000 3158.179688 37 7
4219400.000000 4023331.250000 2968.730713 38 7
4219600.000000 4023331.250000 2770.943359 39 7
4219800.000000 4023331.250000 2563.993652 40 7
4220000.000000 4023331.250000 2352.086426 41 7
4220200.000000 4023331.250000 2138.800293 42 7
4212000.000000 4023703.125000 9918.821289 1 8
4212200.000000 4023703.125000 9733.166016 2 8
4212400.000000 4023703.125000 9546.267578 3 8
4212600.000000 4023703.125000 9358.117188 4 8
4212800.000000 4023703.125000 9170.230469 5 8
4213000.000000 4023703.125000 8982.094727 6 8
4213200.000000 4023703.125000 8794.221680 7 8
4213400.000000 4023703.125000 8606.376953 8 8
4213600.000000 4023703.125000 8418.302734 9 8
4213800.000000 4023703.125000 8230.277344 10 8
4214000.000000 4023703.125000 8042.295410 11 8
4214200.000000 4023703.125000 7854.130371 12 8
4214400.000000 4023703.125000 7666.051270 13 8
4214600.000000 4023703.125000 7478.049805 14 8
4214800.000000 4023703.125000 7290.402344 15 8
4215000.000000 4023703.125000 7103.102539 16 8
4215200.000000 4023703.125000 6915.922852 17 8
4215400.000000 4023703.125000 6729.102051 18 8
4215600.000000 4023703.125000 6542.435059 19 8
4215800.000000 4023703.125000 6355.718262 20 8
4216000.000000 4023703.125000 6169.055176 21 8
4216200.000000 4023703.125000 5982.554688 22 8
4216400.000000 4023703.125000 5794.767578 23 8
4216600.000000 4023703.125000 5605.926758 24 8
4216800.000000 4023703.125000 5417.374023 25 8
4217000.000000 4023703.125000 5230.325195 26 8
4217200.000000 4023703.125000 5046.212402 27 8
4217400.000000 4023703.125000 4864.830566 28 8
4217600.000000 4023703.125000 4684.167480 29 8
4217800.000000 4023703.125000 4501.451172 30 8
4218000.000000 4023703.125000 4314.698730 31 8
4218200.000000 4023703.125000 4124.268555 32 8
4218400.000000 4023703.125000 3934.515869 33 8
4218600.000000 4023703.125000 3747.988037 34 8
4218800.000000 4023703.125000 3566.041992 35 8
4219000.000000 4023703.125000 3385.886963 36 8
4219200.000000 4023703.125000 3203.036621 37 8
4219400.000000 4023703.125000 3013.454346 38 8
4219600.000000 4023703.125000 2812.624023 39 8
4219800.000000 4023703.125000 2600.318604 40 8
4220000.000000 4023703.125000 2381.890137 41 8
4220200.000000 4023703.125000 2160.798096 42 8
4212000.000000 4024075.000000 9956.763672 1 9
4212200.000000 4024075.000000 9771.094727 2 9
4212400.000000 4024075.000000 9584.419922 3 9
4212600.000000 4024075.000000 9396.255859 4 9
4212800.000000 4024075.000000 9208.334961 5 9
4213000.000000 4024075.000000 9020.175781 6 9
4213200.000000 4024075.000000 8832.267578 7 9
4213400.000000 4024075.000000 8644.374023 8 9
4213600.000000 4024075.000000 8456.264648 9 9
4213800.000000 4024075.000000 8268.182617 10 9
4214000.000000 4024075.000000 8080.156738 11 9
4214200.000000 4024075.000000 7891.934082 12 9
4214400.000000 4024075.000000 7703.783203 13 9
4214600.000000 4024075.000000 7515.720215 14 9
4214800.000000 4024075.000000 7327.738281 15 9
4215000.000000 4024075.000000 7140.114258 16 9
4215200.000000 4024075.000000 6953.089355 17 9
4215400.000000 4024075.000000 6766.449219 18 9
4215600.000000 4024075.000000 6579.734863 19 9
4215800.000000 4024075.000000 6393.078125 20 9
4216000.000000 4024075.000000 6206.620117 21 9
4216200.000000 4024075.000000 6020.527344 22 9
4216400.000000 4024075.000000 5833.148926 23 9
4216600.000000 4024075.000000 5644.689941 24 9
4216800.000000 4024075.000000 5456.135742 25 9
4217000.000000 4024075.000000 5268.493164 26 9
4217200.000000 4024075.000000 5083.687012 27 9
4217400.000000 4024075.000000 4907.278809 28 9
4217600.000000 4024075.000000 4735.358887 29 9
4217800.000000 4024075.000000 4557.809082 30 9
4218000.000000 4024075.000000 4370.522949 31 9
4218200.000000 4024075.000000 4173.833496 32 9
4218400.000000 4024075.000000 3974.079590 33 9
4218600.000000 4024075.000000 3784.604248 34 9
4218800.000000 4024075.000000 3607.252441 35 9
4219000.000000 4024075.000000 3431.259277 36 9
4219200.000000 4024075.000000 3250.016602 37 9
4219400.000000 4024075.000000 3059.061768 38 9
4219600.000000 4024075.000000 2854.846436 39 9
4219800.000000 4024075.000000 2636.750732 40 9
4220000.000000 4024075.000000 2411.556885 41 9
4220200.000000 4024075.000000 2182.462158 42 9
4212000.000000 4024446.875000 9994.942383 1 10
4212200.000000 4024446.875000 9809.510742 2 10
4212400.000000 4024446.875000 9622.576172 3 10
4212600.000000 4024446.875000 9434.381836 4 10
4212800.000000 4024446.875000 9246.441406 5 10
4213000.000000 4024446.875000 9058.242188 6 10
4213200.000000 4024446.875000 8870.304688 7 10
4213400.000000 4024446.875000 8682.370117 8 10
4213600.000000 4024446.875000 8494.206055 9 10
4213800.000000 4024446.875000 8306.079102 10 10
4214000.000000 4024446.875000 8117.986816 11 10
4214200.000000 4024446.875000 7929.707031 12 10
4214400.000000 4024446.875000 7741.231445 13 10
4214600.000000 4024446.875000 7552.825195 14 10
4214800.000000 4024446.875000 7364.506348 15 10
4215000.000000 4024446.875000 7176.768555 16 10
4215200.000000 4024446.875000 6989.892578 17 10
4215400.000000 4024446.875000 6803.401855 18 10
4215600.000000 4024446.875000 6616.912598 19 10
4215800.000000 4024446.875000 6430.339844 20 10
4216000.000000 4024446.875000 6244.184082 21 10
4216200.000000 4024446.875000 6058.907227 22 10
4216400.000000 4024446.875000 5872.669434 23 10
4216600.000000 4024446.875000 5686.167480 24 10
4216800.000000 4024446.875000 5500.473633 25 10
4217000.000000 4024446.875000 5317.013184 26 10
4217200.000000 4024446.875000 5137.814453 27 10
4217400.000000 4024446.875000 4969.012695 28 10
4217600.000000 4024446.875000 4804.786621 29 10
4217800.000000 4024446.875000 4632.460938 30 10
4218000.000000 4024446.875000 4445.888672 31 10
4218200.000000 4024446.875000 4245.360352 32 10
4218400.000000 4024446.875000 4038.684326 33 10
4218600.000000 4024446.875000 3843.399414 34 10
4218800.000000 4024446.875000 3662.643311 35 10
4219000.000000 4024446.875000 3483.864258 36 10
4219200.000000 4024446.875000 3300.236328 37 10
4219400.000000 4024446.875000 3106.078857 38 10
4219600.000000 4024446.875000 2897.222168 39 10
4219800.000000 4024446.875000 2673.436279 40 10
4220000.000000 4024446.875000 2442.038086 41 10
4220200.000000 4024446.875000 2205.520020 42 10
4212000.000000 4024818.750000 10033.130859 1 11
4212200.000000 4024818.750000 9847.686523 2 11
4212400.000000 4024818.750000 9660.727539 3 11
4212600.000000 4024818.750000 9472.268555 4 11
4212800.000000 4024818.750000 9284.292969 5 11
4213000.000000 4024818.750000 9096.320313 6 11
4213200.000000 4024818.750000 8908.337891 7 11
4213400.000000 4024818.750000 8720.369141 8 11
4213600.000000 4024818.750000 8532.155273 9 11
4213800.000000 4024818.750000 8343.965820 10 11
4214000.000000 4024818.750000 8155.817871 11 11
4214200.000000 4024818.750000 7967.455078 12 11
4214400.000000 4024818.750000 7778.650879 13 11
4214600.000000 4024818.750000 7589.894043 14 11
4214800.000000 4024818.750000 7401.200684 15 11
4215000.000000 4024818.750000 7213.333496 16 11
4215200.000000 4024818.750000 7026.324707 17 11
4215400.000000 4024818.750000 6840.231445 18 11
4215600.000000 4024818.750000 6654.445801 19 11
4215800.000000 4024818.750000 6468.487305 20 11
4216000.000000 4024818.750000 6282.656738 21 11
4216200.000000 4024818.750000 6097.550293 22 11
4216400.000000 4024818.750000 5912.907227 23 11
4216600.000000 4024818.750000 5729.422363 24 11
4216800.000000 4024818.750000 5548.891113 25 11
4217000.000000 4024818.750000 5373.281738 26 11
4217200.000000 4024818.750000 5204.675293 27 11
4217400.000000 4024818.750000 5044.677246 28 11
4217600.000000 4024818.750000 4886.306152 29 11
4217800.000000 4024818.750000 4718.819824 30 11
4218000.000000 4024818.750000 4535.574707 31 11
4218200.000000 4024818.750000 4334.936523 32 11
4218400.000000 4024818.750000 4125.635254 33 11
4218600.000000 4024818.750000 3923.131348 34 11
4218800.000000 4024818.750000 3730.749756 35 11
4219000.000000 4024818.750000 3542.235596 36 11
4219200.000000 4024818.750000 3351.982910 37 11
4219400.000000 4024818.750000 3153.326416 38 11
4219600.000000 4024818.750000 2939.700928 39 11
4219800.000000 4024818.750000 2711.168701 40 11
4220000.000000 4024818.750000 2474.667480 41 11
4220200.000000 4024818.750000 2232.069092 42 11
4212000.000000 4025190.625000 10071.326172 1 12
4212200.000000 4025190.625000 9885.862305 2 12
4212400.000000 4025190.625000 9698.645508 3 12
4212600.000000 4025190.625000 9510.408203 4 12
4212800.000000 4025190.625000 9322.165039 5 12
4213000.000000 4025190.625000 9134.152344 6 12
4213200.000000 4025190.625000 8946.142578 7 12
4213400.000000 4025190.625000 8758.373047 8 12
4213600.000000 4025190.625000 8570.119141 9 12
4213800.000000 4025190.625000 8381.871094 10 12
4214000.000000 4025190.625000 8193.647461 11 12
4214200.000000 4025190.625000 8005.210938 12 12
4214400.000000 4025190.625000 7816.049805 13 12
4214600.000000 4025190.625000 7626.675293 14 12
4214800.000000 4025190.625000 7437.603027 15 12
4215000.000000 4025190.625000 7249.580078 16 12
4215200.000000 4025190.625000 7062.908691 17 12
4215400.000000 4025190.625000 6877.413574 18 12
4215600.000000 4025190.625000 6692.559570 19 12
4215800.000000 4025190.625000 6507.655762 20 12
4216000.000000 4025190.625000 6322.109375 21 12
4216200.000000 4025190.625000 6136.910645 22 12
4216400.000000 4025190.625000 5952.700684 23 12
4216600.000000 4025190.625000 5771.053223 24 12
4216800.000000 4025190.625000 5594.235352 25 12
4217000.000000 4025190.625000 5425.006836 26 12
4217200.000000 4025190.625000 5266.199219 27 12
4217400.000000 4025190.625000 5115.775879 28 12
4217600.000000 4025190.625000 4963.561035 29 12
4217800.000000 4025190.625000 4801.770996 30 12
4218000.000000 4025190.625000 4627.139160 31 12
4218200.000000 4025190.625000 4427.761230 32 12
4218400.000000 4025190.625000 4213.748535 33 12
4218600.000000 4025190.625000 4005.449463 34 12
4218800.000000 4025190.625000 3800.973633 35 12
4219000.000000 4025190.625000 3600.248047 36 12
4219200.000000 4025190.625000 3402.278076 37 12
4219400.000000 4025190.625000 3199.286865 38 12
4219600.000000 4025190.625000 2982.430664 39 12
4219800.000000 4025190.625000 2750.910889 40 12
4220000.000000 4025190.625000 2511.188721 41 12
4220200.000000 4025190.625000 2264.859375 42 12
4212000.000000 4025562.500000 10109.525391 1 13
4212200.000000 4025562.500000 9923.810547 2 13
4212400.000000 4025562.500000 9736.829102 3 13
4212600.000000 4025562.500000 9548.573242 4 13
4212800.000000 4025562.500000 9360.297852 5 13
4213000.000000 4025562.500000 9172.264648 6 13
4213200.000000 4025562.500000 8984.211914 7 13
4213400.000000 4025562.500000 8796.410156 8 13
4213600.000000 4025562.500000 8608.349609 9 13
4213800.000000 4025562.500000 8420.052734 10 13
4214000.000000 4025562.500000 8231.756836 11 13
4214200.000000 4025562.500000 8042.975098 12 13
4214400.000000 4025562.500000 7853.214355 13 13
4214600.000000 4025562.500000 7662.958496 14 13
4214800.000000 4025562.500000 7473.219727 15 13
4215000.000000 4025562.500000 7285.013672 16 13
4215200.000000 4025562.500000 7099.141113 17 13
4215400.000000 4025562.500000 6914.956055 18 13
4215600.000000 4025562.500000 6731.439453 19 13
4215800.000000 4025562.500000 6547.464355 20 13
4216000.000000 4025562.500000 6362.299316 21 13
4216200.000000 4025562.500000 6176.352051 22 13
4216400.000000 4025562.500000 5990.542969 23 13
4216600.000000 4025562.500000 5806.690430 24 13
4216800.000000 4025562.500000 5627.642090 25 13
4217000.000000 4025562.500000 5458.719727 26 13
4217200.000000 4025562.500000 5305.720215 27 13
4217400.000000 4025562.500000 5166.715820 28 13
4217600.000000 4025562.500000 5019.644531 29 13
4217800.000000 4025562.500000 4862.367188 30 13
4218000.000000 4025562.500000 4707.249023 31 13
4218200.000000 4025562.500000 4510.351563 32 13
4218400.000000 4025562.500000 4288.658691 33 13
4218600.000000 4025562.500000 4085.870605 34 13
4218800.000000 4025562.500000 3871.020996 35 13
4219000.000000 4025562.500000 3656.162354 36 13
4219200.000000 4025562.500000 3448.889160 37 13
4219400.000000 4025562.500000 3242.351318 38 13
4219600.000000 4025562.500000 3025.020996 39 13
4219800.000000 4025562.500000 2794.121826 40 13
4220000.000000 4025562.500000 2553.827393 41 13
4220200.000000 4025562.500000 2306.872314 42 13
4212000.000000 4025934.375000 10147.751953 1 14
4212200.000000 4025934.375000 9962.020508 2 14
4212400.000000 4025934.375000 9775.027344 3 14
4212600.000000 4025934.375000 9586.762695 4 14
4212800.000000 4025934.375000 9398.465820 5 14
4213000.000000 4025934.375000 9210.399414 6 14
4213200.000000 4025934.375000 9022.324219 7 14
4213400.000000 4025934.375000 8834.476563 8 14
4213600.000000 4025934.375000 8646.378906 9 14
4213800.000000 4025934.375000 8458.267578 10 14
4214000.000000 4025934.375000 8269.910156 11 14
4214200.000000 4025934.375000 8081.036621 12 14
4214400.000000 4025934.375000 7890.653809 13 14
4214600.000000 4025934.375000 7699.255859 14 14
4214800.000000 4025934.375000 7508.343262 15 14
4215000.000000 4025934.375000 7319.428711 16 14
4215200.000000 4025934.375000 7134.812012 17 14
4215400.000000 4025934.375000 6952.365234 18 14
4215600.000000 4025934.375000 6770.315430 19 14
4215800.000000 4025934.375000 6587.330566 20 14
4216000.000000 4025934.375000 6402.528809 21 14
4216200.000000 4025934.375000 6215.117188 22 14
4216400.000000 4025934.375000 6024.483398 23 14
4216600.000000 4025934.375000 5831.543457 24 14
4216800.000000 4025934.375000 5640.368652 25 14
4217000.000000 4025934.375000 5460.387207 26 14
4217200.000000 4025934.375000 5307.354492 27 14
4217400.000000 4025934.375000 5186.920898 28 14
4217600.000000 4025934.375000 5040.604980 29 14
4217800.000000 4025934.375000 4872.089844 30 14
4218000.000000 4025934.375000 4743.192383 31 14
4218200.000000 4025934.375000 4546.528809 32 14
4218400.000000 4025934.375000 4324.184570 33 14
4218600.000000 4025934.375000 4161.728027 34 14
4218800.000000 4025934.375000 3941.545410 35 14
4219000.000000 4025934.375000 3710.234863 36 14
4219200.000000 4025934.375000 3493.076416 37 14
4219400.000000 4025934.375000 3284.804932 38 14
4219600.000000 4025934.375000 3069.574219 39 14
4219800.000000 4025934.375000 2841.617188 40 14
4220000.000000 4025934.375000 2604.315918 41 14
4220200.000000 4025934.375000 2359.820801 42 14
4212000.000000 4026306.250000 10185.994141 1 15
4212200.000000 4026306.250000 10000.265625 2 15
4212400.000000 4026306.250000 9813.261719 3 15
4212600.000000 4026306.250000 9624.975586 4 15
4212800.000000 4026306.250000 9436.670898 5 15
4213000.000000 4026306.250000 9248.583008 6 15
4213200.000000 4026306.250000 9060.473633 7 15
4213400.000000 4026306.250000 8872.603516 8 15
4213600.000000 4026306.250000 8684.707031 9 15
4213800.000000 4026306.250000 8496.552734 10 15
4214000.000000 4026306.250000 8308.119141 11 15
4214200.000000 4026306.250000 8119.166992 12 15
4214400.000000 4026306.250000 7927.919922 13 15
4214600.000000 4026306.250000 7735.368652 14 15
4214800.000000 4026306.250000 7543.272949 15 15
4215000.000000 4026306.250000 7353.887695 16 15
4215200.000000 4026306.250000 7170.240234 17 15
4215400.000000 4026306.250000 6989.692871 18 15
4215600.000000 4026306.250000 6809.488281 19 15
4215800.000000 4026306.250000 6627.771973 20 15
4216000.000000 4026306.250000 6443.941895 21 15
4216200.000000 4026306.250000 6255.130859 22 15
4216400.000000 4026306.250000 6055.584473 23 15
4216600.000000 4026306.250000 5844.551758 24 15
4216800.000000 4026306.250000 5629.360352 25 15
4217000.000000 4026306.250000 5424.186035 26 15
4217200.000000 4026306.250000 5259.914551 27 15
4217400.000000 4026306.250000 5173.968750 28 15
4217600.000000 4026306.250000 5026.473633 29 15
4217800.000000 4026306.250000 4815.098145 30 15
4218000.000000 4026306.250000 4678.539551 31 15
4218200.000000 4026306.250000 4469.910645 32 15
4218400.000000 4026306.250000 4284.329102 33 15
4218600.000000 4026306.250000 4206.825195 34 15
4218800.000000 4026306.250000 3996.523682 35 15
4219000.000000 4026306.250000 3753.363037 36 15
4219200.000000 4026306.250000 3531.700684 37 15
4219400.000000 4026306.250000 3325.761719 38 15
4219600.000000 4026306.250000 3115.271729 39 15
4219800.000000 4026306.250000 2892.739746 40 15
4220000.000000 4026306.250000 2661.426270 41 15
4220200.000000 4026306.250000 2423.203125 42 15
4212000.000000 4026678.125000 10224.025391 1 16
4212200.000000 4026678.125000 10038.541992 2 16
4212400.000000 4026678.125000 9851.274414 3 16
4212600.000000 4026678.125000 9663.236328 4 16
4212800.000000 4026678.125000 9474.912109 5 16
4213000.000000 4026678.125000 9286.817383 6 16
4213200.000000 4026678.125000 9098.689453 7 16
4213400.000000 4026678.125000 8910.787109 8 16
4213600.000000 4026678.125000 8722.867188 9 16
4213800.000000 4026678.125000 8534.912109 10 16
4214000.000000 4026678.125000 8346.428711 11 16
4214200.000000 4026678.125000 8157.137695 12 16
4214400.000000 4026678.125000 7965.534180 13 16
4214600.000000 4026678.125000 7771.352539 14 16
4214800.000000 4026678.125000 7578.317871 15 16
4215000.000000 4026678.125000 7388.948242 16 16
4215200.000000 4026678.125000 7206.248535 17 16
4215400.000000 4026678.125000 7027.068848 18 16
4215600.000000 4026678.125000 6848.598633 19 16
4215800.000000 4026678.125000 6668.965332 20 16
4216000.000000 4026678.125000 6487.025391 21 16
4216200.000000 4026678.125000 6296.833984 22 16
4216400.000000 4026678.125000 6085.239746 23 16
4216600.000000 4026678.125000 5851.042480 24 16
4216800.000000 4026678.125000 5607.570313 25 16
4217000.000000 4026678.125000 5372.406250 26 16
4217200.000000 4026678.125000 5188.884766 27 16
4217400.000000 4026678.125000 5133.368652 28 16
4217600.000000 4026678.125000 5009.487793 29 16
4217800.000000 4026678.125000 4799.102539 30 16
4218000.000000 4026678.125000 4626.171875 31 16
4218200.000000 4026678.125000 4385.642090 32 16
4218400.000000 4026678.125000 4211.290039 33 16
4218600.000000 4026678.125000 4168.615234 34 16
4218800.000000 4026678.125000 3985.442871 35 16
4219000.000000 4026678.125000 3763.079590 36 16
4219200.000000 4026678.125000 3556.523193 37 16
4219400.000000 4026678.125000 3361.776123 38 16
4219600.000000 4026678.125000 3160.352539 39 16
4219800.000000 4026678.125000 2946.317139 40 16
4220000.000000 4026678.125000 2724.062988 41 16
4220200.000000 4026678.125000 2495.949951 42 16
4212000.000000 4027050.000000 10262.080078 1 17
4212200.000000 4027050.000000 10076.596680 2 17
4212400.000000 4027050.000000 9889.584961 3 17
4212600.000000 4027050.000000 9701.285156 4 17
4212800.000000 4027050.000000 9513.211914 5 17
4213000.000000 4027050.000000 9325.101563 6 17
4213200.000000 4027050.000000 9136.971680 7 17
4213400.000000 4027050.000000 8949.054688 8 17
4213600.000000 4027050.000000 8761.115234 9 17
4213800.000000 4027050.000000 8573.128906 10 17
4214000.000000 4027050.000000 8384.592773 11 17
4214200.000000 4027050.000000 8195.495117 12 17
4214400.000000 4027050.000000 8003.053223 13 17
4214600.000000 4027050.000000 7807.742676 14 17
4214800.000000 4027050.000000 7613.803223 15 17
4215000.000000 4027050.000000 7424.457031 16 17
4215200.000000 4027050.000000 7242.474121 17 17
4215400.000000 4027050.000000 7064.395996 18 17
4215600.000000 4027050.000000 6887.622559 19 17
4215800.000000 4027050.000000 6710.481445 20 17
4216000.000000 4027050.000000 6531.835938 21 17
4216200.000000 4027050.000000 6340.596191 22 17
4216400.000000 4027050.000000 6115.844727 23 17
4216600.000000 4027050.000000 5858.667480 24 17
4216800.000000 4027050.000000 5601.982422 25 17
4217000.000000 4027050.000000 5381.672363 26 17
4217200.000000 4027050.000000 5223.969238 27 17
4217400.000000 4027050.000000 5139.150391 28 17
4217600.000000 4027050.000000 4991.288086 29 17
4217800.000000 4027050.000000 4859.982910 30 17
4218000.000000 4027050.000000 4688.239746 31 17
4218200.000000 4027050.000000 4391.124512 32 17
4218400.000000 4027050.000000 4146.130859 33 17
4218600.000000 4027050.000000 4059.278809 34 17
4218800.000000 4027050.000000 3920.201172 35 17
4219000.000000 4027050.000000 3746.066650 36 17
4219200.000000 4027050.000000 3569.387695 37 17
4219400.000000 4027050.000000 3393.088867 38 17
4219600.000000 4027050.000000 3204.851318 39 17
4219800.000000 4027050.000000 3002.380615 40 17
4220000.000000 4027050.000000 2791.884521 41 17
4220200.000000 4027050.000000 2576.777832 42 17
4212000.000000 4027421.875000 10300.430664 1 18
4212200.000000 4027421.875000 10114.949219 2 18
4212400.000000 4027421.875000 9927.679688 3 18
4212600.000000 4027421.875000 9739.638672 4 18
4212800.000000 4027421.875000 9551.558594 5 18
4213000.000000 4027421.875000 9363.458008 6 18
4213200.000000 4027421.875000 9175.318359 7 18
4213400.000000 4027421.875000 8987.407227 8 18
4213600.000000 4027421.875000 8799.452148 9 18
4213800.000000 4027421.875000 8611.459961 10 18
4214000.000000 4027421.875000 8423.148438 11 18
4214200.000000 4027421.875000 8234.001953 12 18
4214400.000000 4027421.875000 8040.998047 13 18
4214600.000000 4027421.875000 7845.098633 14 18
4214800.000000 4027421.875000 7650.784180 15 18
4215000.000000 4027421.875000 7461.263672 16 18
4215200.000000 4027421.875000 7279.286133 17 18
4215400.000000 4027421.875000 7101.858398 18 18
4215600.000000 4027421.875000 6926.337402 19 18
4215800.000000 4027421.875000 6751.495605 20 18
4216000.000000 4027421.875000 6574.927246 21 18
4216200.000000 4027421.875000 6381.610840 22 18
4216400.000000 4027421.875000 6141.332520 23 18
4216600.000000 4027421.875000 5858.501953 24 18
4216800.000000 4027421.875000 5592.001465 25 18
4217000.000000 4027421.875000 5423.316895 26 18
4217200.000000 4027421.875000 5341.493164 27 18
4217400.000000 4027421.875000 5194.000000 28 18
4217600.000000 4027421.875000 4948.006348 29 18
4217800.000000 4027421.875000 4907.058594 30 18
4218000.000000 4027421.875000 4817.346680 31 18
4218200.000000 4027421.875000 4535.994141 32 18
4218400.000000 4027421.875000 4242.757324 33 18
4218600.000000 4027421.875000 4059.032227 34 18
4218800.000000 4027421.875000 3896.402344 35 18
4219000.000000 4027421.875000 3737.646729 36 18
4219200.000000 4027421.875000 3581.765381 37 18
4219400.000000 4027421.875000 3422.440186 38 18
4219600.000000 4027421.875000 3248.810303 39 18
4219800.000000 4027421.875000 3060.333740 40 18
4220000.000000 4027421.875000 2863.591553 41 18
4220200.000000 4027421.875000 2663.656738 42 18
4212000.000000 4027793.750000 10338.809570 1 19
4212200.000000 4027793.750000 10153.083984 2 19
4212400.000000 4027793.750000 9966.078125 3 19
4212600.000000 4027793.750000 9778.036133 4 19
4212800.000000 4027793.750000 9589.972656 5 19
4213000.000000 4027793.750000 9401.872070 6 19
4213200.000000 4027793.750000 9213.751953 7 19
4213400.000000 4027793.750000 9025.842773 8 19
4213600.000000 4027793.750000 8837.905273 9 19
4213800.000000 4027793.750000 8649.911133 10 19
4214000.000000 4027793.750000 8461.357422 11 19
4214200.000000 4027793.750000 8272.200195 12 19
4214400.000000 4027793.750000 8079.172363 13 19
4214600.000000 4027793.750000 7883.230469 14 19
4214800.000000 4027793.750000 7688.847656 15 19
4215000.000000 4027793.750000 7499.471680 16 19
4215200.000000 4027793.750000 7317.085449 17 19
4215400.000000 4027793.750000 7139.662598 18 19
4215600.000000 4027793.750000 6964.263184 19 19
4215800.000000 4027793.750000 6790.356445 20 19
4216000.000000 4027793.750000 6615.206055 21 19
4216200.000000 4027793.750000 6420.258789 22 19
4216400.000000 4027793.750000 6165.158203 23 19
4216600.000000 4027793.750000 5851.390625 24 19
4216800.000000 4027793.750000 5553.726563 25 19
4217000.000000 4027793.750000 5390.892090 26 19
4217200.000000 4027793.750000 5345.462891 27 19
4217400.000000 4027793.750000 5221.804688 28 19
4217600.000000 4027793.750000 4999.198242 29 19
4217800.000000 4027793.750000 4983.942383 30 19
4218000.000000 4027793.750000 4898.096680 31 19
4218200.000000 4027793.750000 4609.593262 32 19
4218400.000000 4027793.750000 4297.594727 33 19
4218600.000000 4027793.750000 4065.684082 34 19
4218800.000000 4027793.750000 3886.935547 35 19
4219000.000000 4027793.750000 3734.645264 36 19
4219200.000000 4027793.750000 3593.215820 37 19
4219400.000000 4027793.750000 3449.386230 38 19
4219600.000000 4027793.750000 3290.889648 39 19
4219800.000000 4027793.750000 3116.915771 40 19
4220000.000000 4027793.750000 2935.192139 41 19
4220200.000000 4027793.750000 2751.589844 42 19
4212000.000000 4028165.625000 10377.484375 1 20
4212200.000000 4028165.625000 10191.766602 2 20
4212400.000000 4028165.625000 10004.771484 3 20
4212600.000000 4028165.625000 9816.492188 4 20
4212800.000000 4028165.625000 9628.435547 5 20
4213000.000000 4028165.625000 9440.362305 6 20
4213200.000000 4028165.625000 9252.255859 7 20
4213400.000000 4028165.625000 9064.379883 8 20
4213600.000000 4028165.625000 8876.460938 9 20
4213800.000000 4028165.625000 8688.253906 10 20
4214000.000000 4028165.625000 8499.469727 11 20
4214200.000000 4028165.625000 8310.337891 12 20
4214400.000000 4028165.625000 8117.830078 13 20
4214600.000000 4028165.625000 7922.410645 14 20
4214800.000000 4028165.625000 7728.272949 15 20
4215000.000000 4028165.625000 7538.642090 16 20
4215200.000000 4028165.625000 7356.204102 17 20
4215400.000000 4028165.625000 7177.932617 18 20
4215600.000000 4028165.625000 7001.586914 19 20
4215800.000000 4028165.625000 6826.589355 20 20
4216000.000000 4028165.625000 6649.910645 21 20
4216200.000000 4028165.625000 6453.405762 22 20
4216400.000000 4028165.625000 6197.691406 23 20
4216600.000000 4028165.625000 5885.947754 24 20
4216800.000000 4028165.625000 5594.284180 25 20
4217000.000000 4028165.625000 5445.667969 26 20
4217200.000000 4028165.625000 5438.190918 27 20
4217400.000000 4028165.625000 5413.813965 28 20
4217600.000000 4028165.625000 5263.311035 29 20
4217800.000000 4028165.625000 5125.989746 30 20
4218000.000000 4028165.625000 4922.648926 31 20
4218200.000000 4028165.625000 4606.793945 32 20
4218400.000000 4028165.625000 4288.967285 33 20
4218600.000000 4028165.625000 4050.407715 34 20
4218800.000000 4028165.625000 3872.966309 35 20
4219000.000000 4028165.625000 3730.779785 36 20
4219200.000000 4028165.625000 3603.570801 37 20
4219400.000000 4028165.625000 3474.646973 38 20
4219600.000000 4028165.625000 3330.759033 39 20
4219800.000000 4028165.625000 3170.994629 40 20
4220000.000000 4028165.625000 3003.692871 41 20
4220200.000000 4028165.625000 2835.983398 42 20
4212000.000000 4028537.500000 10416.195313 1 21
4212200.000000 4028537.500000 10230.489258 2 21
4212400.000000 4028537.500000 10043.499023 3 21
4212600.000000 4028537.500000 9854.996094 4 21
4212800.000000 4028537.500000 9666.961914 5 21
4213000.000000 4028537.500000 9478.658203 6 21
4213200.000000 4028537.500000 9290.592773 7 21
4213400.000000 4028537.500000 9102.748047 8 21
4213600.000000 4028537.500000 8914.632813 9 21
4213800.000000 4028537.500000 8726.466797 10 21
4214000.000000 4028537.500000 8537.998047 11 21
4214200.000000 4028537.500000 8348.929688 12 21
4214400.000000 4028537.500000 8156.991211 13 21
4214600.000000 4028537.500000 7962.638672 14 21
4214800.000000 4028537.500000 7769.092285 15 21
4215000.000000 4028537.500000 7579.549805 16 21
4215200.000000 4028537.500000 7396.451660 17 21
4215400.000000 4028537.500000 7216.504395 18 21
4215600.000000 4028537.500000 7037.916016 19 21
4215800.000000 4028537.500000 6859.312500 20 21
4216000.000000 4028537.500000 6678.918457 21 21
4216200.000000 4028537.500000 6482.337402 22 21
4216400.000000 4028537.500000 6242.595703 23 21
4216600.000000 4028537.500000 5968.136230 24 21
4216800.000000 4028537.500000 5721.635254 25 21
4217000.000000 4028537.500000 5587.643555 26 21
4217200.000000 4028537.500000 5575.424316 27 21
4217400.000000 4028537.500000 5581.044922 28 21
4217600.000000 4028537.500000 5453.344238 29 21
4217800.000000 4028537.500000 5206.486328 30 21
4218000.000000 4028537.500000 4907.415039 31 21
4218200.000000 4028537.500000 4559.260254 32 21
4218400.000000 4028537.500000 4239.083008 33 21
4218600.000000 4028537.500000 4016.520752 34 21
4218800.000000 4028537.500000 3857.439697 35 21
4219000.000000 4028537.500000 3730.126221 36 21
4219200.000000 4028537.500000 3616.209961 37 21
4219400.000000 4028537.500000 3500.876953 38 21
4219600.000000 4028537.500000 3369.598633 39 21
4219800.000000 4028537.500000 3221.659424 40 21
4220000.000000 4028537.500000 3066.689941 41 21
4220200.000000 4028537.500000 2913.056396 42 21
4212000.000000 4028909.375000 10454.681641 1 22
4212200.000000 4028909.375000 10268.739258 2 22
4212400.000000 4028909.375000 10081.525391 3 22
4212600.000000 4028909.375000 9893.536133 4 22
4212800.000000 4028909.375000 9705.539063 5 22
4213000.000000 4028909.375000 9517.270508 6 22
4213200.000000 4028909.375000 9329.240234 7 22
4213400.000000 4028909.375000 9141.205078 8 22
4213600.000000 4028909.375000 8953.142578 9 22
4213800.000000 4028909.375000 8765.058594 10 22
4214000.000000 4028909.375000 8576.666016 11 22
4214200.000000 4028909.375000 8387.706055 12 22
4214400.000000 4028909.375000 8196.626953 13 22
4214600.000000 4028909.375000 8003.669922 14 22
4214800.000000 4028909.375000 7811.035645 15 22
4215000.000000 4028909.375000 7621.686523 16 22
4215200.000000 4028909.375000 7437.565918 17 22
4215400.000000 4028909.375000 7255.616699 18 22
4215600.000000 4028909.375000 7074.031250 19 22
4215800.000000 4028909.375000 6891.346680 20 22
4216000.000000 4028909.375000 6706.691895 21 22
4216200.000000 4028909.375000 6512.068359 22 22
4216400.000000 4028909.375000 6292.209961 23 22
4216600.000000 4028909.375000 6056.139160 24 22
4216800.000000 4028909.375000 5846.937988 25 22
4217000.000000 4028909.375000 5710.558105 26 22
4217200.000000 4028909.375000 5652.305664 27 22
4217400.000000 4028909.375000 5606.050781 28 22
4217600.000000 4028909.375000 5453.888672 29 22
4217800.000000 4028909.375000 5170.671875 30 22
4218000.000000 4028909.375000 4838.620605 31 22
4218200.000000 4028909.375000 4487.705566 32 22
4218400.000000 4028909.375000 4189.771973 33 22
4218600.000000 4028909.375000 3996.285156 34 22
4218800.000000 4028909.375000 3858.206299 35 22
4219000.000000 4028909.375000 3744.043213 36 22
4219200.000000 4028909.375000 3637.999756 37 22
4219400.000000 4028909.375000 3529.244141 38 22
4219600.000000 4028909.375000 3406.088379 39 22
4219800.000000 4028909.375000 3267.482422 40 22
4220000.000000 4028909.375000 3122.750977 41 22
4220200.000000 4028909.375000 2980.246338 42 22
4212000.000000 4029281.250000 10492.707031 1 23
4212200.000000 4029281.250000 10306.779297 2 23
4212400.000000 4029281.250000 10119.578125 3 23
4212600.000000 4029281.250000 9931.874023 4 23
4212800.000000 4029281.250000 9743.902344 5 23
4213000.000000 4029281.250000 9555.934570 6 23
4213200.000000 4029281.250000 9367.957031 7 23
4213400.000000 4029281.250000 9179.726563 8 23
4213600.000000 4029281.250000 8991.749023 9 23
4213800.000000 4029281.250000 8803.499023 10 23
4214000.000000 4029281.250000 8615.225586 11 23
4214200.000000 4029281.250000 8426.641602 12 23
4214400.000000 4029281.250000 8236.482422 13 23
4214600.000000 4029281.250000 8045.218750 14 23
4214800.000000 4029281.250000 7854.070313 15 23
4215000.000000 4029281.250000 7664.761230 16 23
4215200.000000 4029281.250000 7479.246582 17 23
4215400.000000 4029281.250000 7294.979980 18 23
4215600.000000 4029281.250000 7110.387695 19 23
4215800.000000 4029281.250000 6924.195313 20 23
4216000.000000 4029281.250000 6735.624512 21 23
4216200.000000 4029281.250000 6542.556641 22 23
4216400.000000 4029281.250000 6340.868164 23 23
4216600.000000 4029281.250000 6136.181641 24 23
4216800.000000 4029281.250000 5949.903320 25 23
4217000.000000 4029281.250000 5798.082520 26 23
4217200.000000 4029281.250000 5666.020508 27 23
4217400.000000 4029281.250000 5514.029297 28 23
4217600.000000 4029281.250000 5323.093262 29 23
4217800.000000 4029281.250000 5070.539551 30 23
4218000.000000 4029281.250000 4772.387207 31 23
4218200.000000 4029281.250000 4453.895508 32 23
4218400.000000 4029281.250000 4189.430664 33 23
4218600.000000 4029281.250000 4019.700439 34 23
4218800.000000 4029281.250000 3892.640869 35 23
4219000.000000 4029281.250000 3780.866455 36 23
4219200.000000 4029281.250000 3673.611572 37 23
4219400.000000 4029281.250000 3563.106689 38 23
4219600.000000 4029281.250000 3441.594971 39 23
4219800.000000 4029281.250000 3308.371582 40 23
4220000.000000 4029281.250000 3170.679199 41 23
4220200.000000 4029281.250000 3036.028320 42 23
4212000.000000 4029653.125000 10531.248047 1 24
4212200.000000 4029653.125000 10345.337891 2 24
4212400.000000 4029653.125000 10158.417969 3 24
4212600.000000 4029653.125000 9970.236328 4 24
4212800.000000 4029653.125000 9782.312500 5 24
4213000.000000 4029653.125000 9594.384766 6 24
4213200.000000 4029653.125000 9406.473633 7 24
4213400.000000 4029653.125000 9218.566406 8 24
4213600.000000 4029653.125000 9030.418945 9 24
4213800.000000 4029653.125000 8842.284180 10 24
4214000.000000 4029653.125000 8654.133789 11 24
4214200.000000 4029653.125000 8465.969727 12 24
4214400.000000 4029653.125000 8276.757813 13 24
4214600.000000 4029653.125000 8086.984375 14 24
4214800.000000 4029653.125000 7897.131348 15 24
4215000.000000 4029653.125000 7708.188477 16 24
4215200.000000 4029653.125000 7521.372070 17 24
4215400.000000 4029653.125000 7334.926758 18 24
4215600.000000 4029653.125000 7147.545898 19 24
4215800.000000 4029653.125000 6958.928223 20 24
4216000.000000 4029653.125000 6769.447266 21 24
4216200.000000 4029653.125000 6579.766602 22 24
4216400.000000 4029653.125000 6392.730469 23 24
4216600.000000 4029653.125000 6213.354004 24 24
4216800.000000 4029653.125000 6048.769043 25 24
4217000.000000 4029653.125000 5901.424805 26 24
4217200.000000 4029653.125000 5753.323730 27 24
4217400.000000 4029653.125000 5568.174316 28 24
4217600.000000 4029653.125000 5351.363281 29 24
4217800.000000 4029653.125000 5108.040527 30 24
4218000.000000 4029653.125000 4840.901367 31 24
4218200.000000 4029653.125000 4553.443359 32 24
4218400.000000 4029653.125000 4294.431152 33 24
4218600.000000 4029653.125000 4113.349121 34 24
4218800.000000 4029653.125000 3970.393311 35 24
4219000.000000 4029653.125000 3843.911133 36 24
4219200.000000 4029653.125000 3724.071045 37 24
4219400.000000 4029653.125000 3604.614746 38 24
4219600.000000 4029653.125000 3479.408691 39 24
4219800.000000 4029653.125000 3346.228760 40 24
4220000.000000 4029653.125000 3211.142578 41 24
4220200.000000 4029653.125000 3080.099609 42 24
4212000.000000 4030025.000000 10569.816406 1 25
4212200.000000 4030025.000000 10384.174805 2 25
4212400.000000 4030025.000000 10197.022461 3 25
4212600.000000 4030025.000000 10008.881836 4 25
4212800.000000 4030025.000000 9820.990234 5 25
4213000.000000 4030025.000000 9633.123047 6 25
4213200.000000 4030025.000000 9445.018555 7 25
4213400.000000 4030025.000000 9257.197266 8 25
4213600.000000 4030025.000000 9069.145508 9 25
4213800.000000 4030025.000000 8881.120117 10 25
4214000.000000 4030025.000000 8693.123047 11 25
4214200.000000 4030025.000000 8505.378906 12 25
4214400.000000 4030025.000000 8317.143555 13 25
4214600.000000 4030025.000000 8128.640137 14 25
4214800.000000 4030025.000000 7939.868164 15 25
4215000.000000 4030025.000000 7751.586426 16 25
4215200.000000 4030025.000000 7563.783691 17 25
4215400.000000 4030025.000000 7375.475586 18 25
4215600.000000 4030025.000000 7185.668945 19 25
4215800.000000 4030025.000000 6995.340820 20 25
4216000.000000 4030025.000000 6806.072266 21 25
4216200.000000 4030025.000000 6620.679199 22 25
4216400.000000 4030025.000000 6445.469727 23 25
4216600.000000 4030025.000000 6285.335938 24 25
4216800.000000 4030025.000000 6141.317383 25 25
4217000.000000 4030025.000000 6010.706543 26 25
4217200.000000 4030025.000000 5875.814453 27 25
4217400.000000 4030025.000000 5696.187988 28 25
4217600.000000 4030025.000000 5475.402832 29 25
4217800.000000 4030025.000000 5247.188477 30 25
4218000.000000 4030025.000000 5016.047363 31 25
4218200.000000 4030025.000000 4749.900879 32 25
4218400.000000 4030025.000000 4471.205078 33 25
4218600.000000 4030025.000000 4252.358398 34 25
4218800.000000 4030025.000000 4076.186279 35 25
4219000.000000 4030025.000000 3923.038574 36 25
4219200.000000 4030025.000000 3783.166748 37 25
4219400.000000 4030025.000000 3649.447510 38 25
4219600.000000 4030025.000000 3516.427734 39 25
4219800.000000 4030025.000000 3380.207520 40 25
4220000.000000 4030025.000000 3244.228271 41 25
4220200.000000 4030025.000000 3113.385986 42 25
4212000.000000 4030396.875000 10608.395508 1 26
4212200.000000 4030396.875000 10422.765625 2 26
4212400.000000 4030396.875000 10235.897461 3 26
4212600.000000 4030396.875000 10047.781250 4 26
4212800.000000 4030396.875000 9859.941406 5 26
4213000.000000 4030396.875000 9671.869141 6 26
4213200.000000 4030396.875000 9483.838867 7 26
4213400.000000 4030396.875000 9295.839844 8 26
4213600.000000 4030396.875000 9107.894531 9 26
4213800.000000 4030396.875000 8919.990234 10 26
4214000.000000 4030396.875000 8732.383789 11 26
4214200.000000 4030396.875000 8545.082031 12 26
4214400.000000 4030396.875000 8357.565430 13 26
4214600.000000 4030396.875000 8169.847656 14 26
4214800.000000 4030396.875000 7981.916992 15 26
4215000.000000 4030396.875000 7794.296387 16 26
4215200.000000 4030396.875000 7606.520020 17 26
4215400.000000 4030396.875000 7416.857910 18 26
4215600.000000 4030396.875000 7225.112793 19 26
4215800.000000 4030396.875000 7033.581055 20 26
4216000.000000 4030396.875000 6844.632324 21 26
4216200.000000 4030396.875000 6662.029297 22 26
4216400.000000 4030396.875000 6494.045410 23 26
4216600.000000 4030396.875000 6345.291504 24 26
4216800.000000 4030396.875000 6211.995117 25 26
4217000.000000 4030396.875000 6089.214844 26 26
4217200.000000 4030396.875000 5960.952148 27 26
4217400.000000 4030396.875000 5790.438477 28 26
4217600.000000 4030396.875000 5581.052734 29 26
4217800.000000 4030396.875000 5370.329102 30 26
4218000.000000 4030396.875000 5161.872559 31 26
4218200.000000 4030396.875000 4916.840332 32 26
4218400.000000 4030396.875000 4636.341309 33 26
4218600.000000 4030396.875000 4390.553711 34 26
4218800.000000 4030396.875000 4183.395996 35 26
4219000.000000 4030396.875000 4004.131592 36 26
4219200.000000 4030396.875000 3843.467529 37 26
4219400.000000 4030396.875000 3694.366455 38 26
4219600.000000 4030396.875000 3551.453125 39 26
4219800.000000 4030396.875000 3410.228271 40 26
4220000.000000 4030396.875000 3271.320068 41 26
4220200.000000 4030396.875000 3137.149902 42 26
4212000.000000 4030768.750000 10646.721680 1 27
4212200.000000 4030768.750000 10461.368164 2 27
4212400.000000 4030768.750000 10274.276367 3 27
4212600.000000 4030768.750000 10086.444336 4 27
4212800.000000 4030768.750000 9898.637695 5 27
4213000.000000 4030768.750000 9710.626953 6 27
4213200.000000 4030768.750000 9522.651367 7 27
4213400.000000 4030768.750000 9334.740234 8 27
4213600.000000 4030768.750000 9146.882813 9 27
4213800.000000 4030768.750000 8959.096680 10 27
4214000.000000 4030768.750000 8771.644531 11 27
4214200.000000 4030768.750000 8584.515625 12 27
4214400.000000 4030768.750000 8397.477539 13 27
4214600.000000 4030768.750000 8210.518555 14 27
4214800.000000 4030768.750000 8023.422363 15 27
4215000.000000 4030768.750000 7836.198242 16 27
4215200.000000 4030768.750000 7648.652344 17 27
4215400.000000 4030768.750000 7458.564453 18 27
4215600.000000 4030768.750000 7265.789063 19 27
4215800.000000 4030768.750000 7074.162109 20 27
4216000.000000 4030768.750000 6886.105957 21 27
4216200.000000 4030768.750000 6705.355469 22 27
4216400.000000 4030768.750000 6539.360840 23 27
4216600.000000 4030768.750000 6391.420410 24 27
4216800.000000 4030768.750000 6255.101074 25 27
4217000.000000 4030768.750000 6123.781738 26 27
4217200.000000 4030768.750000 5985.565430 27 27
4217400.000000 4030768.750000 5819.403320 28 27
4217600.000000 4030768.750000 5627.551758 29 27
4217800.000000 4030768.750000 5428.901855 30 27
4218000.000000 4030768.750000 5224.427246 31 27
4218200.000000 4030768.750000 4993.694336 32 27
4218400.000000 4030768.750000 4735.308105 33 27
4218600.000000 4030768.750000 4490.169434 34 27
4218800.000000 4030768.750000 4270.827148 35 27
4219000.000000 4030768.750000 4075.821045 36 27
4219200.000000 4030768.750000 3900.258301 37 27
4219400.000000 4030768.750000 3738.630127 38 27
4219600.000000 4030768.750000 3586.176514 39 27
4219800.000000 4030768.750000 3438.230713 40 27
4220000.000000 4030768.750000 3293.775879 41 27
4220200.000000 4030768.750000 3153.613281 42 27
4212000.000000 4031140.625000 10685.301758 1 28
4212200.000000 4031140.625000 10499.709961 2 28
4212400.000000 4031140.625000 10312.892578 3 28
4212600.000000 4031140.625000 10124.842773 4 28
4212800.000000 4031140.625000 9937.084961 5 28
4213000.000000 4031140.625000 9749.364258 6 28
4213200.000000 4031140.625000 9561.458984 7 28
4213400.000000 4031140.625000 9373.612305 8 28
4213600.000000 4031140.625000 9185.854492 9 28
4213800.000000 4031140.625000 8998.179688 10 28
4214000.000000 4031140.625000 8810.606445 11 28
4214200.000000 4031140.625000 8623.652344 12 28
4214400.000000 4031140.625000 8437.059570 13 28
4214600.000000 4031140.625000 8250.605469 14 28
4214800.000000 4031140.625000 8064.044922 15 28
4215000.000000 4031140.625000 7877.430664 16 28
4215200.000000 4031140.625000 7690.041504 17 28
4215400.000000 4031140.625000 7499.947266 18 28
4215600.000000 4031140.625000 7307.480469 19 28
4215800.000000 4031140.625000 7116.533691 20 28
4216000.000000 4031140.625000 6930.015625 21 28
4216200.000000 4031140.625000 6750.670410 22 28
4216400.000000 4031140.625000 6582.850098 23 28
4216600.000000 4031140.625000 6427.440918 24 28
4216800.000000 4031140.625000 6279.378418 25 28
4217000.000000 4031140.625000 6132.537109 26 28
4217200.000000 4031140.625000 5980.055176 27 28
4217400.000000 4031140.625000 5814.060547 28 28
4217600.000000 4031140.625000 5634.049316 29 28
4217800.000000 4031140.625000 5444.465820 30 28
4218000.000000 4031140.625000 5243.723633 31 28
4218200.000000 4031140.625000 5024.396484 32 28
4218400.000000 4031140.625000 4788.201660 33 28
4218600.000000 4031140.625000 4554.511719 34 28
4218800.000000 4031140.625000 4335.541992 35 28
4219000.000000 4031140.625000 4135.151367 36 28
4219200.000000 4031140.625000 3952.092285 37 28
4219400.000000 4031140.625000 3781.627930 38 28
4219600.000000 4031140.625000 3620.329102 39 28
4219800.000000 4031140.625000 3465.059082 40 28
4220000.000000 4031140.625000 3313.285156 41 28
4220200.000000 4031140.625000 3165.018799 42 28
4212000.000000 4031512.500000 10723.864258 1 29
4212200.000000 4031512.500000 10538.298828 2 29
4212400.000000 4031512.500000 10351.504883 3 29
4212600.000000 4031512.500000 10163.483398 4 29
4212800.000000 4031512.500000 9975.503906 5 29
4213000.000000 4031512.500000 9787.836914 6 29
4213200.000000 4031512.500000 9599.977539 7 29
4213400.000000 4031512.500000 9412.207031 8 29
4213600.000000 4031512.500000 9224.522461 9 29
4213800.000000 4031512.500000 9036.956055 10 29
4214000.000000 4031512.500000 8849.753906 11 29
4214200.000000 4031512.500000 8662.941406 12 29
4214400.000000 4031512.500000 8476.537109 13 29
4214600.000000 4031512.500000 8290.298828 14 29
4214800.000000 4031512.500000 8104.242188 15 29
4215000.000000 4031512.500000 7917.925293 16 29
4215200.000000 4031512.500000 7730.625977 17 29
4215400.000000 4031512.500000 7541.160645 18 29
4215600.000000 4031512.500000 7349.606445 19 29
4215800.000000 4031512.500000 7159.599609 20 29
4216000.000000 4031512.500000 6974.536621 21 29
4216200.000000 4031512.500000 6795.124023 22 29
4216400.000000 4031512.500000 6622.867188 23 29
4216600.000000 4031512.500000 6457.517090 24 29
4216800.000000 4031512.500000 6294.878906 25 29
4217000.000000 4031512.500000 6131.094727 26 29
4217200.000000 4031512.500000 5963.883301 27 29
4217400.000000 4031512.500000 5794.564941 28 29
4217600.000000 4031512.500000 5622.060059 29 29
4217800.000000 4031512.500000 5440.561523 30 29
4218000.000000 4031512.500000 5246.379395 31 29
4218200.000000 4031512.500000 5037.928711 32 29
4218400.000000 4031512.500000 4818.467773 33 29
4218600.000000 4031512.500000 4597.937500 34 29
4218800.000000 4031512.500000 4385.408203 35 29
4219000.000000 4031512.500000 4186.249023 36 29
4219200.000000 4031512.500000 3999.717529 37 29
4219400.000000 4031512.500000 3823.039551 38 29
4219600.000000 4031512.500000 3654.222656 39 29
4219800.000000 4031512.500000 3490.999023 40 29
4220000.000000 4031512.500000 3330.875732 41 29
4220200.000000 4031512.500000 3173.635010 42 29
4212000.000000 4031884.375000 10762.419922 1 30
4212200.000000 4031884.375000 10576.620117 2 30
4212400.000000 4031884.375000 10390.087891 3 30
4212600.000000 4031884.375000 10202.099609 4 30
4212800.000000 4031884.375000 10014.151367 5 30
4213000.000000 4031884.375000 9826.264648 6 30
4213200.000000 4031884.375000 9638.460938 7 30
4213400.000000 4031884.375000 9450.739258 8 30
4213600.000000 4031884.375000 9263.133789 9 30
4213800.000000 4031884.375000 9075.644531 10 30
4214000.000000 4031884.375000 8888.555664 11 30
4214200.000000 4031884.375000 8701.620117 12 30
4214400.000000 4031884.375000 8515.361328 13 30
4214600.000000 4031884.375000 8329.303711 14 30
4214800.000000 4031884.375000 8143.467285 15 30
4215000.000000 4031884.375000 7957.134277 16 30
4215200.000000 4031884.375000 7770.103516 17 30
4215400.000000 4031884.375000 7581.672363 18 30
4215600.000000 4031884.375000 7392.159668 19 30
4215800.000000 4031884.375000 7203.913574 20 30
4216000.000000 4031884.375000 7019.303223 21 30
4216200.000000 4031884.375000 6839.229980 22 30
4216400.000000 4031884.375000 6662.602539 23 30
4216600.000000 4031884.375000 6487.572266 24 30
4216800.000000 4031884.375000 6311.862793 25 30
4217000.000000 4031884.375000 6133.430176 26 30
4217200.000000 4031884.375000 5952.712891 27 30
4217400.000000 4031884.375000 5779.031250 28 30
4217600.000000 4031884.375000 5610.888184 29 30
4217800.000000 4031884.375000 5435.493164 30 30
4218000.000000 4031884.375000 5247.691406 31 30
4218200.000000 4031884.375000 5048.765137 32 30
4218400.000000 4031884.375000 4841.742676 33 30
4218600.000000 4031884.375000 4633.042480 34 30
4218800.000000 4031884.375000 4428.887207 35 30
4219000.000000 4031884.375000 4232.600586 36 30
4219200.000000 4031884.375000 4044.456055 37 30
4219400.000000 4031884.375000 3863.326904 38 30
4219600.000000 4031884.375000 3688.132813 39 30
4219800.000000 4031884.375000 3516.479492 40 30
4220000.000000 4031884.375000 3347.440430 41 30
4220200.000000 4031884.375000 3180.335449 42 30
4212000.000000 4032256.250000 10800.946289 1 31
4212200.000000 4032256.250000 10615.410156 2 31
4212400.000000 4032256.250000 10428.652344 3 31
4212600.000000 4032256.250000 10240.425781 4 31
4212800.000000 4032256.250000 10052.509766 5 31
4213000.000000 4032256.250000 9864.652344 6 31
4213200.000000 4032256.250000 9676.877930 7 31
4213400.000000 4032256.250000 9489.210938 8 31
4213600.000000 4032256.250000 9301.653320 9 31
4213800.000000 4032256.250000 9114.242188 10 31
4214000.000000 4032256.250000 8926.981445 11 31
4214200.000000 4032256.250000 8740.150391 12 31
4214400.000000 4032256.250000 8554.025391 13 31
4214600.000000 4032256.250000 8367.857422 14 31
4214800.000000 4032256.250000 8181.942871 15 31
4215000.000000 4032256.250000 7995.801758 16 31
4215200.000000 4032256.250000 7809.237305 17 31
4215400.000000 4032256.250000 7622.017090 18 31
4215600.000000 4032256.250000 7434.198730 19 31
4215800.000000 4032256.250000 7247.349609 20 31
4216000.000000 4032256.250000 7063.049805 21 31
4216200.000000 4032256.250000 6882.388672 22 31
4216400.000000 4032256.250000 6702.198730 23 31
4216600.000000 4032256.250000 6520.779785 24 31
4216800.000000 4032256.250000 6337.847656 25 31
4217000.000000 4032256.250000 6152.645020 26 31
4217200.000000 4032256.250000 5967.035645 27 31
4217400.000000 4032256.250000 5789.276855 28 31
4217600.000000 4032256.250000 5618.155273 29 31
4217800.000000 4032256.250000 5442.902344 30 31
4218000.000000 4032256.250000 5259.104980 31 31
4218200.000000 4032256.250000 5067.230469 32 31
4218400.000000 4032256.250000 4869.248047 33 31
4218600.000000 4032256.250000 4669.105469 34 31
4218800.000000 4032256.250000 4470.753418 35 31
4219000.000000 4032256.250000 4276.452148 36 31
4219200.000000 4032256.250000 4087.164551 37 31
4219400.000000 4032256.250000 3902.580322 38 31
4219600.000000 4032256.250000 3721.471924 39 31
4219800.000000 4032256.250000 3541.797607 40 31
4220000.000000 4032256.250000 3363.185791 41 31
4220200.000000 4032256.250000 3186.268555 42 31
4212000.000000 4032628.125000 10839.710938 1 32
4212200.000000 4032628.125000 10654.183594 2 32
4212400.000000 4032628.125000 10466.926758 3 32
4212600.000000 4032628.125000 10278.470703 4 32
4212800.000000 4032628.125000 10090.561523 5 32
4213000.000000 4032628.125000 9902.732422 6 32
4213200.000000 4032628.125000 9714.982422 7 32
4213400.000000 4032628.125000 9527.589844 8 32
4213600.000000 4032628.125000 9339.833008 9 32
4213800.000000 4032628.125000 9152.217773 10 32
4214000.000000 4032628.125000 8965.023438 11 32
4214200.000000 4032628.125000 8778.532227 12 32
4214400.000000 4032628.125000 8591.998047 13 32
4214600.000000 4032628.125000 8405.707031 14 32
4214800.000000 4032628.125000 8219.671875 15 32
4215000.000000 4032628.125000 8033.942383 16 32
4215200.000000 4032628.125000 7848.032227 17 32
4215400.000000 4032628.125000 7661.973145 18 32
4215600.000000 4032628.125000 7475.303711 19 32
4215800.000000 4032628.125000 7289.795410 20 32
4216000.000000 4032628.125000 7105.996582 21 32
4216200.000000 4032628.125000 6924.198730 22 32
4216400.000000 4032628.125000 6741.910645 23 32
4216600.000000 4032628.125000 6557.644043 24 32
4216800.000000 4032628.125000 6372.805664 25 32
4217000.000000 4032628.125000 6188.718262 26 32
4217200.000000 4032628.125000 6006.344727 27 32
4217400.000000 4032628.125000 5825.603027 28 32
4217600.000000 4032628.125000 5645.375000 29 32
4217800.000000 4032628.125000 5464.489258 30 32
4218000.000000 4032628.125000 5280.752441 31 32
4218200.000000 4032628.125000 5093.314941 32 32
4218400.000000 4032628.125000 4902.182129 33 32
4218600.000000 4032628.125000 4707.535645 34 32
4218800.000000 4032628.125000 4511.974121 35 32
4219000.000000 4032628.125000 4318.531738 36 32
4219200.000000 4032628.125000 4128.087402 37 32
4219400.000000 4032628.125000 3940.340820 38 32
4219600.000000 4032628.125000 3753.637451 39 32
4219800.000000 4032628.125000 3565.992432 40 32
4220000.000000 4032628.125000 3378.353271 41 32
4220200.000000 4032628.125000 3191.380371 42 32
4212000.000000 4033000.000000 10877.956055 1 33
4212200.000000 4033000.000000 10691.922852 2 33
4212400.000000 4033000.000000 10504.674805 3 33
4212600.000000 4033000.000000 10316.211914 4 33
4212800.000000 4033000.000000 10128.313477 5 33
4213000.000000 4033000.000000 9940.482422 6 33
4213200.000000 4033000.000000 9752.993164 7 33
4213400.000000 4033000.000000 9565.375977 8 33
4213600.000000 4033000.000000 9377.635742 9 33
4213800.000000 4033000.000000 9190.062500 10 33
4214000.000000 4033000.000000 9002.915039 11 33
4214200.000000 4033000.000000 8816.224609 12 33
4214400.000000 4033000.000000 8629.773438 13 33
4214600.000000 4033000.000000 8443.067383 14 33
4214800.000000 4033000.000000 8257.150391 15 33
4215000.000000 4033000.000000 8071.787109 16 33
4215200.000000 4033000.000000 7886.768555 17 33
4215400.000000 4033000.000000 7701.343262 18 33
4215600.000000 4033000.000000 7516.030762 19 33
4215800.000000 4033000.000000 7331.351563 20 33
4216000.000000 4033000.000000 7147.796875 21 33
4216200.000000 4033000.000000 6965.126465 22 33
4216400.000000 4033000.000000 6781.551758 23 33
4216600.000000 4033000.000000 6596.281738 24 33
4216800.000000 4033000.000000 6411.222168 25 33
4217000.000000 4033000.000000 6228.229004 26 33
4217200.000000 4033000.000000 6047.335938 27 33
4217400.000000 4033000.000000 5863.834961 28 33
4217600.000000 4033000.000000 5677.705078 29 33
4217800.000000 4033000.000000 5492.650391 30 33
4218000.000000 4033000.000000 5308.357910 31 33
4218200.000000 4033000.000000 5123.089844 32 33
4218400.000000 4033000.000000 4935.837891 33 33
4218600.000000 4033000.000000 4744.869629 34 33
4218800.000000 4033000.000000 4552.043457 35 33
4219000.000000 4033000.000000 4359.236328 36 33
4219200.000000 4033000.000000 4167.492676 37 33
4219400.000000 4033000.000000 3976.277832 38 33
4219600.000000 4033000.000000 3783.956543 39 33
4219800.000000 4033000.000000 3589.095947 40 33
4220000.000000 4033000.000000 3392.936035 41 33
4220200.000000 4033000.000000 3196.661377 42 33
