# Type: scattered data
# Version: 6
# Description: No description
# Format: free
# Field: 1 x
# Field: 2 y
# Field: 3 z undefined
# Field: 4 column
# Field: 5 row
# Projection: Local Rectangular
# Units: undefined
# End:
# Information from grid:
# Grid_size: 42 x 33
# Grid_space: 4212000.000000,4220200.000000,4021100.000000,4033000.000000
# Scattered data: Not_available
# Z_field: z
# Vertical_faults: Not_available
# History: No history
# Z_units: undefined
4212000.000000 4021100.000000 15293.408203 1 1
4212200.000000 4021100.000000 15028.158203 2 1
4212400.000000 4021100.000000 14762.897461 3 1
4212600.000000 4021100.000000 14496.669922 4 1
4212800.000000 4021100.000000 14230.449219 5 1
4213000.000000 4021100.000000 13963.760742 6 1
4213200.000000 4021100.000000 13697.130859 7 1
4213400.000000 4021100.000000 13430.537109 8 1
4213600.000000 4021100.000000 13164.023438 9 1
4213800.000000 4021100.000000 12898.568359 10 1
4214000.000000 4021100.000000 12632.717773 11 1
4214200.000000 4021100.000000 12367.951172 12 1
4214400.000000 4021100.000000 12102.315430 13 1
4214600.000000 4021100.000000 11836.784180 14 1
4214800.000000 4021100.000000 11570.882813 15 1
4215000.000000 4021100.000000 11306.126953 16 1
4215200.000000 4021100.000000 11040.981445 17 1
4215400.000000 4021100.000000 10775.968750 18 1
4215600.000000 4021100.000000 10511.037109 19 1
4215800.000000 4021100.000000 10245.695313 20 1
4216000.000000 4021100.000000 9980.877930 21 1
4216200.000000 4021100.000000 9716.064453 22 1
4216400.000000 4021100.000000 9451.727539 23 1
4216600.000000 4021100.000000 9186.789063 24 1
4216800.000000 4021100.000000 8921.738281 25 1
4217000.000000 4021100.000000 8657.496094 26 1
4217200.000000 4021100.000000 8392.566406 27 1
4217400.000000 4021100.000000 8126.890625 28 1
4217600.000000 4021100.000000 7859.983398 29 1
4217800.000000 4021100.000000 7592.788086 30 1
4218000.000000 4021100.000000 7326.783203 31 1
4218200.000000 4021100.000000 7060.428711 32 1
4218400.000000 4021100.000000 6794.602539 33 1
4218600.000000 4021100.000000 6527.729492 34 1
4218800.000000 4021100.000000 6260.168945 35 1
4219000.000000 4021100.000000 5991.897461 36 1
4219200.000000 4021100.000000 5723.430664 37 1
4219400.000000 4021100.000000 5452.876953 38 1
4219600.000000 4021100.000000 5179.924316 39 1
4219800.000000 4021100.000000 4903.738770 40 1
4220000.000000 4021100.000000 4625.936035 41 1
4220200.000000 4021100.000000 4348.064941 42 1
4212000.000000 4021471.875000 15084.100586 1 2
4212200.000000 4021471.875000 14821.358398 2 2
4212400.000000 4021471.875000 14556.109375 3 2
4212600.000000 4021471.875000 14288.895508 4 2
4212800.000000 4021471.875000 14022.188477 5 2
4213000.000000 4021471.875000 13756.014648 6 2
4213200.000000 4021471.875000 13490.400391 7 2
4213400.000000 4021471.875000 13223.824219 8 2
4213600.000000 4021471.875000 12956.829102 9 2
4213800.000000 4021471.875000 12690.390625 10 2
4214000.000000 4021471.875000 12425.553711 11 2
4214200.000000 4021471.875000 12160.797852 12 2
4214400.000000 4021471.875000 11895.665039 13 2
4214600.000000 4021471.875000 11629.132813 14 2
4214800.000000 4021471.875000 11363.217773 15 2
4215000.000000 4021471.875000 11097.937500 16 2
4215200.000000 4021471.875000 10833.752930 17 2
4215400.000000 4021471.875000 10568.687500 18 2
4215600.000000 4021471.875000 10302.688477 19 2
4215800.000000 4021471.875000 10037.246094 20 2
4216000.000000 4021471.875000 9772.346680 21 2
4216200.000000 4021471.875000 9508.421875 22 2
4216400.000000 4021471.875000 9243.968750 23 2
4216600.000000 4021471.875000 8978.419922 24 2
4216800.000000 4021471.875000 8712.772461 25 2
4217000.000000 4021471.875000 8448.970703 26 2
4217200.000000 4021471.875000 8184.537598 27 2
4217400.000000 4021471.875000 7918.443848 28 2
4217600.000000 4021471.875000 7650.708496 29 2
4217800.000000 4021471.875000 7383.342773 30 2
4218000.000000 4021471.875000 7117.283203 31 2
4218200.000000 4021471.875000 6852.492676 32 2
4218400.000000 4021471.875000 6587.810059 33 2
4218600.000000 4021471.875000 6322.084961 34 2
4218800.000000 4021471.875000 6054.085449 35 2
4219000.000000 4021471.875000 5786.206543 36 2
4219200.000000 4021471.875000 5517.414551 37 2
4219400.000000 4021471.875000 5246.887207 38 2
4219600.000000 4021471.875000 4971.818359 39 2
4219800.000000 4021471.875000 4690.945801 40 2
4220000.000000 4021471.875000 4408.408691 41 2
4220200.000000 4021471.875000 4125.817871 42 2
4212000.000000 4021843.750000 14873.794922 1 3
4212200.000000 4021843.750000 14613.057617 2 3
4212400.000000 4021843.750000 14347.815430 3 3
4212600.000000 4021843.750000 14079.593750 4 3
4212800.000000 4021843.750000 13812.412109 5 3
4213000.000000 4021843.750000 13546.747070 6 3
4213200.000000 4021843.750000 13282.141602 7 3
4213400.000000 4021843.750000 13015.576172 8 3
4213600.000000 4021843.750000 12747.591797 9 3
4213800.000000 4021843.750000 12481.163086 10 3
4214000.000000 4021843.750000 12216.316406 11 3
4214200.000000 4021843.750000 11952.081055 12 3
4214400.000000 4021843.750000 11686.948242 13 3
4214600.000000 4021843.750000 11419.910156 14 3
4214800.000000 4021843.750000 11153.481445 15 3
4215000.000000 4021843.750000 10888.677734 16 3
4215200.000000 4021843.750000 10624.959961 17 3
4215400.000000 4021843.750000 10359.850586 18 3
4215600.000000 4021843.750000 10093.295898 19 3
4215800.000000 4021843.750000 9827.283203 20 3
4216000.000000 4021843.750000 9562.800781 21 3
4216200.000000 4021843.750000 9299.281250 22 3
4216400.000000 4021843.750000 9034.726563 23 3
4216600.000000 4021843.750000 8768.577148 24 3
4216800.000000 4021843.750000 8502.841797 25 3
4217000.000000 4021843.750000 8238.983398 26 3
4217200.000000 4021843.750000 7975.050293 27 3
4217400.000000 4021843.750000 7709.040527 28 3
4217600.000000 4021843.750000 7440.505859 29 3
4217800.000000 4021843.750000 7172.483887 30 3
4218000.000000 4021843.750000 6906.930176 31 3
4218200.000000 4021843.750000 6643.300293 32 3
4218400.000000 4021843.750000 6380.377930 33 3
4218600.000000 4021843.750000 6115.408691 34 3
4218800.000000 4021843.750000 5848.029297 35 3
4219000.000000 4021843.750000 5580.026855 36 3
4219200.000000 4021843.750000 5311.337891 37 3
4219400.000000 4021843.750000 5040.199219 38 3
4219600.000000 4021843.750000 4762.907715 39 3
4219800.000000 4021843.750000 4478.265625 40 3
4220000.000000 4021843.750000 4190.488770 41 3
4220200.000000 4021843.750000 3903.696533 42 3
4212000.000000 4022215.625000 14659.482422 1 4
4212200.000000 4022215.625000 14398.250977 2 4
4212400.000000 4022215.625000 14133.529297 3 4
4212600.000000 4022215.625000 13865.811523 4 4
4212800.000000 4022215.625000 13599.118164 5 4
4213000.000000 4022215.625000 13333.475586 6 4
4213200.000000 4022215.625000 13068.859375 7 4
4213400.000000 4022215.625000 12802.315430 8 4
4213600.000000 4022215.625000 12534.820313 9 4
4213800.000000 4022215.625000 12268.413086 10 4
4214000.000000 4022215.625000 12003.070313 11 4
4214200.000000 4022215.625000 11738.833984 12 4
4214400.000000 4022215.625000 11473.681641 13 4
4214600.000000 4022215.625000 11207.133789 14 4
4214800.000000 4022215.625000 10940.707031 15 4
4215000.000000 4022215.625000 10675.863281 16 4
4215200.000000 4022215.625000 10412.129883 17 4
4215400.000000 4022215.625000 10146.461914 18 4
4215600.000000 4022215.625000 9879.869141 19 4
4215800.000000 4022215.625000 9613.788086 20 4
4216000.000000 4022215.625000 9349.205078 21 4
4216200.000000 4022215.625000 9085.604492 22 4
4216400.000000 4022215.625000 8821.424805 23 4
4216600.000000 4022215.625000 8555.176758 24 4
4216800.000000 4022215.625000 8289.318359 25 4
4217000.000000 4022215.625000 8024.897461 26 4
4217200.000000 4022215.625000 7760.920410 27 4
4217400.000000 4022215.625000 7494.486328 28 4
4217600.000000 4022215.625000 7226.634277 29 4
4217800.000000 4022215.625000 6958.950684 30 4
4218000.000000 4022215.625000 6693.474609 31 4
4218200.000000 4022215.625000 6430.088867 32 4
4218400.000000 4022215.625000 6168.070801 33 4
4218600.000000 4022215.625000 5904.961914 34 4
4218800.000000 4022215.625000 5639.290039 35 4
4219000.000000 4022215.625000 5372.125000 36 4
4219200.000000 4022215.625000 5102.934082 37 4
4219400.000000 4022215.625000 4829.516113 38 4
4219600.000000 4022215.625000 4549.404785 39 4
4219800.000000 4022215.625000 4261.500977 40 4
4220000.000000 4022215.625000 3970.545654 41 4
4220200.000000 4022215.625000 3679.642822 42 4
4212000.000000 4022587.500000 14442.198242 1 5
4212200.000000 4022587.500000 14180.955078 2 5
4212400.000000 4022587.500000 13916.237305 3 5
4212600.000000 4022587.500000 13649.520508 4 5
4212800.000000 4022587.500000 13383.345703 5 5
4213000.000000 4022587.500000 13117.689453 6 5
4213200.000000 4022587.500000 12852.094727 7 5
4213400.000000 4022587.500000 12586.038086 8 5
4213600.000000 4022587.500000 12319.560547 9 5
4213800.000000 4022587.500000 12053.637695 10 5
4214000.000000 4022587.500000 11787.795898 11 5
4214200.000000 4022587.500000 11522.558594 12 5
4214400.000000 4022587.500000 11256.899414 13 5
4214600.000000 4022587.500000 10991.355469 14 5
4214800.000000 4022587.500000 10725.393555 15 5
4215000.000000 4022587.500000 10460.041992 16 5
4215200.000000 4022587.500000 10195.256836 17 5
4215400.000000 4022587.500000 9929.558594 18 5
4215600.000000 4022587.500000 9663.387695 19 5
4215800.000000 4022587.500000 9397.729492 20 5
4216000.000000 4022587.500000 9133.066406 21 5
4216200.000000 4022587.500000 8868.334961 22 5
4216400.000000 4022587.500000 8604.037109 23 5
4216600.000000 4022587.500000 8338.625000 24 5
4216800.000000 4022587.500000 8073.133789 25 5
4217000.000000 4022587.500000 7807.564453 26 5
4217200.000000 4022587.500000 7542.516113 27 5
4217400.000000 4022587.500000 7276.056641 28 5
4217600.000000 4022587.500000 7008.830078 29 5
4217800.000000 4022587.500000 6741.970215 30 5
4218000.000000 4022587.500000 6476.564941 31 5
4218200.000000 4022587.500000 6213.491211 32 5
4218400.000000 4022587.500000 5952.457031 33 5
4218600.000000 4022587.500000 5691.874512 34 5
4218800.000000 4022587.500000 5428.995605 35 5
4219000.000000 4022587.500000 5163.197754 36 5
4219200.000000 4022587.500000 4892.286621 37 5
4219400.000000 4022587.500000 4615.852051 38 5
4219600.000000 4022587.500000 4331.794922 39 5
4219800.000000 4022587.500000 4041.693115 40 5
4220000.000000 4022587.500000 3748.252930 41 5
4220200.000000 4022587.500000 3454.492676 42 5
4212000.000000 4022959.375000 14224.910156 1 6
4212200.000000 4022959.375000 13963.186523 2 6
4212400.000000 4022959.375000 13698.954102 3 6
4212600.000000 4022959.375000 13432.754883 4 6
4212800.000000 4022959.375000 13166.566406 5 6
4213000.000000 4022959.375000 12900.928711 6 6
4213200.000000 4022959.375000 12635.319336 7 6
4213400.000000 4022959.375000 12369.263672 8 6
4213600.000000 4022959.375000 12103.287109 9 6
4213800.000000 4022959.375000 11837.364258 10 6
4214000.000000 4022959.375000 11571.535156 11 6
4214200.000000 4022959.375000 11305.776367 12 6
4214400.000000 4022959.375000 11040.125000 13 6
4214600.000000 4022959.375000 10774.549805 14 6
4214800.000000 4022959.375000 10509.081055 15 6
4215000.000000 4022959.375000 10243.681641 16 6
4215200.000000 4022959.375000 9978.356445 17 6
4215400.000000 4022959.375000 9712.602539 18 6
4215600.000000 4022959.375000 9446.858398 19 6
4215800.000000 4022959.375000 9181.124023 20 6
4216000.000000 4022959.375000 8916.328125 21 6
4216200.000000 4022959.375000 8651.469727 22 6
4216400.000000 4022959.375000 8386.484375 23 6
4216600.000000 4022959.375000 8121.392090 24 6
4216800.000000 4022959.375000 7855.672363 25 6
4217000.000000 4022959.375000 7589.888672 26 6
4217200.000000 4022959.375000 7324.148438 27 6
4217400.000000 4022959.375000 7057.061035 28 6
4217600.000000 4022959.375000 6789.334961 29 6
4217800.000000 4022959.375000 6522.194336 30 6
4218000.000000 4022959.375000 6256.736328 31 6
4218200.000000 4022959.375000 5994.932617 32 6
4218400.000000 4022959.375000 5736.433594 33 6
4218600.000000 4022959.375000 5479.132324 34 6
4218800.000000 4022959.375000 5219.968750 35 6
4219000.000000 4022959.375000 4955.707031 36 6
4219200.000000 4022959.375000 4682.795898 37 6
4219400.000000 4022959.375000 4401.799316 38 6
4219600.000000 4022959.375000 4113.968262 39 6
4219800.000000 4022959.375000 3820.755859 40 6
4220000.000000 4022959.375000 3524.146484 41 6
4220200.000000 4022959.375000 3227.412354 42 6
4212000.000000 4023331.250000 14007.633789 1 7
4212200.000000 4023331.250000 13746.413086 2 7
4212400.000000 4023331.250000 13482.180664 3 7
4212600.000000 4023331.250000 13215.983398 4 7
4212800.000000 4023331.250000 12949.795898 5 7
4213000.000000 4023331.250000 12684.160156 6 7
4213200.000000 4023331.250000 12418.551758 7 7
4213400.000000 4023331.250000 12152.513672 8 7
4213600.000000 4023331.250000 11886.518555 9 7
4213800.000000 4023331.250000 11620.610352 10 7
4214000.000000 4023331.250000 11354.759766 11 7
4214200.000000 4023331.250000 11089.009766 12 7
4214400.000000 4023331.250000 10823.329102 13 7
4214600.000000 4023331.250000 10557.734375 14 7
4214800.000000 4023331.250000 10292.239258 15 7
4215000.000000 4023331.250000 10026.801758 16 7
4215200.000000 4023331.250000 9761.443359 17 7
4215400.000000 4023331.250000 9495.607422 18 7
4215600.000000 4023331.250000 9229.793945 19 7
4215800.000000 4023331.250000 8964.431641 20 7
4216000.000000 4023331.250000 8698.995117 21 7
4216200.000000 4023331.250000 8433.959961 22 7
4216400.000000 4023331.250000 8168.759277 23 7
4216600.000000 4023331.250000 7903.411621 24 7
4216800.000000 4023331.250000 7637.398438 25 7
4217000.000000 4023331.250000 7371.307129 26 7
4217200.000000 4023331.250000 7105.211426 27 7
4217400.000000 4023331.250000 6837.807617 28 7
4217600.000000 4023331.250000 6568.869141 29 7
4217800.000000 4023331.250000 6300.646484 30 7
4218000.000000 4023331.250000 6034.875977 31 7
4218200.000000 4023331.250000 5774.165039 32 7
4218400.000000 4023331.250000 5518.937500 33 7
4218600.000000 4023331.250000 5267.207520 34 7
4218800.000000 4023331.250000 5013.431641 35 7
4219000.000000 4023331.250000 4751.938477 36 7
4219200.000000 4023331.250000 4476.438965 37 7
4219400.000000 4023331.250000 4189.017090 38 7
4219600.000000 4023331.250000 3895.592285 39 7
4219800.000000 4023331.250000 3598.255127 40 7
4220000.000000 4023331.250000 3298.431152 41 7
4220200.000000 4023331.250000 2999.218018 42 7
4212000.000000 4023703.125000 13790.371094 1 8
4212200.000000 4023703.125000 13529.650391 2 8
4212400.000000 4023703.125000 13265.935547 3 8
4212600.000000 4023703.125000 12999.223633 4 8
4212800.000000 4023703.125000 12733.053711 5 8
4213000.000000 4023703.125000 12467.401367 6 8
4213200.000000 4023703.125000 12201.809570 7 8
4213400.000000 4023703.125000 11935.753906 8 8
4213600.000000 4023703.125000 11669.756836 9 8
4213800.000000 4023703.125000 11403.843750 10 8
4214000.000000 4023703.125000 11137.987305 11 8
4214200.000000 4023703.125000 10872.225586 12 8
4214400.000000 4023703.125000 10606.528320 13 8
4214600.000000 4023703.125000 10340.926758 14 8
4214800.000000 4023703.125000 10075.382813 15 8
4215000.000000 4023703.125000 9809.918945 16 8
4215200.000000 4023703.125000 9544.486328 17 8
4215400.000000 4023703.125000 9278.573242 18 8
4215600.000000 4023703.125000 9012.661133 19 8
4215800.000000 4023703.125000 8747.168945 20 8
4216000.000000 4023703.125000 8481.583984 21 8
4216200.000000 4023703.125000 8216.323242 22 8
4216400.000000 4023703.125000 7950.879395 23 8
4216600.000000 4023703.125000 7685.198242 24 8
4216800.000000 4023703.125000 7418.819336 25 8
4217000.000000 4023703.125000 7152.756348 26 8
4217200.000000 4023703.125000 6886.135254 27 8
4217400.000000 4023703.125000 6617.175781 28 8
4217600.000000 4023703.125000 6346.649902 29 8
4217800.000000 4023703.125000 6077.439941 30 8
4218000.000000 4023703.125000 5811.433105 31 8
4218200.000000 4023703.125000 5551.648438 32 8
4218400.000000 4023703.125000 5300.751953 33 8
4218600.000000 4023703.125000 5056.865723 34 8
4218800.000000 4023703.125000 4812.645996 35 8
4219000.000000 4023703.125000 4556.143066 36 8
4219200.000000 4023703.125000 4276.088867 37 8
4219400.000000 4023703.125000 3978.098877 38 8
4219600.000000 4023703.125000 3675.849609 39 8
4219800.000000 4023703.125000 3373.380127 40 8
4220000.000000 4023703.125000 3071.527100 41 8
4220200.000000 4023703.125000 2770.028320 42 8
4212000.000000 4024075.000000 13573.138672 1 9
4212200.000000 4024075.000000 13312.916992 2 9
4212400.000000 4024075.000000 13048.687500 3 9
4212600.000000 4024075.000000 12782.491211 4 9
4212800.000000 4024075.000000 12516.304688 5 9
4213000.000000 4024075.000000 12250.652344 6 9
4213200.000000 4024075.000000 11985.059570 7 9
4213400.000000 4024075.000000 11719.000977 8 9
4213600.000000 4024075.000000 11453.017578 9 9
4213800.000000 4024075.000000 11187.081055 10 9
4214000.000000 4024075.000000 10921.232422 11 9
4214200.000000 4024075.000000 10655.440430 12 9
4214400.000000 4024075.000000 10389.740234 13 9
4214600.000000 4024075.000000 10124.094727 14 9
4214800.000000 4024075.000000 9858.514648 15 9
4215000.000000 4024075.000000 9593.000977 16 9
4215200.000000 4024075.000000 9327.502930 17 9
4215400.000000 4024075.000000 9061.522461 18 9
4215600.000000 4024075.000000 8795.483398 19 9
4215800.000000 4024075.000000 8529.865234 20 9
4216000.000000 4024075.000000 8264.079102 21 9
4216200.000000 4024075.000000 7998.583496 22 9
4216400.000000 4024075.000000 7732.845215 23 9
4216600.000000 4024075.000000 7466.793945 24 9
4216800.000000 4024075.000000 7200.450195 25 9
4217000.000000 4024075.000000 6933.804199 26 9
4217200.000000 4024075.000000 6665.978027 27 9
4217400.000000 4024075.000000 6396.138672 28 9
4217600.000000 4024075.000000 6123.642090 29 9
4217800.000000 4024075.000000 5852.939453 30 9
4218000.000000 4024075.000000 5586.181641 31 9
4218200.000000 4024075.000000 5327.116211 32 9
4218400.000000 4024075.000000 5080.306152 33 9
4218600.000000 4024075.000000 4847.301758 34 9
4218800.000000 4024075.000000 4618.858887 35 9
4219000.000000 4024075.000000 4371.937012 36 9
4219200.000000 4024075.000000 4081.760986 37 9
4219400.000000 4024075.000000 3763.738037 38 9
4219600.000000 4024075.000000 3449.084473 39 9
4219800.000000 4024075.000000 3142.539063 40 9
4220000.000000 4024075.000000 2840.812256 41 9
4220200.000000 4024075.000000 2540.737061 42 9
4212000.000000 4024446.875000 13356.400391 1 10
4212200.000000 4024446.875000 13096.178711 2 10
4212400.000000 4024446.875000 12832.447266 3 10
4212600.000000 4024446.875000 12565.751953 4 10
4212800.000000 4024446.875000 12299.564453 5 10
4213000.000000 4024446.875000 12033.927734 6 10
4213200.000000 4024446.875000 11768.316406 7 10
4213400.000000 4024446.875000 11502.272461 8 10
4213600.000000 4024446.875000 11236.266602 9 10
4213800.000000 4024446.875000 10970.339844 10 10
4214000.000000 4024446.875000 10704.461914 11 10
4214200.000000 4024446.875000 10438.653320 12 10
4214400.000000 4024446.875000 10172.931641 13 10
4214600.000000 4024446.875000 9907.255859 14 10
4214800.000000 4024446.875000 9641.651367 15 10
4215000.000000 4024446.875000 9376.069336 16 10
4215200.000000 4024446.875000 9110.518555 17 10
4215400.000000 4024446.875000 8844.431641 18 10
4215600.000000 4024446.875000 8578.275391 19 10
4215800.000000 4024446.875000 8312.507813 20 10
4216000.000000 4024446.875000 8046.529785 21 10
4216200.000000 4024446.875000 7780.806641 22 10
4216400.000000 4024446.875000 7514.740234 23 10
4216600.000000 4024446.875000 7248.306641 24 10
4216800.000000 4024446.875000 6981.429199 25 10
4217000.000000 4024446.875000 6714.124023 26 10
4217200.000000 4024446.875000 6445.403809 27 10
4217400.000000 4024446.875000 6173.961914 28 10
4217600.000000 4024446.875000 5900.141602 29 10
4217800.000000 4024446.875000 5627.452148 30 10
4218000.000000 4024446.875000 5359.299805 31 10
4218200.000000 4024446.875000 5100.194336 32 10
4218400.000000 4024446.875000 4858.121094 33 10
4218600.000000 4024446.875000 4636.193359 34 10
4218800.000000 4024446.875000 4427.747070 35 10
4219000.000000 4024446.875000 4198.806152 36 10
4219200.000000 4024446.875000 3885.192627 37 10
4219400.000000 4024446.875000 3526.890869 38 10
4219600.000000 4024446.875000 3200.028076 39 10
4219800.000000 4024446.875000 2898.657715 40 10
4220000.000000 4024446.875000 2605.837646 41 10
4220200.000000 4024446.875000 2311.672852 42 10
4212000.000000 4024818.750000 13139.173828 1 11
4212200.000000 4024818.750000 12879.450195 2 11
4212400.000000 4024818.750000 12615.235352 3 11
4212600.000000 4024818.750000 12349.022461 4 11
4212800.000000 4024818.750000 12082.850586 5 11
4213000.000000 4024818.750000 11817.195313 6 11
4213200.000000 4024818.750000 11551.598633 7 11
4213400.000000 4024818.750000 11285.532227 8 11
4213600.000000 4024818.750000 11019.520508 9 11
4213800.000000 4024818.750000 10753.583984 10 11
4214000.000000 4024818.750000 10487.693359 11 11
4214200.000000 4024818.750000 10221.883789 12 11
4214400.000000 4024818.750000 9956.120117 13 11
4214600.000000 4024818.750000 9690.428711 14 11
4214800.000000 4024818.750000 9424.765625 15 11
4215000.000000 4024818.750000 9159.127930 16 11
4215200.000000 4024818.750000 8893.506836 17 11
4215400.000000 4024818.750000 8627.330078 18 11
4215600.000000 4024818.750000 8361.575195 19 11
4215800.000000 4024818.750000 8095.645020 20 11
4216000.000000 4024818.750000 7829.497559 21 11
4216200.000000 4024818.750000 7563.021973 22 11
4216400.000000 4024818.750000 7296.670410 23 11
4216600.000000 4024818.750000 7029.829590 24 11
4216800.000000 4024818.750000 6762.436523 25 11
4217000.000000 4024818.750000 6494.437988 26 11
4217200.000000 4024818.750000 6224.791992 27 11
4217400.000000 4024818.750000 5952.665039 28 11
4217600.000000 4024818.750000 5676.338867 29 11
4217800.000000 4024818.750000 5401.279297 30 11
4218000.000000 4024818.750000 5130.315430 31 11
4218200.000000 4024818.750000 4869.251465 32 11
4218400.000000 4024818.750000 4626.854492 33 11
4218600.000000 4024818.750000 4408.193359 34 11
4218800.000000 4024818.750000 4217.056641 35 11
4219000.000000 4024818.750000 4006.194580 36 11
4219200.000000 4024818.750000 3648.217041 37 11
4219400.000000 4024818.750000 3236.618896 38 11
4219600.000000 4024818.750000 2915.394775 39 11
4219800.000000 4024818.750000 2640.054932 40 11
4220000.000000 4024818.750000 2367.610107 41 11
4220200.000000 4024818.750000 2085.886230 42 11
4212000.000000 4025190.625000 12922.456055 1 12
4212200.000000 4025190.625000 12662.230469 2 12
4212400.000000 4025190.625000 12398.514648 3 12
4212600.000000 4025190.625000 12132.299805 4 12
4212800.000000 4025190.625000 11866.126953 5 12
4213000.000000 4025190.625000 11600.469727 6 12
4213200.000000 4025190.625000 11334.869141 7 12
4213400.000000 4025190.625000 11068.797852 8 12
4213600.000000 4025190.625000 10802.794922 9 12
4213800.000000 4025190.625000 10536.831055 10 12
4214000.000000 4025190.625000 10270.942383 11 12
4214200.000000 4025190.625000 10005.096680 12 12
4214400.000000 4025190.625000 9739.306641 13 12
4214600.000000 4025190.625000 9473.583008 14 12
4214800.000000 4025190.625000 9207.875977 15 12
4215000.000000 4025190.625000 8942.201172 16 12
4215200.000000 4025190.625000 8676.495117 17 12
4215400.000000 4025190.625000 8410.749023 18 12
4215600.000000 4025190.625000 8144.872070 19 12
4215800.000000 4025190.625000 7878.824707 20 12
4216000.000000 4025190.625000 7612.495117 21 12
4216200.000000 4025190.625000 7345.812012 22 12
4216400.000000 4025190.625000 7079.198730 23 12
4216600.000000 4025190.625000 6812.020020 24 12
4216800.000000 4025190.625000 6544.194336 25 12
4217000.000000 4025190.625000 6275.569336 26 12
4217200.000000 4025190.625000 6005.113770 27 12
4217400.000000 4025190.625000 5730.883789 28 12
4217600.000000 4025190.625000 5453.148438 29 12
4217800.000000 4025190.625000 5175.163574 30 12
4218000.000000 4025190.625000 4899.215820 31 12
4218200.000000 4025190.625000 4628.634277 32 12
4218400.000000 4025190.625000 4369.937500 33 12
4218600.000000 4025190.625000 4132.491699 34 12
4218800.000000 4025190.625000 3934.051270 35 12
4219000.000000 4025190.625000 3714.132568 36 12
4219200.000000 4025190.625000 3315.675049 37 12
4219400.000000 4025190.625000 2891.036621 38 12
4219600.000000 4025190.625000 2618.264160 39 12
4219800.000000 4025190.625000 2386.332764 40 12
4220000.000000 4025190.625000 2138.270264 41 12
4220200.000000 4025190.625000 1866.848755 42 12
4212000.000000 4025562.500000 12705.763672 1 13
4212200.000000 4025562.500000 12446.035156 2 13
4212400.000000 4025562.500000 12181.800781 3 13
4212600.000000 4025562.500000 11915.601563 4 13
4212800.000000 4025562.500000 11649.410156 5 13
4213000.000000 4025562.500000 11383.766602 6 13
4213200.000000 4025562.500000 11118.144531 7 13
4213400.000000 4025562.500000 10852.084961 8 13
4213600.000000 4025562.500000 10586.056641 9 13
4213800.000000 4025562.500000 10320.081055 10 13
4214000.000000 4025562.500000 10054.175781 11 13
4214200.000000 4025562.500000 9788.309570 12 13
4214400.000000 4025562.500000 9522.510742 13 13
4214600.000000 4025562.500000 9256.736328 14 13
4214800.000000 4025562.500000 8991.004883 15 13
4215000.000000 4025562.500000 8725.262695 16 13
4215200.000000 4025562.500000 8459.510742 17 13
4215400.000000 4025562.500000 8193.671875 18 13
4215600.000000 4025562.500000 7927.702148 19 13
4215800.000000 4025562.500000 7661.543945 20 13
4216000.000000 4025562.500000 7395.080566 21 13
4216200.000000 4025562.500000 7128.252930 22 13
4216400.000000 4025562.500000 6861.426270 23 13
4216600.000000 4025562.500000 6594.018555 24 13
4216800.000000 4025562.500000 6325.856934 25 13
4217000.000000 4025562.500000 6056.819824 26 13
4217200.000000 4025562.500000 5785.269531 27 13
4217400.000000 4025562.500000 5510.783691 28 13
4217600.000000 4025562.500000 5232.091309 29 13
4217800.000000 4025562.500000 4951.789063 30 13
4218000.000000 4025562.500000 4670.523438 31 13
4218200.000000 4025562.500000 4388.040039 32 13
4218400.000000 4025562.500000 4106.293945 33 13
4218600.000000 4025562.500000 3839.659180 34 13
4218800.000000 4025562.500000 3632.913574 35 13
4219000.000000 4025562.500000 3433.216553 36 13
4219200.000000 4025562.500000 3073.369873 37 13
4219400.000000 4025562.500000 2671.509521 38 13
4219600.000000 4025562.500000 2407.919189 39 13
4219800.000000 4025562.500000 2179.941406 40 13
4220000.000000 4025562.500000 1932.116089 41 13
4220200.000000 4025562.500000 1661.195068 42 13
4212000.000000 4025934.375000 12489.060547 1 14
4212200.000000 4025934.375000 12229.329102 2 14
4212400.000000 4025934.375000 11965.609375 3 14
4212600.000000 4025934.375000 11698.892578 4 14
4212800.000000 4025934.375000 11432.698242 5 14
4213000.000000 4025934.375000 11167.051758 6 14
4213200.000000 4025934.375000 10901.424805 7 14
4213400.000000 4025934.375000 10635.357422 8 14
4213600.000000 4025934.375000 10369.320313 9 14
4213800.000000 4025934.375000 10103.349609 10 14
4214000.000000 4025934.375000 9837.412109 11 14
4214200.000000 4025934.375000 9571.541016 12 14
4214400.000000 4025934.375000 9305.700195 13 14
4214600.000000 4025934.375000 9039.893555 14 14
4214800.000000 4025934.375000 8774.123047 15 14
4215000.000000 4025934.375000 8508.333984 16 14
4215200.000000 4025934.375000 8242.527344 17 14
4215400.000000 4025934.375000 7976.624512 18 14
4215600.000000 4025934.375000 7710.598633 19 14
4215800.000000 4025934.375000 7444.340820 20 14
4216000.000000 4025934.375000 7177.800781 21 14
4216200.000000 4025934.375000 6910.853027 22 14
4216400.000000 4025934.375000 6643.412109 23 14
4216600.000000 4025934.375000 6375.876465 24 14
4216800.000000 4025934.375000 6107.566406 25 14
4217000.000000 4025934.375000 5838.345215 26 14
4217200.000000 4025934.375000 5567.057129 27 14
4217400.000000 4025934.375000 5292.288574 28 14
4217600.000000 4025934.375000 5014.340332 29 14
4217800.000000 4025934.375000 4734.446289 30 14
4218000.000000 4025934.375000 4453.290039 31 14
4218200.000000 4025934.375000 4169.779785 32 14
4218400.000000 4025934.375000 3885.198486 33 14
4218600.000000 4025934.375000 3614.219971 34 14
4218800.000000 4025934.375000 3409.778564 35 14
4219000.000000 4025934.375000 3240.392578 36 14
4219200.000000 4025934.375000 2955.820801 37 14
4219400.000000 4025934.375000 2588.018555 38 14
4219600.000000 4025934.375000 2287.318115 39 14
4219800.000000 4025934.375000 2018.774292 40 14
4220000.000000 4025934.375000 1748.302246 41 14
4220200.000000 4025934.375000 1466.039307 42 14
4212000.000000 4026306.250000 12271.863281 1 15
4212200.000000 4026306.250000 12012.628906 2 15
4212400.000000 4026306.250000 11748.906250 3 15
4212600.000000 4026306.250000 11482.686523 4 15
4212800.000000 4026306.250000 11216.505859 5 15
4213000.000000 4026306.250000 10950.339844 6 15
4213200.000000 4026306.250000 10684.724609 7 15
4213400.000000 4026306.250000 10418.633789 8 15
4213600.000000 4026306.250000 10152.603516 9 15
4213800.000000 4026306.250000 9886.603516 10 15
4214000.000000 4026306.250000 9620.650391 11 15
4214200.000000 4026306.250000 9354.758789 12 15
4214400.000000 4026306.250000 9088.892578 13 15
4214600.000000 4026306.250000 8823.073242 14 15
4214800.000000 4026306.250000 8557.250977 15 15
4215000.000000 4026306.250000 8291.437500 16 15
4215200.000000 4026306.250000 8025.568848 17 15
4215400.000000 4026306.250000 7759.633301 18 15
4215600.000000 4026306.250000 7493.538574 19 15
4215800.000000 4026306.250000 7227.228516 20 15
4216000.000000 4026306.250000 6960.638184 21 15
4216200.000000 4026306.250000 6693.647461 22 15
4216400.000000 4026306.250000 6426.195313 23 15
4216600.000000 4026306.250000 6158.138672 24 15
4216800.000000 4026306.250000 5889.875488 25 15
4217000.000000 4026306.250000 5620.209961 26 15
4217200.000000 4026306.250000 5349.038574 27 15
4217400.000000 4026306.250000 5075.466309 28 15
4217600.000000 4026306.250000 4799.390137 29 15
4217800.000000 4026306.250000 4522.429199 30 15
4218000.000000 4026306.250000 4246.463379 31 15
4218200.000000 4026306.250000 3972.826660 32 15
4218400.000000 4026306.250000 3704.186768 33 15
4218600.000000 4026306.250000 3446.362305 34 15
4218800.000000 4026306.250000 3227.090088 35 15
4219000.000000 4026306.250000 3029.594482 36 15
4219200.000000 4026306.250000 2773.316650 37 15
4219400.000000 4026306.250000 2457.281982 38 15
4219600.000000 4026306.250000 2152.775879 39 15
4219800.000000 4026306.250000 1859.132446 40 15
4220000.000000 4026306.250000 1567.160889 41 15
4220200.000000 4026306.250000 1273.834839 42 15
4212000.000000 4026678.125000 12054.686523 1 16
4212200.000000 4026678.125000 11795.448242 2 16
4212400.000000 4026678.125000 11532.206055 3 16
4212600.000000 4026678.125000 11266.000000 4 16
4212800.000000 4026678.125000 10999.800781 5 16
4213000.000000 4026678.125000 10733.647461 6 16
4213200.000000 4026678.125000 10468.010742 7 16
4213400.000000 4026678.125000 10201.929688 8 16
4213600.000000 4026678.125000 9935.873047 9 16
4213800.000000 4026678.125000 9669.859375 10 16
4214000.000000 4026678.125000 9403.907227 11 16
4214200.000000 4026678.125000 9137.980469 12 16
4214400.000000 4026678.125000 8872.106445 13 16
4214600.000000 4026678.125000 8606.243164 14 16
4214800.000000 4026678.125000 8340.407227 15 16
4215000.000000 4026678.125000 8074.543457 16 16
4215200.000000 4026678.125000 7808.639160 17 16
4215400.000000 4026678.125000 7542.668945 18 16
4215600.000000 4026678.125000 7276.542969 19 16
4215800.000000 4026678.125000 7010.226074 20 16
4216000.000000 4026678.125000 6743.610352 21 16
4216200.000000 4026678.125000 6476.649902 22 16
4216400.000000 4026678.125000 6209.229004 23 16
4216600.000000 4026678.125000 5941.274902 24 16
4216800.000000 4026678.125000 5672.694336 25 16
4217000.000000 4026678.125000 5403.317383 26 16
4217200.000000 4026678.125000 5132.569824 27 16
4217400.000000 4026678.125000 4860.508301 28 16
4217600.000000 4026678.125000 4586.641602 29 16
4217800.000000 4026678.125000 4312.878418 30 16
4218000.000000 4026678.125000 4041.708008 31 16
4218200.000000 4026678.125000 3776.242188 32 16
4218400.000000 4026678.125000 3518.520752 33 16
4218600.000000 4026678.125000 3269.143555 34 16
4218800.000000 4026678.125000 3035.648682 35 16
4219000.000000 4026678.125000 2809.382080 36 16
4219200.000000 4026678.125000 2555.951904 37 16
4219400.000000 4026678.125000 2271.639648 38 16
4219600.000000 4026678.125000 1976.703247 39 16
4219800.000000 4026678.125000 1676.348022 40 16
4220000.000000 4026678.125000 1376.402222 41 16
4220200.000000 4026678.125000 1077.240601 42 16
4212000.000000 4027050.000000 11837.494141 1 17
4212200.000000 4027050.000000 11578.751953 2 17
4212400.000000 4027050.000000 11315.524414 3 17
4212600.000000 4027050.000000 11049.298828 4 17
4212800.000000 4027050.000000 10783.096680 5 17
4213000.000000 4027050.000000 10516.939453 6 17
4213200.000000 4027050.000000 10251.297852 7 17
4213400.000000 4027050.000000 9985.208984 8 17
4213600.000000 4027050.000000 9719.143555 9 17
4213800.000000 4027050.000000 9453.134766 10 17
4214000.000000 4027050.000000 9187.150391 11 17
4214200.000000 4027050.000000 8921.221680 12 17
4214400.000000 4027050.000000 8655.309570 13 17
4214600.000000 4027050.000000 8389.421875 14 17
4214800.000000 4027050.000000 8123.559570 15 17
4215000.000000 4027050.000000 7857.668457 16 17
4215200.000000 4027050.000000 7591.754883 17 17
4215400.000000 4027050.000000 7325.746094 18 17
4215600.000000 4027050.000000 7059.624512 19 17
4215800.000000 4027050.000000 6793.293457 20 17
4216000.000000 4027050.000000 6526.702637 21 17
4216200.000000 4027050.000000 6259.799805 22 17
4216400.000000 4027050.000000 5992.485352 23 17
4216600.000000 4027050.000000 5724.725586 24 17
4216800.000000 4027050.000000 5456.411621 25 17
4217000.000000 4027050.000000 5187.479980 26 17
4217200.000000 4027050.000000 4917.312500 27 17
4217400.000000 4027050.000000 4646.492188 28 17
4217600.000000 4027050.000000 4374.479492 29 17
4217800.000000 4027050.000000 4102.673340 30 17
4218000.000000 4027050.000000 3833.860352 31 17
4218200.000000 4027050.000000 3570.416016 32 17
4218400.000000 4027050.000000 3314.806396 33 17
4218600.000000 4027050.000000 3066.658203 34 17
4218800.000000 4027050.000000 2825.098145 35 17
4219000.000000 4027050.000000 2583.723633 36 17
4219200.000000 4027050.000000 2327.951416 37 17
4219400.000000 4027050.000000 2054.256836 38 17
4219600.000000 4027050.000000 1767.314087 39 17
4219800.000000 4027050.000000 1471.825317 40 17
4220000.000000 4027050.000000 1172.593994 41 17
4220200.000000 4027050.000000 875.433472 42 17
4212000.000000 4027421.875000 11621.300781 1 18
4212200.000000 4027421.875000 11362.055664 2 18
4212400.000000 4027421.875000 11099.325195 3 18
4212600.000000 4027421.875000 10832.597656 4 18
4212800.000000 4027421.875000 10566.410156 5 18
4213000.000000 4027421.875000 10300.232422 6 18
4213200.000000 4027421.875000 10034.601563 7 18
4213400.000000 4027421.875000 9768.489258 8 18
4213600.000000 4027421.875000 9502.430664 9 18
4213800.000000 4027421.875000 9236.394531 10 18
4214000.000000 4027421.875000 8970.395508 11 18
4214200.000000 4027421.875000 8704.449219 12 18
4214400.000000 4027421.875000 8438.518555 13 18
4214600.000000 4027421.875000 8172.625977 14 18
4214800.000000 4027421.875000 7906.724609 15 18
4215000.000000 4027421.875000 7640.828613 16 18
4215200.000000 4027421.875000 7374.880371 17 18
4215400.000000 4027421.875000 7108.861328 18 18
4215600.000000 4027421.875000 6842.741211 19 18
4215800.000000 4027421.875000 6576.431641 20 18
4216000.000000 4027421.875000 6309.906738 21 18
4216200.000000 4027421.875000 6043.075684 22 18
4216400.000000 4027421.875000 5775.919434 23 18
4216600.000000 4027421.875000 5508.360352 24 18
4216800.000000 4027421.875000 5240.390137 25 18
4217000.000000 4027421.875000 4971.923828 26 18
4217200.000000 4027421.875000 4702.425781 27 18
4217400.000000 4027421.875000 4432.954590 28 18
4217600.000000 4027421.875000 4162.306152 29 18
4217800.000000 4027421.875000 3891.768555 30 18
4218000.000000 4027421.875000 3623.521240 31 18
4218200.000000 4027421.875000 3359.796143 32 18
4218400.000000 4027421.875000 3103.164795 33 18
4218600.000000 4027421.875000 2852.060791 34 18
4218800.000000 4027421.875000 2604.010498 35 18
4219000.000000 4027421.875000 2354.484619 36 18
4219200.000000 4027421.875000 2096.172119 37 18
4219400.000000 4027421.875000 1826.371460 38 18
4219600.000000 4027421.875000 1545.251465 39 18
4219800.000000 4027421.875000 1255.429443 40 18
4220000.000000 4027421.875000 961.206909 41 18
4220200.000000 4027421.875000 667.659485 42 18
4212000.000000 4027793.750000 11404.623047 1 19
4212200.000000 4027793.750000 11145.358398 2 19
4212400.000000 4027793.750000 10882.125000 3 19
4212600.000000 4027793.750000 10615.912109 4 19
4212800.000000 4027793.750000 10349.704102 5 19
4213000.000000 4027793.750000 10083.523438 6 19
4213200.000000 4027793.750000 9817.887695 7 19
4213400.000000 4027793.750000 9551.769531 8 19
4213600.000000 4027793.750000 9285.702148 9 19
4213800.000000 4027793.750000 9019.654297 10 19
4214000.000000 4027793.750000 8753.659180 11 19
4214200.000000 4027793.750000 8487.681641 12 19
4214400.000000 4027793.750000 8221.749023 13 19
4214600.000000 4027793.750000 7955.821289 14 19
4214800.000000 4027793.750000 7689.401855 15 19
4215000.000000 4027793.750000 7423.489746 16 19
4215200.000000 4027793.750000 7157.529785 17 19
4215400.000000 4027793.750000 6891.524414 18 19
4215600.000000 4027793.750000 6625.399902 19 19
4215800.000000 4027793.750000 6359.141602 20 19
4216000.000000 4027793.750000 6092.664551 21 19
4216200.000000 4027793.750000 5825.937988 22 19
4216400.000000 4027793.750000 5558.937988 23 19
4216600.000000 4027793.750000 5291.605469 24 19
4216800.000000 4027793.750000 5023.959473 25 19
4217000.000000 4027793.750000 4755.954590 26 19
4217200.000000 4027793.750000 4487.611328 27 19
4217400.000000 4027793.750000 4218.930176 28 19
4217600.000000 4027793.750000 3949.645020 29 19
4217800.000000 4027793.750000 3680.314697 30 19
4218000.000000 4027793.750000 3412.286865 31 19
4218200.000000 4027793.750000 3148.093262 32 19
4218400.000000 4027793.750000 2888.943848 33 19
4218600.000000 4027793.750000 2633.953613 34 19
4218800.000000 4027793.750000 2380.624268 35 19
4219000.000000 4027793.750000 2125.734863 36 19
4219200.000000 4027793.750000 1865.255615 37 19
4219400.000000 4027793.750000 1597.467163 38 19
4219600.000000 4027793.750000 1319.942505 39 19
4219800.000000 4027793.750000 1035.281982 40 19
4220000.000000 4027793.750000 745.997314 41 19
4220200.000000 4027793.750000 457.427277 42 19
4212000.000000 4028165.625000 11188.424805 1 20
4212200.000000 4028165.625000 10928.673828 2 20
4212400.000000 4028165.625000 10665.421875 3 20
4212600.000000 4028165.625000 10398.707031 4 20
4212800.000000 4028165.625000 10132.497070 5 20
4213000.000000 4028165.625000 9866.828125 6 20
4213200.000000 4028165.625000 9601.171875 7 20
4213400.000000 4028165.625000 9335.063477 8 20
4213600.000000 4028165.625000 9068.972656 9 20
4213800.000000 4028165.625000 8802.931641 10 20
4214000.000000 4028165.625000 8536.907227 11 20
4214200.000000 4028165.625000 8270.915039 12 20
4214400.000000 4028165.625000 8004.967773 13 20
4214600.000000 4028165.625000 7739.023438 14 20
4214800.000000 4028165.625000 7472.605469 15 20
4215000.000000 4028165.625000 7206.664063 16 20
4215200.000000 4028165.625000 6940.713867 17 20
4215400.000000 4028165.625000 6674.694824 18 20
4215600.000000 4028165.625000 6408.588867 19 20
4215800.000000 4028165.625000 6142.371582 20 20
4216000.000000 4028165.625000 5875.965820 21 20
4216200.000000 4028165.625000 5609.366211 22 20
4216400.000000 4028165.625000 5342.507813 23 20
4216600.000000 4028165.625000 5075.408691 24 20
4216800.000000 4028165.625000 4808.040039 25 20
4217000.000000 4028165.625000 4540.451172 26 20
4217200.000000 4028165.625000 4272.629883 27 20
4217400.000000 4028165.625000 4004.635986 28 20
4217600.000000 4028165.625000 3736.628174 29 20
4217800.000000 4028165.625000 3468.419922 30 20
4218000.000000 4028165.625000 3201.128662 31 20
4218200.000000 4028165.625000 2935.915039 32 20
4218400.000000 4028165.625000 2674.331543 33 20
4218600.000000 4028165.625000 2415.367920 34 20
4218800.000000 4028165.625000 2157.861816 35 20
4219000.000000 4028165.625000 1899.424561 36 20
4219200.000000 4028165.625000 1637.603271 37 20
4219400.000000 4028165.625000 1371.011353 38 20
4219600.000000 4028165.625000 1096.684448 39 20
4219800.000000 4028165.625000 815.100586 40 20
4220000.000000 4028165.625000 529.905334 41 20
4220200.000000 4028165.625000 244.648193 42 20
4212000.000000 4028537.500000 10972.719727 1 21
4212200.000000 4028537.500000 10712.965820 2 21
4212400.000000 4028537.500000 10449.229492 3 21
4212600.000000 4028537.500000 10181.997070 4 21
4212800.000000 4028537.500000 9916.300781 5 21
4213000.000000 4028537.500000 9650.612305 6 21
4213200.000000 4028537.500000 9384.469727 7 21
4213400.000000 4028537.500000 9118.338867 8 21
4213600.000000 4028537.500000 8852.240234 9 21
4213800.000000 4028537.500000 8586.190430 10 21
4214000.000000 4028537.500000 8320.155273 11 21
4214200.000000 4028537.500000 8054.167480 12 21
4214400.000000 4028537.500000 7788.189453 13 21
4214600.000000 4028537.500000 7522.248047 14 21
4214800.000000 4028537.500000 7255.800781 15 21
4215000.000000 4028537.500000 6989.849609 16 21
4215200.000000 4028537.500000 6723.895508 17 21
4215400.000000 4028537.500000 6457.882813 18 21
4215600.000000 4028537.500000 6191.814941 19 21
4215800.000000 4028537.500000 5925.624023 20 21
4216000.000000 4028537.500000 5659.307617 21 21
4216200.000000 4028537.500000 5392.798828 22 21
4216400.000000 4028537.500000 5126.107422 23 21
4216600.000000 4028537.500000 4859.190430 24 21
4216800.000000 4028537.500000 4592.076660 25 21
4217000.000000 4028537.500000 4324.813965 26 21
4217200.000000 4028537.500000 4057.411133 27 21
4217400.000000 4028537.500000 3789.956787 28 21
4217600.000000 4028537.500000 3522.523682 29 21
4217800.000000 4028537.500000 3254.860840 30 21
4218000.000000 4028537.500000 2988.290771 31 21
4218200.000000 4028537.500000 2722.763672 32 21
4218400.000000 4028537.500000 2459.628418 33 21
4218600.000000 4028537.500000 2197.873047 34 21
4218800.000000 4028537.500000 1937.101807 35 21
4219000.000000 4028537.500000 1675.966431 36 21
4219200.000000 4028537.500000 1413.098145 37 21
4219400.000000 4028537.500000 1147.856689 38 21
4219600.000000 4028537.500000 875.614746 39 21
4219800.000000 4028537.500000 596.049988 40 21
4220000.000000 4028537.500000 313.534943 41 21
4220200.000000 4028537.500000 31.336561 42 21
4212000.000000 4028909.375000 10756.525391 1 22
4212200.000000 4028909.375000 10495.753906 2 22
4212400.000000 4028909.375000 10232.014648 3 22
4212600.000000 4028909.375000 9965.280273 4 22
4212800.000000 4028909.375000 9699.583008 5 22
4213000.000000 4028909.375000 9433.891602 6 22
4213200.000000 4028909.375000 9167.745117 7 22
4213400.000000 4028909.375000 8901.610352 8 22
4213600.000000 4028909.375000 8635.521484 9 22
4213800.000000 4028909.375000 8369.446289 10 22
4214000.000000 4028909.375000 8103.418457 11 22
4214200.000000 4028909.375000 7837.402832 12 22
4214400.000000 4028909.375000 7571.413086 13 22
4214600.000000 4028909.375000 7305.459473 14 22
4214800.000000 4028909.375000 7039.001465 15 22
4215000.000000 4028909.375000 6773.059570 16 22
4215200.000000 4028909.375000 6507.087402 17 22
4215400.000000 4028909.375000 6241.098633 18 22
4215600.000000 4028909.375000 5975.036133 19 22
4215800.000000 4028909.375000 5708.886719 20 22
4216000.000000 4028909.375000 5442.638672 21 22
4216200.000000 4028909.375000 5176.230469 22 22
4216400.000000 4028909.375000 4909.675781 23 22
4216600.000000 4028909.375000 4642.935059 24 22
4216800.000000 4028909.375000 4376.055176 25 22
4217000.000000 4028909.375000 4109.037109 26 22
4217200.000000 4028909.375000 3841.962646 27 22
4217400.000000 4028909.375000 3574.860352 28 22
4217600.000000 4028909.375000 3307.834717 29 22
4217800.000000 4028909.375000 3041.043701 30 22
4218000.000000 4028909.375000 2774.665039 31 22
4218200.000000 4028909.375000 2508.980713 32 22
4218400.000000 4028909.375000 2244.645752 33 22
4218600.000000 4028909.375000 1981.200928 34 22
4218800.000000 4028909.375000 1718.357788 35 22
4219000.000000 4028909.375000 1455.166260 36 22
4219200.000000 4028909.375000 1191.541504 37 22
4219400.000000 4028909.375000 925.588257 38 22
4219600.000000 4028909.375000 654.644043 39 22
4219800.000000 4028909.375000 377.264587 40 22
4220000.000000 4028909.375000 96.589500 41 22
4220200.000000 4028909.375000 -183.726913 42 22
4212000.000000 4029281.250000 10539.806641 1 23
4212200.000000 4029281.250000 10278.549805 2 23
4212400.000000 4029281.250000 10014.292969 3 23
4212600.000000 4029281.250000 9748.074219 4 23
4212800.000000 4029281.250000 9482.357422 5 23
4213000.000000 4029281.250000 9216.681641 6 23
4213200.000000 4029281.250000 8950.515625 7 23
4213400.000000 4029281.250000 8684.392578 8 23
4213600.000000 4029281.250000 8418.281250 9 23
4213800.000000 4029281.250000 8152.199707 10 23
4214000.000000 4029281.250000 7886.163086 11 23
4214200.000000 4029281.250000 7620.137695 12 23
4214400.000000 4029281.250000 7354.153809 13 23
4214600.000000 4029281.250000 7088.173828 14 23
4214800.000000 4029281.250000 6822.222656 15 23
4215000.000000 4029281.250000 6556.257813 16 23
4215200.000000 4029281.250000 6290.285156 17 23
4215400.000000 4029281.250000 6024.304199 18 23
4215600.000000 4029281.250000 5758.261719 19 23
4215800.000000 4029281.250000 5492.167480 20 23
4216000.000000 4029281.250000 5225.963867 21 23
4216200.000000 4029281.250000 4959.661621 22 23
4216400.000000 4029281.250000 4693.210938 23 23
4216600.000000 4029281.250000 4426.639648 24 23
4216800.000000 4029281.250000 4159.926270 25 23
4217000.000000 4029281.250000 3893.117432 26 23
4217200.000000 4029281.250000 3626.275635 27 23
4217400.000000 4029281.250000 3359.426025 28 23
4217600.000000 4029281.250000 3092.676270 29 23
4217800.000000 4029281.250000 2826.092773 30 23
4218000.000000 4029281.250000 2559.837646 31 23
4218200.000000 4029281.250000 2294.013916 32 23
4218400.000000 4029281.250000 2028.732300 33 23
4218600.000000 4029281.250000 1764.496460 34 23
4218800.000000 4029281.250000 1500.614746 35 23
4219000.000000 4029281.250000 1236.332275 36 23
4219200.000000 4029281.250000 971.781311 37 23
4219400.000000 4029281.250000 705.227478 38 23
4219600.000000 4029281.250000 435.004730 39 23
4219800.000000 4029281.250000 158.611435 40 23
4220000.000000 4029281.250000 -120.370399 41 23
4220200.000000 4029281.250000 -398.963287 42 23
4212000.000000 4029653.125000 10323.576172 1 24
4212200.000000 4029653.125000 10062.816406 2 24
4212400.000000 4029653.125000 9798.576172 3 24
4212600.000000 4029653.125000 9531.839844 4 24
4212800.000000 4029653.125000 9265.623047 5 24
4213000.000000 4029653.125000 8999.446289 6 24
4213200.000000 4029653.125000 8733.277344 7 24
4213400.000000 4029653.125000 8467.151367 8 24
4213600.000000 4029653.125000 8201.035156 9 24
4213800.000000 4029653.125000 7934.964355 10 24
4214000.000000 4029653.125000 7668.903809 11 24
4214200.000000 4029653.125000 7402.886230 12 24
4214400.000000 4029653.125000 7136.876953 13 24
4214600.000000 4029653.125000 6870.887207 14 24
4214800.000000 4029653.125000 6604.928711 15 24
4215000.000000 4029653.125000 6338.959473 16 24
4215200.000000 4029653.125000 6073.502441 17 24
4215400.000000 4029653.125000 5808.011230 18 24
4215600.000000 4029653.125000 5542.003906 19 24
4215800.000000 4029653.125000 5275.926270 20 24
4216000.000000 4029653.125000 5009.791992 21 24
4216200.000000 4029653.125000 4743.549805 22 24
4216400.000000 4029653.125000 4477.202148 23 24
4216600.000000 4029653.125000 4210.760742 24 24
4216800.000000 4029653.125000 3944.200439 25 24
4217000.000000 4029653.125000 3677.577881 26 24
4217200.000000 4029653.125000 3410.897461 27 24
4217400.000000 4029653.125000 3144.241455 28 24
4217600.000000 4029653.125000 2877.637207 29 24
4217800.000000 4029653.125000 2611.191650 30 24
4218000.000000 4029653.125000 2344.954346 31 24
4218200.000000 4029653.125000 2079.017822 32 24
4218400.000000 4029653.125000 1813.439819 33 24
4218600.000000 4029653.125000 1548.162476 34 24
4218800.000000 4029653.125000 1283.612183 35 24
4219000.000000 4029653.125000 1018.579956 36 24
4219200.000000 4029653.125000 753.395569 37 24
4219400.000000 4029653.125000 486.855957 38 24
4219600.000000 4029653.125000 216.382889 39 24
4219800.000000 4029653.125000 -59.049297 40 24
4220000.000000 4029653.125000 -337.462982 41 24
4220200.000000 4029653.125000 -615.372131 42 24
4212000.000000 4030025.000000 10107.351563 1 25
4212200.000000 4030025.000000 9846.573242 2 25
4212400.000000 4030025.000000 9582.332031 3 25
4212600.000000 4030025.000000 9315.095703 4 25
4212800.000000 4030025.000000 9048.895508 5 25
4213000.000000 4030025.000000 8782.701172 6 25
4213200.000000 4030025.000000 8516.546875 7 25
4213400.000000 4030025.000000 8250.400391 8 25
4213600.000000 4030025.000000 7984.297363 9 25
4213800.000000 4030025.000000 7718.204102 10 25
4214000.000000 4030025.000000 7452.137207 11 25
4214200.000000 4030025.000000 7186.112793 12 25
4214400.000000 4030025.000000 6920.095215 13 25
4214600.000000 4030025.000000 6654.115234 14 25
4214800.000000 4030025.000000 6388.133301 15 25
4215000.000000 4030025.000000 6122.176270 16 25
4215200.000000 4030025.000000 5856.702637 17 25
4215400.000000 4030025.000000 5591.235352 18 25
4215600.000000 4030025.000000 5325.226563 19 25
4215800.000000 4030025.000000 5059.177246 20 25
4216000.000000 4030025.000000 4793.087891 21 25
4216200.000000 4030025.000000 4527.409180 22 25
4216400.000000 4030025.000000 4261.164551 23 25
4216600.000000 4030025.000000 3994.814697 24 25
4216800.000000 4030025.000000 3728.397705 25 25
4217000.000000 4030025.000000 3461.896973 26 25
4217200.000000 4030025.000000 3195.374023 27 25
4217400.000000 4030025.000000 2928.832764 28 25
4217600.000000 4030025.000000 2662.336670 29 25
4217800.000000 4030025.000000 2395.956787 30 25
4218000.000000 4030025.000000 2129.715576 31 25
4218200.000000 4030025.000000 1863.691284 32 25
4218400.000000 4030025.000000 1597.866699 33 25
4218600.000000 4030025.000000 1332.248169 34 25
4218800.000000 4030025.000000 1066.728149 35 25
4219000.000000 4030025.000000 801.211121 36 25
4219200.000000 4030025.000000 535.588379 37 25
4219400.000000 4030025.000000 268.719543 38 25
4219600.000000 4030025.000000 -1.445714 39 25
4219800.000000 4030025.000000 -276.938110 40 25
4220000.000000 4030025.000000 -554.790466 41 25
4220200.000000 4030025.000000 -832.087769 42 25
4212000.000000 4030396.875000 9889.597656 1 26
4212200.000000 4030396.875000 9629.335938 2 26
4212400.000000 4030396.875000 9365.077148 3 26
4212600.000000 4030396.875000 9098.357422 4 26
4212800.000000 4030396.875000 8832.139648 5 26
4213000.000000 4030396.875000 8565.959961 6 26
4213200.000000 4030396.875000 8299.788086 7 26
4213400.000000 4030396.875000 8033.639648 8 26
4213600.000000 4030396.875000 7767.533203 9 26
4213800.000000 4030396.875000 7501.435547 10 26
4214000.000000 4030396.875000 7235.379883 11 26
4214200.000000 4030396.875000 6969.332520 12 26
4214400.000000 4030396.875000 6703.325195 13 26
4214600.000000 4030396.875000 6437.321777 14 26
4214800.000000 4030396.875000 6171.333984 15 26
4215000.000000 4030396.875000 5905.374023 16 26
4215200.000000 4030396.875000 5639.900391 17 26
4215400.000000 4030396.875000 5373.938965 18 26
4215600.000000 4030396.875000 5107.943848 19 26
4215800.000000 4030396.875000 4841.935059 20 26
4216000.000000 4030396.875000 4576.365234 21 26
4216200.000000 4030396.875000 4310.756348 22 26
4216400.000000 4030396.875000 4044.566162 23 26
4216600.000000 4030396.875000 3778.321777 24 26
4216800.000000 4030396.875000 3511.992188 25 26
4217000.000000 4030396.875000 3245.604980 26 26
4217200.000000 4030396.875000 2979.196045 27 26
4217400.000000 4030396.875000 2712.758789 28 26
4217600.000000 4030396.875000 2446.360352 29 26
4217800.000000 4030396.875000 2180.006592 30 26
4218000.000000 4030396.875000 1913.769165 31 26
4218200.000000 4030396.875000 1647.643066 32 26
4218400.000000 4030396.875000 1381.651123 33 26
4218600.000000 4030396.875000 1115.786865 34 26
4218800.000000 4030396.875000 849.964783 35 26
4219000.000000 4030396.875000 584.145691 36 26
4219200.000000 4030396.875000 318.216980 37 26
4219400.000000 4030396.875000 51.143555 38 26
4219600.000000 4030396.875000 -219.154846 39 26
4219800.000000 4030396.875000 -494.708405 40 26
4220000.000000 4030396.875000 -772.025635 41 26
4220200.000000 4030396.875000 -1049.191528 42 26
4212000.000000 4030768.750000 9672.330078 1 27
4212200.000000 4030768.750000 9412.067383 2 27
4212400.000000 4030768.750000 9148.325195 3 27
4212600.000000 4030768.750000 8881.587891 4 27
4212800.000000 4030768.750000 8615.370117 5 27
4213000.000000 4030768.750000 8349.190430 6 27
4213200.000000 4030768.750000 8083.017090 7 27
4213400.000000 4030768.750000 7816.883789 8 27
4213600.000000 4030768.750000 7550.757813 9 27
4213800.000000 4030768.750000 7284.673340 10 27
4214000.000000 4030768.750000 7018.596680 11 27
4214200.000000 4030768.750000 6752.543945 12 27
4214400.000000 4030768.750000 6486.530762 13 27
4214600.000000 4030768.750000 6220.521484 14 27
4214800.000000 4030768.750000 5954.545898 15 27
4215000.000000 4030768.750000 5688.566406 16 27
4215200.000000 4030768.750000 5423.109863 17 27
4215400.000000 4030768.750000 5157.135742 18 27
4215600.000000 4030768.750000 4891.168457 19 27
4215800.000000 4030768.750000 4625.162109 20 27
4216000.000000 4030768.750000 4359.623047 21 27
4216200.000000 4030768.750000 4094.057861 22 27
4216400.000000 4030768.750000 3827.925293 23 27
4216600.000000 4030768.750000 3561.753174 24 27
4216800.000000 4030768.750000 3295.508545 25 27
4217000.000000 4030768.750000 3029.230713 26 27
4217200.000000 4030768.750000 2762.898682 27 27
4217400.000000 4030768.750000 2496.563965 28 27
4217600.000000 4030768.750000 2230.216064 29 27
4217800.000000 4030768.750000 1963.899048 30 27
4218000.000000 4030768.750000 1697.655640 31 27
4218200.000000 4030768.750000 1430.971802 32 27
4218400.000000 4030768.750000 1164.881958 33 27
4218600.000000 4030768.750000 898.836304 34 27
4218800.000000 4030768.750000 632.832520 35 27
4219000.000000 4030768.750000 366.789886 36 27
4219200.000000 4030768.750000 100.674515 37 27
4219400.000000 4030768.750000 -166.041885 38 27
4219600.000000 4030768.750000 -436.923645 39 27
4219800.000000 4030768.750000 -711.983032 40 27
4220000.000000 4030768.750000 -989.275452 41 27
4220200.000000 4030768.750000 -1266.327637 42 27
4212000.000000 4031140.625000 9455.045898 1 28
4212200.000000 4031140.625000 9195.782227 2 28
4212400.000000 4031140.625000 8931.541016 3 28
4212600.000000 4031140.625000 8664.804688 4 28
4212800.000000 4031140.625000 8398.603516 5 28
4213000.000000 4031140.625000 8132.407227 6 28
4213200.000000 4031140.625000 7866.249512 7 28
4213400.000000 4031140.625000 7600.097656 8 28
4213600.000000 4031140.625000 7333.969727 9 28
4213800.000000 4031140.625000 7067.882324 10 28
4214000.000000 4031140.625000 6801.801758 11 28
4214200.000000 4031140.625000 6535.761230 12 28
4214400.000000 4031140.625000 6269.727051 13 28
4214600.000000 4031140.625000 6003.729492 14 28
4214800.000000 4031140.625000 5737.733398 15 28
4215000.000000 4031140.625000 5471.768066 16 28
4215200.000000 4031140.625000 5206.294434 17 28
4215400.000000 4031140.625000 4940.324219 18 28
4215600.000000 4031140.625000 4674.365723 19 28
4215800.000000 4031140.625000 4408.375488 20 28
4216000.000000 4031140.625000 4142.877930 21 28
4216200.000000 4031140.625000 3877.331055 22 28
4216400.000000 4031140.625000 3611.261963 23 28
4216600.000000 4031140.625000 3344.632080 24 28
4216800.000000 4031140.625000 3078.472656 25 28
4217000.000000 4031140.625000 2812.253662 26 28
4217200.000000 4031140.625000 2545.998779 27 28
4217400.000000 4031140.625000 2280.235596 28 28
4217600.000000 4031140.625000 2013.946899 29 28
4217800.000000 4031140.625000 1747.683228 30 28
4218000.000000 4031140.625000 1481.429077 31 28
4218200.000000 4031140.625000 1214.730225 32 28
4218400.000000 4031140.625000 948.553650 33 28
4218600.000000 4031140.625000 682.404602 34 28
4218800.000000 4031140.625000 416.276428 35 28
4219000.000000 4031140.625000 150.105179 36 28
4219200.000000 4031140.625000 -116.108101 37 28
4219400.000000 4031140.625000 -383.425232 38 28
4219600.000000 4031140.625000 -653.852356 39 28
4219800.000000 4031140.625000 -928.911011 40 28
4220000.000000 4031140.625000 -1206.134644 41 28
4220200.000000 4031140.625000 -1483.086426 42 28
4212000.000000 4031512.500000 9238.760742 1 29
4212200.000000 4031512.500000 8978.999023 2 29
4212400.000000 4031512.500000 8715.242188 3 29
4212600.000000 4031512.500000 8448.023438 4 29
4212800.000000 4031512.500000 8181.306152 5 29
4213000.000000 4031512.500000 7915.608887 6 29
4213200.000000 4031512.500000 7649.450195 7 29
4213400.000000 4031512.500000 7383.297363 8 29
4213600.000000 4031512.500000 7117.184082 9 29
4213800.000000 4031512.500000 6851.077148 10 29
4214000.000000 4031512.500000 6585.010742 11 29
4214200.000000 4031512.500000 6318.950195 12 29
4214400.000000 4031512.500000 6052.911621 13 29
4214600.000000 4031512.500000 5786.910645 14 29
4214800.000000 4031512.500000 5520.911133 15 29
4215000.000000 4031512.500000 5254.943359 16 29
4215200.000000 4031512.500000 4989.469727 17 29
4215400.000000 4031512.500000 4723.519531 18 29
4215600.000000 4031512.500000 4457.051758 19 29
4215800.000000 4031512.500000 4191.091309 20 29
4216000.000000 4031512.500000 3925.597412 21 29
4216200.000000 4031512.500000 3660.079102 22 29
4216400.000000 4031512.500000 3394.047607 23 29
4216600.000000 4031512.500000 3127.464844 24 29
4216800.000000 4031512.500000 2861.360596 25 29
4217000.000000 4031512.500000 2595.202881 26 29
4217200.000000 4031512.500000 2329.028320 27 29
4217400.000000 4031512.500000 2063.309570 28 29
4217600.000000 4031512.500000 1797.090088 29 29
4217800.000000 4031512.500000 1530.847534 30 29
4218000.000000 4031512.500000 1264.609741 31 29
4218200.000000 4031512.500000 997.901611 32 29
4218400.000000 4031512.500000 731.689575 33 29
4218600.000000 4031512.500000 465.999207 34 29
4218800.000000 4031512.500000 199.783569 35 29
4219000.000000 4031512.500000 -66.443962 36 29
4219200.000000 4031512.500000 -332.736969 37 29
4219400.000000 4031512.500000 -599.597351 38 29
4219600.000000 4031512.500000 -870.521484 39 29
4219800.000000 4031512.500000 -1145.576904 40 29
4220000.000000 4031512.500000 -1422.738525 41 29
4220200.000000 4031512.500000 -1699.554932 42 29
4212000.000000 4031884.375000 9022.443359 1 30
4212200.000000 4031884.375000 8762.683594 2 30
4212400.000000 4031884.375000 8498.427734 3 30
4212600.000000 4031884.375000 8230.709961 4 30
4212800.000000 4031884.375000 7963.992676 5 30
4213000.000000 4031884.375000 7698.311523 6 30
4213200.000000 4031884.375000 7432.135254 7 30
4213400.000000 4031884.375000 7165.998047 8 30
4213600.000000 4031884.375000 6899.866699 9 30
4213800.000000 4031884.375000 6633.758301 10 30
4214000.000000 4031884.375000 6367.688965 11 30
4214200.000000 4031884.375000 6101.625488 12 30
4214400.000000 4031884.375000 5836.100098 13 30
4214600.000000 4031884.375000 5570.079590 14 30
4214800.000000 4031884.375000 5303.594727 15 30
4215000.000000 4031884.375000 5038.108398 16 30
4215200.000000 4031884.375000 4772.651855 17 30
4215400.000000 4031884.375000 4506.687012 18 30
4215600.000000 4031884.375000 4240.225586 19 30
4215800.000000 4031884.375000 3973.776855 20 30
4216000.000000 4031884.375000 3708.299316 21 30
4216200.000000 4031884.375000 3442.821289 22 30
4216400.000000 4031884.375000 3176.803955 23 30
4216600.000000 4031884.375000 2910.276123 24 30
4216800.000000 4031884.375000 2643.700928 25 30
4217000.000000 4031884.375000 2377.593262 26 30
4217200.000000 4031884.375000 2111.471436 27 30
4217400.000000 4031884.375000 1845.804321 28 30
4217600.000000 4031884.375000 1579.631836 29 30
4217800.000000 4031884.375000 1313.426758 30 30
4218000.000000 4031884.375000 1047.229126 31 30
4218200.000000 4031884.375000 781.010498 32 30
4218400.000000 4031884.375000 515.304016 33 30
4218600.000000 4031884.375000 249.572342 34 30
4218800.000000 4031884.375000 -16.676355 35 30
4219000.000000 4031884.375000 -282.937866 36 30
4219200.000000 4031884.375000 -549.257813 37 30
4219400.000000 4031884.375000 -816.613464 38 30
4219600.000000 4031884.375000 -1087.046997 39 30
4219800.000000 4031884.375000 -1362.551025 40 30
4220000.000000 4031884.375000 -1639.660767 41 30
4220200.000000 4031884.375000 -1916.860596 42 30
4212000.000000 4032256.250000 8806.110352 1 31
4212200.000000 4032256.250000 8545.852539 2 31
4212400.000000 4032256.250000 8281.114258 3 31
4212600.000000 4032256.250000 8013.380371 4 31
4212800.000000 4032256.250000 7746.663086 5 31
4213000.000000 4032256.250000 7480.980957 6 31
4213200.000000 4032256.250000 7215.303223 7 31
4213400.000000 4032256.250000 6949.165039 8 31
4213600.000000 4032256.250000 6682.532715 9 31
4213800.000000 4032256.250000 6415.939941 10 31
4214000.000000 4032256.250000 6149.852051 11 31
4214200.000000 4032256.250000 5884.801758 12 31
4214400.000000 4032256.250000 5619.257813 13 31
4214600.000000 4032256.250000 5352.735840 14 31
4214800.000000 4032256.250000 5086.249512 15 31
4215000.000000 4032256.250000 4820.762695 16 31
4215200.000000 4032256.250000 4555.306152 17 31
4215400.000000 4032256.250000 4289.344727 18 31
4215600.000000 4032256.250000 4022.906006 19 31
4215800.000000 4032256.250000 3756.450195 20 31
4216000.000000 4032256.250000 3490.504639 21 31
4216200.000000 4032256.250000 3225.529541 22 31
4216400.000000 4032256.250000 2959.538330 23 31
4216600.000000 4032256.250000 2692.543213 24 31
4216800.000000 4032256.250000 2425.506104 25 31
4217000.000000 4032256.250000 2159.956299 26 31
4217200.000000 4032256.250000 1894.860962 27 31
4217400.000000 4032256.250000 1628.755859 28 31
4217600.000000 4032256.250000 1362.109375 29 31
4217800.000000 4032256.250000 1095.441162 30 31
4218000.000000 4032256.250000 829.270996 31 31
4218200.000000 4032256.250000 563.568481 32 31
4218400.000000 4032256.250000 298.367218 33 31
4218600.000000 4032256.250000 32.632500 34 31
4218800.000000 4032256.250000 -233.607697 35 31
4219000.000000 4032256.250000 -499.894043 36 31
4219200.000000 4032256.250000 -766.200256 37 31
4219400.000000 4032256.250000 -1032.566284 38 31
4219600.000000 4032256.250000 -1303.476196 39 31
4219800.000000 4032256.250000 -1578.437256 40 31
4220000.000000 4032256.250000 -1856.474487 41 31
4220200.000000 4032256.250000 -2133.565918 42 31
4212000.000000 4032628.125000 8589.781250 1 32
4212200.000000 4032628.125000 8329.007813 2 32
4212400.000000 4032628.125000 8063.770508 3 32
4212600.000000 4032628.125000 7796.035156 4 32
4212800.000000 4032628.125000 7529.333008 5 32
4213000.000000 4032628.125000 7263.633301 6 32
4213200.000000 4032628.125000 6998.470215 7 32
4213400.000000 4032628.125000 6732.313477 8 32
4213600.000000 4032628.125000 6464.681152 9 32
4213800.000000 4032628.125000 6197.587402 10 32
4214000.000000 4032628.125000 5931.997559 11 32
4214200.000000 4032628.125000 5667.944824 12 32
4214400.000000 4032628.125000 5401.899902 13 32
4214600.000000 4032628.125000 5134.894043 14 32
4214800.000000 4032628.125000 4868.391113 15 32
4215000.000000 4032628.125000 4602.920898 16 32
4215200.000000 4032628.125000 4337.949707 17 32
4215400.000000 4032628.125000 4072.008789 18 32
4215600.000000 4032628.125000 3805.060547 19 32
4215800.000000 4032628.125000 3538.615234 20 32
4216000.000000 4032628.125000 3273.183594 21 32
4216200.000000 4032628.125000 3008.227295 22 32
4216400.000000 4032628.125000 2742.276855 23 32
4216600.000000 4032628.125000 2474.794678 24 32
4216800.000000 4032628.125000 2207.791016 25 32
4217000.000000 4032628.125000 1942.777588 26 32
4217200.000000 4032628.125000 1678.220581 27 32
4217400.000000 4032628.125000 1412.155029 28 32
4217600.000000 4032628.125000 1144.548096 29 32
4217800.000000 4032628.125000 877.431702 30 32
4218000.000000 4032628.125000 611.273926 31 32
4218200.000000 4032628.125000 346.109558 32 32
4218400.000000 4032628.125000 81.406120 33 32
4218600.000000 4032628.125000 -184.302399 34 32
4218800.000000 4032628.125000 -451.051971 35 32
4219000.000000 4032628.125000 -717.331238 36 32
4219200.000000 4032628.125000 -983.126709 37 32
4219400.000000 4032628.125000 -1248.973755 38 32
4219600.000000 4032628.125000 -1519.352417 39 32
4219800.000000 4032628.125000 -1794.764160 40 32
4220000.000000 4032628.125000 -2072.714111 41 32
4220200.000000 4032628.125000 -2350.721680 42 32
4212000.000000 4033000.000000 8372.424805 1 33
4212200.000000 4033000.000000 8110.669434 2 33
4212400.000000 4033000.000000 7845.413574 3 33
4212600.000000 4033000.000000 7578.191406 4 33
4212800.000000 4033000.000000 7311.470215 5 33
4213000.000000 4033000.000000 7045.767578 6 33
4213200.000000 4033000.000000 6780.602539 7 33
4213400.000000 4033000.000000 6514.444336 8 33
4213600.000000 4033000.000000 6246.827148 9 33
4213800.000000 4033000.000000 5979.715332 10 33
4214000.000000 4033000.000000 5714.140625 11 33
4214200.000000 4033000.000000 5449.571289 12 33
4214400.000000 4033000.000000 5183.542480 13 33
4214600.000000 4033000.000000 4916.519531 14 33
4214800.000000 4033000.000000 4650.017090 15 33
4215000.000000 4033000.000000 4384.549805 16 33
4215200.000000 4033000.000000 4119.582031 17 33
4215400.000000 4033000.000000 3853.647461 18 33
4215600.000000 4033000.000000 3586.708252 19 33
4215800.000000 4033000.000000 3320.275391 20 33
4216000.000000 4033000.000000 3055.359131 21 33
4216200.000000 4033000.000000 2790.423584 22 33
4216400.000000 4033000.000000 2524.498047 23 33
4216600.000000 4033000.000000 2257.044922 24 33
4216800.000000 4033000.000000 1990.090698 25 33
4217000.000000 4033000.000000 1725.096069 26 33
4217200.000000 4033000.000000 1460.592773 27 33
4217400.000000 4033000.000000 1194.547974 28 33
4217600.000000 4033000.000000 926.477600 29 33
4217800.000000 4033000.000000 658.895203 30 33
4218000.000000 4033000.000000 392.766602 31 33
4218200.000000 4033000.000000 128.125748 32 33
4218400.000000 4033000.000000 -136.059036 33 33
4218600.000000 4033000.000000 -401.752136 34 33
4218800.000000 4033000.000000 -668.488159 35 33
4219000.000000 4033000.000000 -934.736572 36 33
4219200.000000 4033000.000000 -1200.530762 37 33
4219400.000000 4033000.000000 -1466.336304 38 33
4219600.000000 4033000.000000 -1736.180176 39 33
4219800.000000 4033000.000000 -2011.042603 40 33
4220000.000000 4033000.000000 -2288.940674 41 33
4220200.000000 4033000.000000 -2566.841309 42 33
