# Type: scattered data
# Version: 6
# Description: No description
# Format: free
# Field: 1 x
# Field: 2 y
# Field: 3 z undefined
# Field: 4 column
# Field: 5 row
# Projection: Local Rectangular
# Units: undefined
# End:
# Information from grid:
# Grid_size: 42 x 33
# Grid_space: 4212000.000000,4220200.000000,4021100.000000,4033000.000000
# Scattered data: Not_available
# Z_field: z
# Vertical_faults: Not_available
# History: No history
# Z_units: undefined
4212000.000000 4021100.000000 13983.167969 1 1
4212200.000000 4021100.000000 13701.712891 2 1
4212400.000000 4021100.000000 13420.267578 3 1
4212600.000000 4021100.000000 13137.836914 4 1
4212800.000000 4021100.000000 12854.906250 5 1
4213000.000000 4021100.000000 12572.010742 6 1
4213200.000000 4021100.000000 12288.635742 7 1
4213400.000000 4021100.000000 12005.281250 8 1
4213600.000000 4021100.000000 11721.932617 9 1
4213800.000000 4021100.000000 11438.625000 10 1
4214000.000000 4021100.000000 11154.845703 11 1
4214200.000000 4021100.000000 10871.096680 12 1
4214400.000000 4021100.000000 10587.367188 13 1
4214600.000000 4021100.000000 10304.194336 14 1
4214800.000000 4021100.000000 10021.070313 15 1
4215000.000000 4021100.000000 9737.488281 16 1
4215200.000000 4021100.000000 9453.990234 17 1
4215400.000000 4021100.000000 9170.572266 18 1
4215600.000000 4021100.000000 8887.231445 19 1
4215800.000000 4021100.000000 8604.015625 20 1
4216000.000000 4021100.000000 8321.914063 21 1
4216200.000000 4021100.000000 8040.424805 22 1
4216400.000000 4021100.000000 7759.524414 23 1
4216600.000000 4021100.000000 7478.655273 24 1
4216800.000000 4021100.000000 7196.795410 25 1
4217000.000000 4021100.000000 6913.375488 26 1
4217200.000000 4021100.000000 6627.847656 27 1
4217400.000000 4021100.000000 6340.253418 28 1
4217600.000000 4021100.000000 6052.603027 29 1
4217800.000000 4021100.000000 5767.984375 30 1
4218000.000000 4021100.000000 5488.913086 31 1
4218200.000000 4021100.000000 5217.357422 32 1
4218400.000000 4021100.000000 4953.225586 33 1
4218600.000000 4021100.000000 4693.357422 34 1
4218800.000000 4021100.000000 4433.067871 35 1
4219000.000000 4021100.000000 4167.281738 36 1
4219200.000000 4021100.000000 3891.479248 37 1
4219400.000000 4021100.000000 3600.652832 38 1
4219600.000000 4021100.000000 3292.363770 39 1
4219800.000000 4021100.000000 2967.176758 40 1
4220000.000000 4021100.000000 2627.178711 41 1
4220200.000000 4021100.000000 2276.033691 42 1
4212000.000000 4021471.875000 13910.498047 1 2
4212200.000000 4021471.875000 13630.040039 2 2
4212400.000000 4021471.875000 13348.592773 3 2
4212600.000000 4021471.875000 13065.161133 4 2
4212800.000000 4021471.875000 12781.729492 5 2
4213000.000000 4021471.875000 12498.831055 6 2
4213200.000000 4021471.875000 12215.452148 7 2
4213400.000000 4021471.875000 11932.093750 8 2
4213600.000000 4021471.875000 11648.741211 9 2
4213800.000000 4021471.875000 11365.428711 10 2
4214000.000000 4021471.875000 11081.643555 11 2
4214200.000000 4021471.875000 10798.389648 12 2
4214400.000000 4021471.875000 10515.154297 13 2
4214600.000000 4021471.875000 10231.977539 14 2
4214800.000000 4021471.875000 9948.849609 15 2
4215000.000000 4021471.875000 9665.265625 16 2
4215200.000000 4021471.875000 9382.267578 17 2
4215400.000000 4021471.875000 9098.850586 18 2
4215600.000000 4021471.875000 8815.028320 19 2
4215800.000000 4021471.875000 8531.291992 20 2
4216000.000000 4021471.875000 8248.674805 21 2
4216200.000000 4021471.875000 7967.644043 22 2
4216400.000000 4021471.875000 7687.168457 23 2
4216600.000000 4021471.875000 7407.197754 24 2
4216800.000000 4021471.875000 7126.665039 25 2
4217000.000000 4021471.875000 6844.075684 26 2
4217200.000000 4021471.875000 6558.932129 27 2
4217400.000000 4021471.875000 6270.794922 28 2
4217600.000000 4021471.875000 5981.292480 29 2
4217800.000000 4021471.875000 5694.040039 30 2
4218000.000000 4021471.875000 5412.525391 31 2
4218200.000000 4021471.875000 5139.690918 32 2
4218400.000000 4021471.875000 4875.264648 33 2
4218600.000000 4021471.875000 4614.967773 34 2
4218800.000000 4021471.875000 4352.630371 35 2
4219000.000000 4021471.875000 4081.683105 36 2
4219200.000000 4021471.875000 3796.768066 37 2
4219400.000000 4021471.875000 3492.489014 38 2
4219600.000000 4021471.875000 3166.446289 39 2
4219800.000000 4021471.875000 2819.165283 40 2
4220000.000000 4021471.875000 2454.210693 41 2
4220200.000000 4021471.875000 2075.234375 42 2
4212000.000000 4021843.750000 13836.823242 1 3
4212200.000000 4021843.750000 13556.859375 2 3
4212400.000000 4021843.750000 13275.408203 3 3
4212600.000000 4021843.750000 12991.473633 4 3
4212800.000000 4021843.750000 12708.037109 5 3
4213000.000000 4021843.750000 12424.634766 6 3
4213200.000000 4021843.750000 12141.250977 7 3
4213400.000000 4021843.750000 11857.886719 8 3
4213600.000000 4021843.750000 11574.526367 9 3
4213800.000000 4021843.750000 11291.207031 10 3
4214000.000000 4021843.750000 11007.913086 11 3
4214200.000000 4021843.750000 10724.649414 12 3
4214400.000000 4021843.750000 10441.404297 13 3
4214600.000000 4021843.750000 10158.216797 14 3
4214800.000000 4021843.750000 9875.079102 15 3
4215000.000000 4021843.750000 9592.000977 16 3
4215200.000000 4021843.750000 9308.978516 17 3
4215400.000000 4021843.750000 9025.555664 18 3
4215600.000000 4021843.750000 8741.227539 19 3
4215800.000000 4021843.750000 8456.981445 20 3
4216000.000000 4021843.750000 8173.842773 21 3
4216200.000000 4021843.750000 7893.266602 22 3
4216400.000000 4021843.750000 7613.706543 23 3
4216600.000000 4021843.750000 7334.604492 24 3
4216800.000000 4021843.750000 7055.413574 25 3
4217000.000000 4021843.750000 6773.622559 26 3
4217200.000000 4021843.750000 6488.355469 27 3
4217400.000000 4021843.750000 6198.752930 28 3
4217600.000000 4021843.750000 5906.042969 29 3
4217800.000000 4021843.750000 5615.380859 30 3
4218000.000000 4021843.750000 5331.268066 31 3
4218200.000000 4021843.750000 5058.415527 32 3
4218400.000000 4021843.750000 4796.355469 33 3
4218600.000000 4021843.750000 4538.619629 34 3
4218800.000000 4021843.750000 4277.476074 35 3
4219000.000000 4021843.750000 4005.086670 36 3
4219200.000000 4021843.750000 3713.753906 37 3
4219400.000000 4021843.750000 3398.299561 38 3
4219600.000000 4021843.750000 3053.875000 39 3
4219800.000000 4021843.750000 2682.972168 40 3
4220000.000000 4021843.750000 2292.108398 41 3
4220200.000000 4021843.750000 1884.863647 42 3
4212000.000000 4022215.625000 13760.641602 1 4
4212200.000000 4022215.625000 13480.671875 2 4
4212400.000000 4022215.625000 13198.716797 3 4
4212600.000000 4022215.625000 12914.776367 4 4
4212800.000000 4022215.625000 12631.833984 5 4
4213000.000000 4022215.625000 12348.425781 6 4
4213200.000000 4022215.625000 12065.034180 7 4
4213400.000000 4022215.625000 11782.161133 8 4
4213600.000000 4022215.625000 11498.791992 9 4
4213800.000000 4022215.625000 11215.460938 10 4
4214000.000000 4022215.625000 10932.155273 11 4
4214200.000000 4022215.625000 10648.862305 12 4
4214400.000000 4022215.625000 10365.619141 13 4
4214600.000000 4022215.625000 10082.416016 14 4
4214800.000000 4022215.625000 9799.261719 15 4
4215000.000000 4022215.625000 9516.650391 16 4
4215200.000000 4022215.625000 9233.627930 17 4
4215400.000000 4022215.625000 8949.691406 18 4
4215600.000000 4022215.625000 8664.831055 19 4
4215800.000000 4022215.625000 8380.079102 20 4
4216000.000000 4022215.625000 8096.901855 21 4
4216200.000000 4022215.625000 7816.240723 22 4
4216400.000000 4022215.625000 7538.083008 23 4
4216600.000000 4022215.625000 7260.313477 24 4
4216800.000000 4022215.625000 6981.918945 25 4
4217000.000000 4022215.625000 6700.463867 26 4
4217200.000000 4022215.625000 6414.628906 27 4
4217400.000000 4022215.625000 6122.753418 28 4
4217600.000000 4022215.625000 5826.684082 29 4
4217800.000000 4022215.625000 5533.606445 30 4
4218000.000000 4022215.625000 5248.423340 31 4
4218200.000000 4022215.625000 4977.479492 32 4
4218400.000000 4022215.625000 4719.403320 33 4
4218600.000000 4022215.625000 4466.447754 34 4
4218800.000000 4022215.625000 4209.561523 35 4
4219000.000000 4022215.625000 3937.670410 36 4
4219200.000000 4022215.625000 3641.916748 37 4
4219400.000000 4022215.625000 3316.906982 38 4
4219600.000000 4022215.625000 2954.429932 39 4
4219800.000000 4022215.625000 2558.343262 40 4
4220000.000000 4022215.625000 2142.064941 41 4
4220200.000000 4022215.625000 1708.146118 42 4
4212000.000000 4022587.500000 13682.943359 1 5
4212200.000000 4022587.500000 13402.468750 2 5
4212400.000000 4022587.500000 13120.515625 3 5
4212600.000000 4022587.500000 12837.551758 4 5
4212800.000000 4022587.500000 12554.619141 5 5
4213000.000000 4022587.500000 12271.202148 6 5
4213200.000000 4022587.500000 11987.785156 7 5
4213400.000000 4022587.500000 11704.900391 8 5
4213600.000000 4022587.500000 11421.536133 9 5
4213800.000000 4022587.500000 11138.191406 10 5
4214000.000000 4022587.500000 10854.854492 11 5
4214200.000000 4022587.500000 10571.560547 12 5
4214400.000000 4022587.500000 10288.297852 13 5
4214600.000000 4022587.500000 10005.074219 14 5
4214800.000000 4022587.500000 9722.379883 15 5
4215000.000000 4022587.500000 9439.761719 16 5
4215200.000000 4022587.500000 9156.215820 17 5
4215400.000000 4022587.500000 8871.737305 18 5
4215600.000000 4022587.500000 8586.364258 19 5
4215800.000000 4022587.500000 8301.572266 20 5
4216000.000000 4022587.500000 8018.313965 21 5
4216200.000000 4022587.500000 7738.067871 22 5
4216400.000000 4022587.500000 7460.741699 23 5
4216600.000000 4022587.500000 7184.289063 24 5
4216800.000000 4022587.500000 6906.185059 25 5
4217000.000000 4022587.500000 6624.607910 26 5
4217200.000000 4022587.500000 6338.405273 27 5
4217400.000000 4022587.500000 6044.624023 28 5
4217600.000000 4022587.500000 5746.259766 29 5
4217800.000000 4022587.500000 5451.032715 30 5
4218000.000000 4022587.500000 5165.448242 31 5
4218200.000000 4022587.500000 4897.289063 32 5
4218400.000000 4022587.500000 4646.104492 33 5
4218600.000000 4022587.500000 4402.084961 34 5
4218800.000000 4022587.500000 4151.464844 35 5
4219000.000000 4022587.500000 3881.530518 36 5
4219200.000000 4022587.500000 3581.129883 37 5
4219400.000000 4022587.500000 3245.992920 38 5
4219600.000000 4022587.500000 2865.215820 39 5
4219800.000000 4022587.500000 2445.862549 40 5
4220000.000000 4022587.500000 2006.021240 41 5
4220200.000000 4022587.500000 1549.340332 42 5
4212000.000000 4022959.375000 13605.244141 1 6
4212200.000000 4022959.375000 13324.754883 2 6
4212400.000000 4022959.375000 13042.787109 3 6
4212600.000000 4022959.375000 12759.832031 4 6
4212800.000000 4022959.375000 12476.890625 5 6
4213000.000000 4022959.375000 12193.447266 6 6
4213200.000000 4022959.375000 11910.535156 7 6
4213400.000000 4022959.375000 11627.138672 8 6
4213600.000000 4022959.375000 11343.758789 9 6
4213800.000000 4022959.375000 11060.380859 10 6
4214000.000000 4022959.375000 10777.041016 11 6
4214200.000000 4022959.375000 10493.726563 12 6
4214400.000000 4022959.375000 10210.440430 13 6
4214600.000000 4022959.375000 9927.172852 14 6
4214800.000000 4022959.375000 9644.466797 15 6
4215000.000000 4022959.375000 9361.817383 16 6
4215200.000000 4022959.375000 9078.237305 17 6
4215400.000000 4022959.375000 8793.221680 18 6
4215600.000000 4022959.375000 8507.802734 19 6
4215800.000000 4022959.375000 8222.931641 20 6
4216000.000000 4022959.375000 7939.599609 21 6
4216200.000000 4022959.375000 7659.221680 22 6
4216400.000000 4022959.375000 7382.215332 23 6
4216600.000000 4022959.375000 7106.535156 24 6
4216800.000000 4022959.375000 6828.759277 25 6
4217000.000000 4022959.375000 6547.198242 26 6
4217200.000000 4022959.375000 6260.947266 27 6
4217400.000000 4022959.375000 5966.262207 28 6
4217600.000000 4022959.375000 5666.850586 29 6
4217800.000000 4022959.375000 5371.200684 30 6
4218000.000000 4022959.375000 5086.278320 31 6
4218200.000000 4022959.375000 4821.539063 32 6
4218400.000000 4022959.375000 4575.599121 33 6
4218600.000000 4022959.375000 4342.412109 34 6
4218800.000000 4022959.375000 4105.230957 35 6
4219000.000000 4022959.375000 3840.984863 36 6
4219200.000000 4022959.375000 3530.534912 37 6
4219400.000000 4022959.375000 3173.413574 38 6
4219600.000000 4022959.375000 2774.716309 39 6
4219800.000000 4022959.375000 2342.331543 40 6
4220000.000000 4022959.375000 1887.870239 41 6
4220200.000000 4022959.375000 1414.086792 42 6
4212000.000000 4023331.250000 13527.527344 1 7
4212200.000000 4023331.250000 13247.040039 2 7
4212400.000000 4023331.250000 12965.064453 3 7
4212600.000000 4023331.250000 12682.100586 4 7
4212800.000000 4023331.250000 12399.132813 5 7
4213000.000000 4023331.250000 12115.695313 6 7
4213200.000000 4023331.250000 11832.769531 7 7
4213400.000000 4023331.250000 11549.358398 8 7
4213600.000000 4023331.250000 11265.944336 9 7
4213800.000000 4023331.250000 10983.063477 10 7
4214000.000000 4023331.250000 10699.701172 11 7
4214200.000000 4023331.250000 10415.861328 12 7
4214400.000000 4023331.250000 10132.529297 13 7
4214600.000000 4023331.250000 9849.247070 14 7
4214800.000000 4023331.250000 9566.504883 15 7
4215000.000000 4023331.250000 9283.815430 16 7
4215200.000000 4023331.250000 9000.175781 17 7
4215400.000000 4023331.250000 8715.125977 18 7
4215600.000000 4023331.250000 8429.627930 19 7
4215800.000000 4023331.250000 8144.190918 20 7
4216000.000000 4023331.250000 7860.746094 21 7
4216200.000000 4023331.250000 7580.713867 22 7
4216400.000000 4023331.250000 7303.516602 23 7
4216600.000000 4023331.250000 7028.145508 24 7
4216800.000000 4023331.250000 6750.284180 25 7
4217000.000000 4023331.250000 6468.939453 26 7
4217200.000000 4023331.250000 6183.978516 27 7
4217400.000000 4023331.250000 5889.910156 28 7
4217600.000000 4023331.250000 5591.462402 29 7
4217800.000000 4023331.250000 5298.299805 30 7
4218000.000000 4023331.250000 5017.132324 31 7
4218200.000000 4023331.250000 4755.258789 32 7
4218400.000000 4023331.250000 4511.836914 33 7
4218600.000000 4023331.250000 4292.742188 34 7
4218800.000000 4023331.250000 4081.137207 35 7
4219000.000000 4023331.250000 3831.685791 36 7
4219200.000000 4023331.250000 3503.679199 37 7
4219400.000000 4023331.250000 3108.621094 38 7
4219600.000000 4023331.250000 2687.417725 39 7
4219800.000000 4023331.250000 2252.508789 40 7
4220000.000000 4023331.250000 1792.460083 41 7
4220200.000000 4023331.250000 1308.085693 42 7
4212000.000000 4023703.125000 13449.809570 1 8
4212200.000000 4023703.125000 13169.315430 2 8
4212400.000000 4023703.125000 12887.331055 3 8
4212600.000000 4023703.125000 12604.341797 4 8
4212800.000000 4023703.125000 12321.379883 5 8
4213000.000000 4023703.125000 12037.929688 6 8
4213200.000000 4023703.125000 11754.989258 7 8
4213400.000000 4023703.125000 11472.043945 8 8
4213600.000000 4023703.125000 11188.626953 9 8
4213800.000000 4023703.125000 10905.223633 10 8
4214000.000000 4023703.125000 10621.835938 11 8
4214200.000000 4023703.125000 10337.950195 12 8
4214400.000000 4023703.125000 10054.601563 13 8
4214600.000000 4023703.125000 9771.281250 14 8
4214800.000000 4023703.125000 9488.480469 15 8
4215000.000000 4023703.125000 9205.743164 16 8
4215200.000000 4023703.125000 8922.065430 17 8
4215400.000000 4023703.125000 8636.952148 18 8
4215600.000000 4023703.125000 8350.877930 19 8
4215800.000000 4023703.125000 8065.342773 20 8
4216000.000000 4023703.125000 7781.751953 21 8
4216200.000000 4023703.125000 7501.556152 22 8
4216400.000000 4023703.125000 7224.674316 23 8
4216600.000000 4023703.125000 6949.172363 24 8
4216800.000000 4023703.125000 6671.331543 25 8
4217000.000000 4023703.125000 6389.887207 26 8
4217200.000000 4023703.125000 6105.435059 27 8
4217400.000000 4023703.125000 5813.674805 28 8
4217600.000000 4023703.125000 5519.668945 29 8
4217800.000000 4023703.125000 5232.676758 30 8
4218000.000000 4023703.125000 4958.428711 31 8
4218200.000000 4023703.125000 4704.172363 32 8
4218400.000000 4023703.125000 4472.020996 33 8
4218600.000000 4023703.125000 4274.436035 34 8
4218800.000000 4023703.125000 4093.866211 35 8
4219000.000000 4023703.125000 3866.381348 36 8
4219200.000000 4023703.125000 3512.470215 37 8
4219400.000000 4023703.125000 3068.469727 38 8
4219600.000000 4023703.125000 2625.670166 39 8
4219800.000000 4023703.125000 2186.589355 40 8
4220000.000000 4023703.125000 1724.002319 41 8
4220200.000000 4023703.125000 1233.917969 42 8
4212000.000000 4024075.000000 13372.566406 1 9
4212200.000000 4024075.000000 13092.064453 2 9
4212400.000000 4024075.000000 12810.072266 3 9
4212600.000000 4024075.000000 12527.089844 4 9
4212800.000000 4024075.000000 12243.617188 5 9
4213000.000000 4024075.000000 11960.152344 6 9
4213200.000000 4024075.000000 11677.179688 7 9
4213400.000000 4024075.000000 11394.231445 8 9
4213600.000000 4024075.000000 11110.792969 9 9
4213800.000000 4024075.000000 10827.365234 10 9
4214000.000000 4024075.000000 10543.931641 11 9
4214200.000000 4024075.000000 10260.029297 12 9
4214400.000000 4024075.000000 9976.643555 13 9
4214600.000000 4024075.000000 9693.762695 14 9
4214800.000000 4024075.000000 9410.929688 15 9
4215000.000000 4024075.000000 9128.136719 16 9
4215200.000000 4024075.000000 8843.896484 17 9
4215400.000000 4024075.000000 8558.692383 18 9
4215600.000000 4024075.000000 8272.546875 19 9
4215800.000000 4024075.000000 7986.884277 20 9
4216000.000000 4024075.000000 7703.172363 21 9
4216200.000000 4024075.000000 7422.811523 22 9
4216400.000000 4024075.000000 7145.260742 23 9
4216600.000000 4024075.000000 6869.135254 24 9
4216800.000000 4024075.000000 6591.391113 25 9
4217000.000000 4024075.000000 6310.364258 26 9
4217200.000000 4024075.000000 6026.337402 27 9
4217400.000000 4024075.000000 5737.908691 28 9
4217600.000000 4024075.000000 5449.518066 29 9
4217800.000000 4024075.000000 5169.259766 30 9
4218000.000000 4024075.000000 4903.638184 31 9
4218200.000000 4024075.000000 4659.373535 32 9
4218400.000000 4024075.000000 4443.929199 33 9
4218600.000000 4024075.000000 4267.750488 34 9
4218800.000000 4024075.000000 4115.965820 35 9
4219000.000000 4024075.000000 3902.949219 36 9
4219200.000000 4024075.000000 3496.566650 37 9
4219400.000000 4024075.000000 2995.031006 38 9
4219600.000000 4024075.000000 2552.120117 39 9
4219800.000000 4024075.000000 2125.679688 40 9
4220000.000000 4024075.000000 1672.045532 41 9
4220200.000000 4024075.000000 1187.872803 42 9
4212000.000000 4024446.875000 13295.333008 1 10
4212200.000000 4024446.875000 13014.324219 2 10
4212400.000000 4024446.875000 12732.323242 3 10
4212600.000000 4024446.875000 12449.330078 4 10
4212800.000000 4024446.875000 12165.844727 5 10
4213000.000000 4024446.875000 11882.348633 6 10
4213200.000000 4024446.875000 11599.375000 7 10
4213400.000000 4024446.875000 11316.406250 8 10
4213600.000000 4024446.875000 11032.927734 9 10
4213800.000000 4024446.875000 10749.472656 10 10
4214000.000000 4024446.875000 10466.024414 11 10
4214200.000000 4024446.875000 10182.084961 12 10
4214400.000000 4024446.875000 9898.641602 13 10
4214600.000000 4024446.875000 9615.729492 14 10
4214800.000000 4024446.875000 9332.841797 15 10
4215000.000000 4024446.875000 9049.987305 16 10
4215200.000000 4024446.875000 8765.660156 17 10
4215400.000000 4024446.875000 8480.390625 18 10
4215600.000000 4024446.875000 8194.129883 19 10
4215800.000000 4024446.875000 7908.366699 20 10
4216000.000000 4024446.875000 7624.511230 21 10
4216200.000000 4024446.875000 7343.984863 22 10
4216400.000000 4024446.875000 7066.270508 23 10
4216600.000000 4024446.875000 6789.537109 24 10
4216800.000000 4024446.875000 6511.304199 25 10
4217000.000000 4024446.875000 6230.508789 26 10
4217200.000000 4024446.875000 5946.807617 27 10
4217400.000000 4024446.875000 5660.682129 28 10
4217600.000000 4024446.875000 5375.471680 29 10
4217800.000000 4024446.875000 5098.836426 30 10
4218000.000000 4024446.875000 4838.169434 31 10
4218200.000000 4024446.875000 4601.229004 32 10
4218400.000000 4024446.875000 4395.086426 33 10
4218600.000000 4024446.875000 4223.538574 34 10
4218800.000000 4024446.875000 4069.258789 35 10
4219000.000000 4024446.875000 3825.920410 36 10
4219200.000000 4024446.875000 3315.641602 37 10
4219400.000000 4024446.875000 2784.739502 38 10
4219600.000000 4024446.875000 2420.062500 39 10
4219800.000000 4024446.875000 2049.806885 40 10
4220000.000000 4024446.875000 1625.298340 41 10
4220200.000000 4024446.875000 1159.034180 42 10
4212000.000000 4024818.750000 13217.593750 1 11
4212200.000000 4024818.750000 12936.577148 2 11
4212400.000000 4024818.750000 12654.567383 3 11
4212600.000000 4024818.750000 12371.546875 4 11
4212800.000000 4024818.750000 12088.047852 5 11
4213000.000000 4024818.750000 11804.552734 6 11
4213200.000000 4024818.750000 11521.560547 7 11
4213400.000000 4024818.750000 11238.553711 8 11
4213600.000000 4024818.750000 10955.066406 9 11
4213800.000000 4024818.750000 10671.582031 10 11
4214000.000000 4024818.750000 10388.099609 11 11
4214200.000000 4024818.750000 10104.105469 12 11
4214400.000000 4024818.750000 9820.632813 13 11
4214600.000000 4024818.750000 9537.669922 14 11
4214800.000000 4024818.750000 9254.724609 15 11
4215000.000000 4024818.750000 8971.786133 16 11
4215200.000000 4024818.750000 8687.398438 17 11
4215400.000000 4024818.750000 8402.041016 18 11
4215600.000000 4024818.750000 8115.675293 19 11
4215800.000000 4024818.750000 7829.786133 20 11
4216000.000000 4024818.750000 7545.764648 21 11
4216200.000000 4024818.750000 7265.066406 22 11
4216400.000000 4024818.750000 6987.170898 23 11
4216600.000000 4024818.750000 6710.787598 24 11
4216800.000000 4024818.750000 6432.406738 25 11
4217000.000000 4024818.750000 6151.897949 26 11
4217200.000000 4024818.750000 5867.698730 27 11
4217400.000000 4024818.750000 5580.556641 28 11
4217600.000000 4024818.750000 5293.526855 29 11
4217800.000000 4024818.750000 5015.546387 30 11
4218000.000000 4024818.750000 4755.222656 31 11
4218200.000000 4024818.750000 4520.401855 32 11
4218400.000000 4024818.750000 4311.509766 33 11
4218600.000000 4024818.750000 4116.210449 34 11
4218800.000000 4024818.750000 3932.388428 35 11
4219000.000000 4024818.750000 3612.010498 36 11
4219200.000000 4024818.750000 3034.830078 37 11
4219400.000000 4024818.750000 2546.674316 38 11
4219600.000000 4024818.750000 2302.356201 39 11
4219800.000000 4024818.750000 1992.058960 40 11
4220000.000000 4024818.750000 1588.486938 41 11
4220200.000000 4024818.750000 1140.808105 42 11
4212000.000000 4025190.625000 13140.349609 1 12
4212200.000000 4025190.625000 12859.325195 2 12
4212400.000000 4025190.625000 12577.288086 3 12
4212600.000000 4025190.625000 12294.272461 4 12
4212800.000000 4025190.625000 12010.759766 5 12
4213000.000000 4025190.625000 11727.248047 6 12
4213200.000000 4025190.625000 11443.720703 7 12
4213400.000000 4025190.625000 11160.708008 8 12
4213600.000000 4025190.625000 10877.195313 9 12
4213800.000000 4025190.625000 10593.679688 10 12
4214000.000000 4025190.625000 10310.145508 11 12
4214200.000000 4025190.625000 10026.625977 12 12
4214400.000000 4025190.625000 9743.106445 13 12
4214600.000000 4025190.625000 9459.573242 14 12
4214800.000000 4025190.625000 9176.566406 15 12
4215000.000000 4025190.625000 8893.575195 16 12
4215200.000000 4025190.625000 8609.105469 17 12
4215400.000000 4025190.625000 8323.636719 18 12
4215600.000000 4025190.625000 8037.175781 19 12
4215800.000000 4025190.625000 7750.637695 20 12
4216000.000000 4025190.625000 7466.473633 21 12
4216200.000000 4025190.625000 7185.590332 22 12
4216400.000000 4025190.625000 6908.480957 23 12
4216600.000000 4025190.625000 6632.342773 24 12
4216800.000000 4025190.625000 6354.098633 25 12
4217000.000000 4025190.625000 6073.438965 26 12
4217200.000000 4025190.625000 5787.992676 27 12
4217400.000000 4025190.625000 5496.745117 28 12
4217600.000000 4025190.625000 5203.002930 29 12
4217800.000000 4025190.625000 4918.122070 30 12
4218000.000000 4025190.625000 4653.476563 31 12
4218200.000000 4025190.625000 4415.953613 32 12
4218400.000000 4025190.625000 4193.786133 33 12
4218600.000000 4025190.625000 3935.836426 34 12
4218800.000000 4025190.625000 3671.375244 35 12
4219000.000000 4025190.625000 3318.960449 36 12
4219200.000000 4025190.625000 2940.115234 37 12
4219400.000000 4025190.625000 2623.605957 38 12
4219600.000000 4025190.625000 2379.856689 39 12
4219800.000000 4025190.625000 2004.170166 40 12
4220000.000000 4025190.625000 1571.687988 41 12
4220200.000000 4025190.625000 1128.809692 42 12
4212000.000000 4025562.500000 13062.084961 1 13
4212200.000000 4025562.500000 12781.551758 2 13
4212400.000000 4025562.500000 12499.522461 3 13
4212600.000000 4025562.500000 12216.495117 4 13
4212800.000000 4025562.500000 11932.967773 5 13
4213000.000000 4025562.500000 11649.422852 6 13
4213200.000000 4025562.500000 11365.891602 7 13
4213400.000000 4025562.500000 11082.856445 8 13
4213600.000000 4025562.500000 10799.315430 9 13
4213800.000000 4025562.500000 10515.751953 10 13
4214000.000000 4025562.500000 10232.197266 11 13
4214200.000000 4025562.500000 9948.635742 12 13
4214400.000000 4025562.500000 9665.067383 13 13
4214600.000000 4025562.500000 9381.979492 14 13
4214800.000000 4025562.500000 9098.908203 15 13
4215000.000000 4025562.500000 8815.844727 16 13
4215200.000000 4025562.500000 8531.273438 17 13
4215400.000000 4025562.500000 8245.721680 18 13
4215600.000000 4025562.500000 7958.625977 19 13
4215800.000000 4025562.500000 7671.463379 20 13
4216000.000000 4025562.500000 7387.133301 21 13
4216200.000000 4025562.500000 7106.554199 22 13
4216400.000000 4025562.500000 6829.708984 23 13
4216600.000000 4025562.500000 6554.738281 24 13
4216800.000000 4025562.500000 6277.514160 25 13
4217000.000000 4025562.500000 5996.468750 26 13
4217200.000000 4025562.500000 5708.414063 27 13
4217400.000000 4025562.500000 5410.922852 28 13
4217600.000000 4025562.500000 5106.090820 29 13
4217800.000000 4025562.500000 4807.509277 30 13
4218000.000000 4025562.500000 4530.764648 31 13
4218200.000000 4025562.500000 4286.294434 32 13
4218400.000000 4025562.500000 4041.973389 33 13
4218600.000000 4025562.500000 3712.430420 34 13
4218800.000000 4025562.500000 3388.057617 35 13
4219000.000000 4025562.500000 3084.298584 36 13
4219200.000000 4025562.500000 2889.001953 37 13
4219400.000000 4025562.500000 2651.507813 38 13
4219600.000000 4025562.500000 2363.988525 39 13
4219800.000000 4025562.500000 1962.299683 40 13
4220000.000000 4025562.500000 1531.081909 41 13
4220200.000000 4025562.500000 1107.922729 42 13
4212000.000000 4025934.375000 12984.333984 1 14
4212200.000000 4025934.375000 12703.792969 2 14
4212400.000000 4025934.375000 12421.752930 3 14
4212600.000000 4025934.375000 12138.713867 4 14
4212800.000000 4025934.375000 11855.156250 5 14
4213000.000000 4025934.375000 11571.610352 6 14
4213200.000000 4025934.375000 11288.058594 7 14
4213400.000000 4025934.375000 11004.999023 8 14
4213600.000000 4025934.375000 10721.414063 9 14
4213800.000000 4025934.375000 10437.834961 10 14
4214000.000000 4025934.375000 10154.244141 11 14
4214200.000000 4025934.375000 9870.623047 12 14
4214400.000000 4025934.375000 9587.005859 13 14
4214600.000000 4025934.375000 9303.877930 14 14
4214800.000000 4025934.375000 9020.744141 15 14
4215000.000000 4025934.375000 8737.588867 16 14
4215200.000000 4025934.375000 8452.948242 17 14
4215400.000000 4025934.375000 8167.291504 18 14
4215600.000000 4025934.375000 7880.072266 19 14
4215800.000000 4025934.375000 7592.764160 20 14
4216000.000000 4025934.375000 7308.250488 21 14
4216200.000000 4025934.375000 7027.483887 22 14
4216400.000000 4025934.375000 6751.433594 23 14
4216600.000000 4025934.375000 6477.165527 24 14
4216800.000000 4025934.375000 6201.471191 25 14
4217000.000000 4025934.375000 5920.611328 26 14
4217200.000000 4025934.375000 5630.601563 27 14
4217400.000000 4025934.375000 5324.467773 28 14
4217600.000000 4025934.375000 5004.726074 29 14
4217800.000000 4025934.375000 4685.631836 30 14
4218000.000000 4025934.375000 4384.504395 31 14
4218200.000000 4025934.375000 4112.083008 32 14
4218400.000000 4025934.375000 3858.793701 33 14
4218600.000000 4025934.375000 3582.204346 34 14
4218800.000000 4025934.375000 3320.017578 35 14
4219000.000000 4025934.375000 3076.039795 36 14
4219200.000000 4025934.375000 2870.260010 37 14
4219400.000000 4025934.375000 2570.392822 38 14
4219600.000000 4025934.375000 2227.726563 39 14
4219800.000000 4025934.375000 1849.897705 40 14
4220000.000000 4025934.375000 1460.726563 41 14
4220200.000000 4025934.375000 1074.052002 42 14
4212000.000000 4026306.250000 12906.582031 1 15
4212200.000000 4026306.250000 12626.032227 2 15
4212400.000000 4026306.250000 12343.982422 3 15
4212600.000000 4026306.250000 12060.915039 4 15
4212800.000000 4026306.250000 11777.358398 5 15
4213000.000000 4026306.250000 11493.795898 6 15
4213200.000000 4026306.250000 11210.208008 7 15
4213400.000000 4026306.250000 10927.124023 8 15
4213600.000000 4026306.250000 10643.528320 9 15
4213800.000000 4026306.250000 10359.916992 10 15
4214000.000000 4026306.250000 10076.272461 11 15
4214200.000000 4026306.250000 9792.625000 12 15
4214400.000000 4026306.250000 9509.459961 13 15
4214600.000000 4026306.250000 9226.277344 14 15
4214800.000000 4026306.250000 8943.063477 15 15
4215000.000000 4026306.250000 8659.352539 16 15
4215200.000000 4026306.250000 8374.623047 17 15
4215400.000000 4026306.250000 8088.844238 18 15
4215600.000000 4026306.250000 7801.515137 19 15
4215800.000000 4026306.250000 7514.047363 20 15
4216000.000000 4026306.250000 7229.397461 21 15
4216200.000000 4026306.250000 6948.977539 22 15
4216400.000000 4026306.250000 6672.756836 23 15
4216600.000000 4026306.250000 6399.825195 24 15
4216800.000000 4026306.250000 6125.365723 25 15
4217000.000000 4026306.250000 5845.063965 26 15
4217200.000000 4026306.250000 5554.281738 27 15
4217400.000000 4026306.250000 5240.667480 28 15
4217600.000000 4026306.250000 4905.272461 29 15
4217800.000000 4026306.250000 4565.847656 30 15
4218000.000000 4026306.250000 4244.166504 31 15
4218200.000000 4026306.250000 3968.094482 32 15
4218400.000000 4026306.250000 3771.988281 33 15
4218600.000000 4026306.250000 3581.087646 34 15
4218800.000000 4026306.250000 3341.974854 35 15
4219000.000000 4026306.250000 3045.258545 36 15
4219200.000000 4026306.250000 2744.980957 37 15
4219400.000000 4026306.250000 2407.298584 38 15
4219600.000000 4026306.250000 2061.680420 39 15
4219800.000000 4026306.250000 1726.313232 40 15
4220000.000000 4026306.250000 1382.469116 41 15
4220200.000000 4026306.250000 1032.437012 42 15
4212000.000000 4026678.125000 12828.812500 1 16
4212200.000000 4026678.125000 12548.253906 2 16
4212400.000000 4026678.125000 12266.195313 3 16
4212600.000000 4026678.125000 11983.131836 4 16
4212800.000000 4026678.125000 11699.561523 5 16
4213000.000000 4026678.125000 11415.965820 6 16
4213200.000000 4026678.125000 11132.374023 7 16
4213400.000000 4026678.125000 10849.266602 8 16
4213600.000000 4026678.125000 10566.143555 9 16
4213800.000000 4026678.125000 10282.484375 10 16
4214000.000000 4026678.125000 9998.819336 11 16
4214200.000000 4026678.125000 9715.131836 12 16
4214400.000000 4026678.125000 9431.419922 13 16
4214600.000000 4026678.125000 9148.168945 14 16
4214800.000000 4026678.125000 8864.910156 15 16
4215000.000000 4026678.125000 8581.126953 16 16
4215200.000000 4026678.125000 8296.311523 17 16
4215400.000000 4026678.125000 8010.426270 18 16
4215600.000000 4026678.125000 7722.975098 19 16
4215800.000000 4026678.125000 7435.874023 20 16
4216000.000000 4026678.125000 7151.101074 21 16
4216200.000000 4026678.125000 6870.590820 22 16
4216400.000000 4026678.125000 6594.340332 23 16
4216600.000000 4026678.125000 6321.948730 24 16
4216800.000000 4026678.125000 6048.071777 25 16
4217000.000000 4026678.125000 5767.911133 26 16
4217200.000000 4026678.125000 5477.340820 27 16
4217400.000000 4026678.125000 5159.446289 28 16
4217600.000000 4026678.125000 4813.923340 29 16
4217800.000000 4026678.125000 4458.777344 30 16
4218000.000000 4026678.125000 4116.514160 31 16
4218200.000000 4026678.125000 3836.590088 32 16
4218400.000000 4026678.125000 3672.296387 33 16
4218600.000000 4026678.125000 3477.117432 34 16
4218800.000000 4026678.125000 3221.757324 35 16
4219000.000000 4026678.125000 2894.747314 36 16
4219200.000000 4026678.125000 2550.278564 37 16
4219400.000000 4026678.125000 2227.040527 38 16
4219600.000000 4026678.125000 1923.770386 39 16
4219800.000000 4026678.125000 1623.008057 40 16
4220000.000000 4026678.125000 1310.078735 41 16
4220200.000000 4026678.125000 987.382874 42 16
4212000.000000 4027050.000000 12751.059570 1 17
4212200.000000 4027050.000000 12470.494141 2 17
4212400.000000 4027050.000000 12188.424805 3 17
4212600.000000 4027050.000000 11905.350586 4 17
4212800.000000 4027050.000000 11621.750000 5 17
4213000.000000 4027050.000000 11338.154297 6 17
4213200.000000 4027050.000000 11055.041992 7 17
4213400.000000 4027050.000000 10771.413086 8 17
4213600.000000 4027050.000000 10488.247070 9 17
4213800.000000 4027050.000000 10204.574219 10 17
4214000.000000 4027050.000000 9920.875000 11 17
4214200.000000 4027050.000000 9637.147461 12 17
4214400.000000 4027050.000000 9353.375977 13 17
4214600.000000 4027050.000000 9069.591797 14 17
4214800.000000 4027050.000000 8786.275391 15 17
4215000.000000 4027050.000000 8502.922852 16 17
4215200.000000 4027050.000000 8218.005859 17 17
4215400.000000 4027050.000000 7932.036133 18 17
4215600.000000 4027050.000000 7644.952637 19 17
4215800.000000 4027050.000000 7357.754883 20 17
4216000.000000 4027050.000000 7072.880859 21 17
4216200.000000 4027050.000000 6792.382324 22 17
4216400.000000 4027050.000000 6516.268066 23 17
4216600.000000 4027050.000000 6243.192871 24 17
4216800.000000 4027050.000000 5968.878418 25 17
4217000.000000 4027050.000000 5689.478516 26 17
4217200.000000 4027050.000000 5400.479004 27 17
4217400.000000 4027050.000000 5084.380859 28 17
4217600.000000 4027050.000000 4739.325195 29 17
4217800.000000 4027050.000000 4382.719238 30 17
4218000.000000 4027050.000000 4030.806152 31 17
4218200.000000 4027050.000000 3717.843750 32 17
4218400.000000 4027050.000000 3500.497559 33 17
4218600.000000 4027050.000000 3269.742920 34 17
4218800.000000 4027050.000000 3019.819580 35 17
4219000.000000 4027050.000000 2743.279541 36 17
4219200.000000 4027050.000000 2427.231445 37 17
4219400.000000 4027050.000000 2114.002930 38 17
4219600.000000 4027050.000000 1827.206543 39 17
4219800.000000 4027050.000000 1541.809937 40 17
4220000.000000 4027050.000000 1246.124268 41 17
4220200.000000 4027050.000000 942.311462 42 17
4212000.000000 4027421.875000 12673.309570 1 18
4212200.000000 4027421.875000 12392.735352 2 18
4212400.000000 4027421.875000 12111.157227 3 18
4212600.000000 4027421.875000 11828.054688 4 18
4212800.000000 4027421.875000 11544.458008 5 18
4213000.000000 4027421.875000 11260.845703 6 18
4213200.000000 4027421.875000 10977.714844 7 18
4213400.000000 4027421.875000 10694.047852 8 18
4213600.000000 4027421.875000 10410.374023 9 18
4213800.000000 4027421.875000 10127.171875 10 18
4214000.000000 4027421.875000 9843.440430 11 18
4214200.000000 4027421.875000 9559.161133 12 18
4214400.000000 4027421.875000 9275.364258 13 18
4214600.000000 4027421.875000 8991.533203 14 18
4214800.000000 4027421.875000 8707.647461 15 18
4215000.000000 4027421.875000 8424.230469 16 18
4215200.000000 4027421.875000 8139.750000 17 18
4215400.000000 4027421.875000 7854.168945 18 18
4215600.000000 4027421.875000 7567.498047 19 18
4215800.000000 4027421.875000 7281.205566 20 18
4216000.000000 4027421.875000 6996.291016 21 18
4216200.000000 4027421.875000 6714.858887 22 18
4216400.000000 4027421.875000 6437.043457 23 18
4216600.000000 4027421.875000 6161.578125 24 18
4216800.000000 4027421.875000 5885.644043 25 18
4217000.000000 4027421.875000 5605.906250 26 18
4217200.000000 4027421.875000 5319.425293 27 18
4217400.000000 4027421.875000 5012.024902 28 18
4217600.000000 4027421.875000 4684.566895 29 18
4217800.000000 4027421.875000 4348.957031 30 18
4218000.000000 4027421.875000 4017.275635 31 18
4218200.000000 4027421.875000 3712.664551 32 18
4218400.000000 4027421.875000 3487.199707 33 18
4218600.000000 4027421.875000 3265.510254 34 18
4218800.000000 4027421.875000 3003.387207 35 18
4219000.000000 4027421.875000 2719.399658 36 18
4219200.000000 4027421.875000 2415.636230 37 18
4219400.000000 4027421.875000 2095.098389 38 18
4219600.000000 4027421.875000 1779.832031 39 18
4219800.000000 4027421.875000 1481.414185 40 18
4220000.000000 4027421.875000 1190.150757 41 18
4220200.000000 4027421.875000 898.631653 42 18
4212000.000000 4027793.750000 12595.545898 1 19
4212200.000000 4027793.750000 12314.963867 2 19
4212400.000000 4027793.750000 12033.376953 3 19
4212600.000000 4027793.750000 11750.281250 4 19
4212800.000000 4027793.750000 11466.670898 5 19
4213000.000000 4027793.750000 11183.043945 6 19
4213200.000000 4027793.750000 10899.879883 7 19
4213400.000000 4027793.750000 10616.708008 8 19
4213600.000000 4027793.750000 10333.010742 9 19
4213800.000000 4027793.750000 10049.282227 10 19
4214000.000000 4027793.750000 9765.503906 11 19
4214200.000000 4027793.750000 9481.208008 12 19
4214400.000000 4027793.750000 9197.374023 13 19
4214600.000000 4027793.750000 8913.484375 14 19
4214800.000000 4027793.750000 8629.565430 15 19
4215000.000000 4027793.750000 8345.589844 16 19
4215200.000000 4027793.750000 8061.536621 17 19
4215400.000000 4027793.750000 7776.369141 18 19
4215600.000000 4027793.750000 7490.605469 19 19
4215800.000000 4027793.750000 7205.237793 20 19
4216000.000000 4027793.750000 6920.314941 21 19
4216200.000000 4027793.750000 6637.520020 22 19
4216400.000000 4027793.750000 6357.583984 23 19
4216600.000000 4027793.750000 6078.794434 24 19
4216800.000000 4027793.750000 5799.870117 25 19
4217000.000000 4027793.750000 5518.441895 26 19
4217200.000000 4027793.750000 5233.142090 27 19
4217400.000000 4027793.750000 4941.883789 28 19
4217600.000000 4027793.750000 4644.934082 29 19
4217800.000000 4027793.750000 4340.182129 30 19
4218000.000000 4027793.750000 4026.487549 31 19
4218200.000000 4027793.750000 3720.330566 32 19
4218400.000000 4027793.750000 3460.947510 33 19
4218600.000000 4027793.750000 3221.074707 34 19
4218800.000000 4027793.750000 2951.694336 35 19
4219000.000000 4027793.750000 2617.919922 36 19
4219200.000000 4027793.750000 2290.607910 37 19
4219400.000000 4027793.750000 2003.010742 38 19
4219600.000000 4027793.750000 1703.640869 39 19
4219800.000000 4027793.750000 1414.422485 40 19
4220000.000000 4027793.750000 1134.808716 41 19
4220200.000000 4027793.750000 857.390503 42 19
4212000.000000 4028165.625000 12517.801758 1 20
4212200.000000 4028165.625000 12237.213867 2 20
4212400.000000 4028165.625000 11955.618164 3 20
4212600.000000 4028165.625000 11672.512695 4 20
4212800.000000 4028165.625000 11388.890625 5 20
4213000.000000 4028165.625000 11105.233398 6 20
4213200.000000 4028165.625000 10822.069336 7 20
4213400.000000 4028165.625000 10538.878906 8 20
4213600.000000 4028165.625000 10255.143555 9 20
4213800.000000 4028165.625000 9971.391602 10 20
4214000.000000 4028165.625000 9687.602539 11 20
4214200.000000 4028165.625000 9403.276367 12 20
4214400.000000 4028165.625000 9119.391602 13 20
4214600.000000 4028165.625000 8835.480469 14 20
4214800.000000 4028165.625000 8551.019531 15 20
4215000.000000 4028165.625000 8266.990234 16 20
4215200.000000 4028165.625000 7983.355469 17 20
4215400.000000 4028165.625000 7699.127441 18 20
4215600.000000 4028165.625000 7414.282715 19 20
4215800.000000 4028165.625000 7129.337402 20 20
4216000.000000 4028165.625000 6844.433105 21 20
4216200.000000 4028165.625000 6560.770996 22 20
4216400.000000 4028165.625000 6278.174805 23 20
4216600.000000 4028165.625000 5996.475586 24 20
4216800.000000 4028165.625000 5715.500488 25 20
4217000.000000 4028165.625000 5435.105957 26 20
4217200.000000 4028165.625000 5157.066895 27 20
4217400.000000 4028165.625000 4887.445313 28 20
4217600.000000 4028165.625000 4625.313965 29 20
4217800.000000 4028165.625000 4356.000977 30 20
4218000.000000 4028165.625000 4056.269287 31 20
4218200.000000 4028165.625000 3728.314453 32 20
4218400.000000 4028165.625000 3446.837158 33 20
4218600.000000 4028165.625000 3200.551025 34 20
4218800.000000 4028165.625000 2924.011475 35 20
4219000.000000 4028165.625000 2534.244385 36 20
4219200.000000 4028165.625000 2163.917236 37 20
4219400.000000 4028165.625000 1883.551880 38 20
4219600.000000 4028165.625000 1611.877319 39 20
4219800.000000 4028165.625000 1345.047729 40 20
4220000.000000 4028165.625000 1082.558838 41 20
4220200.000000 4028165.625000 820.039551 42 20
4212000.000000 4028537.500000 12440.063477 1 21
4212200.000000 4028537.500000 12159.468750 2 21
4212400.000000 4028537.500000 11877.866211 3 21
4212600.000000 4028537.500000 11594.734375 4 21
4212800.000000 4028537.500000 11311.101563 5 21
4213000.000000 4028537.500000 11027.448242 6 21
4213200.000000 4028537.500000 10744.269531 7 21
4213400.000000 4028537.500000 10461.045898 8 21
4213600.000000 4028537.500000 10177.307617 9 21
4213800.000000 4028537.500000 9893.534180 10 21
4214000.000000 4028537.500000 9609.721680 11 21
4214200.000000 4028537.500000 9325.351563 12 21
4214400.000000 4028537.500000 9040.955078 13 21
4214600.000000 4028537.500000 8757.011719 14 21
4214800.000000 4028537.500000 8472.495117 15 21
4215000.000000 4028537.500000 8188.420898 16 21
4215200.000000 4028537.500000 7904.747559 17 21
4215400.000000 4028537.500000 7621.453613 18 21
4215600.000000 4028537.500000 7337.540039 19 21
4215800.000000 4028537.500000 7053.539551 20 21
4216000.000000 4028537.500000 6768.627441 21 21
4216200.000000 4028537.500000 6484.045898 22 21
4216400.000000 4028537.500000 6199.148926 23 21
4216600.000000 4028537.500000 5914.385254 24 21
4216800.000000 4028537.500000 5632.188477 25 21
4217000.000000 4028537.500000 5354.999023 26 21
4217200.000000 4028537.500000 5087.995117 27 21
4217400.000000 4028537.500000 4842.029785 28 21
4217600.000000 4028537.500000 4621.486816 29 21
4217800.000000 4028537.500000 4416.284180 30 21
4218000.000000 4028537.500000 4172.886230 31 21
4218200.000000 4028537.500000 3766.150879 32 21
4218400.000000 4028537.500000 3431.203369 33 21
4218600.000000 4028537.500000 3203.136475 34 21
4218800.000000 4028537.500000 2940.886963 35 21
4219000.000000 4028537.500000 2524.501709 36 21
4219200.000000 4028537.500000 2128.896240 37 21
4219400.000000 4028537.500000 1822.133911 38 21
4219600.000000 4028537.500000 1548.754883 39 21
4219800.000000 4028537.500000 1291.156738 40 21
4220000.000000 4028537.500000 1039.816772 41 21
4220200.000000 4028537.500000 789.587891 42 21
4212000.000000 4028909.375000 12362.331055 1 22
4212200.000000 4028909.375000 12081.713867 2 22
4212400.000000 4028909.375000 11800.103516 3 22
4212600.000000 4028909.375000 11516.980469 4 22
4212800.000000 4028909.375000 11233.338867 5 22
4213000.000000 4028909.375000 10949.673828 6 22
4213200.000000 4028909.375000 10666.464844 7 22
4213400.000000 4028909.375000 10383.243164 8 22
4213600.000000 4028909.375000 10099.488281 9 22
4213800.000000 4028909.375000 9815.696289 10 22
4214000.000000 4028909.375000 9531.846680 11 22
4214200.000000 4028909.375000 9247.470703 12 22
4214400.000000 4028909.375000 8963.049805 13 22
4214600.000000 4028909.375000 8678.562500 14 22
4214800.000000 4028909.375000 8394.032227 15 22
4215000.000000 4028909.375000 8109.921387 16 22
4215200.000000 4028909.375000 7826.703125 17 22
4215400.000000 4028909.375000 7543.841309 18 22
4215600.000000 4028909.375000 7260.873535 19 22
4215800.000000 4028909.375000 6977.343262 20 22
4216000.000000 4028909.375000 6692.907227 21 22
4216200.000000 4028909.375000 6407.325684 22 22
4216400.000000 4028909.375000 6120.521484 23 22
4216600.000000 4028909.375000 5833.417969 24 22
4216800.000000 4028909.375000 5549.096191 25 22
4217000.000000 4028909.375000 5271.499512 26 22
4217200.000000 4028909.375000 5008.020020 27 22
4217400.000000 4028909.375000 4768.547363 28 22
4217600.000000 4028909.375000 4565.596191 29 22
4217800.000000 4028909.375000 4415.390137 30 22
4218000.000000 4028909.375000 4231.994141 31 22
4218200.000000 4028909.375000 3813.911133 32 22
4218400.000000 4028909.375000 3398.962402 33 22
4218600.000000 4028909.375000 3143.142334 34 22
4218800.000000 4028909.375000 2873.684814 35 22
4219000.000000 4028909.375000 2466.741699 36 22
4219200.000000 4028909.375000 2084.896729 37 22
4219400.000000 4028909.375000 1773.565308 38 22
4219600.000000 4028909.375000 1501.469971 39 22
4219800.000000 4028909.375000 1249.006836 40 22
4220000.000000 4028909.375000 1004.714050 41 22
4220200.000000 4028909.375000 763.670654 42 22
4212000.000000 4029281.250000 12284.587891 1 23
4212200.000000 4029281.250000 12003.982422 2 23
4212400.000000 4029281.250000 11722.366211 3 23
4212600.000000 4029281.250000 11439.235352 4 23
4212800.000000 4029281.250000 11155.584961 5 23
4213000.000000 4029281.250000 10871.893555 6 23
4213200.000000 4029281.250000 10588.690430 7 23
4213400.000000 4029281.250000 10305.456055 8 23
4213600.000000 4029281.250000 10021.687500 9 23
4213800.000000 4029281.250000 9737.863281 10 23
4214000.000000 4029281.250000 9454.013672 11 23
4214200.000000 4029281.250000 9169.620117 12 23
4214400.000000 4029281.250000 8885.163086 13 23
4214600.000000 4029281.250000 8600.671875 14 23
4214800.000000 4029281.250000 8316.118164 15 23
4215000.000000 4029281.250000 8031.464844 16 23
4215200.000000 4029281.250000 7748.716797 17 23
4215400.000000 4029281.250000 7466.338379 18 23
4215600.000000 4029281.250000 7184.335449 19 23
4215800.000000 4029281.250000 6901.773438 20 23
4216000.000000 4029281.250000 6617.311035 21 23
4216200.000000 4029281.250000 6330.704590 22 23
4216400.000000 4029281.250000 6041.868164 23 23
4216600.000000 4029281.250000 5751.711426 24 23
4216800.000000 4029281.250000 5463.140625 25 23
4217000.000000 4029281.250000 5180.205078 26 23
4217200.000000 4029281.250000 4907.039063 27 23
4217400.000000 4029281.250000 4643.391113 28 23
4217600.000000 4029281.250000 4378.968262 29 23
4217800.000000 4029281.250000 4090.882080 30 23
4218000.000000 4029281.250000 3800.252441 31 23
4218200.000000 4029281.250000 3543.980957 32 23
4218400.000000 4029281.250000 3223.656738 33 23
4218600.000000 4029281.250000 2942.334717 34 23
4218800.000000 4029281.250000 2656.748291 35 23
4219000.000000 4029281.250000 2311.058838 36 23
4219200.000000 4029281.250000 1986.242554 37 23
4219400.000000 4029281.250000 1707.455078 38 23
4219600.000000 4029281.250000 1452.955566 39 23
4219800.000000 4029281.250000 1208.772339 40 23
4220000.000000 4029281.250000 970.968750 41 23
4220200.000000 4029281.250000 737.601990 42 23
4212000.000000 4029653.125000 12206.869141 1 24
4212200.000000 4029653.125000 11926.258789 2 24
4212400.000000 4029653.125000 11644.636719 3 24
4212600.000000 4029653.125000 11361.500000 4 24
4212800.000000 4029653.125000 11077.826172 5 24
4213000.000000 4029653.125000 10794.142578 6 24
4213200.000000 4029653.125000 10510.930664 7 24
4213400.000000 4029653.125000 10227.686523 8 24
4213600.000000 4029653.125000 9943.889648 9 24
4213800.000000 4029653.125000 9660.070313 10 24
4214000.000000 4029653.125000 9376.208984 11 24
4214200.000000 4029653.125000 9091.785156 12 24
4214400.000000 4029653.125000 8807.331055 13 24
4214600.000000 4029653.125000 8522.825195 14 24
4214800.000000 4029653.125000 8238.240234 15 24
4215000.000000 4029653.125000 7953.589844 16 24
4215200.000000 4029653.125000 7670.828613 17 24
4215400.000000 4029653.125000 7388.938477 18 24
4215600.000000 4029653.125000 7107.427246 19 24
4215800.000000 4029653.125000 6825.359375 20 24
4216000.000000 4029653.125000 6541.385254 21 24
4216200.000000 4029653.125000 6254.742188 22 24
4216400.000000 4029653.125000 5963.798828 23 24
4216600.000000 4029653.125000 5668.975098 24 24
4216800.000000 4029653.125000 5375.083984 25 24
4217000.000000 4029653.125000 5085.646973 26 24
4217200.000000 4029653.125000 4802.377930 27 24
4217400.000000 4029653.125000 4521.462891 28 24
4217600.000000 4029653.125000 4227.804688 29 24
4217800.000000 4029653.125000 3900.818848 30 24
4218000.000000 4029653.125000 3566.934326 31 24
4218200.000000 4029653.125000 3366.846924 32 24
4218400.000000 4029653.125000 3093.821777 33 24
4218600.000000 4029653.125000 2758.908691 34 24
4218800.000000 4029653.125000 2458.994141 35 24
4219000.000000 4029653.125000 2143.550293 36 24
4219200.000000 4029653.125000 1861.040161 37 24
4219400.000000 4029653.125000 1626.595581 38 24
4219600.000000 4029653.125000 1398.526367 39 24
4219800.000000 4029653.125000 1164.325195 40 24
4220000.000000 4029653.125000 932.787964 41 24
4220200.000000 4029653.125000 706.275757 42 24
4212000.000000 4030025.000000 12129.158203 1 25
4212200.000000 4030025.000000 11848.542969 2 25
4212400.000000 4030025.000000 11566.900391 3 25
4212600.000000 4030025.000000 11283.757813 4 25
4212800.000000 4030025.000000 11000.093750 5 25
4213000.000000 4030025.000000 10716.404297 6 25
4213200.000000 4030025.000000 10433.167969 7 25
4213400.000000 4030025.000000 10149.916016 8 25
4213600.000000 4030025.000000 9866.127930 9 25
4213800.000000 4030025.000000 9582.300781 10 25
4214000.000000 4030025.000000 9298.414063 11 25
4214200.000000 4030025.000000 9014.499023 12 25
4214400.000000 4030025.000000 8730.037109 13 25
4214600.000000 4030025.000000 8445.008789 14 25
4214800.000000 4030025.000000 8160.435547 15 25
4215000.000000 4030025.000000 7875.783691 16 25
4215200.000000 4030025.000000 7593.526367 17 25
4215400.000000 4030025.000000 7311.648438 18 25
4215600.000000 4030025.000000 7030.656250 19 25
4215800.000000 4030025.000000 6748.612793 20 25
4216000.000000 4030025.000000 6464.638672 21 25
4216200.000000 4030025.000000 6178.482422 22 25
4216400.000000 4030025.000000 5885.405273 23 25
4216600.000000 4030025.000000 5586.280762 24 25
4216800.000000 4030025.000000 5287.042969 25 25
4217000.000000 4030025.000000 4991.062500 26 25
4217200.000000 4030025.000000 4701.994141 27 25
4217400.000000 4030025.000000 4421.916016 28 25
4217600.000000 4030025.000000 4146.835938 29 25
4217800.000000 4030025.000000 3878.510254 30 25
4218000.000000 4030025.000000 3627.847656 31 25
4218200.000000 4030025.000000 3410.823486 32 25
4218400.000000 4030025.000000 3100.662598 33 25
4218600.000000 4030025.000000 2695.532471 34 25
4218800.000000 4030025.000000 2366.314697 35 25
4219000.000000 4030025.000000 2028.090332 36 25
4219200.000000 4030025.000000 1746.770264 37 25
4219400.000000 4030025.000000 1542.896118 38 25
4219600.000000 4030025.000000 1337.467529 39 25
4219800.000000 4030025.000000 1112.439331 40 25
4220000.000000 4030025.000000 887.342773 41 25
4220200.000000 4030025.000000 668.254150 42 25
4212000.000000 4030396.875000 12051.437500 1 26
4212200.000000 4030396.875000 11770.819336 2 26
4212400.000000 4030396.875000 11489.188477 3 26
4212600.000000 4030396.875000 11206.041992 4 26
4212800.000000 4030396.875000 10922.374023 5 26
4213000.000000 4030396.875000 10638.662109 6 26
4213200.000000 4030396.875000 10355.436523 7 26
4213400.000000 4030396.875000 10072.178711 8 26
4213600.000000 4030396.875000 9788.385742 9 26
4213800.000000 4030396.875000 9504.537109 10 26
4214000.000000 4030396.875000 9220.663086 11 26
4214200.000000 4030396.875000 8936.745117 12 26
4214400.000000 4030396.875000 8652.265625 13 26
4214600.000000 4030396.875000 8367.254883 14 26
4214800.000000 4030396.875000 8082.687012 15 26
4215000.000000 4030396.875000 7798.546387 16 26
4215200.000000 4030396.875000 7516.294434 17 26
4215400.000000 4030396.875000 7234.450684 18 26
4215600.000000 4030396.875000 6953.506348 19 26
4215800.000000 4030396.875000 6671.518066 20 26
4216000.000000 4030396.875000 6387.605469 21 26
4216200.000000 4030396.875000 6101.437500 22 26
4216400.000000 4030396.875000 5807.696289 23 26
4216600.000000 4030396.875000 5505.133301 24 26
4216800.000000 4030396.875000 5200.667969 25 26
4217000.000000 4030396.875000 4898.679688 26 26
4217200.000000 4030396.875000 4604.228516 27 26
4217400.000000 4030396.875000 4323.156250 28 26
4217600.000000 4030396.875000 4063.552734 29 26
4217800.000000 4030396.875000 3831.317871 30 26
4218000.000000 4030396.875000 3612.623535 31 26
4218200.000000 4030396.875000 3372.908203 32 26
4218400.000000 4030396.875000 3069.532959 33 26
4218600.000000 4030396.875000 2721.907471 34 26
4218800.000000 4030396.875000 2362.692627 35 26
4219000.000000 4030396.875000 1978.324097 36 26
4219200.000000 4030396.875000 1683.124634 37 26
4219400.000000 4030396.875000 1480.050903 38 26
4219600.000000 4030396.875000 1278.824463 39 26
4219800.000000 4030396.875000 1056.059692 40 26
4220000.000000 4030396.875000 834.573608 41 26
4220200.000000 4030396.875000 620.684692 42 26
4212000.000000 4030768.750000 11973.743164 1 27
4212200.000000 4030768.750000 11693.620117 2 27
4212400.000000 4030768.750000 11411.986328 3 27
4212600.000000 4030768.750000 11128.835938 4 27
4212800.000000 4030768.750000 10845.147461 5 27
4213000.000000 4030768.750000 10561.448242 6 27
4213200.000000 4030768.750000 10278.218750 7 27
4213400.000000 4030768.750000 9994.458008 8 27
4213600.000000 4030768.750000 9710.645508 9 27
4213800.000000 4030768.750000 9427.311523 10 27
4214000.000000 4030768.750000 9143.437500 11 27
4214200.000000 4030768.750000 8859.021484 12 27
4214400.000000 4030768.750000 8574.546875 13 27
4214600.000000 4030768.750000 8289.544922 14 27
4214800.000000 4030768.750000 8005.492188 15 27
4215000.000000 4030768.750000 7721.359863 16 27
4215200.000000 4030768.750000 7439.163574 17 27
4215400.000000 4030768.750000 7157.375977 18 27
4215600.000000 4030768.750000 6876.004883 19 27
4215800.000000 4030768.750000 6593.601074 20 27
4216000.000000 4030768.750000 6309.264648 21 27
4216200.000000 4030768.750000 6023.601563 22 27
4216400.000000 4030768.750000 5729.730469 23 27
4216600.000000 4030768.750000 5426.729004 24 27
4216800.000000 4030768.750000 5119.276855 25 27
4217000.000000 4030768.750000 4812.289063 26 27
4217200.000000 4030768.750000 4510.089844 27 27
4217400.000000 4030768.750000 4219.432617 28 27
4217600.000000 4030768.750000 3948.112793 29 27
4217800.000000 4030768.750000 3687.619629 30 27
4218000.000000 4030768.750000 3423.089111 31 27
4218200.000000 4030768.750000 3188.156738 32 27
4218400.000000 4030768.750000 2917.526123 33 27
4218600.000000 4030768.750000 2618.795166 34 27
4218800.000000 4030768.750000 2274.353760 35 27
4219000.000000 4030768.750000 1923.508545 36 27
4219200.000000 4030768.750000 1640.605835 37 27
4219400.000000 4030768.750000 1424.579224 38 27
4219600.000000 4030768.750000 1214.479858 39 27
4219800.000000 4030768.750000 991.889526 40 27
4220000.000000 4030768.750000 773.422302 41 27
4220200.000000 4030768.750000 563.570801 42 27
4212000.000000 4031140.625000 11896.555664 1 28
4212200.000000 4031140.625000 11615.931641 2 28
4212400.000000 4031140.625000 11334.293945 3 28
4212600.000000 4031140.625000 11051.124023 4 28
4212800.000000 4031140.625000 10767.449219 5 28
4213000.000000 4031140.625000 10483.747070 6 28
4213200.000000 4031140.625000 10200.515625 7 28
4213400.000000 4031140.625000 9916.736328 8 28
4213600.000000 4031140.625000 9633.439453 9 28
4213800.000000 4031140.625000 9349.606445 10 28
4214000.000000 4031140.625000 9065.736328 11 28
4214200.000000 4031140.625000 8781.310547 12 28
4214400.000000 4031140.625000 8496.862305 13 28
4214600.000000 4031140.625000 8212.375977 14 28
4214800.000000 4031140.625000 7928.331055 15 28
4215000.000000 4031140.625000 7644.252441 16 28
4215200.000000 4031140.625000 7361.611328 17 28
4215400.000000 4031140.625000 7079.898926 18 28
4215600.000000 4031140.625000 6797.626465 19 28
4215800.000000 4031140.625000 6514.319824 20 28
4216000.000000 4031140.625000 6229.593750 21 28
4216200.000000 4031140.625000 5945.022949 22 28
4216400.000000 4031140.625000 5653.130371 23 28
4216600.000000 4031140.625000 5352.867676 24 28
4216800.000000 4031140.625000 5046.754395 25 28
4217000.000000 4031140.625000 4738.943848 26 28
4217200.000000 4031140.625000 4432.712402 27 28
4217400.000000 4031140.625000 4134.590820 28 28
4217600.000000 4031140.625000 3856.152344 29 28
4217800.000000 4031140.625000 3585.220947 30 28
4218000.000000 4031140.625000 3317.530518 31 28
4218200.000000 4031140.625000 3102.816162 32 28
4218400.000000 4031140.625000 2815.463623 33 28
4218600.000000 4031140.625000 2469.975098 34 28
4218800.000000 4031140.625000 2139.248291 35 28
4219000.000000 4031140.625000 1834.093750 36 28
4219200.000000 4031140.625000 1572.376221 37 28
4219400.000000 4031140.625000 1350.063965 38 28
4219600.000000 4031140.625000 1135.127441 39 28
4219800.000000 4031140.625000 916.628357 40 28
4220000.000000 4031140.625000 702.435364 41 28
4220200.000000 4031140.625000 495.442322 42 28
4212000.000000 4031512.500000 11818.861328 1 29
4212200.000000 4031512.500000 11538.234375 2 29
4212400.000000 4031512.500000 11256.594727 3 29
4212600.000000 4031512.500000 10973.439453 4 29
4212800.000000 4031512.500000 10689.761719 5 29
4213000.000000 4031512.500000 10406.058594 6 29
4213200.000000 4031512.500000 10122.808594 7 29
4213400.000000 4031512.500000 9839.045898 8 29
4213600.000000 4031512.500000 9555.750000 9 29
4213800.000000 4031512.500000 9271.903320 10 29
4214000.000000 4031512.500000 8988.039063 11 29
4214200.000000 4031512.500000 8703.639648 12 29
4214400.000000 4031512.500000 8419.207031 13 29
4214600.000000 4031512.500000 8135.224609 14 29
4214800.000000 4031512.500000 7851.228027 15 29
4215000.000000 4031512.500000 7567.695801 16 29
4215200.000000 4031512.500000 7284.622070 17 29
4215400.000000 4031512.500000 7001.487305 18 29
4215600.000000 4031512.500000 6718.334961 19 29
4215800.000000 4031512.500000 6434.186035 20 29
4216000.000000 4031512.500000 6149.609375 21 29
4216200.000000 4031512.500000 5865.662109 22 29
4216400.000000 4031512.500000 5577.396973 23 29
4216600.000000 4031512.500000 5283.690918 24 29
4216800.000000 4031512.500000 4984.943848 25 29
4217000.000000 4031512.500000 4684.717773 26 29
4217200.000000 4031512.500000 4385.892090 27 29
4217400.000000 4031512.500000 4094.909912 28 29
4217600.000000 4031512.500000 3823.923096 29 29
4217800.000000 4031512.500000 3559.950928 30 29
4218000.000000 4031512.500000 3287.204834 31 29
4218200.000000 4031512.500000 3017.221191 32 29
4218400.000000 4031512.500000 2677.537354 33 29
4218600.000000 4031512.500000 2317.231445 34 29
4218800.000000 4031512.500000 2006.952515 35 29
4219000.000000 4031512.500000 1731.427246 36 29
4219200.000000 4031512.500000 1487.422119 37 29
4219400.000000 4031512.500000 1267.209961 38 29
4219600.000000 4031512.500000 1052.516846 39 29
4219800.000000 4031512.500000 836.927124 40 29
4220000.000000 4031512.500000 623.500732 41 29
4220200.000000 4031512.500000 416.981201 42 29
4212000.000000 4031884.375000 11741.193359 1 30
4212200.000000 4031884.375000 11460.563477 2 30
4212400.000000 4031884.375000 11178.921875 3 30
4212600.000000 4031884.375000 10895.764648 4 30
4212800.000000 4031884.375000 10612.069336 5 30
4213000.000000 4031884.375000 10328.365234 6 30
4213200.000000 4031884.375000 10044.632813 7 30
4213400.000000 4031884.375000 9761.370117 8 30
4213600.000000 4031884.375000 9477.559570 9 30
4213800.000000 4031884.375000 9193.734375 10 30
4214000.000000 4031884.375000 8909.875977 11 30
4214200.000000 4031884.375000 8625.988281 12 30
4214400.000000 4031884.375000 8342.054688 13 30
4214600.000000 4031884.375000 8058.114258 14 30
4214800.000000 4031884.375000 7774.653320 15 30
4215000.000000 4031884.375000 7491.174316 16 30
4215200.000000 4031884.375000 7207.160156 17 30
4215400.000000 4031884.375000 6922.646484 18 30
4215600.000000 4031884.375000 6638.130371 19 30
4215800.000000 4031884.375000 6352.630859 20 30
4216000.000000 4031884.375000 6068.239258 21 30
4216200.000000 4031884.375000 5785.006836 22 30
4216400.000000 4031884.375000 5502.452637 23 30
4216600.000000 4031884.375000 5218.481445 24 30
4216800.000000 4031884.375000 4932.500977 25 30
4217000.000000 4031884.375000 4646.948242 26 30
4217200.000000 4031884.375000 4364.411621 27 30
4217400.000000 4031884.375000 4091.228027 28 30
4217600.000000 4031884.375000 3831.216309 29 30
4217800.000000 4031884.375000 3570.505859 30 30
4218000.000000 4031884.375000 3289.244385 31 30
4218200.000000 4031884.375000 2971.206055 32 30
4218400.000000 4031884.375000 2599.806885 33 30
4218600.000000 4031884.375000 2233.827393 34 30
4218800.000000 4031884.375000 1916.851196 35 30
4219000.000000 4031884.375000 1643.267822 36 30
4219200.000000 4031884.375000 1404.232544 37 30
4219400.000000 4031884.375000 1185.503174 38 30
4219600.000000 4031884.375000 970.046997 39 30
4219800.000000 4031884.375000 753.046692 40 30
4220000.000000 4031884.375000 537.676819 41 30
4220200.000000 4031884.375000 328.342773 42 30
4212000.000000 4032256.250000 11663.533203 1 31
4212200.000000 4032256.250000 11383.401367 2 31
4212400.000000 4032256.250000 11101.259766 3 31
4212600.000000 4032256.250000 10817.584961 4 31
4212800.000000 4032256.250000 10533.906250 5 31
4213000.000000 4032256.250000 10250.201172 6 31
4213200.000000 4032256.250000 9966.469727 7 31
4213400.000000 4032256.250000 9683.191406 8 31
4213600.000000 4032256.250000 9399.400391 9 31
4213800.000000 4032256.250000 9115.579102 10 31
4214000.000000 4032256.250000 8831.727539 11 31
4214200.000000 4032256.250000 8548.333008 12 31
4214400.000000 4032256.250000 8264.932617 13 31
4214600.000000 4032256.250000 7981.517090 14 31
4214800.000000 4032256.250000 7698.092773 15 31
4215000.000000 4032256.250000 7414.151367 16 31
4215200.000000 4032256.250000 7129.730957 17 31
4215400.000000 4032256.250000 6843.826172 18 31
4215600.000000 4032256.250000 6556.937012 19 31
4215800.000000 4032256.250000 6270.131836 20 31
4216000.000000 4032256.250000 5985.931641 21 31
4216200.000000 4032256.250000 5704.933594 22 31
4216400.000000 4032256.250000 5428.645996 23 31
4216600.000000 4032256.250000 5156.027832 24 31
4216800.000000 4032256.250000 4884.932617 25 31
4217000.000000 4032256.250000 4615.258789 26 31
4217200.000000 4032256.250000 4348.604492 27 31
4217400.000000 4032256.250000 4087.656982 28 31
4217600.000000 4032256.250000 3830.875732 29 31
4217800.000000 4032256.250000 3564.066162 30 31
4218000.000000 4032256.250000 3271.154541 31 31
4218200.000000 4032256.250000 2931.553467 32 31
4218400.000000 4032256.250000 2551.223389 33 31
4218600.000000 4032256.250000 2182.032959 34 31
4218800.000000 4032256.250000 1855.395386 35 31
4219000.000000 4032256.250000 1574.732300 36 31
4219200.000000 4032256.250000 1331.125732 37 31
4219400.000000 4032256.250000 1107.015015 38 31
4219600.000000 4032256.250000 885.977356 39 31
4219800.000000 4032256.250000 663.941711 40 31
4220000.000000 4032256.250000 444.402924 41 31
4220200.000000 4032256.250000 231.195526 42 31
4212000.000000 4032628.125000 11585.865234 1 32
4212200.000000 4032628.125000 11305.733398 2 32
4212400.000000 4032628.125000 11023.590820 3 32
4212600.000000 4032628.125000 10738.935547 4 32
4212800.000000 4032628.125000 10454.757813 5 32
4213000.000000 4032628.125000 10171.037109 6 32
4213200.000000 4032628.125000 9887.805664 7 32
4213400.000000 4032628.125000 9604.545898 8 32
4213600.000000 4032628.125000 9320.256836 9 32
4213800.000000 4032628.125000 9036.920898 10 32
4214000.000000 4032628.125000 8753.574219 11 32
4214200.000000 4032628.125000 8470.205078 12 32
4214400.000000 4032628.125000 8186.818359 13 32
4214600.000000 4032628.125000 7903.922852 14 32
4214800.000000 4032628.125000 7620.514648 15 32
4215000.000000 4032628.125000 7336.638184 16 32
4215200.000000 4032628.125000 7051.289551 17 32
4215400.000000 4032628.125000 6763.469727 18 32
4215600.000000 4032628.125000 6474.218262 19 32
4215800.000000 4032628.125000 6185.589844 20 32
4216000.000000 4032628.125000 5902.103027 21 32
4216200.000000 4032628.125000 5624.871094 22 32
4216400.000000 4032628.125000 5355.377441 23 32
4216600.000000 4032628.125000 5094.124023 24 32
4216800.000000 4032628.125000 4837.938965 25 32
4217000.000000 4032628.125000 4583.637207 26 32
4217200.000000 4032628.125000 4330.159668 27 32
4217400.000000 4032628.125000 4075.496338 28 32
4217600.000000 4032628.125000 3814.160156 29 32
4217800.000000 4032628.125000 3534.819824 30 32
4218000.000000 4032628.125000 3228.099609 31 32
4218200.000000 4032628.125000 2881.488281 32 32
4218400.000000 4032628.125000 2506.442383 33 32
4218600.000000 4032628.125000 2140.215576 34 32
4218800.000000 4032628.125000 1807.136230 35 32
4219000.000000 4032628.125000 1516.771118 36 32
4219200.000000 4032628.125000 1261.251221 37 32
4219400.000000 4032628.125000 1026.700195 38 32
4219600.000000 4032628.125000 796.388245 39 32
4219800.000000 4032628.125000 567.638855 40 32
4220000.000000 4032628.125000 343.090698 41 32
4220200.000000 4032628.125000 125.345406 42 32
4212000.000000 4033000.000000 11507.723633 1 33
4212200.000000 4033000.000000 11227.092773 2 33
4212400.000000 4033000.000000 10944.454102 3 33
4212600.000000 4033000.000000 10659.800781 4 33
4212800.000000 4033000.000000 10375.110352 5 33
4213000.000000 4033000.000000 10091.409180 6 33
4213200.000000 4033000.000000 9808.678711 7 33
4213400.000000 4033000.000000 9524.903320 8 33
4213600.000000 4033000.000000 9241.115234 9 33
4213800.000000 4033000.000000 8957.796875 10 33
4214000.000000 4033000.000000 8674.951172 11 33
4214200.000000 4033000.000000 8392.083984 12 33
4214400.000000 4033000.000000 8109.187012 13 33
4214600.000000 4033000.000000 7826.304688 14 33
4214800.000000 4033000.000000 7542.436035 15 33
4215000.000000 4033000.000000 7257.596191 16 33
4215200.000000 4033000.000000 6970.288086 17 33
4215400.000000 4033000.000000 6680.050781 18 33
4215600.000000 4033000.000000 6387.915039 19 33
4215800.000000 4033000.000000 6097.941895 20 33
4216000.000000 4033000.000000 5815.157715 21 33
4216200.000000 4033000.000000 5542.182617 22 33
4216400.000000 4033000.000000 5281.027344 23 33
4216600.000000 4033000.000000 5031.673340 24 33
4216800.000000 4033000.000000 4790.462402 25 33
4217000.000000 4033000.000000 4552.626465 26 33
4217200.000000 4033000.000000 4312.809082 27 33
4217400.000000 4033000.000000 4064.646729 28 33
4217600.000000 4033000.000000 3800.625244 29 33
4217800.000000 4033000.000000 3511.879150 30 33
4218000.000000 4033000.000000 3192.836182 31 33
4218200.000000 4033000.000000 2839.763916 32 33
4218400.000000 4033000.000000 2465.436768 33 33
4218600.000000 4033000.000000 2096.582275 34 33
4218800.000000 4033000.000000 1754.930054 35 33
4219000.000000 4033000.000000 1451.030396 36 33
4219200.000000 4033000.000000 1181.710449 37 33
4219400.000000 4033000.000000 935.124146 38 33
4219600.000000 4033000.000000 696.020447 39 33
4219800.000000 4033000.000000 462.173676 40 33
4220000.000000 4033000.000000 234.420135 41 33
4220200.000000 4033000.000000 13.033147 42 33
