# Type: scattered data
# Version: 6
# Description: No description
# Format: free
# Field: 1 x
# Field: 2 y
# Field: 3 z undefined
# Field: 4 column
# Field: 5 row
# Projection: Local Rectangular
# Units: undefined
# End:
# Information from grid:
# Grid_size: 42 x 33
# Grid_space: 4212000.000000,4220200.000000,4021100.000000,4033000.000000
# Scattered data: Not_available
# Z_field: z
# Vertical_faults: Not_available
# History: No history
# Z_units: undefined
4212000.000000 4021100.000000 12425.625000 1 1
4212200.000000 4021100.000000 12168.743164 2 1
4212400.000000 4021100.000000 11911.866211 3 1
4212600.000000 4021100.000000 11654.984375 4 1
4212800.000000 4021100.000000 11398.088867 5 1
4213000.000000 4021100.000000 11141.198242 6 1
4213200.000000 4021100.000000 10884.304688 7 1
4213400.000000 4021100.000000 10627.401367 8 1
4213600.000000 4021100.000000 10370.506836 9 1
4213800.000000 4021100.000000 10113.615234 10 1
4214000.000000 4021100.000000 9857.229492 11 1
4214200.000000 4021100.000000 9600.345703 12 1
4214400.000000 4021100.000000 9343.484375 13 1
4214600.000000 4021100.000000 9086.643555 14 1
4214800.000000 4021100.000000 8829.819336 15 1
4215000.000000 4021100.000000 8573.035156 16 1
4215200.000000 4021100.000000 8316.789063 17 1
4215400.000000 4021100.000000 8060.076660 18 1
4215600.000000 4021100.000000 7803.415527 19 1
4215800.000000 4021100.000000 7546.794922 20 1
4216000.000000 4021100.000000 7290.708008 21 1
4216200.000000 4021100.000000 7034.138672 22 1
4216400.000000 4021100.000000 6777.590332 23 1
4216600.000000 4021100.000000 6521.036621 24 1
4216800.000000 4021100.000000 6264.440430 25 1
4217000.000000 4021100.000000 6007.777832 26 1
4217200.000000 4021100.000000 5750.495117 27 1
4217400.000000 4021100.000000 5493.049316 28 1
4217600.000000 4021100.000000 5234.961914 29 1
4217800.000000 4021100.000000 4977.274414 30 1
4218000.000000 4021100.000000 4719.612305 31 1
4218200.000000 4021100.000000 4462.084961 32 1
4218400.000000 4021100.000000 4204.760742 33 1
4218600.000000 4021100.000000 3948.143066 34 1
4218800.000000 4021100.000000 3692.117676 35 1
4219000.000000 4021100.000000 3437.024658 36 1
4219200.000000 4021100.000000 3181.728271 37 1
4219400.000000 4021100.000000 2926.233398 38 1
4219600.000000 4021100.000000 2670.681885 39 1
4219800.000000 4021100.000000 2415.363525 40 1
4220000.000000 4021100.000000 2160.616211 41 1
4220200.000000 4021100.000000 1906.676880 42 1
4212000.000000 4021471.875000 12367.748047 1 2
4212200.000000 4021471.875000 12110.877930 2 2
4212400.000000 4021471.875000 11854.002930 3 2
4212600.000000 4021471.875000 11597.115234 4 2
4212800.000000 4021471.875000 11340.230469 5 2
4213000.000000 4021471.875000 11083.343750 6 2
4213200.000000 4021471.875000 10826.446289 7 2
4213400.000000 4021471.875000 10569.557617 8 2
4213600.000000 4021471.875000 10312.669922 9 2
4213800.000000 4021471.875000 10055.779297 10 2
4214000.000000 4021471.875000 9799.404297 11 2
4214200.000000 4021471.875000 9542.540039 12 2
4214400.000000 4021471.875000 9285.691406 13 2
4214600.000000 4021471.875000 9028.853516 14 2
4214800.000000 4021471.875000 8772.047852 15 2
4215000.000000 4021471.875000 8515.268555 16 2
4215200.000000 4021471.875000 8258.511719 17 2
4215400.000000 4021471.875000 8001.792480 18 2
4215600.000000 4021471.875000 7745.100586 19 2
4215800.000000 4021471.875000 7488.422852 20 2
4216000.000000 4021471.875000 7231.767578 21 2
4216200.000000 4021471.875000 6975.116699 22 2
4216400.000000 4021471.875000 6718.446777 23 2
4216600.000000 4021471.875000 6461.747559 24 2
4216800.000000 4021471.875000 6204.968262 25 2
4217000.000000 4021471.875000 5948.043457 26 2
4217200.000000 4021471.875000 5690.932617 27 2
4217400.000000 4021471.875000 5433.107422 28 2
4217600.000000 4021471.875000 5175.114746 29 2
4217800.000000 4021471.875000 4917.125000 30 2
4218000.000000 4021471.875000 4659.355469 31 2
4218200.000000 4021471.875000 4402.520020 32 2
4218400.000000 4021471.875000 4146.257813 33 2
4218600.000000 4021471.875000 3891.001953 34 2
4218800.000000 4021471.875000 3635.992188 35 2
4219000.000000 4021471.875000 3381.371826 36 2
4219200.000000 4021471.875000 3125.788086 37 2
4219400.000000 4021471.875000 2869.586182 38 2
4219600.000000 4021471.875000 2611.901855 39 2
4219800.000000 4021471.875000 2353.689209 40 2
4220000.000000 4021471.875000 2096.065430 41 2
4220200.000000 4021471.875000 1839.625610 42 2
4212000.000000 4021843.750000 12309.384766 1 3
4212200.000000 4021843.750000 12052.518555 2 3
4212400.000000 4021843.750000 11795.637695 3 3
4212600.000000 4021843.750000 11538.760742 4 3
4212800.000000 4021843.750000 11281.878906 5 3
4213000.000000 4021843.750000 11024.986328 6 3
4213200.000000 4021843.750000 10768.101563 7 3
4213400.000000 4021843.750000 10511.216797 8 3
4213600.000000 4021843.750000 10254.328125 9 3
4213800.000000 4021843.750000 9997.452148 10 3
4214000.000000 4021843.750000 9741.084961 11 3
4214200.000000 4021843.750000 9484.221680 12 3
4214400.000000 4021843.750000 9227.382813 13 3
4214600.000000 4021843.750000 8970.561523 14 3
4214800.000000 4021843.750000 8713.761719 15 3
4215000.000000 4021843.750000 8456.975586 16 3
4215200.000000 4021843.750000 8200.221680 17 3
4215400.000000 4021843.750000 7943.486328 18 3
4215600.000000 4021843.750000 7686.756348 19 3
4215800.000000 4021843.750000 7430.041016 20 3
4216000.000000 4021843.750000 7173.323730 21 3
4216200.000000 4021843.750000 6916.583984 22 3
4216400.000000 4021843.750000 6659.815918 23 3
4216600.000000 4021843.750000 6402.968750 24 3
4216800.000000 4021843.750000 6145.964355 25 3
4217000.000000 4021843.750000 5888.728027 26 3
4217200.000000 4021843.750000 5631.171387 27 3
4217400.000000 4021843.750000 5372.778809 28 3
4217600.000000 4021843.750000 5114.195313 29 3
4217800.000000 4021843.750000 4856.202148 30 3
4218000.000000 4021843.750000 4598.189941 31 3
4218200.000000 4021843.750000 4341.544434 32 3
4218400.000000 4021843.750000 4086.438965 33 3
4218600.000000 4021843.750000 3832.745850 34 3
4218800.000000 4021843.750000 3578.999756 35 3
4219000.000000 4021843.750000 3325.545166 36 3
4219200.000000 4021843.750000 3070.233887 37 3
4219400.000000 4021843.750000 2812.724854 38 3
4219600.000000 4021843.750000 2552.691895 39 3
4219800.000000 4021843.750000 2291.273438 40 3
4220000.000000 4021843.750000 2030.000122 41 3
4220200.000000 4021843.750000 1770.501099 42 3
4212000.000000 4022215.625000 12251.030273 1 4
4212200.000000 4022215.625000 11994.159180 2 4
4212400.000000 4022215.625000 11737.289063 3 4
4212600.000000 4022215.625000 11480.414063 4 4
4212800.000000 4022215.625000 11223.526367 5 4
4213000.000000 4022215.625000 10966.645508 6 4
4213200.000000 4022215.625000 10709.763672 7 4
4213400.000000 4022215.625000 10452.875977 8 4
4213600.000000 4022215.625000 10196.000000 9 4
4213800.000000 4022215.625000 9939.130859 10 4
4214000.000000 4022215.625000 9682.762695 11 4
4214200.000000 4022215.625000 9425.915039 12 4
4214400.000000 4022215.625000 9169.083008 13 4
4214600.000000 4022215.625000 8912.259766 14 4
4214800.000000 4022215.625000 8655.462891 15 4
4215000.000000 4022215.625000 8398.685547 16 4
4215200.000000 4022215.625000 8141.913574 17 4
4215400.000000 4022215.625000 7885.159668 18 4
4215600.000000 4022215.625000 7628.406738 19 4
4215800.000000 4022215.625000 7371.645996 20 4
4216000.000000 4022215.625000 7114.859863 21 4
4216200.000000 4022215.625000 6858.046387 22 4
4216400.000000 4022215.625000 6601.160156 23 4
4216600.000000 4022215.625000 6344.118652 24 4
4216800.000000 4022215.625000 6086.822754 25 4
4217000.000000 4022215.625000 5829.121094 26 4
4217200.000000 4022215.625000 5570.894043 27 4
4217400.000000 4022215.625000 5311.680664 28 4
4217600.000000 4022215.625000 5052.219727 29 4
4217800.000000 4022215.625000 4793.496582 30 4
4218000.000000 4022215.625000 4535.156738 31 4
4218200.000000 4022215.625000 4279.234375 32 4
4218400.000000 4022215.625000 4025.448242 33 4
4218600.000000 4022215.625000 3773.062012 34 4
4218800.000000 4022215.625000 3521.321777 35 4
4219000.000000 4022215.625000 3269.163330 36 4
4219200.000000 4022215.625000 3014.072266 37 4
4219400.000000 4022215.625000 2755.511719 38 4
4219600.000000 4022215.625000 2492.723633 39 4
4219800.000000 4022215.625000 2226.689941 40 4
4220000.000000 4022215.625000 1960.430420 41 4
4220200.000000 4022215.625000 1697.264893 42 4
4212000.000000 4022587.500000 12192.675781 1 5
4212200.000000 4022587.500000 11935.817383 2 5
4212400.000000 4022587.500000 11678.942383 3 5
4212600.000000 4022587.500000 11422.070313 4 5
4212800.000000 4022587.500000 11165.193359 5 5
4213000.000000 4022587.500000 10908.306641 6 5
4213200.000000 4022587.500000 10651.428711 7 5
4213400.000000 4022587.500000 10395.052734 8 5
4213600.000000 4022587.500000 10138.182617 9 5
4213800.000000 4022587.500000 9881.311523 10 5
4214000.000000 4022587.500000 9624.458008 11 5
4214200.000000 4022587.500000 9367.618164 12 5
4214400.000000 4022587.500000 9110.784180 13 5
4214600.000000 4022587.500000 8853.973633 14 5
4214800.000000 4022587.500000 8597.178711 15 5
4215000.000000 4022587.500000 8340.387695 16 5
4215200.000000 4022587.500000 8083.612305 17 5
4215400.000000 4022587.500000 7826.835449 18 5
4215600.000000 4022587.500000 7570.039551 19 5
4215800.000000 4022587.500000 7313.229980 20 5
4216000.000000 4022587.500000 7056.386230 21 5
4216200.000000 4022587.500000 6799.477539 22 5
4216400.000000 4022587.500000 6542.431152 23 5
4216600.000000 4022587.500000 6285.142090 24 5
4216800.000000 4022587.500000 6027.418945 25 5
4217000.000000 4022587.500000 5769.043945 26 5
4217200.000000 4022587.500000 5509.901367 27 5
4217400.000000 4022587.500000 5249.577148 28 5
4217600.000000 4022587.500000 4989.001465 29 5
4217800.000000 4022587.500000 4728.960449 30 5
4218000.000000 4022587.500000 4470.325195 31 5
4218200.000000 4022587.500000 4214.793457 32 5
4218400.000000 4022587.500000 3962.539063 33 5
4218600.000000 4022587.500000 3712.095215 34 5
4218800.000000 4022587.500000 3462.853271 35 5
4219000.000000 4022587.500000 3212.286377 36 5
4219200.000000 4022587.500000 2957.443115 37 5
4219400.000000 4022587.500000 2696.648682 38 5
4219600.000000 4022587.500000 2429.347168 39 5
4219800.000000 4022587.500000 2157.067383 40 5
4220000.000000 4022587.500000 1883.947876 41 5
4220200.000000 4022587.500000 1615.468872 42 5
4212000.000000 4022959.375000 12134.341797 1 6
4212200.000000 4022959.375000 11877.479492 2 6
4212400.000000 4022959.375000 11620.616211 3 6
4212600.000000 4022959.375000 11363.746094 4 6
4212800.000000 4022959.375000 11106.865234 5 6
4213000.000000 4022959.375000 10849.990234 6 6
4213200.000000 4022959.375000 10593.116211 7 6
4213400.000000 4022959.375000 10336.737305 8 6
4213600.000000 4022959.375000 10079.873047 9 6
4213800.000000 4022959.375000 9823.016602 10 6
4214000.000000 4022959.375000 9566.169922 11 6
4214200.000000 4022959.375000 9309.328125 12 6
4214400.000000 4022959.375000 9052.508789 13 6
4214600.000000 4022959.375000 8795.701172 14 6
4214800.000000 4022959.375000 8538.897461 15 6
4215000.000000 4022959.375000 8282.107422 16 6
4215200.000000 4022959.375000 8025.315430 17 6
4215400.000000 4022959.375000 7768.502930 18 6
4215600.000000 4022959.375000 7511.674805 19 6
4215800.000000 4022959.375000 7254.811035 20 6
4216000.000000 4022959.375000 6997.881836 21 6
4216200.000000 4022959.375000 6740.856934 22 6
4216400.000000 4022959.375000 6483.623047 23 6
4216600.000000 4022959.375000 6225.986816 24 6
4216800.000000 4022959.375000 5967.700684 25 6
4217000.000000 4022959.375000 5708.485840 26 6
4217200.000000 4022959.375000 5448.225098 27 6
4217400.000000 4022959.375000 5186.649902 28 6
4217600.000000 4022959.375000 4924.497070 29 6
4217800.000000 4022959.375000 4663.833496 30 6
4218000.000000 4022959.375000 4405.264648 31 6
4218200.000000 4022959.375000 4150.437012 32 6
4218400.000000 4022959.375000 3899.808105 33 6
4218600.000000 4022959.375000 3652.103027 34 6
4218800.000000 4022959.375000 3405.366943 35 6
4219000.000000 4022959.375000 3156.120117 36 6
4219200.000000 4022959.375000 2899.929688 37 6
4219400.000000 4022959.375000 2635.472168 38 6
4219600.000000 4022959.375000 2360.728271 39 6
4219800.000000 4022959.375000 2078.664307 40 6
4220000.000000 4022959.375000 1796.169922 41 6
4220200.000000 4022959.375000 1519.652710 42 6
4212000.000000 4023331.250000 12076.011719 1 7
4212200.000000 4023331.250000 11819.162109 2 7
4212400.000000 4023331.250000 11562.302734 3 7
4212600.000000 4023331.250000 11305.428711 4 7
4212800.000000 4023331.250000 11048.559570 5 7
4213000.000000 4023331.250000 10791.689453 6 7
4213200.000000 4023331.250000 10534.812500 7 7
4213400.000000 4023331.250000 10278.447266 8 7
4213600.000000 4023331.250000 10021.588867 9 7
4213800.000000 4023331.250000 9764.731445 10 7
4214000.000000 4023331.250000 9507.893555 11 7
4214200.000000 4023331.250000 9251.066406 12 7
4214400.000000 4023331.250000 8994.251953 13 7
4214600.000000 4023331.250000 8737.439453 14 7
4214800.000000 4023331.250000 8480.640625 15 7
4215000.000000 4023331.250000 8223.840820 16 7
4215200.000000 4023331.250000 7967.020020 17 7
4215400.000000 4023331.250000 7710.184570 18 7
4215600.000000 4023331.250000 7453.312012 19 7
4215800.000000 4023331.250000 7196.378906 20 7
4216000.000000 4023331.250000 6939.372070 21 7
4216200.000000 4023331.250000 6682.210938 22 7
4216400.000000 4023331.250000 6424.736328 23 7
4216600.000000 4023331.250000 6166.708008 24 7
4216800.000000 4023331.250000 5908.278809 25 7
4217000.000000 4023331.250000 5648.149902 26 7
4217200.000000 4023331.250000 5386.782227 27 7
4217400.000000 4023331.250000 5123.678711 28 7
4217600.000000 4023331.250000 4860.892578 29 7
4217800.000000 4023331.250000 4599.800781 30 7
4218000.000000 4023331.250000 4341.961914 31 7
4218200.000000 4023331.250000 4088.193359 32 7
4218400.000000 4023331.250000 3839.464844 33 7
4218600.000000 4023331.250000 3593.728271 34 7
4218800.000000 4023331.250000 3348.943115 35 7
4219000.000000 4023331.250000 3100.338623 36 7
4219200.000000 4023331.250000 2841.738770 37 7
4219400.000000 4023331.250000 2569.998779 38 7
4219600.000000 4023331.250000 2284.451416 39 7
4219800.000000 4023331.250000 1989.271240 40 7
4220000.000000 4023331.250000 1693.462891 41 7
4220200.000000 4023331.250000 1404.817017 42 7
4212000.000000 4023703.125000 12017.704102 1 8
4212200.000000 4023703.125000 11760.850586 2 8
4212400.000000 4023703.125000 11503.996094 3 8
4212600.000000 4023703.125000 11247.133789 4 8
4212800.000000 4023703.125000 10990.269531 5 8
4213000.000000 4023703.125000 10733.396484 6 8
4213200.000000 4023703.125000 10476.534180 7 8
4213400.000000 4023703.125000 10220.175781 8 8
4213600.000000 4023703.125000 9963.817383 9 8
4213800.000000 4023703.125000 9706.976563 10 8
4214000.000000 4023703.125000 9450.146484 11 8
4214200.000000 4023703.125000 9193.318359 12 8
4214400.000000 4023703.125000 8936.010742 13 8
4214600.000000 4023703.125000 8679.208008 14 8
4214800.000000 4023703.125000 8422.396484 15 8
4215000.000000 4023703.125000 8165.584961 16 8
4215200.000000 4023703.125000 7908.751465 17 8
4215400.000000 4023703.125000 7651.881836 18 8
4215600.000000 4023703.125000 7394.954590 19 8
4215800.000000 4023703.125000 7137.967773 20 8
4216000.000000 4023703.125000 6880.872070 21 8
4216200.000000 4023703.125000 6623.562012 22 8
4216400.000000 4023703.125000 6365.857422 23 8
4216600.000000 4023703.125000 6107.932129 24 8
4216800.000000 4023703.125000 5848.894043 25 8
4217000.000000 4023703.125000 5587.994629 26 8
4217200.000000 4023703.125000 5325.874512 27 8
4217400.000000 4023703.125000 5062.354004 28 8
4217600.000000 4023703.125000 4799.382813 29 8
4217800.000000 4023703.125000 4539.413574 30 8
4218000.000000 4023703.125000 4283.141602 31 8
4218200.000000 4023703.125000 4031.028564 32 8
4218400.000000 4023703.125000 3783.333496 33 8
4218600.000000 4023703.125000 3538.063965 34 8
4218800.000000 4023703.125000 3293.452881 35 8
4219000.000000 4023703.125000 3045.363525 36 8
4219200.000000 4023703.125000 2783.439941 37 8
4219400.000000 4023703.125000 2502.267090 38 8
4219600.000000 4023703.125000 2200.544922 39 8
4219800.000000 4023703.125000 1885.159790 40 8
4220000.000000 4023703.125000 1572.152222 41 8
4220200.000000 4023703.125000 1268.498535 42 8
4212000.000000 4024075.000000 11959.402344 1 9
4212200.000000 4024075.000000 11702.562500 2 9
4212400.000000 4024075.000000 11445.712891 3 9
4212600.000000 4024075.000000 11188.856445 4 9
4212800.000000 4024075.000000 10931.989258 5 9
4213000.000000 4024075.000000 10675.130859 6 9
4213200.000000 4024075.000000 10418.775391 7 9
4213400.000000 4024075.000000 10161.917969 8 9
4213600.000000 4024075.000000 9905.576172 9 9
4213800.000000 4024075.000000 9648.745117 10 9
4214000.000000 4024075.000000 9391.916016 11 9
4214200.000000 4024075.000000 9135.105469 12 9
4214400.000000 4024075.000000 8877.803711 13 9
4214600.000000 4024075.000000 8620.995117 14 9
4214800.000000 4024075.000000 8364.189453 15 9
4215000.000000 4024075.000000 8107.366211 16 9
4215200.000000 4024075.000000 7850.502930 17 9
4215400.000000 4024075.000000 7593.601563 18 9
4215600.000000 4024075.000000 7336.639160 19 9
4215800.000000 4024075.000000 7079.586914 20 9
4216000.000000 4024075.000000 6822.413086 21 9
4216200.000000 4024075.000000 6564.992676 22 9
4216400.000000 4024075.000000 6307.595215 23 9
4216600.000000 4024075.000000 6049.360840 24 9
4216800.000000 4024075.000000 5789.426758 25 9
4217000.000000 4024075.000000 5528.623047 26 9
4217200.000000 4024075.000000 5266.368164 27 9
4217400.000000 4024075.000000 5002.867188 28 9
4217600.000000 4024075.000000 4740.848633 29 9
4217800.000000 4024075.000000 4482.618652 30 9
4218000.000000 4024075.000000 4227.956055 31 9
4218200.000000 4024075.000000 3976.981934 32 9
4218400.000000 4024075.000000 3727.560791 33 9
4218600.000000 4024075.000000 3479.998779 34 9
4218800.000000 4024075.000000 3235.197021 35 9
4219000.000000 4024075.000000 2989.244629 36 9
4219200.000000 4024075.000000 2726.123291 37 9
4219400.000000 4024075.000000 2434.190918 38 9
4219600.000000 4024075.000000 2108.195801 39 9
4219800.000000 4024075.000000 1765.491089 40 9
4220000.000000 4024075.000000 1432.010742 41 9
4220200.000000 4024075.000000 1111.397339 42 9
4212000.000000 4024446.875000 11901.124023 1 10
4212200.000000 4024446.875000 11644.290039 2 10
4212400.000000 4024446.875000 11387.437500 3 10
4212600.000000 4024446.875000 11130.586914 4 10
4212800.000000 4024446.875000 10873.734375 5 10
4213000.000000 4024446.875000 10616.875977 6 10
4213200.000000 4024446.875000 10360.529297 7 10
4213400.000000 4024446.875000 10103.690430 8 10
4213600.000000 4024446.875000 9847.359375 9 10
4213800.000000 4024446.875000 9590.531250 10 10
4214000.000000 4024446.875000 9333.721680 11 10
4214200.000000 4024446.875000 9076.921875 12 10
4214400.000000 4024446.875000 8819.620117 13 10
4214600.000000 4024446.875000 8562.824219 14 10
4214800.000000 4024446.875000 8306.017578 15 10
4215000.000000 4024446.875000 8049.177246 16 10
4215200.000000 4024446.875000 7792.304688 17 10
4215400.000000 4024446.875000 7535.377441 18 10
4215600.000000 4024446.875000 7278.372070 19 10
4215800.000000 4024446.875000 7021.286621 20 10
4216000.000000 4024446.875000 6764.061523 21 10
4216200.000000 4024446.875000 6506.565918 22 10
4216400.000000 4024446.875000 6249.073730 23 10
4216600.000000 4024446.875000 5990.727051 24 10
4216800.000000 4024446.875000 5731.199219 25 10
4217000.000000 4024446.875000 5470.483398 26 10
4217200.000000 4024446.875000 5208.810059 27 10
4217400.000000 4024446.875000 4946.230957 28 10
4217600.000000 4024446.875000 4685.592773 29 10
4217800.000000 4024446.875000 4428.750488 30 10
4218000.000000 4024446.875000 4174.711914 31 10
4218200.000000 4024446.875000 3922.254639 32 10
4218400.000000 4024446.875000 3667.549561 33 10
4218600.000000 4024446.875000 3413.592041 34 10
4218800.000000 4024446.875000 3167.752441 35 10
4219000.000000 4024446.875000 2929.638184 36 10
4219200.000000 4024446.875000 2668.552246 37 10
4219400.000000 4024446.875000 2362.202393 38 10
4219600.000000 4024446.875000 2006.238770 39 10
4219800.000000 4024446.875000 1633.987915 40 10
4220000.000000 4024446.875000 1279.810181 41 10
4220200.000000 4024446.875000 942.640991 42 10
4212000.000000 4024818.750000 11842.861328 1 11
4212200.000000 4024818.750000 11586.024414 2 11
4212400.000000 4024818.750000 11329.186523 3 11
4212600.000000 4024818.750000 11072.343750 4 11
4212800.000000 4024818.750000 10815.491211 5 11
4213000.000000 4024818.750000 10559.149414 6 11
4213200.000000 4024818.750000 10302.313477 7 11
4213400.000000 4024818.750000 10045.486328 8 11
4213600.000000 4024818.750000 9789.160156 9 11
4213800.000000 4024818.750000 9532.353516 10 11
4214000.000000 4024818.750000 9275.558594 11 11
4214200.000000 4024818.750000 9018.762695 12 11
4214400.000000 4024818.750000 8761.480469 13 11
4214600.000000 4024818.750000 8504.692383 14 11
4214800.000000 4024818.750000 8247.880859 15 11
4215000.000000 4024818.750000 7991.045410 16 11
4215200.000000 4024818.750000 7734.163086 17 11
4215400.000000 4024818.750000 7477.210938 18 11
4215600.000000 4024818.750000 7220.194336 19 11
4215800.000000 4024818.750000 6963.089844 20 11
4216000.000000 4024818.750000 6705.845703 21 11
4216200.000000 4024818.750000 6448.861328 22 11
4216400.000000 4024818.750000 6191.401855 23 11
4216600.000000 4024818.750000 5933.151855 24 11
4216800.000000 4024818.750000 5674.368164 25 11
4217000.000000 4024818.750000 5414.212402 26 11
4217200.000000 4024818.750000 5153.155273 27 11
4217400.000000 4024818.750000 4891.457031 28 11
4217600.000000 4024818.750000 4632.459961 29 11
4217800.000000 4024818.750000 4376.974121 30 11
4218000.000000 4024818.750000 4122.732422 31 11
4218200.000000 4024818.750000 3866.489502 32 11
4218400.000000 4024818.750000 3603.405029 33 11
4218600.000000 4024818.750000 3337.011230 34 11
4218800.000000 4024818.750000 3087.364014 35 11
4219000.000000 4024818.750000 2868.920166 36 11
4219200.000000 4024818.750000 2617.010498 37 11
4219400.000000 4024818.750000 2296.129395 38 11
4219600.000000 4024818.750000 1904.289551 39 11
4219800.000000 4024818.750000 1503.979858 40 11
4220000.000000 4024818.750000 1130.781250 41 11
4220200.000000 4024818.750000 779.997131 42 11
4212000.000000 4025190.625000 11785.104492 1 12
4212200.000000 4025190.625000 11528.283203 2 12
4212400.000000 4025190.625000 11271.453125 3 12
4212600.000000 4025190.625000 11014.609375 4 12
4212800.000000 4025190.625000 10757.775391 5 12
4213000.000000 4025190.625000 10500.945313 6 12
4213200.000000 4025190.625000 10244.113281 7 12
4213400.000000 4025190.625000 9987.299805 8 12
4213600.000000 4025190.625000 9730.997070 9 12
4213800.000000 4025190.625000 9474.207031 10 12
4214000.000000 4025190.625000 9217.419922 11 12
4214200.000000 4025190.625000 8960.649414 12 12
4214400.000000 4025190.625000 8703.373047 13 12
4214600.000000 4025190.625000 8446.598633 14 12
4214800.000000 4025190.625000 8189.803711 15 12
4215000.000000 4025190.625000 7932.973633 16 12
4215200.000000 4025190.625000 7676.083008 17 12
4215400.000000 4025190.625000 7419.135742 18 12
4215600.000000 4025190.625000 7162.116699 19 12
4215800.000000 4025190.625000 6905.010742 20 12
4216000.000000 4025190.625000 6647.803711 21 12
4216200.000000 4025190.625000 6390.892578 22 12
4216400.000000 4025190.625000 6133.577637 23 12
4216600.000000 4025190.625000 5876.114258 24 12
4216800.000000 4025190.625000 5617.838867 25 12
4217000.000000 4025190.625000 5358.529297 26 12
4217200.000000 4025190.625000 5098.229980 27 12
4217400.000000 4025190.625000 4837.750977 28 12
4217600.000000 4025190.625000 4579.792480 29 12
4217800.000000 4025190.625000 4324.907715 30 12
4218000.000000 4025190.625000 4070.389893 31 12
4218200.000000 4025190.625000 3811.283447 32 12
4218400.000000 4025190.625000 3540.974609 33 12
4218600.000000 4025190.625000 3258.676025 34 12
4218800.000000 4025190.625000 3010.135010 35 12
4219000.000000 4025190.625000 2807.649170 36 12
4219200.000000 4025190.625000 2568.024902 37 12
4219400.000000 4025190.625000 2232.208984 38 12
4219600.000000 4025190.625000 1813.221802 39 12
4219800.000000 4025190.625000 1390.479980 40 12
4220000.000000 4025190.625000 1005.703918 41 12
4220200.000000 4025190.625000 645.209106 42 12
4212000.000000 4025562.500000 11726.873047 1 13
4212200.000000 4025562.500000 11470.058594 2 13
4212400.000000 4025562.500000 11213.228516 3 13
4212600.000000 4025562.500000 10956.403320 4 13
4212800.000000 4025562.500000 10699.579102 5 13
4213000.000000 4025562.500000 10442.753906 6 13
4213200.000000 4025562.500000 10185.945313 7 13
4213400.000000 4025562.500000 9929.147461 8 13
4213600.000000 4025562.500000 9672.854492 9 13
4213800.000000 4025562.500000 9416.083008 10 13
4214000.000000 4025562.500000 9159.324219 11 13
4214200.000000 4025562.500000 8902.566406 12 13
4214400.000000 4025562.500000 8645.320313 13 13
4214600.000000 4025562.500000 8388.564453 14 13
4214800.000000 4025562.500000 8131.778809 15 13
4215000.000000 4025562.500000 7874.962891 16 13
4215200.000000 4025562.500000 7618.092285 17 13
4215400.000000 4025562.500000 7361.155273 18 13
4215600.000000 4025562.500000 7104.141602 19 13
4215800.000000 4025562.500000 6846.570313 20 13
4216000.000000 4025562.500000 6589.411133 21 13
4216200.000000 4025562.500000 6332.618164 22 13
4216400.000000 4025562.500000 6076.038574 23 13
4216600.000000 4025562.500000 5819.476563 24 13
4216800.000000 4025562.500000 5561.835938 25 13
4217000.000000 4025562.500000 5303.403320 26 13
4217200.000000 4025562.500000 5044.115723 27 13
4217400.000000 4025562.500000 4784.031250 28 13
4217600.000000 4025562.500000 4525.637695 29 13
4217800.000000 4025562.500000 4269.694336 30 13
4218000.000000 4025562.500000 4015.692139 31 13
4218200.000000 4025562.500000 3759.946289 32 13
4218400.000000 4025562.500000 3495.574951 33 13
4218600.000000 4025562.500000 3209.964844 34 13
4218800.000000 4025562.500000 2968.997803 35 13
4219000.000000 4025562.500000 2743.104492 36 13
4219200.000000 4025562.500000 2478.635498 37 13
4219400.000000 4025562.500000 2129.630859 38 13
4219600.000000 4025562.500000 1713.007813 39 13
4219800.000000 4025562.500000 1298.658325 40 13
4220000.000000 4025562.500000 916.540588 41 13
4220200.000000 4025562.500000 555.906616 42 13
4212000.000000 4025934.375000 11668.647461 1 14
4212200.000000 4025934.375000 11411.841797 2 14
4212400.000000 4025934.375000 11155.029297 3 14
4212600.000000 4025934.375000 10898.214844 4 14
4212800.000000 4025934.375000 10641.395508 5 14
4213000.000000 4025934.375000 10384.592773 6 14
4213200.000000 4025934.375000 10127.800781 7 14
4213400.000000 4025934.375000 9871.013672 8 14
4213600.000000 4025934.375000 9614.750000 9 14
4213800.000000 4025934.375000 9358.001953 10 14
4214000.000000 4025934.375000 9101.259766 11 14
4214200.000000 4025934.375000 8844.536133 12 14
4214400.000000 4025934.375000 8587.315430 13 14
4214600.000000 4025934.375000 8330.579102 14 14
4214800.000000 4025934.375000 8073.828125 15 14
4215000.000000 4025934.375000 7817.037109 16 14
4215200.000000 4025934.375000 7560.181152 17 14
4215400.000000 4025934.375000 7303.266602 18 14
4215600.000000 4025934.375000 7045.784668 19 14
4215800.000000 4025934.375000 6788.237305 20 14
4216000.000000 4025934.375000 6531.145508 21 14
4216200.000000 4025934.375000 6274.973145 22 14
4216400.000000 4025934.375000 6019.131836 23 14
4216600.000000 4025934.375000 5762.986816 24 14
4216800.000000 4025934.375000 5505.958496 25 14
4217000.000000 4025934.375000 5248.258789 26 14
4217200.000000 4025934.375000 4989.515625 27 14
4217400.000000 4025934.375000 4729.218750 28 14
4217600.000000 4025934.375000 4468.793945 29 14
4217800.000000 4025934.375000 4210.099609 30 14
4218000.000000 4025934.375000 3955.681641 31 14
4218200.000000 4025934.375000 3707.892334 32 14
4218400.000000 4025934.375000 3456.647217 33 14
4218600.000000 4025934.375000 3172.659668 34 14
4218800.000000 4025934.375000 2935.723877 35 14
4219000.000000 4025934.375000 2687.131592 36 14
4219200.000000 4025934.375000 2406.320801 37 14
4219400.000000 4025934.375000 2061.720703 38 14
4219600.000000 4025934.375000 1652.461426 39 14
4219800.000000 4025934.375000 1245.493164 40 14
4220000.000000 4025934.375000 873.783691 41 14
4220200.000000 4025934.375000 520.427490 42 14
4212000.000000 4026306.250000 11610.445313 1 15
4212200.000000 4026306.250000 11353.648438 2 15
4212400.000000 4026306.250000 11096.837891 3 15
4212600.000000 4026306.250000 10840.036133 4 15
4212800.000000 4026306.250000 10583.240234 5 15
4213000.000000 4026306.250000 10326.445313 6 15
4213200.000000 4026306.250000 10069.672852 7 15
4213400.000000 4026306.250000 9812.916016 8 15
4213600.000000 4026306.250000 9556.676758 9 15
4213800.000000 4026306.250000 9299.947266 10 15
4214000.000000 4026306.250000 9043.242188 11 15
4214200.000000 4026306.250000 8786.550781 12 15
4214400.000000 4026306.250000 8529.356445 13 15
4214600.000000 4026306.250000 8272.663086 14 15
4214800.000000 4026306.250000 8015.948242 15 15
4215000.000000 4026306.250000 7759.184570 16 15
4215200.000000 4026306.250000 7502.370605 17 15
4215400.000000 4026306.250000 7245.485352 18 15
4215600.000000 4026306.250000 6988.019531 19 15
4215800.000000 4026306.250000 6730.502441 20 15
4216000.000000 4026306.250000 6473.445313 21 15
4216200.000000 4026306.250000 6216.844238 22 15
4216400.000000 4026306.250000 5961.678711 23 15
4216600.000000 4026306.250000 5706.362305 24 15
4216800.000000 4026306.250000 5450.333008 25 15
4217000.000000 4026306.250000 5193.156250 26 15
4217200.000000 4026306.250000 4934.578613 27 15
4217400.000000 4026306.250000 4672.845215 28 15
4217600.000000 4026306.250000 4408.849121 29 15
4217800.000000 4026306.250000 4144.839355 30 15
4218000.000000 4026306.250000 3882.682861 31 15
4218200.000000 4026306.250000 3626.768066 32 15
4218400.000000 4026306.250000 3386.208008 33 15
4218600.000000 4026306.250000 3139.077881 34 15
4218800.000000 4026306.250000 2922.192383 35 15
4219000.000000 4026306.250000 2647.788330 36 15
4219200.000000 4026306.250000 2321.450439 37 15
4219400.000000 4026306.250000 1971.015137 38 15
4219600.000000 4026306.250000 1593.845947 39 15
4219800.000000 4026306.250000 1221.347290 40 15
4220000.000000 4026306.250000 871.726868 41 15
4220200.000000 4026306.250000 533.141235 42 15
4212000.000000 4026678.125000 11552.255859 1 16
4212200.000000 4026678.125000 11295.461914 2 16
4212400.000000 4026678.125000 11038.671875 3 16
4212600.000000 4026678.125000 10781.883789 4 16
4212800.000000 4026678.125000 10525.095703 5 16
4213000.000000 4026678.125000 10268.328125 6 16
4213200.000000 4026678.125000 10011.577148 7 16
4213400.000000 4026678.125000 9755.336914 8 16
4213600.000000 4026678.125000 9498.625977 9 16
4213800.000000 4026678.125000 9241.936523 10 16
4214000.000000 4026678.125000 8984.767578 11 16
4214200.000000 4026678.125000 8728.105469 12 16
4214400.000000 4026678.125000 8471.459961 13 16
4214600.000000 4026678.125000 8214.810547 14 16
4214800.000000 4026678.125000 7958.632324 15 16
4215000.000000 4026678.125000 7701.922363 16 16
4215200.000000 4026678.125000 7444.651367 17 16
4215400.000000 4026678.125000 7187.791016 18 16
4215600.000000 4026678.125000 6930.352051 19 16
4215800.000000 4026678.125000 6672.826172 20 16
4216000.000000 4026678.125000 6415.754395 21 16
4216200.000000 4026678.125000 6159.156250 22 16
4216400.000000 4026678.125000 5904.036133 23 16
4216600.000000 4026678.125000 5649.360840 24 16
4216800.000000 4026678.125000 5394.086914 25 16
4217000.000000 4026678.125000 5138.217773 26 16
4217200.000000 4026678.125000 4879.777832 27 16
4217400.000000 4026678.125000 4616.077148 28 16
4217600.000000 4026678.125000 4348.714844 29 16
4217800.000000 4026678.125000 4079.921631 30 16
4218000.000000 4026678.125000 3812.912598 31 16
4218200.000000 4026678.125000 3559.767090 32 16
4218400.000000 4026678.125000 3327.684570 33 16
4218600.000000 4026678.125000 3071.686523 34 16
4218800.000000 4026678.125000 2821.180420 35 16
4219000.000000 4026678.125000 2542.020020 36 16
4219200.000000 4026678.125000 2240.941650 37 16
4219400.000000 4026678.125000 1915.122314 38 16
4219600.000000 4026678.125000 1570.734985 39 16
4219800.000000 4026678.125000 1228.329834 40 16
4220000.000000 4026678.125000 900.550964 41 16
4220200.000000 4026678.125000 581.179504 42 16
4212000.000000 4027050.000000 11494.072266 1 17
4212200.000000 4027050.000000 11237.296875 2 17
4212400.000000 4027050.000000 10980.519531 3 17
4212600.000000 4027050.000000 10723.739258 4 17
4212800.000000 4027050.000000 10467.476563 5 17
4213000.000000 4027050.000000 10210.731445 6 17
4213200.000000 4027050.000000 9953.997070 7 17
4213400.000000 4027050.000000 9697.293945 8 17
4213600.000000 4027050.000000 9440.615234 9 17
4213800.000000 4027050.000000 9183.953125 10 17
4214000.000000 4027050.000000 8926.824219 11 17
4214200.000000 4027050.000000 8670.214844 12 17
4214400.000000 4027050.000000 8413.609375 13 17
4214600.000000 4027050.000000 8157.013184 14 17
4214800.000000 4027050.000000 7900.898438 15 17
4215000.000000 4027050.000000 7644.243164 16 17
4215200.000000 4027050.000000 7387.012695 17 17
4215400.000000 4027050.000000 7130.196289 18 17
4215600.000000 4027050.000000 6872.757324 19 17
4215800.000000 4027050.000000 6615.209473 20 17
4216000.000000 4027050.000000 6357.562012 21 17
4216200.000000 4027050.000000 6101.337891 22 17
4216400.000000 4027050.000000 5846.582031 23 17
4216600.000000 4027050.000000 5592.760742 24 17
4216800.000000 4027050.000000 5338.379395 25 17
4217000.000000 4027050.000000 5083.017578 26 17
4217200.000000 4027050.000000 4823.838867 27 17
4217400.000000 4027050.000000 4558.346191 28 17
4217600.000000 4027050.000000 4288.305664 29 17
4217800.000000 4027050.000000 4019.072754 30 17
4218000.000000 4027050.000000 3757.367920 31 17
4218200.000000 4027050.000000 3516.605469 32 17
4218400.000000 4027050.000000 3312.416992 33 17
4218600.000000 4027050.000000 3082.344971 34 17
4218800.000000 4027050.000000 2840.552002 35 17
4219000.000000 4027050.000000 2549.180908 36 17
4219200.000000 4027050.000000 2228.333740 37 17
4219400.000000 4027050.000000 1897.376831 38 17
4219600.000000 4027050.000000 1568.459839 39 17
4219800.000000 4027050.000000 1248.585205 40 17
4220000.000000 4027050.000000 942.259583 41 17
4220200.000000 4027050.000000 644.853699 42 17
4212000.000000 4027421.875000 11435.908203 1 18
4212200.000000 4027421.875000 11179.135742 2 18
4212400.000000 4027421.875000 10922.373047 3 18
4212600.000000 4027421.875000 10665.617188 4 18
4212800.000000 4027421.875000 10409.375977 5 18
4213000.000000 4027421.875000 10152.645508 6 18
4213200.000000 4027421.875000 9895.947266 7 18
4213400.000000 4027421.875000 9639.275391 8 18
4213600.000000 4027421.875000 9382.625000 9 18
4213800.000000 4027421.875000 9126.011719 10 18
4214000.000000 4027421.875000 8869.427734 11 18
4214200.000000 4027421.875000 8612.861328 12 18
4214400.000000 4027421.875000 8356.320313 13 18
4214600.000000 4027421.875000 8099.785156 14 18
4214800.000000 4027421.875000 7843.226074 15 18
4215000.000000 4027421.875000 7586.634766 16 18
4215200.000000 4027421.875000 7329.469238 17 18
4215400.000000 4027421.875000 7072.682129 18 18
4215600.000000 4027421.875000 6815.253418 19 18
4215800.000000 4027421.875000 6557.649414 20 18
4216000.000000 4027421.875000 6300.357422 21 18
4216200.000000 4027421.875000 6043.905273 22 18
4216400.000000 4027421.875000 5788.783203 23 18
4216600.000000 4027421.875000 5534.470703 24 18
4216800.000000 4027421.875000 5280.507813 25 18
4217000.000000 4027421.875000 5025.136719 26 18
4217200.000000 4027421.875000 4765.452637 27 18
4217400.000000 4027421.875000 4497.670898 28 18
4217600.000000 4027421.875000 4224.990234 29 18
4217800.000000 4027421.875000 3955.938232 30 18
4218000.000000 4027421.875000 3699.284180 31 18
4218200.000000 4027421.875000 3460.741211 32 18
4218400.000000 4027421.875000 3246.611084 33 18
4218600.000000 4027421.875000 2996.604980 34 18
4218800.000000 4027421.875000 2756.938721 35 18
4219000.000000 4027421.875000 2501.630615 36 18
4219200.000000 4027421.875000 2189.180664 37 18
4219400.000000 4027421.875000 1870.013428 38 18
4219600.000000 4027421.875000 1560.205811 39 18
4219800.000000 4027421.875000 1263.840454 40 18
4220000.000000 4027421.875000 980.334412 41 18
4220200.000000 4027421.875000 707.913574 42 18
4212000.000000 4027793.750000 11377.744141 1 19
4212200.000000 4027793.750000 11120.994141 2 19
4212400.000000 4027793.750000 10864.246094 3 19
4212600.000000 4027793.750000 10607.500977 4 19
4212800.000000 4027793.750000 10351.281250 5 19
4213000.000000 4027793.750000 10094.585938 6 19
4213200.000000 4027793.750000 9837.917969 7 19
4213400.000000 4027793.750000 9581.273438 8 19
4213600.000000 4027793.750000 9324.669922 9 19
4213800.000000 4027793.750000 9068.102539 10 19
4214000.000000 4027793.750000 8811.561523 11 19
4214200.000000 4027793.750000 8555.060547 12 19
4214400.000000 4027793.750000 8298.583008 13 19
4214600.000000 4027793.750000 8042.107422 14 19
4214800.000000 4027793.750000 7785.629883 15 19
4215000.000000 4027793.750000 7529.111328 16 19
4215200.000000 4027793.750000 7272.502441 17 19
4215400.000000 4027793.750000 7015.269043 18 19
4215600.000000 4027793.750000 6757.843750 19 19
4215800.000000 4027793.750000 6500.664063 20 19
4216000.000000 4027793.750000 6243.208008 21 19
4216200.000000 4027793.750000 5986.431641 22 19
4216400.000000 4027793.750000 5730.276367 23 19
4216600.000000 4027793.750000 5475.665039 24 19
4216800.000000 4027793.750000 5220.632324 25 19
4217000.000000 4027793.750000 4964.104004 26 19
4217200.000000 4027793.750000 4704.574219 27 19
4217400.000000 4027793.750000 4434.456055 28 19
4217600.000000 4027793.750000 4158.214355 29 19
4217800.000000 4027793.750000 3884.598145 30 19
4218000.000000 4027793.750000 3613.545166 31 19
4218200.000000 4027793.750000 3341.484863 32 19
4218400.000000 4027793.750000 3089.381104 33 19
4218600.000000 4027793.750000 2802.249268 34 19
4218800.000000 4027793.750000 2575.246826 35 19
4219000.000000 4027793.750000 2390.122559 36 19
4219200.000000 4027793.750000 2112.842041 37 19
4219400.000000 4027793.750000 1814.549438 38 19
4219600.000000 4027793.750000 1531.424561 39 19
4219800.000000 4027793.750000 1262.593262 40 19
4220000.000000 4027793.750000 1004.903442 41 19
4220200.000000 4027793.750000 758.169678 42 19
4212000.000000 4028165.625000 11319.596680 1 20
4212200.000000 4028165.625000 11062.859375 2 20
4212400.000000 4028165.625000 10806.120117 3 20
4212600.000000 4028165.625000 10549.403320 4 20
4212800.000000 4028165.625000 10293.207031 5 20
4213000.000000 4028165.625000 10036.532227 6 20
4213200.000000 4028165.625000 9779.897461 7 20
4213400.000000 4028165.625000 9523.299805 8 20
4213600.000000 4028165.625000 9266.740234 9 20
4213800.000000 4028165.625000 9010.213867 10 20
4214000.000000 4028165.625000 8753.737305 11 20
4214200.000000 4028165.625000 8497.297852 12 20
4214400.000000 4028165.625000 8240.881836 13 20
4214600.000000 4028165.625000 7984.491699 14 20
4214800.000000 4028165.625000 7728.095703 15 20
4215000.000000 4028165.625000 7471.652344 16 20
4215200.000000 4028165.625000 7215.129883 17 20
4215400.000000 4028165.625000 6958.455566 18 20
4215600.000000 4028165.625000 6701.042480 19 20
4215800.000000 4028165.625000 6443.821777 20 20
4216000.000000 4028165.625000 6186.202637 21 20
4216200.000000 4028165.625000 5928.582031 22 20
4216400.000000 4028165.625000 5671.842285 23 20
4216600.000000 4028165.625000 5415.328613 24 20
4216800.000000 4028165.625000 5159.012207 25 20
4217000.000000 4028165.625000 4900.871094 26 20
4217200.000000 4028165.625000 4639.599609 27 20
4217400.000000 4028165.625000 4367.827148 28 20
4217600.000000 4028165.625000 4088.854004 29 20
4217800.000000 4028165.625000 3809.826660 30 20
4218000.000000 4028165.625000 3533.394287 31 20
4218200.000000 4028165.625000 3266.806885 32 20
4218400.000000 4028165.625000 2999.481201 33 20
4218600.000000 4028165.625000 2624.788818 34 20
4218800.000000 4028165.625000 2347.556152 35 20
4219000.000000 4028165.625000 2188.326904 36 20
4219200.000000 4028165.625000 1974.232422 37 20
4219400.000000 4028165.625000 1729.288940 38 20
4219600.000000 4028165.625000 1483.188354 39 20
4219800.000000 4028165.625000 1244.204712 40 20
4220000.000000 4028165.625000 1012.094116 41 20
4220200.000000 4028165.625000 789.262756 42 20
4212000.000000 4028537.500000 11261.454102 1 21
4212200.000000 4028537.500000 11004.721680 2 21
4212400.000000 4028537.500000 10748.007813 3 21
4212600.000000 4028537.500000 10491.312500 4 21
4212800.000000 4028537.500000 10235.134766 5 21
4213000.000000 4028537.500000 9978.499023 6 21
4213200.000000 4028537.500000 9721.899414 7 21
4213400.000000 4028537.500000 9465.333984 8 21
4213600.000000 4028537.500000 9208.822266 9 21
4213800.000000 4028537.500000 8952.357422 10 21
4214000.000000 4028537.500000 8695.941406 11 21
4214200.000000 4028537.500000 8439.561523 12 21
4214400.000000 4028537.500000 8183.229492 13 21
4214600.000000 4028537.500000 7926.922852 14 21
4214800.000000 4028537.500000 7670.609375 15 21
4215000.000000 4028537.500000 7414.270020 16 21
4215200.000000 4028537.500000 7157.842773 17 21
4215400.000000 4028537.500000 6901.245117 18 21
4215600.000000 4028537.500000 6644.396973 19 21
4215800.000000 4028537.500000 6387.179688 20 21
4216000.000000 4028537.500000 6129.461914 21 21
4216200.000000 4028537.500000 5871.612793 22 21
4216400.000000 4028537.500000 5613.429688 23 21
4216600.000000 4028537.500000 5355.188965 24 21
4216800.000000 4028537.500000 5096.312500 25 21
4217000.000000 4028537.500000 4836.206543 26 21
4217200.000000 4028537.500000 4573.545898 27 21
4217400.000000 4028537.500000 4303.027832 28 21
4217600.000000 4028537.500000 4027.310303 29 21
4217800.000000 4028537.500000 3753.890625 30 21
4218000.000000 4028537.500000 3484.857422 31 21
4218200.000000 4028537.500000 3234.952148 32 21
4218400.000000 4028537.500000 3029.090576 33 21
4218600.000000 4028537.500000 2676.793945 34 21
4218800.000000 4028537.500000 2351.633057 35 21
4219000.000000 4028537.500000 2107.481201 36 21
4219200.000000 4028537.500000 1877.714355 37 21
4219400.000000 4028537.500000 1653.645874 38 21
4219600.000000 4028537.500000 1432.902344 39 21
4219800.000000 4028537.500000 1216.423218 40 21
4220000.000000 4028537.500000 1004.301636 41 21
4220200.000000 4028537.500000 800.000671 42 21
4212000.000000 4028909.375000 11203.304688 1 22
4212200.000000 4028909.375000 10946.595703 2 22
4212400.000000 4028909.375000 10689.900391 3 22
4212600.000000 4028909.375000 10433.218750 4 22
4212800.000000 4028909.375000 10176.577148 5 22
4213000.000000 4028909.375000 9920.472656 6 22
4213200.000000 4028909.375000 9663.903320 7 22
4213400.000000 4028909.375000 9407.389648 8 22
4213600.000000 4028909.375000 9150.927734 9 22
4213800.000000 4028909.375000 8894.511719 10 22
4214000.000000 4028909.375000 8638.159180 11 22
4214200.000000 4028909.375000 8381.860352 12 22
4214400.000000 4028909.375000 8125.600586 13 22
4214600.000000 4028909.375000 7869.384277 14 22
4214800.000000 4028909.375000 7613.179199 15 22
4215000.000000 4028909.375000 7356.941406 16 22
4215200.000000 4028909.375000 7100.631348 17 22
4215400.000000 4028909.375000 6844.660645 18 22
4215600.000000 4028909.375000 6588.425293 19 22
4215800.000000 4028909.375000 6331.290527 20 22
4216000.000000 4028909.375000 6073.627930 21 22
4216200.000000 4028909.375000 5815.255859 22 22
4216400.000000 4028909.375000 5555.446777 23 22
4216600.000000 4028909.375000 5294.964844 24 22
4216800.000000 4028909.375000 5033.145508 25 22
4217000.000000 4028909.375000 4771.189453 26 22
4217200.000000 4028909.375000 4508.448730 27 22
4217400.000000 4028909.375000 4242.115234 28 22
4217600.000000 4028909.375000 3976.709961 29 22
4217800.000000 4028909.375000 3720.775635 30 22
4218000.000000 4028909.375000 3472.134033 31 22
4218200.000000 4028909.375000 3233.966064 32 22
4218400.000000 4028909.375000 3045.166504 33 22
4218600.000000 4028909.375000 2711.016357 34 22
4218800.000000 4028909.375000 2340.990234 35 22
4219000.000000 4028909.375000 2044.341064 36 22
4219200.000000 4028909.375000 1803.493408 37 22
4219400.000000 4028909.375000 1589.751221 38 22
4219600.000000 4028909.375000 1385.081665 39 22
4219800.000000 4028909.375000 1183.587402 40 22
4220000.000000 4028909.375000 984.203735 41 22
4220200.000000 4028909.375000 791.865356 42 22
4212000.000000 4029281.250000 11145.162109 1 23
4212200.000000 4029281.250000 10888.459961 2 23
4212400.000000 4029281.250000 10631.783203 3 23
4212600.000000 4029281.250000 10375.133789 4 23
4212800.000000 4029281.250000 10118.511719 5 23
4213000.000000 4029281.250000 9861.942383 6 23
4213200.000000 4029281.250000 9605.919922 7 23
4213400.000000 4029281.250000 9349.452148 8 23
4213600.000000 4029281.250000 9093.034180 9 23
4213800.000000 4029281.250000 8836.685547 10 23
4214000.000000 4029281.250000 8580.399414 11 23
4214200.000000 4029281.250000 8324.167969 12 23
4214400.000000 4029281.250000 8068.002930 13 23
4214600.000000 4029281.250000 7811.882813 14 23
4214800.000000 4029281.250000 7555.279785 15 23
4215000.000000 4029281.250000 7299.173828 16 23
4215200.000000 4029281.250000 7043.503418 17 23
4215400.000000 4029281.250000 6787.692383 18 23
4215600.000000 4029281.250000 6532.128418 19 23
4215800.000000 4029281.250000 6276.204102 20 23
4216000.000000 4029281.250000 6018.767578 21 23
4216200.000000 4029281.250000 5759.645996 22 23
4216400.000000 4029281.250000 5498.161133 23 23
4216600.000000 4029281.250000 5235.060059 24 23
4216800.000000 4029281.250000 4970.604004 25 23
4217000.000000 4029281.250000 4707.115723 26 23
4217200.000000 4029281.250000 4444.583984 27 23
4217400.000000 4029281.250000 4183.473145 28 23
4217600.000000 4029281.250000 3924.670410 29 23
4217800.000000 4029281.250000 3671.676758 30 23
4218000.000000 4029281.250000 3427.700439 31 23
4218200.000000 4029281.250000 3192.105469 32 23
4218400.000000 4029281.250000 2947.307129 33 23
4218600.000000 4029281.250000 2583.823486 34 23
4218800.000000 4029281.250000 2225.146729 35 23
4219000.000000 4029281.250000 1956.174072 36 23
4219200.000000 4029281.250000 1735.968628 37 23
4219400.000000 4029281.250000 1536.479004 38 23
4219600.000000 4029281.250000 1342.138672 39 23
4219800.000000 4029281.250000 1148.058228 40 23
4220000.000000 4029281.250000 954.005066 41 23
4220200.000000 4029281.250000 765.350647 42 23
4212000.000000 4029653.125000 11087.005859 1 24
4212200.000000 4029653.125000 10830.327148 2 24
4212400.000000 4029653.125000 10573.669922 3 24
4212600.000000 4029653.125000 10317.036133 4 24
4212800.000000 4029653.125000 10060.452148 5 24
4213000.000000 4029653.125000 9803.916992 6 24
4213200.000000 4029653.125000 9547.935547 7 24
4213400.000000 4029653.125000 9291.506836 8 24
4213600.000000 4029653.125000 9035.150391 9 24
4213800.000000 4029653.125000 8778.863281 10 24
4214000.000000 4029653.125000 8522.637695 11 24
4214200.000000 4029653.125000 8266.493164 12 24
4214400.000000 4029653.125000 8010.416992 13 24
4214600.000000 4029653.125000 7753.890625 14 24
4214800.000000 4029653.125000 7497.911621 15 24
4215000.000000 4029653.125000 7241.941895 16 24
4215200.000000 4029653.125000 6986.425293 17 24
4215400.000000 4029653.125000 6731.311523 18 24
4215600.000000 4029653.125000 6476.501953 19 24
4215800.000000 4029653.125000 6220.891113 20 24
4216000.000000 4029653.125000 5963.860840 21 24
4216200.000000 4029653.125000 5704.281738 22 24
4216400.000000 4029653.125000 5442.033203 23 24
4216600.000000 4029653.125000 5176.451660 24 24
4216800.000000 4029653.125000 4910.254883 25 24
4217000.000000 4029653.125000 4646.392578 26 24
4217200.000000 4029653.125000 4386.342285 27 24
4217400.000000 4029653.125000 4132.021973 28 24
4217600.000000 4029653.125000 3876.865967 29 24
4217800.000000 4029653.125000 3611.409668 30 24
4218000.000000 4029653.125000 3352.126221 31 24
4218200.000000 4029653.125000 3151.784424 32 24
4218400.000000 4029653.125000 2914.382080 33 24
4218600.000000 4029653.125000 2527.837891 34 24
4218800.000000 4029653.125000 2164.133057 35 24
4219000.000000 4029653.125000 1904.276855 36 24
4219200.000000 4029653.125000 1692.405762 37 24
4219400.000000 4029653.125000 1497.646606 38 24
4219600.000000 4029653.125000 1304.276367 39 24
4219800.000000 4029653.125000 1109.233276 40 24
4220000.000000 4029653.125000 913.873413 41 24
4220200.000000 4029653.125000 722.828796 42 24
4212000.000000 4030025.000000 11028.848633 1 25
4212200.000000 4030025.000000 10772.185547 2 25
4212400.000000 4030025.000000 10515.540039 3 25
4212600.000000 4030025.000000 10258.939453 4 25
4212800.000000 4030025.000000 10002.384766 5 25
4213000.000000 4030025.000000 9745.875977 6 25
4213200.000000 4030025.000000 9489.936523 7 25
4213400.000000 4030025.000000 9233.562500 8 25
4213600.000000 4030025.000000 8977.760742 9 25
4213800.000000 4030025.000000 8721.526367 10 25
4214000.000000 4030025.000000 8465.379883 11 25
4214200.000000 4030025.000000 8208.815430 12 25
4214400.000000 4030025.000000 7952.322266 13 25
4214600.000000 4030025.000000 7696.407715 14 25
4214800.000000 4030025.000000 7440.041992 15 25
4215000.000000 4030025.000000 7184.216797 16 25
4215200.000000 4030025.000000 6929.385254 17 25
4215400.000000 4030025.000000 6674.996582 18 25
4215600.000000 4030025.000000 6420.982422 19 25
4215800.000000 4030025.000000 6166.269043 20 25
4216000.000000 4030025.000000 5909.274902 21 25
4216200.000000 4030025.000000 5649.959473 22 25
4216400.000000 4030025.000000 5387.273926 23 25
4216600.000000 4030025.000000 5120.182129 24 25
4216800.000000 4030025.000000 4853.030273 25 25
4217000.000000 4030025.000000 4590.296875 26 25
4217200.000000 4030025.000000 4335.800293 27 25
4217400.000000 4030025.000000 4094.644287 28 25
4217600.000000 4030025.000000 3857.992920 29 25
4217800.000000 4030025.000000 3612.946777 30 25
4218000.000000 4030025.000000 3361.908691 31 25
4218200.000000 4030025.000000 3133.848633 32 25
4218400.000000 4030025.000000 2870.850342 33 25
4218600.000000 4030025.000000 2508.903076 34 25
4218800.000000 4030025.000000 2165.946777 35 25
4219000.000000 4030025.000000 1895.277710 36 25
4219200.000000 4030025.000000 1669.818726 37 25
4219400.000000 4030025.000000 1465.378174 38 25
4219600.000000 4030025.000000 1265.180908 39 25
4219800.000000 4030025.000000 1064.095337 40 25
4220000.000000 4030025.000000 863.322266 41 25
4220200.000000 4030025.000000 666.204224 42 25
4212000.000000 4030396.875000 10970.670898 1 26
4212200.000000 4030396.875000 10714.022461 2 26
4212400.000000 4030396.875000 10457.405273 3 26
4212600.000000 4030396.875000 10200.829102 4 26
4212800.000000 4030396.875000 9944.295898 5 26
4213000.000000 4030396.875000 9687.830078 6 26
4213200.000000 4030396.875000 9431.930664 7 26
4213400.000000 4030396.875000 9176.095703 8 26
4213600.000000 4030396.875000 8919.847656 9 26
4213800.000000 4030396.875000 8663.684570 10 26
4214000.000000 4030396.875000 8407.599609 11 26
4214200.000000 4030396.875000 8151.114258 12 26
4214400.000000 4030396.875000 7894.719238 13 26
4214600.000000 4030396.875000 7638.900391 14 26
4214800.000000 4030396.875000 7382.665527 15 26
4215000.000000 4030396.875000 7126.487305 16 26
4215200.000000 4030396.875000 6872.337891 17 26
4215400.000000 4030396.875000 6618.177246 18 26
4215600.000000 4030396.875000 6364.988770 19 26
4215800.000000 4030396.875000 6110.703613 20 26
4216000.000000 4030396.875000 5854.825195 21 26
4216200.000000 4030396.875000 5597.357422 22 26
4216400.000000 4030396.875000 5334.353516 23 26
4216600.000000 4030396.875000 5065.938477 24 26
4216800.000000 4030396.875000 4798.668945 25 26
4217000.000000 4030396.875000 4538.392090 26 26
4217200.000000 4030396.875000 4290.111328 27 26
4217400.000000 4030396.875000 4062.857910 28 26
4217600.000000 4030396.875000 3853.234863 29 26
4217800.000000 4030396.875000 3652.256592 30 26
4218000.000000 4030396.875000 3445.717041 31 26
4218200.000000 4030396.875000 3188.239746 32 26
4218400.000000 4030396.875000 2862.891357 33 26
4218600.000000 4030396.875000 2502.843506 34 26
4218800.000000 4030396.875000 2170.464111 35 26
4219000.000000 4030396.875000 1890.604614 36 26
4219200.000000 4030396.875000 1650.106201 37 26
4219400.000000 4030396.875000 1431.266357 38 26
4219600.000000 4030396.875000 1220.946167 39 26
4219800.000000 4030396.875000 1011.535645 40 26
4220000.000000 4030396.875000 803.589233 41 26
4220200.000000 4030396.875000 599.271362 42 26
4212000.000000 4030768.750000 10912.482422 1 27
4212200.000000 4030768.750000 10655.850586 2 27
4212400.000000 4030768.750000 10399.245117 3 27
4212600.000000 4030768.750000 10142.692383 4 27
4212800.000000 4030768.750000 9886.195313 5 27
4213000.000000 4030768.750000 9630.263672 6 27
4213200.000000 4030768.750000 9373.895508 7 27
4213400.000000 4030768.750000 9118.115234 8 27
4213600.000000 4030768.750000 8861.919922 9 27
4213800.000000 4030768.750000 8605.807617 10 27
4214000.000000 4030768.750000 8349.799805 11 27
4214200.000000 4030768.750000 8093.392578 12 27
4214400.000000 4030768.750000 7837.077637 13 27
4214600.000000 4030768.750000 7581.368164 14 27
4214800.000000 4030768.750000 7325.251465 15 27
4215000.000000 4030768.750000 7069.207031 16 27
4215200.000000 4030768.750000 6815.234375 17 27
4215400.000000 4030768.750000 6561.310547 18 27
4215600.000000 4030768.750000 6308.420898 19 27
4215800.000000 4030768.750000 6054.566895 20 27
4216000.000000 4030768.750000 5799.276367 21 27
4216200.000000 4030768.750000 5543.112305 22 27
4216400.000000 4030768.750000 5281.227051 23 27
4216600.000000 4030768.750000 5013.819336 24 27
4216800.000000 4030768.750000 4748.115723 25 27
4217000.000000 4030768.750000 4489.789063 26 27
4217200.000000 4030768.750000 4245.854492 27 27
4217400.000000 4030768.750000 4024.465820 28 27
4217600.000000 4030768.750000 3820.680664 29 27
4217800.000000 4030768.750000 3620.800293 30 27
4218000.000000 4030768.750000 3406.322510 31 27
4218200.000000 4030768.750000 3134.980225 32 27
4218400.000000 4030768.750000 2805.869873 33 27
4218600.000000 4030768.750000 2466.393311 34 27
4218800.000000 4030768.750000 2150.062988 35 27
4219000.000000 4030768.750000 1871.328857 36 27
4219200.000000 4030768.750000 1622.996704 37 27
4219400.000000 4030768.750000 1392.838013 38 27
4219600.000000 4030768.750000 1171.584717 39 27
4219800.000000 4030768.750000 953.775269 40 27
4220000.000000 4030768.750000 737.604919 41 27
4220200.000000 4030768.750000 524.912231 42 27
4212000.000000 4031140.625000 10854.273438 1 28
4212200.000000 4031140.625000 10597.648438 2 28
4212400.000000 4031140.625000 10341.069336 3 28
4212600.000000 4031140.625000 10084.540039 4 28
4212800.000000 4031140.625000 9828.561523 5 28
4213000.000000 4031140.625000 9572.161133 6 28
4213200.000000 4031140.625000 9315.838867 7 28
4213400.000000 4031140.625000 9060.101563 8 28
4213600.000000 4031140.625000 8803.949219 9 28
4213800.000000 4031140.625000 8547.903320 10 28
4214000.000000 4031140.625000 8291.960938 11 28
4214200.000000 4031140.625000 8035.619629 12 28
4214400.000000 4031140.625000 7779.396973 13 28
4214600.000000 4031140.625000 7523.784180 14 28
4214800.000000 4031140.625000 7267.770020 15 28
4215000.000000 4031140.625000 7011.865723 16 28
4215200.000000 4031140.625000 6758.054199 17 28
4215400.000000 4031140.625000 6504.334473 18 28
4215600.000000 4031140.625000 6251.214355 19 28
4215800.000000 4031140.625000 5998.223633 20 28
4216000.000000 4031140.625000 5743.420410 21 28
4216200.000000 4031140.625000 5487.934570 22 28
4216400.000000 4031140.625000 5226.921875 23 28
4216600.000000 4031140.625000 4961.138184 24 28
4216800.000000 4031140.625000 4697.851074 25 28
4217000.000000 4031140.625000 4442.306641 26 28
4217200.000000 4031140.625000 4200.142090 27 28
4217400.000000 4031140.625000 3977.413330 28 28
4217600.000000 4031140.625000 3765.687256 29 28
4217800.000000 4031140.625000 3551.134521 30 28
4218000.000000 4031140.625000 3316.447021 31 28
4218200.000000 4031140.625000 3039.369385 32 28
4218400.000000 4031140.625000 2725.780518 33 28
4218600.000000 4031140.625000 2409.208496 34 28
4218800.000000 4031140.625000 2111.032227 35 28
4219000.000000 4031140.625000 1838.480957 36 28
4219200.000000 4031140.625000 1587.133789 37 28
4219400.000000 4031140.625000 1349.090820 38 28
4219600.000000 4031140.625000 1118.817383 39 28
4219800.000000 4031140.625000 892.386902 40 28
4220000.000000 4031140.625000 668.016296 41 28
4220200.000000 4031140.625000 446.784851 42 28
4212000.000000 4031512.500000 10796.029297 1 29
4212200.000000 4031512.500000 10539.427734 2 29
4212400.000000 4031512.500000 10282.866211 3 29
4212600.000000 4031512.500000 10026.348633 4 29
4212800.000000 4031512.500000 9770.403320 5 29
4213000.000000 4031512.500000 9514.032227 6 29
4213200.000000 4031512.500000 9257.736328 7 29
4213400.000000 4031512.500000 9002.039063 8 29
4213600.000000 4031512.500000 8745.941406 9 29
4213800.000000 4031512.500000 8489.949219 10 29
4214000.000000 4031512.500000 8234.060547 11 29
4214200.000000 4031512.500000 7977.797363 12 29
4214400.000000 4031512.500000 7721.645508 13 29
4214600.000000 4031512.500000 7466.121582 14 29
4214800.000000 4031512.500000 7210.217773 15 29
4215000.000000 4031512.500000 6954.921875 16 29
4215200.000000 4031512.500000 6700.750488 17 29
4215400.000000 4031512.500000 6447.201172 18 29
4215600.000000 4031512.500000 6193.296387 19 29
4215800.000000 4031512.500000 5940.582031 20 29
4216000.000000 4031512.500000 5686.147461 21 29
4216200.000000 4031512.500000 5430.619141 22 29
4216400.000000 4031512.500000 5171.692383 23 29
4216600.000000 4031512.500000 4908.582031 24 29
4216800.000000 4031512.500000 4647.519043 25 29
4217000.000000 4031512.500000 4393.680664 26 29
4217200.000000 4031512.500000 4150.601074 27 29
4217400.000000 4031512.500000 3922.064209 28 29
4217600.000000 4031512.500000 3698.994385 29 29
4217800.000000 4031512.500000 3469.650635 30 29
4218000.000000 4031512.500000 3222.957275 31 29
4218200.000000 4031512.500000 2947.307617 32 29
4218400.000000 4031512.500000 2649.436523 33 29
4218600.000000 4031512.500000 2352.135742 34 29
4218800.000000 4031512.500000 2067.492676 35 29
4219000.000000 4031512.500000 1799.462280 36 29
4219200.000000 4031512.500000 1545.537842 37 29
4219400.000000 4031512.500000 1301.453369 38 29
4219600.000000 4031512.500000 1063.491089 39 29
4219800.000000 4031512.500000 829.020325 40 29
4220000.000000 4031512.500000 597.225708 41 29
4220200.000000 4031512.500000 367.585754 42 29
4212000.000000 4031884.375000 10738.262695 1 30
4212200.000000 4031884.375000 10481.675781 2 30
4212400.000000 4031884.375000 10225.122070 3 30
4212600.000000 4031884.375000 9968.630859 4 30
4212800.000000 4031884.375000 9712.207031 5 30
4213000.000000 4031884.375000 9455.852539 6 30
4213200.000000 4031884.375000 9199.594727 7 30
4213400.000000 4031884.375000 8943.433594 8 30
4213600.000000 4031884.375000 8687.369141 9 30
4213800.000000 4031884.375000 8431.425781 10 30
4214000.000000 4031884.375000 8175.602539 11 30
4214200.000000 4031884.375000 7919.894531 12 30
4214400.000000 4031884.375000 7663.824219 13 30
4214600.000000 4031884.375000 7408.381836 14 30
4214800.000000 4031884.375000 7153.060059 15 30
4215000.000000 4031884.375000 6897.875000 16 30
4215200.000000 4031884.375000 6643.319824 17 30
4215400.000000 4031884.375000 6389.404297 18 30
4215600.000000 4031884.375000 6135.655273 19 30
4215800.000000 4031884.375000 5882.615234 20 30
4216000.000000 4031884.375000 5628.395996 21 30
4216200.000000 4031884.375000 5373.125000 22 30
4216400.000000 4031884.375000 5115.468262 23 30
4216600.000000 4031884.375000 4855.113281 24 30
4216800.000000 4031884.375000 4596.728027 25 30
4217000.000000 4031884.375000 4343.866699 26 30
4217200.000000 4031884.375000 4099.426758 27 30
4217400.000000 4031884.375000 3864.029785 28 30
4217600.000000 4031884.375000 3630.890625 29 30
4217800.000000 4031884.375000 3391.738525 30 30
4218000.000000 4031884.375000 3139.784668 31 30
4218200.000000 4031884.375000 2869.852051 32 30
4218400.000000 4031884.375000 2587.396484 33 30
4218600.000000 4031884.375000 2303.269287 34 30
4218800.000000 4031884.375000 2023.767944 35 30
4219000.000000 4031884.375000 1756.962769 36 30
4219200.000000 4031884.375000 1500.597046 37 30
4219400.000000 4031884.375000 1251.490112 38 30
4219600.000000 4031884.375000 1006.818420 39 30
4219800.000000 4031884.375000 765.035278 40 30
4220000.000000 4031884.375000 525.843872 41 30
4220200.000000 4031884.375000 288.207611 42 30
4212000.000000 4032256.250000 10679.966797 1 31
4212200.000000 4032256.250000 10423.381836 2 31
4212400.000000 4032256.250000 10166.848633 3 31
4212600.000000 4032256.250000 9910.370117 4 31
4212800.000000 4032256.250000 9653.954102 5 31
4213000.000000 4032256.250000 9397.626953 6 31
4213200.000000 4032256.250000 9141.393555 7 31
4213400.000000 4032256.250000 8885.253906 8 31
4213600.000000 4032256.250000 8629.234375 9 31
4213800.000000 4032256.250000 8373.334961 10 31
4214000.000000 4032256.250000 8117.554199 11 31
4214200.000000 4032256.250000 7861.914063 12 31
4214400.000000 4032256.250000 7605.909668 13 31
4214600.000000 4032256.250000 7350.533691 14 31
4214800.000000 4032256.250000 7095.301270 15 31
4215000.000000 4032256.250000 6840.204102 16 31
4215200.000000 4032256.250000 6585.734863 17 31
4215400.000000 4032256.250000 6331.419922 18 31
4215600.000000 4032256.250000 6077.772949 19 31
4215800.000000 4032256.250000 5824.342285 20 31
4216000.000000 4032256.250000 5569.703125 21 31
4216200.000000 4032256.250000 5314.992676 22 31
4216400.000000 4032256.250000 5058.845215 23 31
4216600.000000 4032256.250000 4800.917969 24 31
4216800.000000 4032256.250000 4544.303711 25 31
4217000.000000 4032256.250000 4291.485352 26 31
4217200.000000 4032256.250000 4044.785156 27 31
4217400.000000 4032256.250000 3803.743164 28 31
4217600.000000 4032256.250000 3563.616455 29 31
4217800.000000 4032256.250000 3318.870605 30 31
4218000.000000 4032256.250000 3064.836182 31 31
4218200.000000 4032256.250000 2799.662354 32 31
4218400.000000 4032256.250000 2526.959717 33 31
4218600.000000 4032256.250000 2250.787109 34 31
4218800.000000 4032256.250000 1976.526855 35 31
4219000.000000 4032256.250000 1710.816040 36 31
4219200.000000 4032256.250000 1452.471680 37 31
4219400.000000 4032256.250000 1199.010254 38 31
4219600.000000 4032256.250000 949.222351 39 31
4219800.000000 4032256.250000 701.077209 40 31
4220000.000000 4032256.250000 454.296783 41 31
4220200.000000 4032256.250000 208.918472 42 31
4212000.000000 4032628.125000 10621.628906 1 32
4212200.000000 4032628.125000 10365.059570 2 32
4212400.000000 4032628.125000 10108.531250 3 32
4212600.000000 4032628.125000 9852.051758 4 32
4212800.000000 4032628.125000 9595.651367 5 32
4213000.000000 4032628.125000 9339.336914 6 32
4213200.000000 4032628.125000 9083.111328 7 32
4213400.000000 4032628.125000 8827.002930 8 32
4213600.000000 4032628.125000 8571.012695 9 32
4213800.000000 4032628.125000 8315.142578 10 32
4214000.000000 4032628.125000 8059.415527 11 32
4214200.000000 4032628.125000 7803.829590 12 32
4214400.000000 4032628.125000 7547.879395 13 32
4214600.000000 4032628.125000 7292.580078 14 32
4214800.000000 4032628.125000 7037.422363 15 32
4215000.000000 4032628.125000 6782.394043 16 32
4215200.000000 4032628.125000 6528.010742 17 32
4215400.000000 4032628.125000 6273.768066 18 32
4215600.000000 4032628.125000 6019.682129 19 32
4215800.000000 4032628.125000 5765.778320 20 32
4216000.000000 4032628.125000 5511.140137 21 32
4216200.000000 4032628.125000 5256.346680 22 32
4216400.000000 4032628.125000 5001.036621 23 32
4216600.000000 4032628.125000 4745.306641 24 32
4216800.000000 4032628.125000 4490.222656 25 32
4217000.000000 4032628.125000 4237.738770 26 32
4217200.000000 4032628.125000 3988.627686 27 32
4217400.000000 4032628.125000 3742.963379 28 32
4217600.000000 4032628.125000 3497.116211 29 32
4217800.000000 4032628.125000 3248.274414 30 32
4218000.000000 4032628.125000 2993.168945 31 32
4218200.000000 4032628.125000 2731.314209 32 32
4218400.000000 4032628.125000 2463.817139 33 32
4218600.000000 4032628.125000 2193.838379 34 32
4218800.000000 4032628.125000 1924.794678 35 32
4219000.000000 4032628.125000 1660.613525 36 32
4219200.000000 4032628.125000 1401.022461 37 32
4219400.000000 4032628.125000 1144.555176 38 32
4219600.000000 4032628.125000 889.460449 39 32
4219800.000000 4032628.125000 635.699158 40 32
4220000.000000 4032628.125000 382.536530 41 32
4220200.000000 4032628.125000 129.611069 42 32
4212000.000000 4033000.000000 10563.269531 1 33
4212200.000000 4033000.000000 10306.690430 2 33
4212400.000000 4033000.000000 10050.157227 3 33
4212600.000000 4033000.000000 9793.681641 4 33
4212800.000000 4033000.000000 9537.270508 5 33
4213000.000000 4033000.000000 9280.957031 6 33
4213200.000000 4033000.000000 9024.746094 7 33
4213400.000000 4033000.000000 8768.643555 8 33
4213600.000000 4033000.000000 8512.675781 9 33
4213800.000000 4033000.000000 8256.844727 10 33
4214000.000000 4033000.000000 8001.158691 11 33
4214200.000000 4033000.000000 7745.614746 12 33
4214400.000000 4033000.000000 7489.731934 13 33
4214600.000000 4033000.000000 7234.500000 14 33
4214800.000000 4033000.000000 6979.405762 15 33
4215000.000000 4033000.000000 6724.458984 16 33
4215200.000000 4033000.000000 6470.143066 17 33
4215400.000000 4033000.000000 6215.446777 18 33
4215600.000000 4033000.000000 5961.388184 19 33
4215800.000000 4033000.000000 5706.979004 20 33
4216000.000000 4033000.000000 5452.255859 21 33
4216200.000000 4033000.000000 5197.807129 22 33
4216400.000000 4033000.000000 4943.223145 23 33
4216600.000000 4033000.000000 4688.587891 24 33
4216800.000000 4033000.000000 4434.454102 25 33
4217000.000000 4033000.000000 4181.772949 26 33
4217200.000000 4033000.000000 3930.829834 27 33
4217400.000000 4033000.000000 3681.243896 28 33
4217600.000000 4033000.000000 3431.474121 29 33
4217800.000000 4033000.000000 3179.397461 30 33
4218000.000000 4033000.000000 2923.953369 31 33
4218200.000000 4033000.000000 2664.328613 32 33
4218400.000000 4033000.000000 2400.623779 33 33
4218600.000000 4033000.000000 2135.323975 34 33
4218800.000000 4033000.000000 1870.119507 35 33
4219000.000000 4033000.000000 1607.274170 36 33
4219200.000000 4033000.000000 1346.415039 37 33
4219400.000000 4033000.000000 1086.998779 38 33
4219600.000000 4033000.000000 828.203796 39 33
4219800.000000 4033000.000000 568.976929 40 33
4220000.000000 4033000.000000 309.601685 41 33
4220200.000000 4033000.000000 50.297585 42 33
