# Type: scattered data
# Version: 6
# Description: No description
# Format: free
# Field: 1 x
# Field: 2 y
# Field: 3 z undefined
# Field: 4 column
# Field: 5 row
# Projection: Local Rectangular
# Units: undefined
# End:
# Information from grid:
# Grid_size: 42 x 33
# Grid_space: 4212000.000000,4220200.000000,4021100.000000,4033000.000000
# Scattered data: Not_available
# Z_field: z
# Vertical_faults: Not_available
# History: No history
# Z_units: undefined
4212000.000000 4021100.000000 11743.604492 1 1
4212200.000000 4021100.000000 11478.333984 2 1
4212400.000000 4021100.000000 11213.118164 3 1
4212600.000000 4021100.000000 10947.978516 4 1
4212800.000000 4021100.000000 10682.957031 5 1
4213000.000000 4021100.000000 10418.052734 6 1
4213200.000000 4021100.000000 10153.293945 7 1
4213400.000000 4021100.000000 9888.670898 8 1
4213600.000000 4021100.000000 9624.202148 9 1
4213800.000000 4021100.000000 9359.872070 10 1
4214000.000000 4021100.000000 9095.661133 11 1
4214200.000000 4021100.000000 8831.568359 12 1
4214400.000000 4021100.000000 8567.553711 13 1
4214600.000000 4021100.000000 8303.601563 14 1
4214800.000000 4021100.000000 8039.650879 15 1
4215000.000000 4021100.000000 7775.666992 16 1
4215200.000000 4021100.000000 7511.583496 17 1
4215400.000000 4021100.000000 7247.318848 18 1
4215600.000000 4021100.000000 6982.794434 19 1
4215800.000000 4021100.000000 6718.379883 20 1
4216000.000000 4021100.000000 6453.478027 21 1
4216200.000000 4021100.000000 6187.469238 22 1
4216400.000000 4021100.000000 5920.739258 23 1
4216600.000000 4021100.000000 5653.226563 24 1
4216800.000000 4021100.000000 5384.394531 25 1
4217000.000000 4021100.000000 5115.306152 26 1
4217200.000000 4021100.000000 4845.541992 27 1
4217400.000000 4021100.000000 4575.239258 28 1
4217600.000000 4021100.000000 4304.515625 29 1
4217800.000000 4021100.000000 4033.457031 30 1
4218000.000000 4021100.000000 3761.628906 31 1
4218200.000000 4021100.000000 3490.052734 32 1
4218400.000000 4021100.000000 3217.854004 33 1
4218600.000000 4021100.000000 2945.220703 34 1
4218800.000000 4021100.000000 2672.921875 35 1
4219000.000000 4021100.000000 2400.649658 36 1
4219200.000000 4021100.000000 2128.993896 37 1
4219400.000000 4021100.000000 1857.409302 38 1
4219600.000000 4021100.000000 1585.787964 39 1
4219800.000000 4021100.000000 1313.475220 40 1
4220000.000000 4021100.000000 1040.849365 41 1
4220200.000000 4021100.000000 767.817078 42 1
4212000.000000 4021471.875000 11720.439453 1 2
4212200.000000 4021471.875000 11455.173828 2 2
4212400.000000 4021471.875000 11189.957031 3 2
4212600.000000 4021471.875000 10924.833008 4 2
4212800.000000 4021471.875000 10659.807617 5 2
4213000.000000 4021471.875000 10394.911133 6 2
4213200.000000 4021471.875000 10130.143555 7 2
4213400.000000 4021471.875000 9865.502930 8 2
4213600.000000 4021471.875000 9601.006836 9 2
4213800.000000 4021471.875000 9337.129883 10 2
4214000.000000 4021471.875000 9072.876953 11 2
4214200.000000 4021471.875000 8808.722656 12 2
4214400.000000 4021471.875000 8544.636719 13 2
4214600.000000 4021471.875000 8280.601563 14 2
4214800.000000 4021471.875000 8016.554688 15 2
4215000.000000 4021471.875000 7752.460449 16 2
4215200.000000 4021471.875000 7488.243652 17 2
4215400.000000 4021471.875000 7223.847656 18 2
4215600.000000 4021471.875000 6959.168945 19 2
4215800.000000 4021471.875000 6694.088379 20 2
4216000.000000 4021471.875000 6429.014160 21 2
4216200.000000 4021471.875000 6162.834961 22 2
4216400.000000 4021471.875000 5895.986816 23 2
4216600.000000 4021471.875000 5628.406738 24 2
4216800.000000 4021471.875000 5359.637207 25 2
4217000.000000 4021471.875000 5090.767090 26 2
4217200.000000 4021471.875000 4821.418945 27 2
4217400.000000 4021471.875000 4551.720703 28 2
4217600.000000 4021471.875000 4282.200195 29 2
4217800.000000 4021471.875000 4011.809814 30 2
4218000.000000 4021471.875000 3740.881104 31 2
4218200.000000 4021471.875000 3468.778076 32 2
4218400.000000 4021471.875000 3196.093018 33 2
4218600.000000 4021471.875000 2922.151367 34 2
4218800.000000 4021471.875000 2648.957031 35 2
4219000.000000 4021471.875000 2376.468018 36 2
4219200.000000 4021471.875000 2105.391602 37 2
4219400.000000 4021471.875000 1835.219849 38 2
4219600.000000 4021471.875000 1565.756958 39 2
4219800.000000 4021471.875000 1296.283447 40 2
4220000.000000 4021471.875000 1027.063477 41 2
4220200.000000 4021471.875000 757.467041 42 2
4212000.000000 4021843.750000 11697.241211 1 3
4212200.000000 4021843.750000 11431.962891 2 3
4212400.000000 4021843.750000 11166.750000 3 3
4212600.000000 4021843.750000 10901.622070 4 3
4212800.000000 4021843.750000 10636.591797 5 3
4213000.000000 4021843.750000 10371.687500 6 3
4213200.000000 4021843.750000 10106.898438 7 3
4213400.000000 4021843.750000 9842.247070 8 3
4213600.000000 4021843.750000 9578.225586 9 3
4213800.000000 4021843.750000 9313.818359 10 3
4214000.000000 4021843.750000 9049.526367 11 3
4214200.000000 4021843.750000 8785.318359 12 3
4214400.000000 4021843.750000 8521.189453 13 3
4214600.000000 4021843.750000 8257.087891 14 3
4214800.000000 4021843.750000 7992.985840 15 3
4215000.000000 4021843.750000 7728.820313 16 3
4215200.000000 4021843.750000 7464.523438 17 3
4215400.000000 4021843.750000 7200.038574 18 3
4215600.000000 4021843.750000 6935.252441 19 3
4215800.000000 4021843.750000 6670.069336 20 3
4216000.000000 4021843.750000 6404.876465 21 3
4216200.000000 4021843.750000 6138.583984 22 3
4216400.000000 4021843.750000 5871.652832 23 3
4216600.000000 4021843.750000 5604.064941 24 3
4216800.000000 4021843.750000 5335.426270 25 3
4217000.000000 4021843.750000 5066.890137 26 3
4217200.000000 4021843.750000 4798.161133 27 3
4217400.000000 4021843.750000 4529.834961 28 3
4217600.000000 4021843.750000 4261.330566 29 3
4217800.000000 4021843.750000 3991.856934 30 3
4218000.000000 4021843.750000 3721.916016 31 3
4218200.000000 4021843.750000 3449.638184 32 3
4218400.000000 4021843.750000 3175.543945 33 3
4218600.000000 4021843.750000 2899.724365 34 3
4218800.000000 4021843.750000 2624.559326 35 3
4219000.000000 4021843.750000 2350.886230 36 3
4219200.000000 4021843.750000 2080.145264 37 3
4219400.000000 4021843.750000 1811.817871 38 3
4219600.000000 4021843.750000 1545.112671 39 3
4219800.000000 4021843.750000 1279.130737 40 3
4220000.000000 4021843.750000 1013.505798 41 3
4220200.000000 4021843.750000 747.514832 42 3
4212000.000000 4022215.625000 11674.011719 1 4
4212200.000000 4022215.625000 11408.724609 2 4
4212400.000000 4022215.625000 11143.502930 3 4
4212600.000000 4022215.625000 10878.356445 4 4
4212800.000000 4022215.625000 10613.323242 5 4
4213000.000000 4022215.625000 10348.405273 6 4
4213200.000000 4022215.625000 10083.600586 7 4
4213400.000000 4022215.625000 9819.429688 8 4
4213600.000000 4022215.625000 9554.875977 9 4
4213800.000000 4022215.625000 9290.449219 10 4
4214000.000000 4022215.625000 9026.125000 11 4
4214200.000000 4022215.625000 8761.881836 12 4
4214400.000000 4022215.625000 8497.713867 13 4
4214600.000000 4022215.625000 8233.571289 14 4
4214800.000000 4022215.625000 7969.424805 15 4
4215000.000000 4022215.625000 7705.204102 16 4
4215200.000000 4022215.625000 7440.863281 17 4
4215400.000000 4022215.625000 7176.319824 18 4
4215600.000000 4022215.625000 6911.468262 19 4
4215800.000000 4022215.625000 6646.212402 20 4
4216000.000000 4022215.625000 6380.935547 21 4
4216200.000000 4022215.625000 6114.589844 22 4
4216400.000000 4022215.625000 5847.644043 23 4
4216600.000000 4022215.625000 5579.684082 24 4
4216800.000000 4022215.625000 5311.377930 25 4
4217000.000000 4022215.625000 5043.519531 26 4
4217200.000000 4022215.625000 4775.863281 27 4
4217400.000000 4022215.625000 4509.477051 28 4
4217600.000000 4022215.625000 4242.609375 29 4
4217800.000000 4022215.625000 3975.050781 30 4
4218000.000000 4022215.625000 3705.799072 31 4
4218200.000000 4022215.625000 3433.073975 32 4
4218400.000000 4022215.625000 3156.858643 33 4
4218600.000000 4022215.625000 2878.650391 34 4
4218800.000000 4022215.625000 2600.031738 35 4
4219000.000000 4022215.625000 2324.416504 36 4
4219200.000000 4022215.625000 2053.053467 37 4
4219400.000000 4022215.625000 1785.919922 38 4
4219600.000000 4022215.625000 1522.040894 39 4
4219800.000000 4022215.625000 1260.263550 40 4
4220000.000000 4022215.625000 998.998901 41 4
4220200.000000 4022215.625000 737.882202 42 4
4212000.000000 4022587.500000 11650.747070 1 5
4212200.000000 4022587.500000 11385.458008 2 5
4212400.000000 4022587.500000 11120.222656 3 5
4212600.000000 4022587.500000 10855.062500 4 5
4212800.000000 4022587.500000 10590.014648 5 5
4213000.000000 4022587.500000 10325.072266 6 5
4213200.000000 4022587.500000 10060.256836 7 5
4213400.000000 4022587.500000 9796.064453 8 5
4213600.000000 4022587.500000 9531.487305 9 5
4213800.000000 4022587.500000 9267.033203 10 5
4214000.000000 4022587.500000 9002.670898 11 5
4214200.000000 4022587.500000 8738.405273 12 5
4214400.000000 4022587.500000 8474.197266 13 5
4214600.000000 4022587.500000 8210.031250 14 5
4214800.000000 4022587.500000 7945.853027 15 5
4215000.000000 4022587.500000 7681.599121 16 5
4215200.000000 4022587.500000 7417.223633 17 5
4215400.000000 4022587.500000 7152.634277 18 5
4215600.000000 4022587.500000 6887.750977 19 5
4215800.000000 4022587.500000 6622.447754 20 5
4216000.000000 4022587.500000 6357.152344 21 5
4216200.000000 4022587.500000 6090.821777 22 5
4216400.000000 4022587.500000 5823.496582 23 5
4216600.000000 4022587.500000 5555.869629 24 5
4216800.000000 4022587.500000 5288.247559 25 5
4217000.000000 4022587.500000 5021.066406 26 5
4217200.000000 4022587.500000 4755.656250 27 5
4217400.000000 4022587.500000 4491.552246 28 5
4217600.000000 4022587.500000 4227.665527 29 5
4217800.000000 4022587.500000 3963.186279 30 5
4218000.000000 4022587.500000 3694.817383 31 5
4218200.000000 4022587.500000 3421.160645 32 5
4218400.000000 4022587.500000 3141.200439 33 5
4218600.000000 4022587.500000 2858.163818 34 5
4218800.000000 4022587.500000 2574.731689 35 5
4219000.000000 4022587.500000 2295.731934 36 5
4219200.000000 4022587.500000 2023.754150 37 5
4219400.000000 4022587.500000 1757.694580 38 5
4219600.000000 4022587.500000 1497.266846 39 5
4219800.000000 4022587.500000 1239.981689 40 5
4220000.000000 4022587.500000 983.908875 41 5
4220200.000000 4022587.500000 727.999084 42 5
4212000.000000 4022959.375000 11627.468750 1 6
4212200.000000 4022959.375000 11362.166992 2 6
4212400.000000 4022959.375000 11096.910156 3 6
4212600.000000 4022959.375000 10831.742188 4 6
4212800.000000 4022959.375000 10566.667969 5 6
4213000.000000 4022959.375000 10301.714844 6 6
4213200.000000 4022959.375000 10036.877930 7 6
4213400.000000 4022959.375000 9772.653320 8 6
4213600.000000 4022959.375000 9508.058594 9 6
4213800.000000 4022959.375000 9243.568359 10 6
4214000.000000 4022959.375000 8979.186523 11 6
4214200.000000 4022959.375000 8714.891602 12 6
4214400.000000 4022959.375000 8450.654297 13 6
4214600.000000 4022959.375000 8186.460938 14 6
4214800.000000 4022959.375000 7922.248047 15 6
4215000.000000 4022959.375000 7657.977539 16 6
4215200.000000 4022959.375000 7393.569824 17 6
4215400.000000 4022959.375000 7128.966309 18 6
4215600.000000 4022959.375000 6864.066406 19 6
4215800.000000 4022959.375000 6598.762207 20 6
4216000.000000 4022959.375000 6333.500488 21 6
4216200.000000 4022959.375000 6067.275391 22 6
4216400.000000 4022959.375000 5800.245117 23 6
4216600.000000 4022959.375000 5532.712891 24 6
4216800.000000 4022959.375000 5266.197754 25 6
4217000.000000 4022959.375000 5000.772949 26 6
4217200.000000 4022959.375000 4737.399414 27 6
4217400.000000 4022959.375000 4477.487305 28 6
4217600.000000 4022959.375000 4218.011230 29 6
4217800.000000 4022959.375000 3956.766846 30 6
4218000.000000 4022959.375000 3689.293457 31 6
4218200.000000 4022959.375000 3413.348633 32 6
4218400.000000 4022959.375000 3128.042236 33 6
4218600.000000 4022959.375000 2837.315430 34 6
4218800.000000 4022959.375000 2547.076904 35 6
4219000.000000 4022959.375000 2264.423828 36 6
4219200.000000 4022959.375000 1991.153198 37 6
4219400.000000 4022959.375000 1727.294556 38 6
4219600.000000 4022959.375000 1470.620728 39 6
4219800.000000 4022959.375000 1218.692993 40 6
4220000.000000 4022959.375000 968.203674 41 6
4220200.000000 4022959.375000 718.341797 42 6
4212000.000000 4023331.250000 11604.170898 1 7
4212200.000000 4023331.250000 11338.856445 2 7
4212400.000000 4023331.250000 11073.584961 3 7
4212600.000000 4023331.250000 10808.399414 4 7
4212800.000000 4023331.250000 10543.305664 5 7
4213000.000000 4023331.250000 10278.331055 6 7
4213200.000000 4023331.250000 10013.461914 7 7
4213400.000000 4023331.250000 9749.219727 8 7
4213600.000000 4023331.250000 9484.597656 9 7
4213800.000000 4023331.250000 9220.077148 10 7
4214000.000000 4023331.250000 8955.665039 11 7
4214200.000000 4023331.250000 8691.332031 12 7
4214400.000000 4023331.250000 8427.074219 13 7
4214600.000000 4023331.250000 8162.852539 14 7
4214800.000000 4023331.250000 7898.615234 15 7
4215000.000000 4023331.250000 7634.324707 16 7
4215200.000000 4023331.250000 7369.900879 17 7
4215400.000000 4023331.250000 7105.290039 18 7
4215600.000000 4023331.250000 6840.390137 19 7
4215800.000000 4023331.250000 6575.134766 20 7
4216000.000000 4023331.250000 6309.974609 21 7
4216200.000000 4023331.250000 6043.473633 22 7
4216400.000000 4023331.250000 5776.900391 23 7
4216600.000000 4023331.250000 5510.232910 24 7
4216800.000000 4023331.250000 5244.693359 25 7
4217000.000000 4023331.250000 4981.549805 26 7
4217200.000000 4023331.250000 4721.872070 27 7
4217400.000000 4023331.250000 4466.442871 28 7
4217600.000000 4023331.250000 4212.133301 29 7
4217800.000000 4023331.250000 3954.519287 30 7
4218000.000000 4023331.250000 3688.112061 31 7
4218200.000000 4023331.250000 3408.674805 32 7
4218400.000000 4023331.250000 3115.595703 33 7
4218600.000000 4023331.250000 2814.545166 34 7
4218800.000000 4023331.250000 2516.057373 35 7
4219000.000000 4023331.250000 2228.500732 36 7
4219200.000000 4023331.250000 1955.480103 37 7
4219400.000000 4023331.250000 1694.539917 38 7
4219600.000000 4023331.250000 1442.695801 39 7
4219800.000000 4023331.250000 1196.066040 40 7
4220000.000000 4023331.250000 951.516785 41 7
4220200.000000 4023331.250000 707.997498 42 7
4212000.000000 4023703.125000 11580.857422 1 8
4212200.000000 4023703.125000 11315.521484 2 8
4212400.000000 4023703.125000 11050.241211 3 8
4212600.000000 4023703.125000 10785.038086 4 8
4212800.000000 4023703.125000 10519.922852 5 8
4213000.000000 4023703.125000 10254.923828 6 8
4213200.000000 4023703.125000 9990.028320 7 8
4213400.000000 4023703.125000 9725.756836 8 8
4213600.000000 4023703.125000 9461.095703 9 8
4213800.000000 4023703.125000 9196.551758 10 8
4214000.000000 4023703.125000 8932.106445 11 8
4214200.000000 4023703.125000 8667.740234 12 8
4214400.000000 4023703.125000 8403.451172 13 8
4214600.000000 4023703.125000 8139.192871 14 8
4214800.000000 4023703.125000 7874.939941 15 8
4215000.000000 4023703.125000 7610.623535 16 8
4215200.000000 4023703.125000 7346.200195 17 8
4215400.000000 4023703.125000 7081.596680 18 8
4215600.000000 4023703.125000 6816.730957 19 8
4215800.000000 4023703.125000 6552.057129 20 8
4216000.000000 4023703.125000 6286.554688 21 8
4216200.000000 4023703.125000 6020.376465 22 8
4216400.000000 4023703.125000 5754.380371 23 8
4216600.000000 4023703.125000 5488.253906 24 8
4216800.000000 4023703.125000 5224.394043 25 8
4217000.000000 4023703.125000 4963.806641 26 8
4217200.000000 4023703.125000 4708.156250 27 8
4217400.000000 4023703.125000 4457.605957 28 8
4217600.000000 4023703.125000 4208.300293 29 8
4217800.000000 4023703.125000 3954.381104 30 8
4218000.000000 4023703.125000 3688.750977 31 8
4218200.000000 4023703.125000 3405.181152 32 8
4218400.000000 4023703.125000 3102.576660 33 8
4218600.000000 4023703.125000 2789.044189 34 8
4218800.000000 4023703.125000 2479.117188 35 8
4219000.000000 4023703.125000 2187.816162 36 8
4219200.000000 4023703.125000 1916.310669 37 8
4219400.000000 4023703.125000 1659.980957 38 8
4219600.000000 4023703.125000 1413.679443 39 8
4219800.000000 4023703.125000 1172.702881 40 8
4220000.000000 4023703.125000 933.793091 41 8
4220200.000000 4023703.125000 695.716919 42 8
4212000.000000 4024075.000000 11557.521484 1 9
4212200.000000 4024075.000000 11292.179688 2 9
4212400.000000 4024075.000000 11026.882813 3 9
4212600.000000 4024075.000000 10761.650391 4 9
4212800.000000 4024075.000000 10496.520508 5 9
4213000.000000 4024075.000000 10231.487305 6 9
4213200.000000 4024075.000000 9966.570313 7 9
4213400.000000 4024075.000000 9702.267578 8 9
4213600.000000 4024075.000000 9437.572266 9 9
4213800.000000 4024075.000000 9172.993164 10 9
4214000.000000 4024075.000000 8908.502930 11 9
4214200.000000 4024075.000000 8644.108398 12 9
4214400.000000 4024075.000000 8379.785156 13 9
4214600.000000 4024075.000000 8115.495605 14 9
4214800.000000 4024075.000000 7851.217285 15 9
4215000.000000 4024075.000000 7586.885742 16 9
4215200.000000 4024075.000000 7322.462402 17 9
4215400.000000 4024075.000000 7057.871582 18 9
4215600.000000 4024075.000000 6793.571289 19 9
4215800.000000 4024075.000000 6528.512207 20 9
4216000.000000 4024075.000000 6263.216797 21 9
4216200.000000 4024075.000000 5997.398438 22 9
4216400.000000 4024075.000000 5732.018555 23 9
4216600.000000 4024075.000000 5466.915527 24 9
4216800.000000 4024075.000000 5204.170410 25 9
4217000.000000 4024075.000000 4945.975586 26 9
4217200.000000 4024075.000000 4693.668945 27 9
4217400.000000 4024075.000000 4448.273926 28 9
4217600.000000 4024075.000000 4204.302734 29 9
4217800.000000 4024075.000000 3954.792480 30 9
4218000.000000 4024075.000000 3691.146484 31 9
4218200.000000 4024075.000000 3405.274658 32 9
4218400.000000 4024075.000000 3094.810303 33 9
4218600.000000 4024075.000000 2765.703857 34 9
4218800.000000 4024075.000000 2439.954834 35 9
4219000.000000 4024075.000000 2144.483154 36 9
4219200.000000 4024075.000000 1877.266235 37 9
4219400.000000 4024075.000000 1626.559692 38 9
4219600.000000 4024075.000000 1385.003906 39 9
4219800.000000 4024075.000000 1148.952515 40 9
4220000.000000 4024075.000000 914.359924 41 9
4220200.000000 4024075.000000 680.938049 42 9
4212000.000000 4024446.875000 11534.183594 1 10
4212200.000000 4024446.875000 11268.825195 2 10
4212400.000000 4024446.875000 11003.501953 3 10
4212600.000000 4024446.875000 10738.256836 4 10
4212800.000000 4024446.875000 10473.101563 5 10
4213000.000000 4024446.875000 10208.040039 6 10
4213200.000000 4024446.875000 9943.590820 7 10
4213400.000000 4024446.875000 9678.746094 8 10
4213600.000000 4024446.875000 9414.021484 9 10
4213800.000000 4024446.875000 9149.901367 10 10
4214000.000000 4024446.875000 8885.371094 11 10
4214200.000000 4024446.875000 8620.936523 12 10
4214400.000000 4024446.875000 8356.565430 13 10
4214600.000000 4024446.875000 8092.250000 14 10
4214800.000000 4024446.875000 7827.945313 15 10
4215000.000000 4024446.875000 7563.599609 16 10
4215200.000000 4024446.875000 7299.181152 17 10
4215400.000000 4024446.875000 7034.623535 18 10
4215600.000000 4024446.875000 6770.395508 19 10
4215800.000000 4024446.875000 6505.458496 20 10
4216000.000000 4024446.875000 6240.384277 21 10
4216200.000000 4024446.875000 5974.899902 22 10
4216400.000000 4024446.875000 5709.039063 23 10
4216600.000000 4024446.875000 5444.718750 24 10
4216800.000000 4024446.875000 5183.165039 25 10
4217000.000000 4024446.875000 4926.705566 26 10
4217200.000000 4024446.875000 4676.843262 27 10
4217400.000000 4024446.875000 4435.622070 28 10
4217600.000000 4024446.875000 4196.382324 29 10
4217800.000000 4024446.875000 3952.182617 30 10
4218000.000000 4024446.875000 3694.581055 31 10
4218200.000000 4024446.875000 3414.711670 32 10
4218400.000000 4024446.875000 3103.329102 33 10
4218600.000000 4024446.875000 2755.838379 34 10
4218800.000000 4024446.875000 2407.091553 35 10
4219000.000000 4024446.875000 2106.669678 36 10
4219200.000000 4024446.875000 1844.203613 37 10
4219400.000000 4024446.875000 1598.731689 38 10
4219600.000000 4024446.875000 1360.388062 39 10
4219800.000000 4024446.875000 1126.368164 40 10
4220000.000000 4024446.875000 894.402222 41 10
4220200.000000 4024446.875000 663.779419 42 10
4212000.000000 4024818.750000 11510.834961 1 11
4212200.000000 4024818.750000 11245.460938 2 11
4212400.000000 4024818.750000 10980.117188 3 11
4212600.000000 4024818.750000 10714.849609 4 11
4212800.000000 4024818.750000 10449.660156 5 11
4213000.000000 4024818.750000 10184.575195 6 11
4213200.000000 4024818.750000 9920.091797 7 11
4213400.000000 4024818.750000 9655.208984 8 11
4213600.000000 4024818.750000 9390.943359 9 11
4213800.000000 4024818.750000 9126.272461 10 11
4214000.000000 4024818.750000 8861.706055 11 11
4214200.000000 4024818.750000 8597.225586 12 11
4214400.000000 4024818.750000 8332.811523 13 11
4214600.000000 4024818.750000 8068.457031 14 11
4214800.000000 4024818.750000 7804.114746 15 11
4215000.000000 4024818.750000 7539.763184 16 11
4215200.000000 4024818.750000 7275.345703 17 11
4215400.000000 4024818.750000 7010.834961 18 11
4215600.000000 4024818.750000 6746.685059 19 11
4215800.000000 4024818.750000 6481.875000 20 11
4216000.000000 4024818.750000 6216.982910 21 11
4216200.000000 4024818.750000 5951.729004 22 11
4216400.000000 4024818.750000 5686.168945 23 11
4216600.000000 4024818.750000 5422.191895 24 11
4216800.000000 4024818.750000 5161.043945 25 11
4217000.000000 4024818.750000 4905.141113 26 11
4217200.000000 4024818.750000 4656.075195 27 11
4217400.000000 4024818.750000 4416.073242 28 11
4217600.000000 4024818.750000 4179.457031 29 11
4217800.000000 4024818.750000 3940.350830 30 11
4218000.000000 4024818.750000 3693.297119 31 11
4218200.000000 4024818.750000 3432.350342 32 11
4218400.000000 4024818.750000 3137.983398 33 11
4218600.000000 4024818.750000 2766.810547 34 11
4218800.000000 4024818.750000 2375.604248 35 11
4219000.000000 4024818.750000 2075.048340 36 11
4219200.000000 4024818.750000 1821.723511 37 11
4219400.000000 4024818.750000 1582.119141 38 11
4219600.000000 4024818.750000 1343.325317 39 11
4219800.000000 4024818.750000 1106.863281 40 11
4220000.000000 4024818.750000 874.523438 41 11
4220200.000000 4024818.750000 644.783997 42 11
4212000.000000 4025190.625000 11487.479492 1 12
4212200.000000 4025190.625000 11222.079102 2 12
4212400.000000 4025190.625000 10956.723633 3 12
4212600.000000 4025190.625000 10691.430664 4 12
4212800.000000 4025190.625000 10426.212891 5 12
4213000.000000 4025190.625000 10161.094727 6 12
4213200.000000 4025190.625000 9896.567383 7 12
4213400.000000 4025190.625000 9631.651367 8 12
4213600.000000 4025190.625000 9367.340820 9 12
4213800.000000 4025190.625000 9102.623047 10 12
4214000.000000 4025190.625000 8838.006836 11 12
4214200.000000 4025190.625000 8573.468750 12 12
4214400.000000 4025190.625000 8309.013672 13 12
4214600.000000 4025190.625000 8044.607910 14 12
4214800.000000 4025190.625000 7780.240723 15 12
4215000.000000 4025190.625000 7515.874512 16 12
4215200.000000 4025190.625000 7251.466797 17 12
4215400.000000 4025190.625000 6986.997559 18 12
4215600.000000 4025190.625000 6722.916016 19 12
4215800.000000 4025190.625000 6458.223145 20 12
4216000.000000 4025190.625000 6193.456055 21 12
4216200.000000 4025190.625000 5928.300781 22 12
4216400.000000 4025190.625000 5663.232422 23 12
4216600.000000 4025190.625000 5399.032715 24 12
4216800.000000 4025190.625000 5137.327637 25 12
4217000.000000 4025190.625000 4880.431152 26 12
4217200.000000 4025190.625000 4629.365723 27 12
4217400.000000 4025190.625000 4386.995117 28 12
4217600.000000 4025190.625000 4148.286621 29 12
4217800.000000 4025190.625000 3908.725098 30 12
4218000.000000 4025190.625000 3668.999512 31 12
4218200.000000 4025190.625000 3432.662354 32 12
4218400.000000 4025190.625000 3170.534424 33 12
4218600.000000 4025190.625000 2776.649902 34 12
4218800.000000 4025190.625000 2340.337646 35 12
4219000.000000 4025190.625000 2052.410156 36 12
4219200.000000 4025190.625000 1814.012085 37 12
4219400.000000 4025190.625000 1576.165771 38 12
4219600.000000 4025190.625000 1333.086670 39 12
4219800.000000 4025190.625000 1091.550415 40 12
4220000.000000 4025190.625000 855.816589 41 12
4220200.000000 4025190.625000 624.016663 42 12
4212000.000000 4025562.500000 11464.118164 1 13
4212200.000000 4025562.500000 11198.698242 2 13
4212400.000000 4025562.500000 10933.321289 3 13
4212600.000000 4025562.500000 10667.994141 4 13
4212800.000000 4025562.500000 10402.753906 5 13
4213000.000000 4025562.500000 10137.602539 6 13
4213200.000000 4025562.500000 9873.034180 7 13
4213400.000000 4025562.500000 9608.075195 8 13
4213600.000000 4025562.500000 9343.708008 9 13
4213800.000000 4025562.500000 9078.947266 10 13
4214000.000000 4025562.500000 8814.268555 11 13
4214200.000000 4025562.500000 8549.684570 12 13
4214400.000000 4025562.500000 8285.176758 13 13
4214600.000000 4025562.500000 8020.722168 14 13
4214800.000000 4025562.500000 7756.318359 15 13
4215000.000000 4025562.500000 7491.926270 16 13
4215200.000000 4025562.500000 7227.536133 17 13
4215400.000000 4025562.500000 6963.107910 18 13
4215600.000000 4025562.500000 6698.597656 19 13
4215800.000000 4025562.500000 6434.490723 20 13
4216000.000000 4025562.500000 6169.778320 21 13
4216200.000000 4025562.500000 5904.587891 22 13
4216400.000000 4025562.500000 5639.713379 23 13
4216600.000000 4025562.500000 5374.764648 24 13
4216800.000000 4025562.500000 5112.090332 25 13
4217000.000000 4025562.500000 4852.719238 26 13
4217200.000000 4025562.500000 4597.874512 27 13
4217400.000000 4025562.500000 4348.770996 28 13
4217600.000000 4025562.500000 4099.999023 29 13
4217800.000000 4025562.500000 3847.782227 30 13
4218000.000000 4025562.500000 3591.797607 31 13
4218200.000000 4025562.500000 3338.115723 32 13
4218400.000000 4025562.500000 3076.015625 33 13
4218600.000000 4025562.500000 2702.986084 34 13
4218800.000000 4025562.500000 2320.469971 35 13
4219000.000000 4025562.500000 2065.355225 36 13
4219200.000000 4025562.500000 1829.070557 37 13
4219400.000000 4025562.500000 1580.598999 38 13
4219600.000000 4025562.500000 1326.383911 39 13
4219800.000000 4025562.500000 1077.533936 40 13
4220000.000000 4025562.500000 836.877441 41 13
4220200.000000 4025562.500000 601.263977 42 13
4212000.000000 4025934.375000 11440.744141 1 14
4212200.000000 4025934.375000 11175.313477 2 14
4212400.000000 4025934.375000 10909.913086 3 14
4212600.000000 4025934.375000 10644.559570 4 14
4212800.000000 4025934.375000 10379.288086 5 14
4213000.000000 4025934.375000 10114.090820 6 14
4213200.000000 4025934.375000 9849.490234 7 14
4213400.000000 4025934.375000 9584.476563 8 14
4213600.000000 4025934.375000 9320.066406 9 14
4213800.000000 4025934.375000 9055.250977 10 14
4214000.000000 4025934.375000 8790.514648 11 14
4214200.000000 4025934.375000 8525.871094 12 14
4214400.000000 4025934.375000 8261.296875 13 14
4214600.000000 4025934.375000 7996.797852 14 14
4214800.000000 4025934.375000 7732.353027 15 14
4215000.000000 4025934.375000 7467.939453 16 14
4215200.000000 4025934.375000 7203.555664 17 14
4215400.000000 4025934.375000 6939.156250 18 14
4215600.000000 4025934.375000 6674.716797 19 14
4215800.000000 4025934.375000 6410.174316 20 14
4216000.000000 4025934.375000 6145.471191 21 14
4216200.000000 4025934.375000 5880.622559 22 14
4216400.000000 4025934.375000 5615.238281 23 14
4216600.000000 4025934.375000 5349.668457 24 14
4216800.000000 4025934.375000 5085.446289 25 14
4217000.000000 4025934.375000 4822.734375 26 14
4217200.000000 4025934.375000 4562.437500 27 14
4217400.000000 4025934.375000 4304.747070 28 14
4217600.000000 4025934.375000 4044.423340 29 14
4217800.000000 4025934.375000 3774.173584 30 14
4218000.000000 4025934.375000 3487.857178 31 14
4218200.000000 4025934.375000 3189.445801 32 14
4218400.000000 4025934.375000 2912.959961 33 14
4218600.000000 4025934.375000 2602.585205 34 14
4218800.000000 4025934.375000 2370.944336 35 14
4219000.000000 4025934.375000 2132.286377 36 14
4219200.000000 4025934.375000 1860.700073 37 14
4219400.000000 4025934.375000 1586.197144 38 14
4219600.000000 4025934.375000 1317.717041 39 14
4219800.000000 4025934.375000 1061.699951 40 14
4220000.000000 4025934.375000 815.908203 41 14
4220200.000000 4025934.375000 576.356079 42 14
4212000.000000 4026306.250000 11417.376953 1 15
4212200.000000 4026306.250000 11151.925781 2 15
4212400.000000 4026306.250000 10886.493164 3 15
4212600.000000 4026306.250000 10621.121094 4 15
4212800.000000 4026306.250000 10355.807617 5 15
4213000.000000 4026306.250000 10091.080078 6 15
4213200.000000 4026306.250000 9825.937500 7 15
4213400.000000 4026306.250000 9560.875000 8 15
4213600.000000 4026306.250000 9296.412109 9 15
4213800.000000 4026306.250000 9031.538086 10 15
4214000.000000 4026306.250000 8766.740234 11 15
4214200.000000 4026306.250000 8502.033203 12 15
4214400.000000 4026306.250000 8237.396484 13 15
4214600.000000 4026306.250000 7972.840332 14 15
4214800.000000 4026306.250000 7708.340332 15 15
4215000.000000 4026306.250000 7443.907715 16 15
4215200.000000 4026306.250000 7179.523438 17 15
4215400.000000 4026306.250000 6915.153320 18 15
4215600.000000 4026306.250000 6650.264160 19 15
4215800.000000 4026306.250000 6385.752930 20 15
4216000.000000 4026306.250000 6121.020508 21 15
4216200.000000 4026306.250000 5855.927246 22 15
4216400.000000 4026306.250000 5589.923828 23 15
4216600.000000 4026306.250000 5324.075684 24 15
4216800.000000 4026306.250000 5058.179199 25 15
4217000.000000 4026306.250000 4792.622070 26 15
4217200.000000 4026306.250000 4527.775879 27 15
4217400.000000 4026306.250000 4263.385254 28 15
4217600.000000 4026306.250000 3996.422363 29 15
4217800.000000 4026306.250000 3720.997803 30 15
4218000.000000 4026306.250000 3423.962891 31 15
4218200.000000 4026306.250000 3094.158447 32 15
4218400.000000 4026306.250000 2790.984375 33 15
4218600.000000 4026306.250000 2473.612305 34 15
4218800.000000 4026306.250000 2329.072021 35 15
4219000.000000 4026306.250000 2121.364990 36 15
4219200.000000 4026306.250000 1850.461426 37 15
4219400.000000 4026306.250000 1571.315308 38 15
4219600.000000 4026306.250000 1299.557983 39 15
4219800.000000 4026306.250000 1040.912109 40 15
4220000.000000 4026306.250000 792.013245 41 15
4220200.000000 4026306.250000 549.319214 42 15
4212000.000000 4026678.125000 11394.509766 1 16
4212200.000000 4026678.125000 11129.037109 2 16
4212400.000000 4026678.125000 10863.581055 3 16
4212600.000000 4026678.125000 10598.179688 4 16
4212800.000000 4026678.125000 10332.833008 5 16
4213000.000000 4026678.125000 10067.567383 6 16
4213200.000000 4026678.125000 9802.379883 7 16
4213400.000000 4026678.125000 9537.266602 8 16
4213600.000000 4026678.125000 9272.748047 9 16
4213800.000000 4026678.125000 9007.805664 10 16
4214000.000000 4026678.125000 8742.453125 11 16
4214200.000000 4026678.125000 8477.670898 12 16
4214400.000000 4026678.125000 8212.975586 13 16
4214600.000000 4026678.125000 7948.355957 14 16
4214800.000000 4026678.125000 7684.301758 15 16
4215000.000000 4026678.125000 7419.833008 16 16
4215200.000000 4026678.125000 7155.429199 17 16
4215400.000000 4026678.125000 6890.583496 18 16
4215600.000000 4026678.125000 6626.215332 19 16
4215800.000000 4026678.125000 6361.223633 20 16
4216000.000000 4026678.125000 6096.404785 21 16
4216200.000000 4026678.125000 5831.033691 22 16
4216400.000000 4026678.125000 5564.865723 23 16
4216600.000000 4026678.125000 5298.285645 24 16
4216800.000000 4026678.125000 5031.434082 25 16
4217000.000000 4026678.125000 4763.650391 26 16
4217200.000000 4026678.125000 4495.503906 27 16
4217400.000000 4026678.125000 4227.072266 28 16
4217600.000000 4026678.125000 3959.389404 29 16
4217800.000000 4026678.125000 3694.640869 30 16
4218000.000000 4026678.125000 3421.151367 31 16
4218200.000000 4026678.125000 3124.199219 32 16
4218400.000000 4026678.125000 2886.583008 33 16
4218600.000000 4026678.125000 2578.636963 34 16
4218800.000000 4026678.125000 2363.764404 35 16
4219000.000000 4026678.125000 2101.821533 36 16
4219200.000000 4026678.125000 1818.085571 37 16
4219400.000000 4026678.125000 1540.944824 38 16
4219600.000000 4026678.125000 1273.555786 39 16
4219800.000000 4026678.125000 1016.166809 40 16
4220000.000000 4026678.125000 766.005981 41 16
4220200.000000 4026678.125000 520.460693 42 16
4212000.000000 4027050.000000 11371.145508 1 17
4212200.000000 4027050.000000 11105.643555 2 17
4212400.000000 4027050.000000 10840.170898 3 17
4212600.000000 4027050.000000 10574.732422 4 17
4212800.000000 4027050.000000 10309.360352 5 17
4213000.000000 4027050.000000 10044.054688 6 17
4213200.000000 4027050.000000 9778.812500 7 17
4213400.000000 4027050.000000 9513.657227 8 17
4213600.000000 4027050.000000 9249.073242 9 17
4213800.000000 4027050.000000 8984.076172 10 17
4214000.000000 4027050.000000 8719.156250 11 17
4214200.000000 4027050.000000 8453.804688 12 17
4214400.000000 4027050.000000 8189.038574 13 17
4214600.000000 4027050.000000 7924.341797 14 17
4214800.000000 4027050.000000 7659.735352 15 17
4215000.000000 4027050.000000 7395.719727 16 17
4215200.000000 4027050.000000 7130.790039 17 17
4215400.000000 4027050.000000 6866.439453 18 17
4215600.000000 4027050.000000 6601.577637 19 17
4215800.000000 4027050.000000 6336.566895 20 17
4216000.000000 4027050.000000 6071.140625 21 17
4216200.000000 4027050.000000 5805.971191 22 17
4216400.000000 4027050.000000 5539.684570 23 17
4216600.000000 4027050.000000 5273.093262 24 17
4216800.000000 4027050.000000 5005.312012 25 17
4217000.000000 4027050.000000 4736.261230 26 17
4217200.000000 4027050.000000 4466.011719 27 17
4217400.000000 4027050.000000 4192.476563 28 17
4217600.000000 4027050.000000 3919.372803 29 17
4217800.000000 4027050.000000 3655.127930 30 17
4218000.000000 4027050.000000 3400.172119 31 17
4218200.000000 4027050.000000 3145.979492 32 17
4218400.000000 4027050.000000 2928.040039 33 17
4218600.000000 4027050.000000 2603.875000 34 17
4218800.000000 4027050.000000 2316.206055 35 17
4219000.000000 4027050.000000 2041.745117 36 17
4219200.000000 4027050.000000 1769.126343 37 17
4219400.000000 4027050.000000 1502.154053 38 17
4219600.000000 4027050.000000 1242.143555 39 17
4219800.000000 4027050.000000 988.280273 40 17
4220000.000000 4027050.000000 738.078918 41 17
4220200.000000 4027050.000000 490.335052 42 17
4212000.000000 4027421.875000 11347.786133 1 18
4212200.000000 4027421.875000 11082.261719 2 18
4212400.000000 4027421.875000 10816.764648 3 18
4212600.000000 4027421.875000 10551.296875 4 18
4212800.000000 4027421.875000 10285.890625 5 18
4213000.000000 4027421.875000 10020.537109 6 18
4213200.000000 4027421.875000 9755.756836 7 18
4213400.000000 4027421.875000 9490.548828 8 18
4213600.000000 4027421.875000 9225.407227 9 18
4213800.000000 4027421.875000 8960.347656 10 18
4214000.000000 4027421.875000 8695.350586 11 18
4214200.000000 4027421.875000 8430.434570 12 18
4214400.000000 4027421.875000 8165.086426 13 18
4214600.000000 4027421.875000 7900.323730 14 18
4214800.000000 4027421.875000 7635.647949 15 18
4215000.000000 4027421.875000 7371.564453 16 18
4215200.000000 4027421.875000 7106.599121 17 18
4215400.000000 4027421.875000 6841.712402 18 18
4215600.000000 4027421.875000 6576.837891 19 18
4215800.000000 4027421.875000 6311.777832 20 18
4216000.000000 4027421.875000 6046.249023 21 18
4216200.000000 4027421.875000 5780.828125 22 18
4216400.000000 4027421.875000 5515.624023 23 18
4216600.000000 4027421.875000 5249.463379 24 18
4216800.000000 4027421.875000 4982.133789 25 18
4217000.000000 4027421.875000 4713.208008 26 18
4217200.000000 4027421.875000 4441.880859 27 18
4217400.000000 4027421.875000 4161.581055 28 18
4217600.000000 4027421.875000 3875.485596 29 18
4217800.000000 4027421.875000 3596.402344 30 18
4218000.000000 4027421.875000 3345.249268 31 18
4218200.000000 4027421.875000 3150.550049 32 18
4218400.000000 4027421.875000 2948.180176 33 18
4218600.000000 4027421.875000 2610.195313 34 18
4218800.000000 4027421.875000 2282.364014 35 18
4219000.000000 4027421.875000 1991.427124 36 18
4219200.000000 4027421.875000 1723.533203 37 18
4219400.000000 4027421.875000 1465.685425 38 18
4219600.000000 4027421.875000 1212.234253 39 18
4219800.000000 4027421.875000 960.897095 40 18
4220000.000000 4027421.875000 710.838196 41 18
4220200.000000 4027421.875000 461.193237 42 18
4212000.000000 4027793.750000 11324.423828 1 19
4212200.000000 4027793.750000 11058.886719 2 19
4212400.000000 4027793.750000 10793.365234 3 19
4212600.000000 4027793.750000 10527.869141 4 19
4212800.000000 4027793.750000 10262.428711 5 19
4213000.000000 4027793.750000 9997.034180 6 19
4213200.000000 4027793.750000 9732.208984 7 19
4213400.000000 4027793.750000 9466.941406 8 19
4213600.000000 4027793.750000 9201.750000 9 19
4213800.000000 4027793.750000 8936.625000 10 19
4214000.000000 4027793.750000 8671.558594 11 19
4214200.000000 4027793.750000 8406.569336 12 19
4214400.000000 4027793.750000 8141.143066 13 19
4214600.000000 4027793.750000 7876.301758 14 19
4214800.000000 4027793.750000 7611.539063 15 19
4215000.000000 4027793.750000 7347.390137 16 19
4215200.000000 4027793.750000 7082.359863 17 19
4215400.000000 4027793.750000 6817.420410 18 19
4215600.000000 4027793.750000 6551.993164 19 19
4215800.000000 4027793.750000 6286.392578 20 19
4216000.000000 4027793.750000 6020.780762 21 19
4216200.000000 4027793.750000 5755.754883 22 19
4216400.000000 4027793.750000 5491.442383 23 19
4216600.000000 4027793.750000 5226.346680 24 19
4216800.000000 4027793.750000 4960.571289 25 19
4217000.000000 4027793.750000 4693.430664 26 19
4217200.000000 4027793.750000 4423.623047 27 19
4217400.000000 4027793.750000 4138.344238 28 19
4217600.000000 4027793.750000 3836.282959 29 19
4217800.000000 4027793.750000 3525.653809 30 19
4218000.000000 4027793.750000 3247.262451 31 19
4218200.000000 4027793.750000 3076.395020 32 19
4218400.000000 4027793.750000 2885.902588 33 19
4218600.000000 4027793.750000 2548.708252 34 19
4218800.000000 4027793.750000 2233.535889 35 19
4219000.000000 4027793.750000 1950.075928 36 19
4219200.000000 4027793.750000 1686.385620 37 19
4219400.000000 4027793.750000 1435.635986 38 19
4219600.000000 4027793.750000 1186.672607 39 19
4219800.000000 4027793.750000 936.457275 40 19
4220000.000000 4027793.750000 684.818848 41 19
4220200.000000 4027793.750000 432.560638 42 19
4212000.000000 4028165.625000 11301.078125 1 20
4212200.000000 4028165.625000 11035.520508 2 20
4212400.000000 4028165.625000 10769.965820 3 20
4212600.000000 4028165.625000 10504.450195 4 20
4212800.000000 4028165.625000 10238.967773 5 20
4213000.000000 4028165.625000 9973.542969 6 20
4213200.000000 4028165.625000 9708.671875 7 20
4213400.000000 4028165.625000 9443.353516 8 20
4213600.000000 4028165.625000 9178.103516 9 20
4213800.000000 4028165.625000 8912.907227 10 20
4214000.000000 4028165.625000 8647.779297 11 20
4214200.000000 4028165.625000 8382.714844 12 20
4214400.000000 4028165.625000 8117.208984 13 20
4214600.000000 4028165.625000 7852.283203 14 20
4214800.000000 4028165.625000 7587.433594 15 20
4215000.000000 4028165.625000 7323.196777 16 20
4215200.000000 4028165.625000 7058.073242 17 20
4215400.000000 4028165.625000 6793.063477 18 20
4215600.000000 4028165.625000 6527.571777 19 20
4215800.000000 4028165.625000 6261.426758 20 20
4216000.000000 4028165.625000 5995.800293 21 20
4216200.000000 4028165.625000 5731.325684 22 20
4216400.000000 4028165.625000 5467.736816 23 20
4216600.000000 4028165.625000 5204.262207 24 20
4216800.000000 4028165.625000 4940.863770 25 20
4217000.000000 4028165.625000 4676.665527 26 20
4217200.000000 4028165.625000 4409.434082 27 20
4217400.000000 4028165.625000 4125.075684 28 20
4217600.000000 4028165.625000 3821.917480 29 20
4217800.000000 4028165.625000 3514.358643 30 20
4218000.000000 4028165.625000 3231.413818 31 20
4218200.000000 4028165.625000 3032.340820 32 20
4218400.000000 4028165.625000 2827.529053 33 20
4218600.000000 4028165.625000 2471.387939 34 20
4218800.000000 4028165.625000 2154.527832 35 20
4219000.000000 4028165.625000 1897.076904 36 20
4219200.000000 4028165.625000 1655.457764 37 20
4219400.000000 4028165.625000 1412.547852 38 20
4219600.000000 4028165.625000 1166.112793 39 20
4219800.000000 4028165.625000 914.337036 40 20
4220000.000000 4028165.625000 660.184570 41 20
4220200.000000 4028165.625000 405.018555 42 20
4212000.000000 4028537.500000 11277.742188 1 21
4212200.000000 4028537.500000 11012.154297 2 21
4212400.000000 4028537.500000 10746.584961 3 21
4212600.000000 4028537.500000 10481.041992 4 21
4212800.000000 4028537.500000 10215.526367 5 21
4213000.000000 4028537.500000 9950.064453 6 21
4213200.000000 4028537.500000 9685.141602 7 21
4213400.000000 4028537.500000 9419.780273 8 21
4213600.000000 4028537.500000 9154.474609 9 21
4213800.000000 4028537.500000 8889.214844 10 21
4214000.000000 4028537.500000 8624.017578 11 21
4214200.000000 4028537.500000 8358.870117 12 21
4214400.000000 4028537.500000 8093.291016 13 21
4214600.000000 4028537.500000 7828.269531 14 21
4214800.000000 4028537.500000 7563.334473 15 21
4215000.000000 4028537.500000 7298.997559 16 21
4215200.000000 4028537.500000 7033.769531 17 21
4215400.000000 4028537.500000 6768.659668 18 21
4215600.000000 4028537.500000 6503.085449 19 21
4215800.000000 4028537.500000 6236.893555 20 21
4216000.000000 4028537.500000 5971.317383 21 21
4216200.000000 4028537.500000 5707.027832 22 21
4216400.000000 4028537.500000 5444.375488 23 21
4216600.000000 4028537.500000 5181.751953 24 21
4216800.000000 4028537.500000 4920.289063 25 21
4217000.000000 4028537.500000 4658.785156 26 21
4217200.000000 4028537.500000 4394.658691 27 21
4217400.000000 4028537.500000 4113.411621 28 21
4217600.000000 4028537.500000 3813.229980 29 21
4217800.000000 4028537.500000 3509.260986 30 21
4218000.000000 4028537.500000 3219.689697 31 21
4218200.000000 4028537.500000 2995.403320 32 21
4218400.000000 4028537.500000 2835.888428 33 21
4218600.000000 4028537.500000 2508.596924 34 21
4218800.000000 4028537.500000 2180.078125 35 21
4219000.000000 4028537.500000 1906.509033 36 21
4219200.000000 4028537.500000 1652.385742 37 21
4219400.000000 4028537.500000 1402.137573 38 21
4219600.000000 4028537.500000 1149.614014 39 21
4219800.000000 4028537.500000 893.968994 40 21
4220000.000000 4028537.500000 636.469788 41 21
4220200.000000 4028537.500000 377.829498 42 21
4212000.000000 4028909.375000 11254.416016 1 22
4212200.000000 4028909.375000 10988.807617 2 22
4212400.000000 4028909.375000 10723.215820 3 22
4212600.000000 4028909.375000 10457.637695 4 22
4212800.000000 4028909.375000 10192.099609 5 22
4213000.000000 4028909.375000 9926.600586 6 22
4213200.000000 4028909.375000 9661.635742 7 22
4213400.000000 4028909.375000 9396.226563 8 22
4213600.000000 4028909.375000 9130.857422 9 22
4213800.000000 4028909.375000 8865.544922 10 22
4214000.000000 4028909.375000 8600.272461 11 22
4214200.000000 4028909.375000 8334.558594 12 22
4214400.000000 4028909.375000 8069.398438 13 22
4214600.000000 4028909.375000 7804.287109 14 22
4214800.000000 4028909.375000 7539.253418 15 22
4215000.000000 4028909.375000 7274.798828 16 22
4215200.000000 4028909.375000 7009.460449 17 22
4215400.000000 4028909.375000 6744.221680 18 22
4215600.000000 4028909.375000 6478.557129 19 22
4215800.000000 4028909.375000 6212.326172 20 22
4216000.000000 4028909.375000 5946.826660 21 22
4216200.000000 4028909.375000 5682.793457 22 22
4216400.000000 4028909.375000 5420.179688 23 22
4216600.000000 4028909.375000 5158.393555 24 22
4216800.000000 4028909.375000 4897.528320 25 22
4217000.000000 4028909.375000 4637.238770 26 22
4217200.000000 4028909.375000 4374.355469 27 22
4217400.000000 4028909.375000 4094.989746 28 22
4217600.000000 4028909.375000 3798.305176 29 22
4217800.000000 4028909.375000 3490.569824 30 22
4218000.000000 4028909.375000 3173.484375 31 22
4218200.000000 4028909.375000 2904.138916 32 22
4218400.000000 4028909.375000 2774.535156 33 22
4218600.000000 4028909.375000 2512.632080 34 22
4218800.000000 4028909.375000 2209.654785 35 22
4219000.000000 4028909.375000 1926.150757 36 22
4219200.000000 4028909.375000 1657.725464 37 22
4219400.000000 4028909.375000 1395.866089 38 22
4219600.000000 4028909.375000 1135.200684 39 22
4219800.000000 4028909.375000 874.446472 40 22
4220000.000000 4028909.375000 613.207214 41 22
4220200.000000 4028909.375000 351.083344 42 22
4212000.000000 4029281.250000 11231.091797 1 23
4212200.000000 4029281.250000 10965.472656 2 23
4212400.000000 4029281.250000 10699.859375 3 23
4212600.000000 4029281.250000 10434.255859 4 23
4212800.000000 4029281.250000 10168.688477 5 23
4213000.000000 4029281.250000 9903.147461 6 23
4213200.000000 4029281.250000 9638.150391 7 23
4213400.000000 4029281.250000 9372.694336 8 23
4213600.000000 4029281.250000 9107.272461 9 23
4213800.000000 4029281.250000 8841.901367 10 23
4214000.000000 4029281.250000 8576.065430 11 23
4214200.000000 4029281.250000 8310.779297 12 23
4214400.000000 4029281.250000 8045.530762 13 23
4214600.000000 4029281.250000 7780.338867 14 23
4214800.000000 4029281.250000 7515.196289 15 23
4215000.000000 4029281.250000 7250.634766 16 23
4215200.000000 4029281.250000 6985.166016 17 23
4215400.000000 4029281.250000 6719.791016 18 23
4215600.000000 4029281.250000 6454.008789 19 23
4215800.000000 4029281.250000 6188.227539 20 23
4216000.000000 4029281.250000 5922.805176 21 23
4216200.000000 4029281.250000 5658.580566 22 23
4216400.000000 4029281.250000 5396.029785 23 23
4216600.000000 4029281.250000 5134.562988 24 23
4216800.000000 4029281.250000 4873.628906 25 23
4217000.000000 4029281.250000 4613.185059 26 23
4217200.000000 4029281.250000 4350.650391 27 23
4217400.000000 4029281.250000 4077.041992 28 23
4217600.000000 4029281.250000 3791.047852 29 23
4217800.000000 4029281.250000 3499.188232 30 23
4218000.000000 4029281.250000 3202.941650 31 23
4218200.000000 4029281.250000 2919.027832 32 23
4218400.000000 4029281.250000 2736.428955 33 23
4218600.000000 4029281.250000 2492.151855 34 23
4218800.000000 4029281.250000 2213.098145 35 23
4219000.000000 4029281.250000 1932.031982 36 23
4219200.000000 4029281.250000 1656.132202 37 23
4219400.000000 4029281.250000 1385.525635 38 23
4219600.000000 4029281.250000 1118.620483 39 23
4219800.000000 4029281.250000 853.410828 40 23
4220000.000000 4029281.250000 589.046997 41 23
4220200.000000 4029281.250000 325.000061 42 23
4212000.000000 4029653.125000 11207.787109 1 24
4212200.000000 4029653.125000 10942.149414 2 24
4212400.000000 4029653.125000 10676.507813 3 24
4212600.000000 4029653.125000 10410.889648 4 24
4212800.000000 4029653.125000 10145.294922 5 24
4213000.000000 4029653.125000 9879.720703 6 24
4213200.000000 4029653.125000 9614.186523 7 24
4213400.000000 4029653.125000 9349.178711 8 24
4213600.000000 4029653.125000 9083.715820 9 24
4213800.000000 4029653.125000 8818.281250 10 24
4214000.000000 4029653.125000 8552.390625 11 24
4214200.000000 4029653.125000 8287.036133 12 24
4214400.000000 4029653.125000 8021.711426 13 24
4214600.000000 4029653.125000 7756.433105 14 24
4214800.000000 4029653.125000 7491.190918 15 24
4215000.000000 4029653.125000 7226.512207 16 24
4215200.000000 4029653.125000 6960.898926 17 24
4215400.000000 4029653.125000 6695.383301 18 24
4215600.000000 4029653.125000 6429.455566 19 24
4215800.000000 4029653.125000 6163.606934 20 24
4216000.000000 4029653.125000 5898.744629 21 24
4216200.000000 4029653.125000 5634.803223 22 24
4216400.000000 4029653.125000 5371.819824 23 24
4216600.000000 4029653.125000 5110.178223 24 24
4216800.000000 4029653.125000 4849.199219 25 24
4217000.000000 4029653.125000 4589.324219 26 24
4217200.000000 4029653.125000 4328.315918 27 24
4217400.000000 4029653.125000 4063.261719 28 24
4217600.000000 4029653.125000 3793.672119 29 24
4217800.000000 4029653.125000 3526.662109 30 24
4218000.000000 4029653.125000 3264.329346 31 24
4218200.000000 4029653.125000 2991.631348 32 24
4218400.000000 4029653.125000 2744.914795 33 24
4218600.000000 4029653.125000 2482.827148 34 24
4218800.000000 4029653.125000 2205.168457 35 24
4219000.000000 4029653.125000 1922.854980 36 24
4219200.000000 4029653.125000 1643.436401 37 24
4219400.000000 4029653.125000 1368.803223 38 24
4219600.000000 4029653.125000 1098.269531 39 24
4219800.000000 4029653.125000 830.650696 40 24
4220000.000000 4029653.125000 564.239807 41 24
4220200.000000 4029653.125000 298.558044 42 24
4212000.000000 4030025.000000 11184.494141 1 25
4212200.000000 4030025.000000 10918.838867 2 25
4212400.000000 4030025.000000 10653.177734 3 25
4212600.000000 4030025.000000 10387.538086 4 25
4212800.000000 4030025.000000 10121.910156 5 25
4213000.000000 4030025.000000 9856.314453 6 25
4213200.000000 4030025.000000 9590.737305 7 25
4213400.000000 4030025.000000 9325.197266 8 25
4213600.000000 4030025.000000 9060.188477 9 25
4213800.000000 4030025.000000 8794.701172 10 25
4214000.000000 4030025.000000 8528.752930 11 25
4214200.000000 4030025.000000 8263.325195 12 25
4214400.000000 4030025.000000 7997.936523 13 25
4214600.000000 4030025.000000 7732.567871 14 25
4214800.000000 4030025.000000 7467.238281 15 25
4215000.000000 4030025.000000 7202.445801 16 25
4215200.000000 4030025.000000 6936.696289 17 25
4215400.000000 4030025.000000 6671.024902 18 25
4215600.000000 4030025.000000 6405.439941 19 25
4215800.000000 4030025.000000 6139.476563 20 25
4216000.000000 4030025.000000 5874.611816 21 25
4216200.000000 4030025.000000 5610.865234 22 25
4216400.000000 4030025.000000 5347.839355 23 25
4216600.000000 4030025.000000 5085.395020 24 25
4216800.000000 4030025.000000 4824.271973 25 25
4217000.000000 4030025.000000 4564.878906 26 25
4217200.000000 4030025.000000 4306.296875 27 25
4217400.000000 4030025.000000 4047.756592 28 25
4217600.000000 4030025.000000 3788.749023 29 25
4217800.000000 4030025.000000 3532.077393 30 25
4218000.000000 4030025.000000 3276.102051 31 25
4218200.000000 4030025.000000 3009.415771 32 25
4218400.000000 4030025.000000 2741.521240 33 25
4218600.000000 4030025.000000 2468.161621 34 25
4218800.000000 4030025.000000 2187.223145 35 25
4219000.000000 4030025.000000 1903.756714 36 25
4219200.000000 4030025.000000 1623.521118 37 25
4219400.000000 4030025.000000 1347.243042 38 25
4219600.000000 4030025.000000 1075.150146 39 25
4219800.000000 4030025.000000 806.589294 40 25
4220000.000000 4030025.000000 539.133057 41 25
4220200.000000 4030025.000000 272.486053 42 25
4212000.000000 4030396.875000 11161.210938 1 26
4212200.000000 4030396.875000 10895.530273 2 26
4212400.000000 4030396.875000 10629.860352 3 26
4212600.000000 4030396.875000 10364.193359 4 26
4212800.000000 4030396.875000 10098.549805 5 26
4213000.000000 4030396.875000 9832.926758 6 26
4213200.000000 4030396.875000 9567.317383 7 26
4213400.000000 4030396.875000 9301.741211 8 26
4213600.000000 4030396.875000 9036.680664 9 26
4213800.000000 4030396.875000 8771.154297 10 26
4214000.000000 4030396.875000 8505.144531 11 26
4214200.000000 4030396.875000 8239.666016 12 26
4214400.000000 4030396.875000 7974.209473 13 26
4214600.000000 4030396.875000 7708.765137 14 26
4214800.000000 4030396.875000 7443.347656 15 26
4215000.000000 4030396.875000 7178.440918 16 26
4215200.000000 4030396.875000 6912.570313 17 26
4215400.000000 4030396.875000 6647.243652 18 26
4215600.000000 4030396.875000 6381.488770 19 26
4215800.000000 4030396.875000 6115.867188 20 26
4216000.000000 4030396.875000 5850.909668 21 26
4216200.000000 4030396.875000 5586.704102 22 26
4216400.000000 4030396.875000 5322.898438 23 26
4216600.000000 4030396.875000 5060.356445 24 26
4216800.000000 4030396.875000 4798.677246 25 26
4217000.000000 4030396.875000 4539.152832 26 26
4217200.000000 4030396.875000 4281.447754 27 26
4217400.000000 4030396.875000 4025.509766 28 26
4217600.000000 4030396.875000 3770.812744 29 26
4217800.000000 4030396.875000 3517.069580 30 26
4218000.000000 4030396.875000 3259.941895 31 26
4218200.000000 4030396.875000 2993.714111 32 26
4218400.000000 4030396.875000 2721.227783 33 26
4218600.000000 4030396.875000 2443.413574 34 26
4218800.000000 4030396.875000 2160.944092 35 26
4219000.000000 4030396.875000 1878.064697 36 26
4219200.000000 4030396.875000 1597.867676 37 26
4219400.000000 4030396.875000 1321.842651 38 26
4219600.000000 4030396.875000 1050.196655 39 26
4219800.000000 4030396.875000 781.200806 40 26
4220000.000000 4030396.875000 513.770447 41 26
4220200.000000 4030396.875000 247.024277 42 26
4212000.000000 4030768.750000 11137.928711 1 27
4212200.000000 4030768.750000 10872.242188 2 27
4212400.000000 4030768.750000 10606.556641 3 27
4212600.000000 4030768.750000 10340.871094 4 27
4212800.000000 4030768.750000 10075.207031 5 27
4213000.000000 4030768.750000 9809.550781 6 27
4213200.000000 4030768.750000 9543.920898 7 27
4213400.000000 4030768.750000 9278.311523 8 27
4213600.000000 4030768.750000 9013.212891 9 27
4213800.000000 4030768.750000 8747.642578 10 27
4214000.000000 4030768.750000 8481.583984 11 27
4214200.000000 4030768.750000 8216.051758 12 27
4214400.000000 4030768.750000 7950.526367 13 27
4214600.000000 4030768.750000 7685.022461 14 27
4214800.000000 4030768.750000 7419.526367 15 27
4215000.000000 4030768.750000 7154.026367 16 27
4215200.000000 4030768.750000 6888.539551 17 27
4215400.000000 4030768.750000 6623.061035 18 27
4215600.000000 4030768.750000 6357.641602 19 27
4215800.000000 4030768.750000 6091.821289 20 27
4216000.000000 4030768.750000 5826.690918 21 27
4216200.000000 4030768.750000 5561.854980 22 27
4216400.000000 4030768.750000 5297.995605 23 27
4216600.000000 4030768.750000 5034.942871 24 27
4216800.000000 4030768.750000 4772.646973 25 27
4217000.000000 4030768.750000 4512.219238 26 27
4217200.000000 4030768.750000 4254.162598 27 27
4217400.000000 4030768.750000 3997.936768 28 27
4217600.000000 4030768.750000 3742.519775 29 27
4217800.000000 4030768.750000 3487.170654 30 27
4218000.000000 4030768.750000 3228.115967 31 27
4218200.000000 4030768.750000 2961.505371 32 27
4218400.000000 4030768.750000 2688.186523 33 27
4218600.000000 4030768.750000 2410.121826 34 27
4218800.000000 4030768.750000 2129.406494 35 27
4219000.000000 4030768.750000 1848.417725 36 27
4219200.000000 4030768.750000 1570.283447 37 27
4219400.000000 4030768.750000 1295.716675 38 27
4219600.000000 4030768.750000 1024.821533 39 27
4219800.000000 4030768.750000 756.309082 40 27
4220000.000000 4030768.750000 489.082886 41 27
4220200.000000 4030768.750000 222.306015 42 27
4212000.000000 4031140.625000 11114.664063 1 28
4212200.000000 4031140.625000 10848.963867 2 28
4212400.000000 4031140.625000 10583.255859 3 28
4212600.000000 4031140.625000 10317.562500 4 28
4212800.000000 4031140.625000 10051.879883 5 28
4213000.000000 4031140.625000 9786.202148 6 28
4213200.000000 4031140.625000 9520.546875 7 28
4213400.000000 4031140.625000 9254.899414 8 28
4213600.000000 4031140.625000 8989.275391 9 28
4213800.000000 4031140.625000 8723.658203 10 28
4214000.000000 4031140.625000 8458.063477 11 28
4214200.000000 4031140.625000 8192.482422 12 28
4214400.000000 4031140.625000 7926.904297 13 28
4214600.000000 4031140.625000 7661.340820 14 28
4214800.000000 4031140.625000 7395.768555 15 28
4215000.000000 4031140.625000 7130.197754 16 28
4215200.000000 4031140.625000 6864.604980 17 28
4215400.000000 4031140.625000 6599.011719 18 28
4215600.000000 4031140.625000 6333.433594 19 28
4215800.000000 4031140.625000 6067.414063 20 28
4216000.000000 4031140.625000 5802.047852 21 28
4216200.000000 4031140.625000 5537.441406 22 28
4216400.000000 4031140.625000 5272.803711 23 28
4216600.000000 4031140.625000 5008.894043 24 28
4216800.000000 4031140.625000 4746.037109 25 28
4217000.000000 4031140.625000 4484.625977 26 28
4217200.000000 4031140.625000 4224.941895 27 28
4217400.000000 4031140.625000 3966.895996 28 28
4217600.000000 4031140.625000 3709.584717 29 28
4217800.000000 4031140.625000 3451.201660 30 28
4218000.000000 4031140.625000 3189.826660 31 28
4218200.000000 4031140.625000 2922.589111 32 28
4218400.000000 4031140.625000 2649.595459 33 28
4218600.000000 4031140.625000 2372.987793 34 28
4218800.000000 4031140.625000 2094.975586 35 28
4219000.000000 4031140.625000 1817.435791 36 28
4219200.000000 4031140.625000 1542.074951 37 28
4219400.000000 4031140.625000 1269.886108 38 28
4219600.000000 4031140.625000 999.905823 39 28
4219800.000000 4031140.625000 731.876404 40 28
4220000.000000 4031140.625000 464.737427 41 28
4220200.000000 4031140.625000 198.296188 42 28
4212000.000000 4031512.500000 11091.406250 1 29
4212200.000000 4031512.500000 10825.694336 2 29
4212400.000000 4031512.500000 10559.973633 3 29
4212600.000000 4031512.500000 10294.266602 4 29
4212800.000000 4031512.500000 10028.559570 5 29
4213000.000000 4031512.500000 9762.871094 6 29
4213200.000000 4031512.500000 9497.185547 7 29
4213400.000000 4031512.500000 9231.519531 8 29
4213600.000000 4031512.500000 8965.865234 9 29
4213800.000000 4031512.500000 8700.213867 10 29
4214000.000000 4031512.500000 8434.581055 11 29
4214200.000000 4031512.500000 8168.948730 12 29
4214400.000000 4031512.500000 7903.332031 13 29
4214600.000000 4031512.500000 7637.717285 14 29
4214800.000000 4031512.500000 7372.088867 15 29
4215000.000000 4031512.500000 7106.453613 16 29
4215200.000000 4031512.500000 6840.784180 17 29
4215400.000000 4031512.500000 6575.094238 18 29
4215600.000000 4031512.500000 6309.377930 19 29
4215800.000000 4031512.500000 6043.687012 20 29
4216000.000000 4031512.500000 5778.079590 21 29
4216200.000000 4031512.500000 5512.657227 22 29
4216400.000000 4031512.500000 5247.607422 23 29
4216600.000000 4031512.500000 4983.132324 24 29
4216800.000000 4031512.500000 4719.481934 25 29
4217000.000000 4031512.500000 4456.351074 26 29
4217200.000000 4031512.500000 4194.873535 27 29
4217400.000000 4031512.500000 3934.874512 28 29
4217600.000000 4031512.500000 3675.155029 29 29
4217800.000000 4031512.500000 3413.937256 30 29
4218000.000000 4031512.500000 3150.603271 31 29
4218200.000000 4031512.500000 2883.034424 32 29
4218400.000000 4031512.500000 2611.324219 33 29
4218600.000000 4031512.500000 2336.671387 34 29
4218800.000000 4031512.500000 2061.673584 35 29
4219000.000000 4031512.500000 1787.186768 36 29
4219200.000000 4031512.500000 1515.033203 37 29
4219400.000000 4031512.500000 1245.052368 38 29
4219600.000000 4031512.500000 976.280090 39 29
4219800.000000 4031512.500000 708.471802 40 29
4220000.000000 4031512.500000 441.168976 41 29
4220200.000000 4031512.500000 174.876678 42 29
4212000.000000 4031884.375000 11068.155273 1 30
4212200.000000 4031884.375000 10802.423828 2 30
4212400.000000 4031884.375000 10536.701172 3 30
4212600.000000 4031884.375000 10270.982422 4 30
4212800.000000 4031884.375000 10005.260742 5 30
4213000.000000 4031884.375000 9739.555664 6 30
4213200.000000 4031884.375000 9473.850586 7 30
4213400.000000 4031884.375000 9208.161133 8 30
4213600.000000 4031884.375000 8942.472656 9 30
4213800.000000 4031884.375000 8676.799805 10 30
4214000.000000 4031884.375000 8411.132813 11 30
4214200.000000 4031884.375000 8145.463867 12 30
4214400.000000 4031884.375000 7879.806152 13 30
4214600.000000 4031884.375000 7614.139648 14 30
4214800.000000 4031884.375000 7348.473633 15 30
4215000.000000 4031884.375000 7082.780762 16 30
4215200.000000 4031884.375000 6817.064941 17 30
4215400.000000 4031884.375000 6551.307129 18 30
4215600.000000 4031884.375000 6285.497559 19 30
4215800.000000 4031884.375000 6019.669434 20 30
4216000.000000 4031884.375000 5753.849121 21 30
4216200.000000 4031884.375000 5488.137207 22 30
4216400.000000 4031884.375000 5222.659668 23 30
4216600.000000 4031884.375000 4957.579590 24 30
4216800.000000 4031884.375000 4693.078613 25 30
4217000.000000 4031884.375000 4429.259766 26 30
4217200.000000 4031884.375000 4166.159180 27 30
4217400.000000 4031884.375000 3903.581055 28 30
4217600.000000 4031884.375000 3641.541016 29 30
4217800.000000 4031884.375000 3378.187988 30 30
4218000.000000 4031884.375000 3113.033936 31 30
4218200.000000 4031884.375000 2845.452881 32 30
4218400.000000 4031884.375000 2575.050537 33 30
4218600.000000 4031884.375000 2303.154053 34 30
4218800.000000 4031884.375000 2030.800049 35 30
4219000.000000 4031884.375000 1759.397095 36 30
4219200.000000 4031884.375000 1489.484009 37 30
4219400.000000 4031884.375000 1220.811279 38 30
4219600.000000 4031884.375000 952.870422 39 30
4219800.000000 4031884.375000 685.460754 40 30
4220000.000000 4031884.375000 418.758575 41 30
4220200.000000 4031884.375000 151.897873 42 30
4212000.000000 4032256.250000 11044.908203 1 31
4212200.000000 4032256.250000 10779.166992 2 31
4212400.000000 4032256.250000 10513.434570 3 31
4212600.000000 4032256.250000 10247.697266 4 31
4212800.000000 4032256.250000 9981.972656 5 31
4213000.000000 4032256.250000 9716.252930 6 31
4213200.000000 4032256.250000 9450.531250 7 31
4213400.000000 4032256.250000 9184.822266 8 31
4213600.000000 4032256.250000 8919.110352 9 31
4213800.000000 4032256.250000 8653.411133 10 31
4214000.000000 4032256.250000 8387.707031 11 31
4214200.000000 4032256.250000 8122.014160 12 31
4214400.000000 4032256.250000 7856.322266 13 31
4214600.000000 4032256.250000 7590.620117 14 31
4214800.000000 4032256.250000 7324.917969 15 31
4215000.000000 4032256.250000 7059.189453 16 31
4215200.000000 4032256.250000 6793.437500 17 31
4215400.000000 4032256.250000 6527.630371 18 31
4215600.000000 4032256.250000 6261.772949 19 31
4215800.000000 4032256.250000 5995.854980 20 31
4216000.000000 4032256.250000 5729.886719 21 31
4216200.000000 4032256.250000 5463.936035 22 31
4216400.000000 4032256.250000 5198.080078 23 31
4216600.000000 4032256.250000 4932.458496 24 31
4216800.000000 4032256.250000 4667.174316 25 31
4217000.000000 4032256.250000 4402.323242 26 31
4217200.000000 4032256.250000 4137.891113 27 31
4217400.000000 4032256.250000 3873.726563 28 31
4217600.000000 4032256.250000 3609.512939 29 31
4217800.000000 4032256.250000 3344.719971 30 31
4218000.000000 4032256.250000 3078.802979 31 31
4218200.000000 4032256.250000 2811.406006 32 31
4218400.000000 4032256.250000 2542.658936 33 31
4218600.000000 4032256.250000 2272.570068 34 31
4218800.000000 4032256.250000 2002.787720 35 31
4219000.000000 4032256.250000 1733.389526 36 31
4219200.000000 4032256.250000 1465.208374 37 31
4219400.000000 4032256.250000 1197.402466 38 31
4219600.000000 4032256.250000 929.934814 39 31
4219800.000000 4032256.250000 663.171265 40 31
4220000.000000 4032256.250000 396.357788 41 31
4220200.000000 4032256.250000 129.290634 42 31
4212000.000000 4032628.125000 11021.656250 1 32
4212200.000000 4032628.125000 10755.915039 2 32
4212400.000000 4032628.125000 10490.165039 3 32
4212600.000000 4032628.125000 10224.426758 4 32
4212800.000000 4032628.125000 9958.691406 5 32
4213000.000000 4032628.125000 9692.951172 6 32
4213200.000000 4032628.125000 9427.222656 7 32
4213400.000000 4032628.125000 9161.488281 8 32
4213600.000000 4032628.125000 8895.764648 9 32
4213800.000000 4032628.125000 8630.041992 10 32
4214000.000000 4032628.125000 8364.312500 11 32
4214200.000000 4032628.125000 8098.591309 12 32
4214400.000000 4032628.125000 7832.862305 13 32
4214600.000000 4032628.125000 7567.139648 14 32
4214800.000000 4032628.125000 7301.402344 15 32
4215000.000000 4032628.125000 7035.658203 16 32
4215200.000000 4032628.125000 6769.886719 17 32
4215400.000000 4032628.125000 6504.060547 18 32
4215600.000000 4032628.125000 6238.176270 19 32
4215800.000000 4032628.125000 5972.199219 20 32
4216000.000000 4032628.125000 5706.141602 21 32
4216200.000000 4032628.125000 5440.006348 22 32
4216400.000000 4032628.125000 5173.860840 23 32
4216600.000000 4032628.125000 4907.777832 24 32
4216800.000000 4032628.125000 4641.833984 25 32
4217000.000000 4032628.125000 4376.111816 26 32
4217200.000000 4032628.125000 4110.604004 27 32
4217400.000000 4032628.125000 3845.249512 28 32
4217600.000000 4032628.125000 3579.851074 29 32
4217800.000000 4032628.125000 3314.119873 30 32
4218000.000000 4032628.125000 3047.778564 31 32
4218200.000000 4032628.125000 2780.648682 32 32
4218400.000000 4032628.125000 2512.836426 33 32
4218600.000000 4032628.125000 2244.634033 34 32
4218800.000000 4032628.125000 1976.441895 35 32
4219000.000000 4032628.125000 1708.575439 36 32
4219200.000000 4032628.125000 1441.219849 37 32
4219400.000000 4032628.125000 1173.953125 38 32
4219600.000000 4032628.125000 907.218811 39 32
4219800.000000 4032628.125000 640.920898 40 32
4220000.000000 4032628.125000 373.891876 41 32
4220200.000000 4032628.125000 107.015167 42 32
4212000.000000 4033000.000000 10998.414063 1 33
4212200.000000 4033000.000000 10732.664063 2 33
4212400.000000 4033000.000000 10466.906250 3 33
4212600.000000 4033000.000000 10201.158203 4 33
4212800.000000 4033000.000000 9935.404297 5 33
4213000.000000 4033000.000000 9669.661133 6 33
4213200.000000 4033000.000000 9403.918945 7 33
4213400.000000 4033000.000000 9138.168945 8 33
4213600.000000 4033000.000000 8872.426758 9 33
4213800.000000 4033000.000000 8606.675781 10 33
4214000.000000 4033000.000000 8340.930664 11 33
4214200.000000 4033000.000000 8075.175781 12 33
4214400.000000 4033000.000000 7809.429688 13 33
4214600.000000 4033000.000000 7543.683594 14 33
4214800.000000 4033000.000000 7277.927246 15 33
4215000.000000 4033000.000000 7012.171875 16 33
4215200.000000 4033000.000000 6746.387207 17 33
4215400.000000 4033000.000000 6480.569824 18 33
4215600.000000 4033000.000000 6214.681641 19 33
4215800.000000 4033000.000000 5948.681152 20 33
4216000.000000 4033000.000000 5682.557129 21 33
4216200.000000 4033000.000000 5416.279785 22 33
4216400.000000 4033000.000000 5149.878906 23 33
4216600.000000 4033000.000000 4883.379883 24 33
4216800.000000 4033000.000000 4616.861816 25 33
4217000.000000 4033000.000000 4350.381348 26 33
4217200.000000 4033000.000000 4083.975098 27 33
4217400.000000 4033000.000000 3817.656250 28 33
4217600.000000 4033000.000000 3551.347168 29 33
4217800.000000 4033000.000000 3284.954834 30 33
4218000.000000 4033000.000000 3018.345947 31 33
4218200.000000 4033000.000000 2751.483643 32 33
4218400.000000 4033000.000000 2484.424072 33 33
4218600.000000 4033000.000000 2217.324219 34 33
4218800.000000 4033000.000000 1950.890625 35 33
4219000.000000 4033000.000000 1684.254150 36 33
4219200.000000 4033000.000000 1417.496338 37 33
4219400.000000 4033000.000000 1151.087036 38 33
4219600.000000 4033000.000000 884.982117 39 33
4219800.000000 4033000.000000 618.581055 40 33
4220000.000000 4033000.000000 351.816498 41 33
4220200.000000 4033000.000000 84.620110 42 33
