# Type: scattered data
# Version: 6
# Description: No description
# Format: free
# Field: 1 x
# Field: 2 y
# Field: 3 z undefined
# Field: 4 column
# Field: 5 row
# Projection: Local Rectangular
# Units: undefined
# End:
# Information from grid:
# Grid_size: 42 x 33
# Grid_space: 4212000.000000,4220200.000000,4021100.000000,4033000.000000
# Scattered data: Not_available
# Z_field: z
# Vertical_faults: Not_available
# History: No history
# Z_units: undefined
4212000.000000 4021100.000000 7505.059082 1 1
4212200.000000 4021100.000000 7350.148438 2 1
4212400.000000 4021100.000000 7195.237305 3 1
4212600.000000 4021100.000000 7040.075195 4 1
4212800.000000 4021100.000000 6884.663086 5 1
4213000.000000 4021100.000000 6729.249023 6 1
4213200.000000 4021100.000000 6573.583984 7 1
4213400.000000 4021100.000000 6417.666504 8 1
4213600.000000 4021100.000000 6261.745605 9 1
4213800.000000 4021100.000000 6105.816406 10 1
4214000.000000 4021100.000000 5949.885742 11 1
4214200.000000 4021100.000000 5793.947754 12 1
4214400.000000 4021100.000000 5638.000977 13 1
4214600.000000 4021100.000000 5482.043457 14 1
4214800.000000 4021100.000000 5326.073242 15 1
4215000.000000 4021100.000000 5170.084473 16 1
4215200.000000 4021100.000000 5014.083008 17 1
4215400.000000 4021100.000000 4858.062988 18 1
4215600.000000 4021100.000000 4702.022949 19 1
4215800.000000 4021100.000000 4545.960938 20 1
4216000.000000 4021100.000000 4390.121094 21 1
4216200.000000 4021100.000000 4234.262695 22 1
4216400.000000 4021100.000000 4078.132080 23 1
4216600.000000 4021100.000000 3922.229492 24 1
4216800.000000 4021100.000000 3766.307861 25 1
4217000.000000 4021100.000000 3610.120117 26 1
4217200.000000 4021100.000000 3453.915283 27 1
4217400.000000 4021100.000000 3297.705322 28 1
4217600.000000 4021100.000000 3141.489746 29 1
4217800.000000 4021100.000000 2985.268311 30 1
4218000.000000 4021100.000000 2829.057129 31 1
4218200.000000 4021100.000000 2672.843750 32 1
4218400.000000 4021100.000000 2516.648438 33 1
4218600.000000 4021100.000000 2360.458496 34 1
4218800.000000 4021100.000000 2204.036377 35 1
4219000.000000 4021100.000000 2047.642822 36 1
4219200.000000 4021100.000000 1891.014526 37 1
4219400.000000 4021100.000000 1733.911377 38 1
4219600.000000 4021100.000000 1576.092529 39 1
4219800.000000 4021100.000000 1417.789307 40 1
4220000.000000 4021100.000000 1259.006592 41 1
4220200.000000 4021100.000000 1100.239014 42 1
4212000.000000 4021471.875000 7501.833496 1 2
4212200.000000 4021471.875000 7347.427246 2 2
4212400.000000 4021471.875000 7192.267090 3 2
4212600.000000 4021471.875000 7036.855957 4 2
4212800.000000 4021471.875000 6881.194824 5 2
4213000.000000 4021471.875000 6725.527344 6 2
4213200.000000 4021471.875000 6569.862793 7 2
4213400.000000 4021471.875000 6413.945801 8 2
4213600.000000 4021471.875000 6258.024902 9 2
4213800.000000 4021471.875000 6102.099121 10 2
4214000.000000 4021471.875000 5946.167480 11 2
4214200.000000 4021471.875000 5790.224121 12 2
4214400.000000 4021471.875000 5634.274902 13 2
4214600.000000 4021471.875000 5478.314453 14 2
4214800.000000 4021471.875000 5322.340820 15 2
4215000.000000 4021471.875000 5166.351563 16 2
4215200.000000 4021471.875000 5010.340332 17 2
4215400.000000 4021471.875000 4854.313965 18 2
4215600.000000 4021471.875000 4698.266113 19 2
4215800.000000 4021471.875000 4542.196289 20 2
4216000.000000 4021471.875000 4386.352539 21 2
4216200.000000 4021471.875000 4230.485840 22 2
4216400.000000 4021471.875000 4074.343750 23 2
4216600.000000 4021471.875000 3918.185303 24 2
4216800.000000 4021471.875000 3762.259033 25 2
4217000.000000 4021471.875000 3606.068604 26 2
4217200.000000 4021471.875000 3449.867188 27 2
4217400.000000 4021471.875000 3293.657715 28 2
4217600.000000 4021471.875000 3137.443604 29 2
4217800.000000 4021471.875000 2981.223877 30 2
4218000.000000 4021471.875000 2825.006104 31 2
4218200.000000 4021471.875000 2668.801514 32 2
4218400.000000 4021471.875000 2512.597412 33 2
4218600.000000 4021471.875000 2356.414063 34 2
4218800.000000 4021471.875000 2199.988281 35 2
4219000.000000 4021471.875000 2043.831543 36 2
4219200.000000 4021471.875000 1887.455078 37 2
4219400.000000 4021471.875000 1730.594238 38 2
4219600.000000 4021471.875000 1573.007935 39 2
4219800.000000 4021471.875000 1414.944214 40 2
4220000.000000 4021471.875000 1256.399658 41 2
4220200.000000 4021471.875000 1097.868774 42 2
4212000.000000 4021843.750000 7498.862793 1 3
4212200.000000 4021843.750000 7344.453613 2 3
4212400.000000 4021843.750000 7189.543945 3 3
4212600.000000 4021843.750000 7033.634766 4 3
4212800.000000 4021843.750000 6877.724609 5 3
4213000.000000 4021843.750000 6721.812988 6 3
4213200.000000 4021843.750000 6566.149414 7 3
4213400.000000 4021843.750000 6410.229004 8 3
4213600.000000 4021843.750000 6254.309082 9 3
4213800.000000 4021843.750000 6098.383789 10 3
4214000.000000 4021843.750000 5942.452148 11 3
4214200.000000 4021843.750000 5786.512207 12 3
4214400.000000 4021843.750000 5630.558105 13 3
4214600.000000 4021843.750000 5474.596191 14 3
4214800.000000 4021843.750000 5318.619629 15 3
4215000.000000 4021843.750000 5162.626953 16 3
4215200.000000 4021843.750000 5006.615234 17 3
4215400.000000 4021843.750000 4850.583008 18 3
4215600.000000 4021843.750000 4694.524414 19 3
4215800.000000 4021843.750000 4538.446777 20 3
4216000.000000 4021843.750000 4382.344727 21 3
4216200.000000 4021843.750000 4226.469727 22 3
4216400.000000 4021843.750000 4070.323975 23 3
4216600.000000 4021843.750000 3914.154785 24 3
4216800.000000 4021843.750000 3757.974121 25 3
4217000.000000 4021843.750000 3601.781006 26 3
4217200.000000 4021843.750000 3445.578369 27 3
4217400.000000 4021843.750000 3289.368896 28 3
4217600.000000 4021843.750000 3133.150879 29 3
4217800.000000 4021843.750000 2976.939697 30 3
4218000.000000 4021843.750000 2820.720947 31 3
4218200.000000 4021843.750000 2664.506592 32 3
4218400.000000 4021843.750000 2508.307617 33 3
4218600.000000 4021843.750000 2352.111328 34 3
4218800.000000 4021843.750000 2195.937988 35 3
4219000.000000 4021843.750000 2039.774292 36 3
4219200.000000 4021843.750000 1883.631104 37 3
4219400.000000 4021843.750000 1727.019165 38 3
4219600.000000 4021843.750000 1569.672363 39 3
4219800.000000 4021843.750000 1411.847290 40 3
4220000.000000 4021843.750000 1253.539795 41 3
4220200.000000 4021843.750000 1095.243896 42 3
4212000.000000 4022215.625000 7495.390137 1 4
4212200.000000 4022215.625000 7340.736816 2 4
4212400.000000 4022215.625000 7185.574707 3 4
4212600.000000 4022215.625000 7029.666504 4 4
4212800.000000 4022215.625000 6873.757813 5 4
4213000.000000 4022215.625000 6717.847656 6 4
4213200.000000 4022215.625000 6561.936035 7 4
4213400.000000 4022215.625000 6406.020996 8 4
4213600.000000 4022215.625000 6250.098633 9 4
4213800.000000 4022215.625000 6094.174805 10 4
4214000.000000 4022215.625000 5938.244141 11 4
4214200.000000 4022215.625000 5782.304688 12 4
4214400.000000 4022215.625000 5626.354492 13 4
4214600.000000 4022215.625000 5470.387207 14 4
4214800.000000 4022215.625000 5314.409180 15 4
4215000.000000 4022215.625000 5158.413086 16 4
4215200.000000 4022215.625000 5002.396973 17 4
4215400.000000 4022215.625000 4846.359375 18 4
4215600.000000 4022215.625000 4690.293945 19 4
4215800.000000 4022215.625000 4534.208008 20 4
4216000.000000 4022215.625000 4378.098145 21 4
4216200.000000 4022215.625000 4221.965820 22 4
4216400.000000 4022215.625000 4065.812744 23 4
4216600.000000 4022215.625000 3909.638916 24 4
4216800.000000 4022215.625000 3753.455322 25 4
4217000.000000 4022215.625000 3597.261230 26 4
4217200.000000 4022215.625000 3441.058350 27 4
4217400.000000 4022215.625000 3284.849121 28 4
4217600.000000 4022215.625000 3128.634766 29 4
4217800.000000 4022215.625000 2972.413574 30 4
4218000.000000 4022215.625000 2816.200439 31 4
4218200.000000 4022215.625000 2659.981934 32 4
4218400.000000 4022215.625000 2503.769775 33 4
4218600.000000 4022215.625000 2347.575928 34 4
4218800.000000 4022215.625000 2191.387207 35 4
4219000.000000 4022215.625000 2035.223755 36 4
4219200.000000 4022215.625000 1879.071289 37 4
4219400.000000 4022215.625000 1722.689819 38 4
4219600.000000 4022215.625000 1565.838257 39 4
4219800.000000 4022215.625000 1408.248657 40 4
4220000.000000 4022215.625000 1250.174561 41 4
4220200.000000 4022215.625000 1092.358765 42 4
4212000.000000 4022587.500000 7491.420410 1 5
4212200.000000 4022587.500000 7336.269043 2 5
4212400.000000 4022587.500000 7180.858398 3 5
4212600.000000 4022587.500000 7024.952148 4 5
4212800.000000 4022587.500000 6869.044922 5 5
4213000.000000 4022587.500000 6713.136719 6 5
4213200.000000 4022587.500000 6557.227051 7 5
4213400.000000 4022587.500000 6401.314453 8 5
4213600.000000 4022587.500000 6245.393555 9 5
4213800.000000 4022587.500000 6089.471680 10 5
4214000.000000 4022587.500000 5933.542480 11 5
4214200.000000 4022587.500000 5777.604004 12 5
4214400.000000 4022587.500000 5621.654297 13 5
4214600.000000 4022587.500000 5465.686523 14 5
4214800.000000 4022587.500000 5309.706543 15 5
4215000.000000 4022587.500000 5153.707520 16 5
4215200.000000 4022587.500000 4997.687500 17 5
4215400.000000 4022587.500000 4841.644043 18 5
4215600.000000 4022587.500000 4685.571777 19 5
4215800.000000 4022587.500000 4529.478516 20 5
4216000.000000 4022587.500000 4373.361328 21 5
4216200.000000 4022587.500000 4217.222656 22 5
4216400.000000 4022587.500000 4061.065430 23 5
4216600.000000 4022587.500000 3904.889404 24 5
4216800.000000 4022587.500000 3748.705566 25 5
4217000.000000 4022587.500000 3592.511963 26 5
4217200.000000 4022587.500000 3436.309326 27 5
4217400.000000 4022587.500000 3280.098633 28 5
4217600.000000 4022587.500000 3123.876709 29 5
4217800.000000 4022587.500000 2967.658447 30 5
4218000.000000 4022587.500000 2811.430664 31 5
4218200.000000 4022587.500000 2655.205322 32 5
4218400.000000 4022587.500000 2498.994629 33 5
4218600.000000 4022587.500000 2342.785889 34 5
4218800.000000 4022587.500000 2186.599365 35 5
4219000.000000 4022587.500000 2030.421021 36 5
4219200.000000 4022587.500000 1874.260986 37 5
4219400.000000 4022587.500000 1717.877930 38 5
4219600.000000 4022587.500000 1561.254761 39 5
4219800.000000 4022587.500000 1404.147949 40 5
4220000.000000 4022587.500000 1246.561646 41 5
4220200.000000 4022587.500000 1088.971558 42 5
4212000.000000 4022959.375000 7486.957520 1 6
4212200.000000 4022959.375000 7331.549316 2 6
4212400.000000 4022959.375000 7175.895020 3 6
4212600.000000 4022959.375000 7020.240234 4 6
4212800.000000 4022959.375000 6864.334961 5 6
4213000.000000 4022959.375000 6708.429199 6 6
4213200.000000 4022959.375000 6552.521484 7 6
4213400.000000 4022959.375000 6396.611328 8 6
4213600.000000 4022959.375000 6240.692871 9 6
4213800.000000 4022959.375000 6084.772949 10 6
4214000.000000 4022959.375000 5928.845703 11 6
4214200.000000 4022959.375000 5772.908691 12 6
4214400.000000 4022959.375000 5616.958984 13 6
4214600.000000 4022959.375000 5460.991211 14 6
4214800.000000 4022959.375000 5305.009766 15 6
4215000.000000 4022959.375000 5149.008301 16 6
4215200.000000 4022959.375000 4992.983887 17 6
4215400.000000 4022959.375000 4836.935059 18 6
4215600.000000 4022959.375000 4680.856934 19 6
4215800.000000 4022959.375000 4524.757324 20 6
4216000.000000 4022959.375000 4368.634766 21 6
4216200.000000 4022959.375000 4212.492188 22 6
4216400.000000 4022959.375000 4056.333740 23 6
4216600.000000 4022959.375000 3900.157959 24 6
4216800.000000 4022959.375000 3743.974854 25 6
4217000.000000 4022959.375000 3588.030273 26 6
4217200.000000 4022959.375000 3431.823730 27 6
4217400.000000 4022959.375000 3275.604980 28 6
4217600.000000 4022959.375000 3119.125977 29 6
4217800.000000 4022959.375000 2962.886230 30 6
4218000.000000 4022959.375000 2806.653809 31 6
4218200.000000 4022959.375000 2650.416992 32 6
4218400.000000 4022959.375000 2494.189209 33 6
4218600.000000 4022959.375000 2337.982910 34 6
4218800.000000 4022959.375000 2181.785156 35 6
4219000.000000 4022959.375000 2025.614380 36 6
4219200.000000 4022959.375000 1869.453613 37 6
4219400.000000 4022959.375000 1713.059204 38 6
4219600.000000 4022959.375000 1556.436401 39 6
4219800.000000 4022959.375000 1399.565308 40 6
4220000.000000 4022959.375000 1242.450317 41 6
4220200.000000 4022959.375000 1085.085205 42 6
4212000.000000 4023331.250000 7482.242188 1 7
4212200.000000 4023331.250000 7326.835938 2 7
4212400.000000 4023331.250000 7171.183105 3 7
4212600.000000 4023331.250000 7015.530273 4 7
4212800.000000 4023331.250000 6859.627441 5 7
4213000.000000 4023331.250000 6703.724121 6 7
4213200.000000 4023331.250000 6547.818848 7 7
4213400.000000 4023331.250000 6391.911621 8 7
4213600.000000 4023331.250000 6235.995605 9 7
4213800.000000 4023331.250000 6080.078125 10 7
4214000.000000 4023331.250000 5924.152832 11 7
4214200.000000 4023331.250000 5768.217285 12 7
4214400.000000 4023331.250000 5612.268555 13 7
4214600.000000 4023331.250000 5456.300781 14 7
4214800.000000 4023331.250000 5300.317871 15 7
4215000.000000 4023331.250000 5144.313965 16 7
4215200.000000 4023331.250000 4988.286133 17 7
4215400.000000 4023331.250000 4832.232422 18 7
4215600.000000 4023331.250000 4676.149414 19 7
4215800.000000 4023331.250000 4520.045410 20 7
4216000.000000 4023331.250000 4363.919922 21 7
4216200.000000 4023331.250000 4207.776367 22 7
4216400.000000 4023331.250000 4051.618164 23 7
4216600.000000 4023331.250000 3895.442383 24 7
4216800.000000 4023331.250000 3739.506104 25 7
4217000.000000 4023331.250000 3583.303467 26 7
4217200.000000 4023331.250000 3427.081299 27 7
4217400.000000 4023331.250000 3270.841064 28 7
4217600.000000 4023331.250000 3114.333008 29 7
4217800.000000 4023331.250000 2958.077148 30 7
4218000.000000 4023331.250000 2801.815918 31 7
4218200.000000 4023331.250000 2645.563721 32 7
4218400.000000 4023331.250000 2489.333740 33 7
4218600.000000 4023331.250000 2333.113770 34 7
4218800.000000 4023331.250000 2176.924805 35 7
4219000.000000 4023331.250000 2020.752319 36 7
4219200.000000 4023331.250000 1864.602295 37 7
4219400.000000 4023331.250000 1708.476685 38 7
4219600.000000 4023331.250000 1551.851074 39 7
4219800.000000 4023331.250000 1394.977173 40 7
4220000.000000 4023331.250000 1238.108398 41 7
4220200.000000 4023331.250000 1080.974976 42 7
4212000.000000 4023703.125000 7477.778809 1 8
4212200.000000 4023703.125000 7322.124023 2 8
4212400.000000 4023703.125000 7166.473145 3 8
4212600.000000 4023703.125000 7010.822266 4 8
4212800.000000 4023703.125000 6854.921875 5 8
4213000.000000 4023703.125000 6699.020996 6 8
4213200.000000 4023703.125000 6543.118652 7 8
4213400.000000 4023703.125000 6387.209961 8 8
4213600.000000 4023703.125000 6231.301270 9 8
4213800.000000 4023703.125000 6075.386230 10 8
4214000.000000 4023703.125000 5919.463379 11 8
4214200.000000 4023703.125000 5763.529297 12 8
4214400.000000 4023703.125000 5607.582031 13 8
4214600.000000 4023703.125000 5451.613770 14 8
4214800.000000 4023703.125000 5295.630371 15 8
4215000.000000 4023703.125000 5139.624512 16 8
4215200.000000 4023703.125000 4983.593750 17 8
4215400.000000 4023703.125000 4827.537109 18 8
4215600.000000 4023703.125000 4671.450684 19 8
4215800.000000 4023703.125000 4515.344238 20 8
4216000.000000 4023703.125000 4359.217773 21 8
4216200.000000 4023703.125000 4203.074219 22 8
4216400.000000 4023703.125000 4046.914795 23 8
4216600.000000 4023703.125000 3890.733887 24 8
4216800.000000 4023703.125000 3734.784668 25 8
4217000.000000 4023703.125000 3578.558350 26 8
4217200.000000 4023703.125000 3422.302979 27 8
4217400.000000 4023703.125000 3266.023438 28 8
4217600.000000 4023703.125000 3109.481934 29 8
4217800.000000 4023703.125000 2953.188477 30 8
4218000.000000 4023703.125000 2796.915771 31 8
4218200.000000 4023703.125000 2640.651367 32 8
4218400.000000 4023703.125000 2484.403320 33 8
4218600.000000 4023703.125000 2328.182617 34 8
4218800.000000 4023703.125000 2171.980957 35 8
4219000.000000 4023703.125000 2015.822754 36 8
4219200.000000 4023703.125000 1859.691040 37 8
4219400.000000 4023703.125000 1703.582886 38 8
4219600.000000 4023703.125000 1547.240601 39 8
4219800.000000 4023703.125000 1390.383545 40 8
4220000.000000 4023703.125000 1233.512207 41 8
4220200.000000 4023703.125000 1076.633789 42 8
4212000.000000 4024075.000000 7473.066406 1 9
4212200.000000 4024075.000000 7317.413086 2 9
4212400.000000 4024075.000000 7161.764160 3 9
4212600.000000 4024075.000000 7006.115234 4 9
4212800.000000 4024075.000000 6850.217285 5 9
4213000.000000 4024075.000000 6694.319336 6 9
4213200.000000 4024075.000000 6538.420410 7 9
4213400.000000 4024075.000000 6382.514648 8 9
4213600.000000 4024075.000000 6226.608398 9 9
4213800.000000 4024075.000000 6070.696289 10 9
4214000.000000 4024075.000000 5914.775879 11 9
4214200.000000 4024075.000000 5758.844238 12 9
4214400.000000 4024075.000000 5602.894043 13 9
4214600.000000 4024075.000000 5446.930664 14 9
4214800.000000 4024075.000000 5290.947266 15 9
4215000.000000 4024075.000000 5134.940430 16 9
4215200.000000 4024075.000000 4978.908203 17 9
4215400.000000 4024075.000000 4822.845215 18 9
4215600.000000 4024075.000000 4666.761230 19 9
4215800.000000 4024075.000000 4510.654785 20 9
4216000.000000 4024075.000000 4354.527344 21 9
4216200.000000 4024075.000000 4198.381836 22 9
4216400.000000 4024075.000000 4042.216309 23 9
4216600.000000 4024075.000000 3886.019775 24 9
4216800.000000 4024075.000000 3730.042236 25 9
4217000.000000 4024075.000000 3573.774170 26 9
4217200.000000 4024075.000000 3417.469238 27 9
4217400.000000 4024075.000000 3261.143555 28 9
4217600.000000 4024075.000000 3104.568359 29 9
4217800.000000 4024075.000000 2948.277588 30 9
4218000.000000 4024075.000000 2792.010498 31 9
4218200.000000 4024075.000000 2635.761475 32 9
4218400.000000 4024075.000000 2479.519775 33 9
4218600.000000 4024075.000000 2323.264893 34 9
4218800.000000 4024075.000000 2167.034180 35 9
4219000.000000 4024075.000000 2010.839844 36 9
4219200.000000 4024075.000000 1854.705811 37 9
4219400.000000 4024075.000000 1698.630005 38 9
4219600.000000 4024075.000000 1542.318237 39 9
4219800.000000 4024075.000000 1385.757935 40 9
4220000.000000 4024075.000000 1228.915039 41 9
4220200.000000 4024075.000000 1072.046265 42 9
4212000.000000 4024446.875000 7468.354980 1 10
4212200.000000 4024446.875000 7312.702637 2 10
4212400.000000 4024446.875000 7157.055664 3 10
4212600.000000 4024446.875000 7001.409180 4 10
4212800.000000 4024446.875000 6845.513672 5 10
4213000.000000 4024446.875000 6689.618652 6 10
4213200.000000 4024446.875000 6533.722656 7 10
4213400.000000 4024446.875000 6378.073730 8 10
4213600.000000 4024446.875000 6222.166992 9 10
4213800.000000 4024446.875000 6066.257813 10 10
4214000.000000 4024446.875000 5910.339844 11 10
4214200.000000 4024446.875000 5754.410645 12 10
4214400.000000 4024446.875000 5598.466797 13 10
4214600.000000 4024446.875000 5442.500977 14 10
4214800.000000 4024446.875000 5286.518555 15 10
4215000.000000 4024446.875000 5130.511719 16 10
4215200.000000 4024446.875000 4974.479492 17 10
4215400.000000 4024446.875000 4818.420410 18 10
4215600.000000 4024446.875000 4662.332520 19 10
4215800.000000 4024446.875000 4506.225098 20 10
4216000.000000 4024446.875000 4350.096191 21 10
4216200.000000 4024446.875000 4193.694824 22 10
4216400.000000 4024446.875000 4037.514404 23 10
4216600.000000 4024446.875000 3881.290771 24 10
4216800.000000 4024446.875000 3725.021729 25 10
4217000.000000 4024446.875000 3568.702881 26 10
4217200.000000 4024446.875000 3412.353271 27 10
4217400.000000 4024446.875000 3256.011719 28 10
4217600.000000 4024446.875000 3099.725830 29 10
4217800.000000 4024446.875000 2943.518555 30 10
4218000.000000 4024446.875000 2787.374512 31 10
4218200.000000 4024446.875000 2631.235107 32 10
4218400.000000 4024446.875000 2475.009521 33 10
4218600.000000 4024446.875000 2318.692139 34 10
4218800.000000 4024446.875000 2162.316895 35 10
4219000.000000 4024446.875000 2005.989502 36 10
4219200.000000 4024446.875000 1849.759766 37 10
4219400.000000 4024446.875000 1693.644409 38 10
4219600.000000 4024446.875000 1537.361572 39 10
4219800.000000 4024446.875000 1380.838501 40 10
4220000.000000 4024446.875000 1224.042236 41 10
4220200.000000 4024446.875000 1067.218140 42 10
4212000.000000 4024818.750000 7463.643066 1 11
4212200.000000 4024818.750000 7307.992188 2 11
4212400.000000 4024818.750000 7152.347168 3 11
4212600.000000 4024818.750000 6996.703125 4 11
4212800.000000 4024818.750000 6840.810059 5 11
4213000.000000 4024818.750000 6684.917969 6 11
4213200.000000 4024818.750000 6529.024902 7 11
4213400.000000 4024818.750000 6373.379395 8 11
4213600.000000 4024818.750000 6217.476074 9 11
4213800.000000 4024818.750000 6061.570313 10 11
4214000.000000 4024818.750000 5905.655762 11 11
4214200.000000 4024818.750000 5749.729492 12 11
4214400.000000 4024818.750000 5593.788574 13 11
4214600.000000 4024818.750000 5437.825195 14 11
4214800.000000 4024818.750000 5281.844727 15 11
4215000.000000 4024818.750000 5125.840332 16 11
4215200.000000 4024818.750000 4969.809570 17 11
4215400.000000 4024818.750000 4813.751953 18 11
4215600.000000 4024818.750000 4657.664551 19 11
4215800.000000 4024818.750000 4501.556152 20 11
4216000.000000 4024818.750000 4345.422852 21 11
4216200.000000 4024818.750000 4189.259766 22 11
4216400.000000 4024818.750000 4032.808350 23 11
4216600.000000 4024818.750000 3876.551025 24 11
4216800.000000 4024818.750000 3720.240479 25 11
4217000.000000 4024818.750000 3563.888184 26 11
4217200.000000 4024818.750000 3407.544434 27 11
4217400.000000 4024818.750000 3251.291748 28 11
4217600.000000 4024818.750000 3095.209229 29 11
4217800.000000 4024818.750000 2939.334717 30 11
4218000.000000 4024818.750000 2783.562988 31 11
4218200.000000 4024818.750000 2627.708252 32 11
4218400.000000 4024818.750000 2471.578369 33 11
4218600.000000 4024818.750000 2315.087891 34 11
4218800.000000 4024818.750000 2158.371094 35 11
4219000.000000 4024818.750000 2001.635498 36 11
4219200.000000 4024818.750000 1845.079956 37 11
4219400.000000 4024818.750000 1688.780640 38 11
4219600.000000 4024818.750000 1532.422485 39 11
4219800.000000 4024818.750000 1375.920532 40 11
4220000.000000 4024818.750000 1219.167725 41 11
4220200.000000 4024818.750000 1062.377563 42 11
4212000.000000 4025190.625000 7458.926270 1 12
4212200.000000 4025190.625000 7303.281250 2 12
4212400.000000 4025190.625000 7147.637695 3 12
4212600.000000 4025190.625000 6991.996094 4 12
4212800.000000 4025190.625000 6836.105957 5 12
4213000.000000 4025190.625000 6680.216797 6 12
4213200.000000 4025190.625000 6524.327148 7 12
4213400.000000 4025190.625000 6368.680664 8 12
4213600.000000 4025190.625000 6212.785156 9 12
4213800.000000 4025190.625000 6056.882813 10 12
4214000.000000 4025190.625000 5900.972168 11 12
4214200.000000 4025190.625000 5745.049805 12 12
4214400.000000 4025190.625000 5589.112793 13 12
4214600.000000 4025190.625000 5433.153809 14 12
4214800.000000 4025190.625000 5277.177246 15 12
4215000.000000 4025190.625000 5121.176270 16 12
4215200.000000 4025190.625000 4965.148926 17 12
4215400.000000 4025190.625000 4809.094238 18 12
4215600.000000 4025190.625000 4653.007813 19 12
4215800.000000 4025190.625000 4496.897949 20 12
4216000.000000 4025190.625000 4340.757813 21 12
4216200.000000 4025190.625000 4184.581543 22 12
4216400.000000 4025190.625000 4028.108643 23 12
4216600.000000 4025190.625000 3871.824951 24 12
4216800.000000 4025190.625000 3715.497070 25 12
4217000.000000 4025190.625000 3559.169678 26 12
4217200.000000 4025190.625000 3402.950195 27 12
4217400.000000 4025190.625000 3246.995117 28 12
4217600.000000 4025190.625000 3091.446289 29 12
4217800.000000 4025190.625000 2936.308838 30 12
4218000.000000 4025190.625000 2781.357178 31 12
4218200.000000 4025190.625000 2626.148926 32 12
4218400.000000 4025190.625000 2470.213379 33 12
4218600.000000 4025190.625000 2313.406738 34 12
4218800.000000 4025190.625000 2155.959717 35 12
4219000.000000 4025190.625000 1998.366821 36 12
4219200.000000 4025190.625000 1841.072754 37 12
4219400.000000 4025190.625000 1684.260010 38 12
4219600.000000 4025190.625000 1527.650757 39 12
4219800.000000 4025190.625000 1371.055908 40 12
4220000.000000 4025190.625000 1214.306885 41 12
4220200.000000 4025190.625000 1057.551514 42 12
4212000.000000 4025562.500000 7454.212891 1 13
4212200.000000 4025562.500000 7298.569336 2 13
4212400.000000 4025562.500000 7142.927246 3 13
4212600.000000 4025562.500000 6987.288086 4 13
4212800.000000 4025562.500000 6831.400391 5 13
4213000.000000 4025562.500000 6675.514160 6 13
4213200.000000 4025562.500000 6519.627930 7 13
4213400.000000 4025562.500000 6363.985352 8 13
4213600.000000 4025562.500000 6208.093262 9 13
4213800.000000 4025562.500000 6052.195801 10 13
4214000.000000 4025562.500000 5896.289551 11 13
4214200.000000 4025562.500000 5740.372070 12 13
4214400.000000 4025562.500000 5584.436035 13 13
4214600.000000 4025562.500000 5428.486816 14 13
4214800.000000 4025562.500000 5272.516113 15 13
4215000.000000 4025562.500000 5116.520996 16 13
4215200.000000 4025562.500000 4960.499023 17 13
4215400.000000 4025562.500000 4804.444336 18 13
4215600.000000 4025562.500000 4648.364258 19 13
4215800.000000 4025562.500000 4492.253418 20 13
4216000.000000 4025562.500000 4336.108398 21 13
4216200.000000 4025562.500000 4179.922852 22 13
4216400.000000 4025562.500000 4023.434814 23 13
4216600.000000 4025562.500000 3867.153076 24 13
4216800.000000 4025562.500000 3710.858154 25 13
4217000.000000 4025562.500000 3554.653076 26 13
4217200.000000 4025562.500000 3398.735107 27 13
4217400.000000 4025562.500000 3243.372803 28 13
4217600.000000 4025562.500000 3088.806152 29 13
4217800.000000 4025562.500000 2935.015869 30 13
4218000.000000 4025562.500000 2781.518799 31 13
4218200.000000 4025562.500000 2627.433350 32 13
4218400.000000 4025562.500000 2471.621582 33 13
4218600.000000 4025562.500000 2314.253418 34 13
4218800.000000 4025562.500000 2155.575928 35 13
4219000.000000 4025562.500000 1996.496582 36 13
4219200.000000 4025562.500000 1838.113892 37 13
4219400.000000 4025562.500000 1680.356812 38 13
4219600.000000 4025562.500000 1523.188477 39 13
4219800.000000 4025562.500000 1366.345459 40 13
4220000.000000 4025562.500000 1209.777344 41 13
4220200.000000 4025562.500000 1053.000000 42 13
4212000.000000 4025934.375000 7449.497559 1 14
4212200.000000 4025934.375000 7293.854980 2 14
4212400.000000 4025934.375000 7138.215332 3 14
4212600.000000 4025934.375000 6982.578125 4 14
4212800.000000 4025934.375000 6826.693359 5 14
4213000.000000 4025934.375000 6670.810059 6 14
4213200.000000 4025934.375000 6514.927246 7 14
4213400.000000 4025934.375000 6359.288086 8 14
4213600.000000 4025934.375000 6203.400879 9 14
4213800.000000 4025934.375000 6047.507813 10 14
4214000.000000 4025934.375000 5891.606934 11 14
4214200.000000 4025934.375000 5735.695801 12 14
4214400.000000 4025934.375000 5579.766602 13 14
4214600.000000 4025934.375000 5423.824707 14 14
4214800.000000 4025934.375000 5267.862305 15 14
4215000.000000 4025934.375000 5111.875488 16 14
4215200.000000 4025934.375000 4955.861328 17 14
4215400.000000 4025934.375000 4799.813477 18 14
4215600.000000 4025934.375000 4643.738281 19 14
4215800.000000 4025934.375000 4487.630371 20 14
4216000.000000 4025934.375000 4331.485840 21 14
4216200.000000 4025934.375000 4175.301758 22 14
4216400.000000 4025934.375000 4018.822510 23 14
4216600.000000 4025934.375000 3862.573486 24 14
4216800.000000 4025934.375000 3706.371094 25 14
4217000.000000 4025934.375000 3550.388672 26 14
4217200.000000 4025934.375000 3394.942383 27 14
4217400.000000 4025934.375000 3240.456299 28 14
4217600.000000 4025934.375000 3087.305176 29 14
4217800.000000 4025934.375000 2935.677002 30 14
4218000.000000 4025934.375000 2784.284180 31 14
4218200.000000 4025934.375000 2631.853516 32 14
4218400.000000 4025934.375000 2476.542236 33 14
4218600.000000 4025934.375000 2318.101563 34 14
4218800.000000 4025934.375000 2157.645508 35 14
4219000.000000 4025934.375000 1996.485229 36 14
4219200.000000 4025934.375000 1836.248047 37 14
4219400.000000 4025934.375000 1677.117798 38 14
4219600.000000 4025934.375000 1519.124268 39 14
4219800.000000 4025934.375000 1362.109741 40 14
4220000.000000 4025934.375000 1205.359863 41 14
4220200.000000 4025934.375000 1048.525269 42 14
4212000.000000 4026306.250000 7444.779785 1 15
4212200.000000 4026306.250000 7289.139160 2 15
4212400.000000 4026306.250000 7133.500977 3 15
4212600.000000 4026306.250000 6977.866211 4 15
4212800.000000 4026306.250000 6821.983887 5 15
4213000.000000 4026306.250000 6666.104004 6 15
4213200.000000 4026306.250000 6510.220215 7 15
4213400.000000 4026306.250000 6354.589844 8 15
4213600.000000 4026306.250000 6198.706543 9 15
4213800.000000 4026306.250000 6042.819336 10 15
4214000.000000 4026306.250000 5886.924805 11 15
4214200.000000 4026306.250000 5731.020996 12 15
4214400.000000 4026306.250000 5575.100586 13 15
4214600.000000 4026306.250000 5419.168457 14 15
4214800.000000 4026306.250000 5263.216797 15 15
4215000.000000 4026306.250000 5107.241699 16 15
4215200.000000 4026306.250000 4951.238770 17 15
4215400.000000 4026306.250000 4795.201172 18 15
4215600.000000 4026306.250000 4639.135742 19 15
4215800.000000 4026306.250000 4483.036621 20 15
4216000.000000 4026306.250000 4326.903320 21 15
4216200.000000 4026306.250000 4170.735352 22 15
4216400.000000 4026306.250000 4014.286133 23 15
4216600.000000 4026306.250000 3858.096924 24 15
4216800.000000 4026306.250000 3702.016846 25 15
4217000.000000 4026306.250000 3546.285400 26 15
4217200.000000 4026306.250000 3391.335449 27 15
4217400.000000 4026306.250000 3237.758301 28 15
4217600.000000 4026306.250000 3086.338867 29 15
4217800.000000 4026306.250000 2936.810303 30 15
4218000.000000 4026306.250000 2788.059570 31 15
4218200.000000 4026306.250000 2637.548340 32 15
4218400.000000 4026306.250000 2482.748291 33 15
4218600.000000 4026306.250000 2323.182129 34 15
4218800.000000 4026306.250000 2160.438965 35 15
4219000.000000 4026306.250000 1997.054077 36 15
4219200.000000 4026306.250000 1834.646362 37 15
4219400.000000 4026306.250000 1674.134644 38 15
4219600.000000 4026306.250000 1515.514648 39 15
4219800.000000 4026306.250000 1358.042603 40 15
4220000.000000 4026306.250000 1201.076050 41 15
4220200.000000 4026306.250000 1044.135132 42 15
4212000.000000 4026678.125000 7440.060059 1 16
4212200.000000 4026678.125000 7284.420410 2 16
4212400.000000 4026678.125000 7128.784180 3 16
4212600.000000 4026678.125000 6973.151367 4 16
4212800.000000 4026678.125000 6817.271973 5 16
4213000.000000 4026678.125000 6661.395020 6 16
4213200.000000 4026678.125000 6505.515137 7 16
4213400.000000 4026678.125000 6349.888672 8 16
4213600.000000 4026678.125000 6194.010742 9 16
4213800.000000 4026678.125000 6038.129395 10 16
4214000.000000 4026678.125000 5882.242676 11 16
4214200.000000 4026678.125000 5726.347656 12 16
4214400.000000 4026678.125000 5570.437988 13 16
4214600.000000 4026678.125000 5414.518066 14 16
4214800.000000 4026678.125000 5258.580566 15 16
4215000.000000 4026678.125000 5102.620117 16 16
4215200.000000 4026678.125000 4946.632813 17 16
4215400.000000 4026678.125000 4790.611328 18 16
4215600.000000 4026678.125000 4634.562012 19 16
4215800.000000 4026678.125000 4478.480957 20 16
4216000.000000 4026678.125000 4322.120117 21 16
4216200.000000 4026678.125000 4165.982422 22 16
4216400.000000 4026678.125000 4009.574707 23 16
4216600.000000 4026678.125000 3853.442627 24 16
4216800.000000 4026678.125000 3697.443848 25 16
4217000.000000 4026678.125000 3541.839600 26 16
4217200.000000 4026678.125000 3387.116943 27 16
4217400.000000 4026678.125000 3234.223877 28 16
4217600.000000 4026678.125000 3083.863281 29 16
4217800.000000 4026678.125000 2935.916992 30 16
4218000.000000 4026678.125000 2789.270264 31 16
4218200.000000 4026678.125000 2640.236816 32 16
4218400.000000 4026678.125000 2485.663574 33 16
4218600.000000 4026678.125000 2324.491211 34 16
4218800.000000 4026678.125000 2160.027100 35 16
4219000.000000 4026678.125000 1994.972534 36 16
4219200.000000 4026678.125000 1831.570190 37 16
4219400.000000 4026678.125000 1670.399414 38 16
4219600.000000 4026678.125000 1511.392700 39 16
4219800.000000 4026678.125000 1353.937378 40 16
4220000.000000 4026678.125000 1196.847900 41 16
4220200.000000 4026678.125000 1039.842529 42 16
4212000.000000 4027050.000000 7435.336914 1 17
4212200.000000 4027050.000000 7279.699219 2 17
4212400.000000 4027050.000000 7124.064941 3 17
4212600.000000 4027050.000000 6968.434082 4 17
4212800.000000 4027050.000000 6812.557129 5 17
4213000.000000 4027050.000000 6656.683105 6 17
4213200.000000 4027050.000000 6500.807129 7 17
4213400.000000 4027050.000000 6345.185059 8 17
4213600.000000 4027050.000000 6189.312988 9 17
4213800.000000 4027050.000000 6033.438477 10 17
4214000.000000 4027050.000000 5877.560059 11 17
4214200.000000 4027050.000000 5721.675293 12 17
4214400.000000 4027050.000000 5565.778320 13 17
4214600.000000 4027050.000000 5409.873535 14 17
4214800.000000 4027050.000000 5253.953125 15 17
4215000.000000 4027050.000000 5098.012207 16 17
4215200.000000 4027050.000000 4942.045898 17 17
4215400.000000 4027050.000000 4786.046875 18 17
4215600.000000 4027050.000000 4630.021973 19 17
4215800.000000 4027050.000000 4473.968750 20 17
4216000.000000 4027050.000000 4317.640625 21 17
4216200.000000 4027050.000000 4161.287109 22 17
4216400.000000 4027050.000000 4005.172607 23 17
4216600.000000 4027050.000000 3848.813477 24 17
4216800.000000 4027050.000000 3692.533447 25 17
4217000.000000 4027050.000000 3536.779785 26 17
4217200.000000 4027050.000000 3381.702881 27 17
4217400.000000 4027050.000000 3228.697998 28 17
4217600.000000 4027050.000000 3078.010254 29 17
4217800.000000 4027050.000000 2929.631836 30 17
4218000.000000 4027050.000000 2783.044922 31 17
4218200.000000 4027050.000000 2635.269775 32 17
4218400.000000 4027050.000000 2480.233154 33 17
4218600.000000 4027050.000000 2316.872559 34 17
4218800.000000 4027050.000000 2151.792480 35 17
4219000.000000 4027050.000000 1987.368286 36 17
4219200.000000 4027050.000000 1825.193115 37 17
4219400.000000 4027050.000000 1665.154175 38 17
4219600.000000 4027050.000000 1506.722900 39 17
4219800.000000 4027050.000000 1349.582275 40 17
4220000.000000 4027050.000000 1192.608154 41 17
4220200.000000 4027050.000000 1035.608032 42 17
4212000.000000 4027421.875000 7430.610840 1 18
4212200.000000 4027421.875000 7274.974609 2 18
4212400.000000 4027421.875000 7119.341797 3 18
4212600.000000 4027421.875000 6963.713379 4 18
4212800.000000 4027421.875000 6807.838867 5 18
4213000.000000 4027421.875000 6651.968262 6 18
4213200.000000 4027421.875000 6496.349609 7 18
4213400.000000 4027421.875000 6340.478516 8 18
4213600.000000 4027421.875000 6184.612305 9 18
4213800.000000 4027421.875000 6028.745117 10 18
4214000.000000 4027421.875000 5872.875977 11 18
4214200.000000 4027421.875000 5717.003418 12 18
4214400.000000 4027421.875000 5561.121094 13 18
4214600.000000 4027421.875000 5405.234375 14 18
4214800.000000 4027421.875000 5249.334961 15 18
4215000.000000 4027421.875000 5093.417969 16 18
4215200.000000 4027421.875000 4937.478516 17 18
4215400.000000 4027421.875000 4781.508789 18 18
4215600.000000 4027421.875000 4625.517090 19 18
4215800.000000 4027421.875000 4469.500977 20 18
4216000.000000 4027421.875000 4313.215820 21 18
4216200.000000 4027421.875000 4156.907227 22 18
4216400.000000 4027421.875000 4000.577881 23 18
4216600.000000 4027421.875000 3843.957275 24 18
4216800.000000 4027421.875000 3687.288330 25 18
4217000.000000 4027421.875000 3531.108154 26 18
4217200.000000 4027421.875000 3375.315674 27 18
4217400.000000 4027421.875000 3220.941895 28 18
4217600.000000 4027421.875000 3067.224609 29 18
4217800.000000 4027421.875000 2914.402344 30 18
4218000.000000 4027421.875000 2763.645508 31 18
4218200.000000 4027421.875000 2614.054688 32 18
4218400.000000 4027421.875000 2458.322266 33 18
4218600.000000 4027421.875000 2295.534424 34 18
4218800.000000 4027421.875000 2133.390381 35 18
4219000.000000 4027421.875000 1973.486694 36 18
4219200.000000 4027421.875000 1814.986328 37 18
4219400.000000 4027421.875000 1657.690674 38 18
4219600.000000 4027421.875000 1501.073242 39 18
4219800.000000 4027421.875000 1344.741089 40 18
4220000.000000 4027421.875000 1188.106323 41 18
4220200.000000 4027421.875000 1031.199585 42 18
4212000.000000 4027793.750000 7425.881348 1 19
4212200.000000 4027793.750000 7270.246582 2 19
4212400.000000 4027793.750000 7114.615723 3 19
4212600.000000 4027793.750000 6958.989258 4 19
4212800.000000 4027793.750000 6803.117676 5 19
4213000.000000 4027793.750000 6647.249512 6 19
4213200.000000 4027793.750000 6491.630371 7 19
4213400.000000 4027793.750000 6335.768555 8 19
4213600.000000 4027793.750000 6179.908203 9 19
4213800.000000 4027793.750000 6024.049316 10 19
4214000.000000 4027793.750000 5868.190430 11 19
4214200.000000 4027793.750000 5712.331055 12 19
4214400.000000 4027793.750000 5556.465332 13 19
4214600.000000 4027793.750000 5400.599121 14 19
4214800.000000 4027793.750000 5244.724121 15 19
4215000.000000 4027793.750000 5088.835938 16 19
4215200.000000 4027793.750000 4932.929199 17 19
4215400.000000 4027793.750000 4776.997070 18 19
4215600.000000 4027793.750000 4621.046875 19 19
4215800.000000 4027793.750000 4465.078125 20 19
4216000.000000 4027793.750000 4308.846191 21 19
4216200.000000 4027793.750000 4152.595703 22 19
4216400.000000 4027793.750000 3996.317627 23 19
4216600.000000 4027793.750000 3839.458984 24 19
4216800.000000 4027793.750000 3682.425293 25 19
4217000.000000 4027793.750000 3525.576660 26 19
4217200.000000 4027793.750000 3368.919922 27 19
4217400.000000 4027793.750000 3212.343994 28 19
4217600.000000 4027793.750000 3053.742188 29 19
4217800.000000 4027793.750000 2893.014404 30 19
4218000.000000 4027793.750000 2731.209961 31 19
4218200.000000 4027793.750000 2571.777832 32 19
4218400.000000 4027793.750000 2415.938721 33 19
4218600.000000 4027793.750000 2261.729004 34 19
4218800.000000 4027793.750000 2109.527832 35 19
4219000.000000 4027793.750000 1957.339355 36 19
4219200.000000 4027793.750000 1804.088379 37 19
4219400.000000 4027793.750000 1650.231445 38 19
4219600.000000 4027793.750000 1495.480469 39 19
4219800.000000 4027793.750000 1340.181763 40 19
4220000.000000 4027793.750000 1183.819336 41 19
4220200.000000 4027793.750000 1027.163818 42 19
4212000.000000 4028165.625000 7421.148926 1 20
4212200.000000 4028165.625000 7265.515625 2 20
4212400.000000 4028165.625000 7109.886719 3 20
4212600.000000 4028165.625000 6954.261719 4 20
4212800.000000 4028165.625000 6798.392090 5 20
4213000.000000 4028165.625000 6642.527344 6 20
4213200.000000 4028165.625000 6486.912109 7 20
4213400.000000 4028165.625000 6331.054688 8 20
4213600.000000 4028165.625000 6175.201172 9 20
4213800.000000 4028165.625000 6019.350098 10 20
4214000.000000 4028165.625000 5863.502441 11 20
4214200.000000 4028165.625000 5707.652832 12 20
4214400.000000 4028165.625000 5551.809082 13 20
4214600.000000 4028165.625000 5395.965332 14 20
4214800.000000 4028165.625000 5240.118652 15 20
4215000.000000 4028165.625000 5084.263672 16 20
4215200.000000 4028165.625000 4928.395996 17 20
4215400.000000 4028165.625000 4772.507813 18 20
4215600.000000 4028165.625000 4616.607910 19 20
4215800.000000 4028165.625000 4460.696289 20 20
4216000.000000 4028165.625000 4304.530762 21 20
4216200.000000 4028165.625000 4148.361328 22 20
4216400.000000 4028165.625000 3991.933838 23 20
4216600.000000 4028165.625000 3834.948486 24 20
4216800.000000 4028165.625000 3678.039795 25 20
4217000.000000 4028165.625000 3521.225342 26 20
4217200.000000 4028165.625000 3364.227051 27 20
4217400.000000 4028165.625000 3206.539063 28 20
4217600.000000 4028165.625000 3044.410156 29 20
4217800.000000 4028165.625000 2875.878906 30 20
4218000.000000 4028165.625000 2699.745605 31 20
4218200.000000 4028165.625000 2524.108398 32 20
4218400.000000 4028165.625000 2369.774902 33 20
4218600.000000 4028165.625000 2232.638672 34 20
4218800.000000 4028165.625000 2093.977539 35 20
4219000.000000 4028165.625000 1948.934082 36 20
4219200.000000 4028165.625000 1799.043091 37 20
4219400.000000 4028165.625000 1646.421021 38 20
4219600.000000 4028165.625000 1492.097778 39 20
4219800.000000 4028165.625000 1336.649902 40 20
4220000.000000 4028165.625000 1180.293579 41 20
4220200.000000 4028165.625000 1023.367371 42 20
4212000.000000 4028537.500000 7416.413086 1 21
4212200.000000 4028537.500000 7260.781250 2 21
4212400.000000 4028537.500000 7105.153809 3 21
4212600.000000 4028537.500000 6949.530762 4 21
4212800.000000 4028537.500000 6793.663574 5 21
4213000.000000 4028537.500000 6637.801270 6 21
4213200.000000 4028537.500000 6482.189453 7 21
4213400.000000 4028537.500000 6326.336914 8 21
4213600.000000 4028537.500000 6170.489258 9 21
4213800.000000 4028537.500000 6014.646973 10 21
4214000.000000 4028537.500000 5858.810059 11 21
4214200.000000 4028537.500000 5702.975586 12 21
4214400.000000 4028537.500000 5547.150879 13 21
4214600.000000 4028537.500000 5391.331055 14 21
4214800.000000 4028537.500000 5235.514160 15 21
4215000.000000 4028537.500000 5079.695801 16 21
4215200.000000 4028537.500000 4923.872070 17 21
4215400.000000 4028537.500000 4768.034668 18 21
4215600.000000 4028537.500000 4612.192383 19 21
4215800.000000 4028537.500000 4456.345703 20 21
4216000.000000 4028537.500000 4300.508789 21 21
4216200.000000 4028537.500000 4144.444824 22 21
4216400.000000 4028537.500000 3987.930420 23 21
4216600.000000 4028537.500000 3831.219971 24 21
4216800.000000 4028537.500000 3674.539551 25 21
4217000.000000 4028537.500000 3518.518799 26 21
4217200.000000 4028537.500000 3362.948730 27 21
4217400.000000 4028537.500000 3206.958740 28 21
4217600.000000 4028537.500000 3046.552490 29 21
4217800.000000 4028537.500000 2877.898926 30 21
4218000.000000 4028537.500000 2697.720215 31 21
4218200.000000 4028537.500000 2516.184814 32 21
4218400.000000 4028537.500000 2366.200684 33 21
4218600.000000 4028537.500000 2237.637207 34 21
4218800.000000 4028537.500000 2103.151611 35 21
4219000.000000 4028537.500000 1957.016113 36 21
4219200.000000 4028537.500000 1804.054810 37 21
4219400.000000 4028537.500000 1648.246094 38 21
4219600.000000 4028537.500000 1491.576416 39 21
4219800.000000 4028537.500000 1334.547485 40 21
4220000.000000 4028537.500000 1177.183472 41 21
4220200.000000 4028537.500000 1019.578552 42 21
4212000.000000 4028909.375000 7411.674316 1 22
4212200.000000 4028909.375000 7256.043945 2 22
4212400.000000 4028909.375000 7100.417480 3 22
4212600.000000 4028909.375000 6944.796387 4 22
4212800.000000 4028909.375000 6788.930664 5 22
4213000.000000 4028909.375000 6633.070801 6 22
4213200.000000 4028909.375000 6477.462402 7 22
4213400.000000 4028909.375000 6321.614746 8 22
4213600.000000 4028909.375000 6165.772949 9 22
4213800.000000 4028909.375000 6009.938965 10 22
4214000.000000 4028909.375000 5854.112793 11 22
4214200.000000 4028909.375000 5698.292480 12 22
4214400.000000 4028909.375000 5542.486816 13 22
4214600.000000 4028909.375000 5386.691895 14 22
4214800.000000 4028909.375000 5230.906250 15 22
4215000.000000 4028909.375000 5075.126953 16 22
4215200.000000 4028909.375000 4919.350098 17 22
4215400.000000 4028909.375000 4763.566895 18 22
4215600.000000 4028909.375000 4607.786621 19 22
4215800.000000 4028909.375000 4452.010254 20 22
4216000.000000 4028909.375000 4296.256836 21 22
4216200.000000 4028909.375000 4140.310547 22 22
4216400.000000 4028909.375000 3983.990723 23 22
4216600.000000 4028909.375000 3827.645020 24 22
4216800.000000 4028909.375000 3671.427246 25 22
4217000.000000 4028909.375000 3516.769775 26 22
4217200.000000 4028909.375000 3363.676514 27 22
4217400.000000 4028909.375000 3212.423340 28 22
4217600.000000 4028909.375000 3059.726807 29 22
4217800.000000 4028909.375000 2904.241699 30 22
4218000.000000 4028909.375000 2746.796875 31 22
4218200.000000 4028909.375000 2593.446289 32 22
4218400.000000 4028909.375000 2447.768799 33 22
4218600.000000 4028909.375000 2295.771240 34 22
4218800.000000 4028909.375000 2139.141602 35 22
4219000.000000 4028909.375000 1979.355469 36 22
4219200.000000 4028909.375000 1816.873901 37 22
4219400.000000 4028909.375000 1654.457031 38 22
4219600.000000 4028909.375000 1493.019165 39 22
4219800.000000 4028909.375000 1333.100830 40 22
4220000.000000 4028909.375000 1174.214233 41 22
4220200.000000 4028909.375000 1015.706604 42 22
4212000.000000 4029281.250000 7406.932617 1 23
4212200.000000 4029281.250000 7251.303711 2 23
4212400.000000 4029281.250000 7095.678711 3 23
4212600.000000 4029281.250000 6940.058594 4 23
4212800.000000 4029281.250000 6784.194824 5 23
4213000.000000 4029281.250000 6628.336914 6 23
4213200.000000 4029281.250000 6472.731445 7 23
4213400.000000 4029281.250000 6316.887695 8 23
4213600.000000 4029281.250000 6161.051758 9 23
4213800.000000 4029281.250000 6005.224609 10 23
4214000.000000 4029281.250000 5849.409180 11 23
4214200.000000 4029281.250000 5693.602539 12 23
4214400.000000 4029281.250000 5537.814941 13 23
4214600.000000 4029281.250000 5382.043945 14 23
4214800.000000 4029281.250000 5226.289551 15 23
4215000.000000 4029281.250000 5070.549316 16 23
4215200.000000 4029281.250000 4914.819824 17 23
4215400.000000 4029281.250000 4759.093262 18 23
4215600.000000 4029281.250000 4603.375488 19 23
4215800.000000 4029281.250000 4447.668945 20 23
4216000.000000 4029281.250000 4291.995605 21 23
4216200.000000 4029281.250000 4136.153320 22 23
4216400.000000 4029281.250000 3980.251709 23 23
4216600.000000 4029281.250000 3824.224609 24 23
4216800.000000 4029281.250000 3668.899902 25 23
4217000.000000 4029281.250000 3515.286865 26 23
4217200.000000 4029281.250000 3364.679199 27 23
4217400.000000 4029281.250000 3217.883057 28 23
4217600.000000 4029281.250000 3072.754639 29 23
4217800.000000 4029281.250000 2928.256348 30 23
4218000.000000 4029281.250000 2784.954834 31 23
4218200.000000 4029281.250000 2643.550293 32 23
4218400.000000 4029281.250000 2497.571289 33 23
4218600.000000 4029281.250000 2337.189697 34 23
4218800.000000 4029281.250000 2170.430420 35 23
4219000.000000 4029281.250000 2000.003540 36 23
4219200.000000 4029281.250000 1828.925903 37 23
4219400.000000 4029281.250000 1659.829590 38 23
4219600.000000 4029281.250000 1494.019897 39 23
4219800.000000 4029281.250000 1331.625854 40 23
4220000.000000 4029281.250000 1171.103516 41 23
4220200.000000 4029281.250000 1011.528320 42 23
4212000.000000 4029653.125000 7402.188477 1 24
4212200.000000 4029653.125000 7246.560547 2 24
4212400.000000 4029653.125000 7090.936523 3 24
4212600.000000 4029653.125000 6935.317871 4 24
4212800.000000 4029653.125000 6779.455078 5 24
4213000.000000 4029653.125000 6623.599609 6 24
4213200.000000 4029653.125000 6467.746582 7 24
4213400.000000 4029653.125000 6312.155762 8 24
4213600.000000 4029653.125000 6156.324707 9 24
4213800.000000 4029653.125000 6000.504395 10 24
4214000.000000 4029653.125000 5844.697754 11 24
4214200.000000 4029653.125000 5688.903320 12 24
4214400.000000 4029653.125000 5533.132813 13 24
4214600.000000 4029653.125000 5377.383789 14 24
4214800.000000 4029653.125000 5221.658203 15 24
4215000.000000 4029653.125000 5065.955078 16 24
4215200.000000 4029653.125000 4910.267578 17 24
4215400.000000 4029653.125000 4754.600098 18 24
4215600.000000 4029653.125000 4598.944336 19 24
4215800.000000 4029653.125000 4443.303711 20 24
4216000.000000 4029653.125000 4287.697754 21 24
4216200.000000 4029653.125000 4131.929688 22 24
4216400.000000 4029653.125000 3976.373779 23 24
4216600.000000 4029653.125000 3820.756836 24 24
4216800.000000 4029653.125000 3665.748779 25 24
4217000.000000 4029653.125000 3513.045410 26 24
4217200.000000 4029653.125000 3363.534668 27 24
4217400.000000 4029653.125000 3218.773926 28 24
4217600.000000 4029653.125000 3077.343994 29 24
4217800.000000 4029653.125000 2938.557129 30 24
4218000.000000 4029653.125000 2800.611816 31 24
4218200.000000 4029653.125000 2660.591797 32 24
4218400.000000 4029653.125000 2512.828857 33 24
4218600.000000 4029653.125000 2353.012695 34 24
4218800.000000 4029653.125000 2183.345703 35 24
4219000.000000 4029653.125000 2008.279907 36 24
4219200.000000 4029653.125000 1832.946045 37 24
4219400.000000 4029653.125000 1660.381226 38 24
4219600.000000 4029653.125000 1492.474609 39 24
4219800.000000 4029653.125000 1328.587280 40 24
4220000.000000 4029653.125000 1167.364624 41 24
4220200.000000 4029653.125000 1007.391846 42 24
4212000.000000 4030025.000000 7397.441895 1 25
4212200.000000 4030025.000000 7241.815430 2 25
4212400.000000 4030025.000000 7086.192383 3 25
4212600.000000 4030025.000000 6930.574219 4 25
4212800.000000 4030025.000000 6774.712891 5 25
4213000.000000 4030025.000000 6618.858398 6 25
4213200.000000 4030025.000000 6463.007813 7 25
4213400.000000 4030025.000000 6307.419434 8 25
4213600.000000 4030025.000000 6151.592285 9 25
4213800.000000 4030025.000000 5995.777344 10 25
4214000.000000 4030025.000000 5839.978027 11 25
4214200.000000 4030025.000000 5684.193848 12 25
4214400.000000 4030025.000000 5528.437500 13 25
4214600.000000 4030025.000000 5372.708008 14 25
4214800.000000 4030025.000000 5217.007813 15 25
4215000.000000 4030025.000000 5061.337891 16 25
4215200.000000 4030025.000000 4905.692871 17 25
4215400.000000 4030025.000000 4750.076660 18 25
4215600.000000 4030025.000000 4594.479004 19 25
4215800.000000 4030025.000000 4438.898438 20 25
4216000.000000 4030025.000000 4283.348633 21 25
4216200.000000 4030025.000000 4127.872559 22 25
4216400.000000 4030025.000000 3972.336426 23 25
4216600.000000 4030025.000000 3816.954346 24 25
4216800.000000 4030025.000000 3662.133789 25 25
4217000.000000 4030025.000000 3509.324707 26 25
4217200.000000 4030025.000000 3359.472412 27 25
4217400.000000 4030025.000000 3214.280029 28 25
4217600.000000 4030025.000000 3072.727295 29 25
4217800.000000 4030025.000000 2934.029785 30 25
4218000.000000 4030025.000000 2795.675781 31 25
4218200.000000 4030025.000000 2654.187744 32 25
4218400.000000 4030025.000000 2505.250000 33 25
4218600.000000 4030025.000000 2345.910156 34 25
4218800.000000 4030025.000000 2176.974854 35 25
4219000.000000 4030025.000000 2002.412231 36 25
4219200.000000 4030025.000000 1827.441162 37 25
4219400.000000 4030025.000000 1655.333862 38 25
4219600.000000 4030025.000000 1487.567993 39 25
4219800.000000 4030025.000000 1323.707520 40 25
4220000.000000 4030025.000000 1162.652466 41 25
4220200.000000 4030025.000000 1002.750488 42 25
4212000.000000 4030396.875000 7392.693848 1 26
4212200.000000 4030396.875000 7237.067871 2 26
4212400.000000 4030396.875000 7081.445801 3 26
4212600.000000 4030396.875000 6925.828125 4 26
4212800.000000 4030396.875000 6769.967773 5 26
4213000.000000 4030396.875000 6614.110352 6 26
4213200.000000 4030396.875000 6458.265137 7 26
4213400.000000 4030396.875000 6302.678711 8 26
4213600.000000 4030396.875000 6146.854004 9 26
4213800.000000 4030396.875000 5991.043457 10 26
4214000.000000 4030396.875000 5835.249512 11 26
4214200.000000 4030396.875000 5679.473633 12 26
4214400.000000 4030396.875000 5523.728027 13 26
4214600.000000 4030396.875000 5368.013672 14 26
4214800.000000 4030396.875000 5212.333984 15 26
4215000.000000 4030396.875000 5056.692383 16 26
4215200.000000 4030396.875000 4901.083496 17 26
4215400.000000 4030396.875000 4745.512207 18 26
4215600.000000 4030396.875000 4589.966797 19 26
4215800.000000 4030396.875000 4434.441406 20 26
4216000.000000 4030396.875000 4278.939941 21 26
4216200.000000 4030396.875000 4123.488770 22 26
4216400.000000 4030396.875000 3967.926514 23 26
4216600.000000 4030396.875000 3812.668701 24 26
4216800.000000 4030396.875000 3657.794189 25 26
4217000.000000 4030396.875000 3504.361816 26 26
4217200.000000 4030396.875000 3353.426758 27 26
4217400.000000 4030396.875000 3205.822021 28 26
4217600.000000 4030396.875000 3061.503418 29 26
4217800.000000 4030396.875000 2919.723145 30 26
4218000.000000 4030396.875000 2778.125000 31 26
4218200.000000 4030396.875000 2633.937744 32 26
4218400.000000 4030396.875000 2483.518799 33 26
4218600.000000 4030396.875000 2324.637451 34 26
4218800.000000 4030396.875000 2158.071533 35 26
4219000.000000 4030396.875000 1986.893188 36 26
4219200.000000 4030396.875000 1815.476685 37 26
4219400.000000 4030396.875000 1646.369263 38 26
4219600.000000 4030396.875000 1480.759766 39 26
4219800.000000 4030396.875000 1317.980225 40 26
4220000.000000 4030396.875000 1157.418213 41 26
4220200.000000 4030396.875000 997.947388 42 26
4212000.000000 4030768.750000 7387.944824 1 27
4212200.000000 4030768.750000 7232.319336 2 27
4212400.000000 4030768.750000 7076.697266 3 27
4212600.000000 4030768.750000 6921.080566 4 27
4212800.000000 4030768.750000 6765.220215 5 27
4213000.000000 4030768.750000 6609.363281 6 27
4213200.000000 4030768.750000 6453.519043 7 27
4213400.000000 4030768.750000 6297.684570 8 27
4213600.000000 4030768.750000 6141.861328 9 27
4213800.000000 4030768.750000 5986.302734 10 27
4214000.000000 4030768.750000 5830.512695 11 27
4214200.000000 4030768.750000 5674.741699 12 27
4214400.000000 4030768.750000 5519.003418 13 27
4214600.000000 4030768.750000 5363.299316 14 27
4214800.000000 4030768.750000 5207.634766 15 27
4215000.000000 4030768.750000 5052.013672 16 27
4215200.000000 4030768.750000 4896.433594 17 27
4215400.000000 4030768.750000 4740.898926 18 27
4215600.000000 4030768.750000 4585.398926 19 27
4215800.000000 4030768.750000 4429.923828 20 27
4216000.000000 4030768.750000 4274.468262 21 27
4216200.000000 4030768.750000 4119.040527 22 27
4216400.000000 4030768.750000 3963.445068 23 27
4216600.000000 4030768.750000 3808.288330 24 27
4216800.000000 4030768.750000 3653.293701 25 27
4217000.000000 4030768.750000 3499.096436 26 27
4217200.000000 4030768.750000 3346.518311 27 27
4217400.000000 4030768.750000 3196.161621 28 27
4217600.000000 4030768.750000 3048.366699 29 27
4217800.000000 4030768.750000 2902.282715 30 27
4218000.000000 4030768.750000 2756.548584 31 27
4218200.000000 4030768.750000 2608.788330 32 27
4218400.000000 4030768.750000 2456.621094 33 27
4218600.000000 4030768.750000 2298.415283 34 27
4218800.000000 4030768.750000 2134.919434 35 27
4219000.000000 4030768.750000 1968.207642 36 27
4219200.000000 4030768.750000 1801.398560 37 27
4219400.000000 4030768.750000 1636.145752 38 27
4219600.000000 4030768.750000 1473.229004 39 27
4219800.000000 4030768.750000 1312.107544 40 27
4220000.000000 4030768.750000 1152.249512 41 27
4220200.000000 4030768.750000 993.100037 42 27
4212000.000000 4031140.625000 7382.944824 1 28
4212200.000000 4031140.625000 7227.569336 2 28
4212400.000000 4031140.625000 7071.947754 3 28
4212600.000000 4031140.625000 6916.331055 4 28
4212800.000000 4031140.625000 6760.471191 5 28
4213000.000000 4031140.625000 6604.614258 6 28
4213200.000000 4031140.625000 6448.770020 7 28
4213400.000000 4031140.625000 6292.936035 8 28
4213600.000000 4031140.625000 6137.113281 9 28
4213800.000000 4031140.625000 5981.555664 10 28
4214000.000000 4031140.625000 5825.766602 11 28
4214200.000000 4031140.625000 5669.998047 12 28
4214400.000000 4031140.625000 5514.263184 13 28
4214600.000000 4031140.625000 5358.564941 14 28
4214800.000000 4031140.625000 5202.909180 15 28
4215000.000000 4031140.625000 5047.301270 16 28
4215200.000000 4031140.625000 4891.740723 17 28
4215400.000000 4031140.625000 4736.233398 18 28
4215600.000000 4031140.625000 4580.770020 19 28
4215800.000000 4031140.625000 4425.338867 20 28
4216000.000000 4031140.625000 4269.928711 21 28
4216200.000000 4031140.625000 4114.531738 22 28
4216400.000000 4031140.625000 3958.923340 23 28
4216600.000000 4031140.625000 3803.655762 24 28
4216800.000000 4031140.625000 3648.608398 25 28
4217000.000000 4031140.625000 3493.767334 26 28
4217200.000000 4031140.625000 3339.975098 27 28
4217400.000000 4031140.625000 3187.369873 28 28
4217600.000000 4031140.625000 3036.411133 29 28
4217800.000000 4031140.625000 2886.646973 30 28
4218000.000000 4031140.625000 2736.948975 31 28
4218200.000000 4031140.625000 2585.864014 32 28
4218400.000000 4031140.625000 2432.012207 33 28
4218600.000000 4031140.625000 2274.687988 34 28
4218800.000000 4031140.625000 2113.948486 35 28
4219000.000000 4031140.625000 1951.200317 36 28
4219200.000000 4031140.625000 1788.488037 37 28
4219400.000000 4031140.625000 1626.606445 38 28
4219600.000000 4031140.625000 1466.047607 39 28
4219800.000000 4031140.625000 1306.384033 40 28
4220000.000000 4031140.625000 1147.361816 41 28
4220200.000000 4031140.625000 988.504822 42 28
4212000.000000 4031512.500000 7378.193848 1 29
4212200.000000 4031512.500000 7222.818848 2 29
4212400.000000 4031512.500000 7067.197266 3 29
4212600.000000 4031512.500000 6911.580566 4 29
4212800.000000 4031512.500000 6755.720215 5 29
4213000.000000 4031512.500000 6599.863281 6 29
4213200.000000 4031512.500000 6444.018555 7 29
4213400.000000 4031512.500000 6288.183594 8 29
4213600.000000 4031512.500000 6132.360840 9 29
4213800.000000 4031512.500000 5976.552246 10 29
4214000.000000 4031512.500000 5820.758301 11 29
4214200.000000 4031512.500000 5664.992676 12 29
4214400.000000 4031512.500000 5509.257813 13 29
4214600.000000 4031512.500000 5353.560059 14 29
4214800.000000 4031512.500000 5197.906738 15 29
4215000.000000 4031512.500000 5042.301270 16 29
4215200.000000 4031512.500000 4886.755371 17 29
4215400.000000 4031512.500000 4731.266113 18 29
4215600.000000 4031512.500000 4576.079102 19 29
4215800.000000 4031512.500000 4420.684570 20 29
4216000.000000 4031512.500000 4265.317871 21 29
4216200.000000 4031512.500000 4109.960449 22 29
4216400.000000 4031512.500000 3954.366211 23 29
4216600.000000 4031512.500000 3799.047852 24 29
4216800.000000 4031512.500000 3643.814941 25 29
4217000.000000 4031512.500000 3488.537842 26 29
4217200.000000 4031512.500000 3333.914063 27 29
4217400.000000 4031512.500000 3179.906006 28 29
4217600.000000 4031512.500000 3026.872314 29 29
4217800.000000 4031512.500000 2874.452148 30 29
4218000.000000 4031512.500000 2721.923340 31 29
4218200.000000 4031512.500000 2568.454834 32 29
4218400.000000 4031512.500000 2413.429443 33 29
4218600.000000 4031512.500000 2256.558838 34 29
4218800.000000 4031512.500000 2097.768555 35 29
4219000.000000 4031512.500000 1937.852905 36 29
4219200.000000 4031512.500000 1778.028931 37 29
4219400.000000 4031512.500000 1618.541016 38 29
4219600.000000 4031512.500000 1459.646118 39 29
4219800.000000 4031512.500000 1301.006836 40 29
4220000.000000 4031512.500000 1142.355835 41 29
4220200.000000 4031512.500000 983.684937 42 29
4212000.000000 4031884.375000 7373.192871 1 30
4212200.000000 4031884.375000 7218.067383 2 30
4212400.000000 4031884.375000 7062.445801 3 30
4212600.000000 4031884.375000 6906.578613 4 30
4212800.000000 4031884.375000 6750.713867 5 30
4213000.000000 4031884.375000 6594.860352 6 30
4213200.000000 4031884.375000 6439.014648 7 30
4213400.000000 4031884.375000 6283.178223 8 30
4213600.000000 4031884.375000 6127.353027 9 30
4213800.000000 4031884.375000 5971.541992 10 30
4214000.000000 4031884.375000 5815.744629 11 30
4214200.000000 4031884.375000 5659.975098 12 30
4214400.000000 4031884.375000 5504.235840 13 30
4214600.000000 4031884.375000 5348.533691 14 30
4214800.000000 4031884.375000 5192.877930 15 30
4215000.000000 4031884.375000 5037.271484 16 30
4215200.000000 4031884.375000 4881.978516 17 30
4215400.000000 4031884.375000 4726.498535 18 30
4215600.000000 4031884.375000 4571.329102 19 30
4215800.000000 4031884.375000 4415.962402 20 30
4216000.000000 4031884.375000 4260.634277 21 30
4216200.000000 4031884.375000 4105.321289 22 30
4216400.000000 4031884.375000 3949.763184 23 30
4216600.000000 4031884.375000 3794.447510 24 30
4216800.000000 4031884.375000 3639.138184 25 30
4217000.000000 4031884.375000 3483.886719 26 30
4217200.000000 4031884.375000 3328.779785 27 30
4217400.000000 4031884.375000 3173.931152 28 30
4217600.000000 4031884.375000 3019.393799 29 30
4217800.000000 4031884.375000 2865.117920 30 30
4218000.000000 4031884.375000 2710.843506 31 30
4218200.000000 4031884.375000 2556.177734 32 30
4218400.000000 4031884.375000 2400.665039 33 30
4218600.000000 4031884.375000 2244.066406 34 30
4218800.000000 4031884.375000 2086.453613 35 30
4219000.000000 4031884.375000 1928.233643 36 30
4219200.000000 4031884.375000 1769.916138 37 30
4219400.000000 4031884.375000 1611.611084 38 30
4219600.000000 4031884.375000 1453.726685 39 30
4219800.000000 4031884.375000 1295.482910 40 30
4220000.000000 4031884.375000 1136.980347 41 30
4220200.000000 4031884.375000 978.345459 42 30
4212000.000000 4032256.250000 7367.941406 1 31
4212200.000000 4032256.250000 7213.065430 2 31
4212400.000000 4032256.250000 7057.443359 3 31
4212600.000000 4032256.250000 6901.575684 4 31
4212800.000000 4032256.250000 6745.709961 5 31
4213000.000000 4032256.250000 6589.854980 6 31
4213200.000000 4032256.250000 6434.007324 7 31
4213400.000000 4032256.250000 6278.168457 8 31
4213600.000000 4032256.250000 6122.339844 9 31
4213800.000000 4032256.250000 5966.519531 10 31
4214000.000000 4032256.250000 5810.720703 11 31
4214200.000000 4032256.250000 5654.943359 12 31
4214400.000000 4032256.250000 5499.195801 13 31
4214600.000000 4032256.250000 5343.484863 14 31
4214800.000000 4032256.250000 5187.816406 15 31
4215000.000000 4032256.250000 5032.207520 16 31
4215200.000000 4032256.250000 4876.911133 17 31
4215400.000000 4032256.250000 4721.433594 18 31
4215600.000000 4032256.250000 4566.274414 19 31
4215800.000000 4032256.250000 4410.928711 20 31
4216000.000000 4032256.250000 4255.883301 21 31
4216200.000000 4032256.250000 4100.613770 22 31
4216400.000000 4032256.250000 3945.104492 23 31
4216600.000000 4032256.250000 3789.826416 24 31
4216800.000000 4032256.250000 3634.517578 25 31
4217000.000000 4032256.250000 3479.180176 26 31
4217200.000000 4032256.250000 3323.853760 27 31
4217400.000000 4032256.250000 3168.582275 28 31
4217600.000000 4032256.250000 3013.379395 29 31
4217800.000000 4032256.250000 2858.224121 30 31
4218000.000000 4032256.250000 2703.011719 31 31
4218200.000000 4032256.250000 2547.538574 32 31
4218400.000000 4032256.250000 2391.623535 33 31
4218600.000000 4032256.250000 2235.139404 34 31
4218800.000000 4032256.250000 2078.142822 35 31
4219000.000000 4032256.250000 1920.834595 36 31
4219200.000000 4032256.250000 1763.441406 37 31
4219400.000000 4032256.250000 1605.918579 38 31
4219600.000000 4032256.250000 1448.083130 39 31
4219800.000000 4032256.250000 1289.684082 40 31
4220000.000000 4032256.250000 1130.912231 41 31
4220200.000000 4032256.250000 972.209839 42 31
4212000.000000 4032628.125000 7362.439453 1 32
4212200.000000 4032628.125000 7207.812500 2 32
4212400.000000 4032628.125000 7052.688477 3 32
4212600.000000 4032628.125000 6896.566406 4 32
4212800.000000 4032628.125000 6740.703125 5 32
4213000.000000 4032628.125000 6584.846191 6 32
4213200.000000 4032628.125000 6428.995605 7 32
4213400.000000 4032628.125000 6273.152832 8 32
4213600.000000 4032628.125000 6117.314453 9 32
4213800.000000 4032628.125000 5961.491699 10 32
4214000.000000 4032628.125000 5805.683105 11 32
4214200.000000 4032628.125000 5649.894531 12 32
4214400.000000 4032628.125000 5494.133301 13 32
4214600.000000 4032628.125000 5338.408203 14 32
4214800.000000 4032628.125000 5182.725586 15 32
4215000.000000 4032628.125000 5027.104492 16 32
4215200.000000 4032628.125000 4871.800293 17 32
4215400.000000 4032628.125000 4716.320801 18 32
4215600.000000 4032628.125000 4560.917969 19 32
4215800.000000 4032628.125000 4405.839844 20 32
4216000.000000 4032628.125000 4250.820313 21 32
4216200.000000 4032628.125000 4095.598877 22 32
4216400.000000 4032628.125000 3940.393555 23 32
4216600.000000 4032628.125000 3785.172852 24 32
4216800.000000 4032628.125000 3629.907227 25 32
4217000.000000 4032628.125000 3474.572754 26 32
4217200.000000 4032628.125000 3319.172119 27 32
4217400.000000 4032628.125000 3163.708252 28 32
4217600.000000 4032628.125000 3008.183838 29 32
4217800.000000 4032628.125000 2852.598877 30 32
4218000.000000 4032628.125000 2696.892334 31 32
4218200.000000 4032628.125000 2541.008789 32 32
4218400.000000 4032628.125000 2384.856934 33 32
4218600.000000 4032628.125000 2228.409912 34 32
4218800.000000 4032628.125000 2071.707275 35 32
4219000.000000 4032628.125000 1914.576416 36 32
4219200.000000 4032628.125000 1757.399902 37 32
4219400.000000 4032628.125000 1600.505005 38 32
4219600.000000 4032628.125000 1442.699585 39 32
4219800.000000 4032628.125000 1283.737915 40 32
4220000.000000 4032628.125000 1124.846802 41 32
4220200.000000 4032628.125000 965.756104 42 32
4212000.000000 4033000.000000 7356.432617 1 33
4212200.000000 4033000.000000 7202.303711 2 33
4212400.000000 4033000.000000 7047.178711 3 33
4212600.000000 4033000.000000 6891.308594 4 33
4212800.000000 4033000.000000 6735.443359 5 33
4213000.000000 4033000.000000 6579.583496 6 33
4213200.000000 4033000.000000 6423.729492 7 33
4213400.000000 4033000.000000 6267.881348 8 33
4213600.000000 4033000.000000 6112.035645 9 33
4213800.000000 4033000.000000 5956.202148 10 33
4214000.000000 4033000.000000 5800.380371 11 33
4214200.000000 4033000.000000 5644.574707 12 33
4214400.000000 4033000.000000 5488.793457 13 33
4214600.000000 4033000.000000 5333.042480 14 33
4214800.000000 4033000.000000 5177.342773 15 33
4215000.000000 4033000.000000 5021.952148 16 33
4215200.000000 4033000.000000 4866.634277 17 33
4215400.000000 4033000.000000 4711.149414 18 33
4215600.000000 4033000.000000 4555.752930 19 33
4215800.000000 4033000.000000 4400.694336 20 33
4216000.000000 4033000.000000 4245.710449 21 33
4216200.000000 4033000.000000 4090.540771 22 33
4216400.000000 4033000.000000 3935.401367 23 33
4216600.000000 4033000.000000 3780.254395 24 33
4216800.000000 4033000.000000 3625.057861 25 33
4217000.000000 4033000.000000 3469.767334 26 33
4217200.000000 4033000.000000 3314.361328 27 33
4217400.000000 4033000.000000 3158.814453 28 33
4217600.000000 4033000.000000 3003.133789 29 33
4217800.000000 4033000.000000 2847.300781 30 33
4218000.000000 4033000.000000 2691.328369 31 33
4218200.000000 4033000.000000 2535.191162 32 33
4218400.000000 4033000.000000 2378.898682 33 33
4218600.000000 4033000.000000 2222.439941 34 33
4218800.000000 4033000.000000 2065.850586 35 33
4219000.000000 4033000.000000 1908.935303 36 33
4219200.000000 4033000.000000 1751.980957 37 33
4219400.000000 4033000.000000 1595.040405 38 33
4219600.000000 4033000.000000 1436.900879 39 33
4219800.000000 4033000.000000 1277.803833 40 33
4220000.000000 4033000.000000 1118.503784 41 33
4220200.000000 4033000.000000 959.245544 42 33
