# Type: scattered data
# Version: 6
# Description: No description
# Format: free
# Field: 1 x
# Field: 2 y
# Field: 3 z undefined
# Field: 4 column
# Field: 5 row
# Projection: Local Rectangular
# Units: undefined
# End:
# Information from grid:
# Grid_size: 42 x 33
# Grid_space: 4212000.000000,4220200.000000,4021100.000000,4033000.000000
# Scattered data: Not_available
# Z_field: z
# Vertical_faults: Not_available
# History: No history
# Z_units: undefined
4212000.000000 4021100.000000 13451.796875 1 1
4212200.000000 4021100.000000 13209.721680 2 1
4212400.000000 4021100.000000 12967.656250 3 1
4212600.000000 4021100.000000 12725.084961 4 1
4212800.000000 4021100.000000 12482.517578 5 1
4213000.000000 4021100.000000 12239.960938 6 1
4213200.000000 4021100.000000 11996.899414 7 1
4213400.000000 4021100.000000 11754.340820 8 1
4213600.000000 4021100.000000 11511.794922 9 1
4213800.000000 4021100.000000 11268.742188 10 1
4214000.000000 4021100.000000 11026.200195 11 1
4214200.000000 4021100.000000 10783.153320 12 1
4214400.000000 4021100.000000 10540.106445 13 1
4214600.000000 4021100.000000 10297.068359 14 1
4214800.000000 4021100.000000 10053.520508 15 1
4215000.000000 4021100.000000 9809.971680 16 1
4215200.000000 4021100.000000 9566.418945 17 1
4215400.000000 4021100.000000 9322.871094 18 1
4215600.000000 4021100.000000 9079.309570 19 1
4215800.000000 4021100.000000 8836.241211 20 1
4216000.000000 4021100.000000 8593.152344 21 1
4216200.000000 4021100.000000 8349.524414 22 1
4216400.000000 4021100.000000 8105.834961 23 1
4216600.000000 4021100.000000 7862.093750 24 1
4216800.000000 4021100.000000 7618.320801 25 1
4217000.000000 4021100.000000 7374.505859 26 1
4217200.000000 4021100.000000 7130.653320 27 1
4217400.000000 4021100.000000 6887.241699 28 1
4217600.000000 4021100.000000 6643.794922 29 1
4217800.000000 4021100.000000 6399.814453 30 1
4218000.000000 4021100.000000 6155.317871 31 1
4218200.000000 4021100.000000 5910.315430 32 1
4218400.000000 4021100.000000 5663.765137 33 1
4218600.000000 4021100.000000 5416.659668 34 1
4218800.000000 4021100.000000 5169.496094 35 1
4219000.000000 4021100.000000 4923.332520 36 1
4219200.000000 4021100.000000 4679.241211 37 1
4219400.000000 4021100.000000 4436.721680 38 1
4219600.000000 4021100.000000 4195.789063 39 1
4219800.000000 4021100.000000 3956.458008 40 1
4220000.000000 4021100.000000 3718.222412 41 1
4220200.000000 4021100.000000 3480.585205 42 1
4212000.000000 4021471.875000 13386.782227 1 2
4212200.000000 4021471.875000 13144.715820 2 2
4212400.000000 4021471.875000 12902.660156 3 2
4212600.000000 4021471.875000 12660.099609 4 2
4212800.000000 4021471.875000 12417.543945 5 2
4213000.000000 4021471.875000 12175.000000 6 2
4213200.000000 4021471.875000 11931.953125 7 2
4213400.000000 4021471.875000 11688.911133 8 2
4213600.000000 4021471.875000 11446.382813 9 2
4213800.000000 4021471.875000 11203.350586 10 2
4214000.000000 4021471.875000 10960.830078 11 2
4214200.000000 4021471.875000 10717.806641 12 2
4214400.000000 4021471.875000 10474.787109 13 2
4214600.000000 4021471.875000 10231.778320 14 2
4214800.000000 4021471.875000 9988.261719 15 2
4215000.000000 4021471.875000 9745.246094 16 2
4215200.000000 4021471.875000 9501.728516 17 2
4215400.000000 4021471.875000 9258.716797 18 2
4215600.000000 4021471.875000 9015.692383 19 2
4215800.000000 4021471.875000 8772.662109 20 2
4216000.000000 4021471.875000 8529.621094 21 2
4216200.000000 4021471.875000 8286.015625 22 2
4216400.000000 4021471.875000 8042.345215 23 2
4216600.000000 4021471.875000 7798.614746 24 2
4216800.000000 4021471.875000 7554.841309 25 2
4217000.000000 4021471.875000 7311.018555 26 2
4217200.000000 4021471.875000 7067.647461 27 2
4217400.000000 4021471.875000 6825.206055 28 2
4217600.000000 4021471.875000 6582.698730 29 2
4217800.000000 4021471.875000 6339.659668 30 2
4218000.000000 4021471.875000 6096.080078 31 2
4218200.000000 4021471.875000 5851.447266 32 2
4218400.000000 4021471.875000 5604.118652 33 2
4218600.000000 4021471.875000 5355.596191 34 2
4218800.000000 4021471.875000 5106.895996 35 2
4219000.000000 4021471.875000 4860.741699 36 2
4219200.000000 4021471.875000 4617.863281 37 2
4219400.000000 4021471.875000 4378.241699 38 2
4219600.000000 4021471.875000 4141.369629 39 2
4219800.000000 4021471.875000 3905.234375 40 2
4220000.000000 4021471.875000 3669.770020 41 2
4220200.000000 4021471.875000 3434.443359 42 2
4212000.000000 4021843.750000 13322.268555 1 3
4212200.000000 4021843.750000 13079.712891 2 3
4212400.000000 4021843.750000 12837.667969 3 3
4212600.000000 4021843.750000 12595.118164 4 3
4212800.000000 4021843.750000 12352.574219 5 3
4213000.000000 4021843.750000 12109.545898 6 3
4213200.000000 4021843.750000 11866.513672 7 3
4213400.000000 4021843.750000 11623.988281 8 3
4213600.000000 4021843.750000 11380.979492 9 3
4213800.000000 4021843.750000 11137.967773 10 3
4214000.000000 4021843.750000 10895.461914 11 3
4214200.000000 4021843.750000 10652.473633 12 3
4214400.000000 4021843.750000 10409.482422 13 3
4214600.000000 4021843.750000 10166.503906 14 3
4214800.000000 4021843.750000 9923.021484 15 3
4215000.000000 4021843.750000 9680.041016 16 3
4215200.000000 4021843.750000 9437.061523 17 3
4215400.000000 4021843.750000 9194.088867 18 3
4215600.000000 4021843.750000 8951.105469 19 3
4215800.000000 4021843.750000 8708.625000 20 3
4216000.000000 4021843.750000 8465.617188 21 3
4216200.000000 4021843.750000 8222.044922 22 3
4216400.000000 4021843.750000 7978.395508 23 3
4216600.000000 4021843.750000 7734.683105 24 3
4216800.000000 4021843.750000 7490.900879 25 3
4217000.000000 4021843.750000 7247.067871 26 3
4217200.000000 4021843.750000 7004.175293 27 3
4217400.000000 4021843.750000 6762.193848 28 3
4217600.000000 4021843.750000 6520.637695 29 3
4217800.000000 4021843.750000 6279.016602 30 3
4218000.000000 4021843.750000 6036.350098 31 3
4218200.000000 4021843.750000 5792.057129 32 3
4218400.000000 4021843.750000 5543.359863 33 3
4218600.000000 4021843.750000 5292.775391 34 3
4218800.000000 4021843.750000 5041.889648 35 3
4219000.000000 4021843.750000 4794.613770 36 3
4219200.000000 4021843.750000 4553.415527 37 3
4219400.000000 4021843.750000 4317.238281 38 3
4219600.000000 4021843.750000 4085.030029 39 3
4219800.000000 4021843.750000 3852.187012 40 3
4220000.000000 4021843.750000 3619.055908 41 3
4220200.000000 4021843.750000 3386.113281 42 3
4212000.000000 4022215.625000 13257.259766 1 4
4212200.000000 4022215.625000 13014.713867 2 4
4212400.000000 4022215.625000 12772.679688 3 4
4212600.000000 4022215.625000 12530.142578 4 4
4212800.000000 4022215.625000 12287.112305 5 4
4213000.000000 4022215.625000 12044.097656 6 4
4213200.000000 4022215.625000 11801.082031 7 4
4213400.000000 4022215.625000 11558.574219 8 4
4213600.000000 4022215.625000 11315.585938 9 4
4213800.000000 4022215.625000 11072.596680 10 4
4214000.000000 4022215.625000 10830.115234 11 4
4214200.000000 4022215.625000 10587.154297 12 4
4214400.000000 4022215.625000 10344.194336 13 4
4214600.000000 4022215.625000 10101.241211 14 4
4214800.000000 4022215.625000 9858.301758 15 4
4215000.000000 4022215.625000 9615.359375 16 4
4215200.000000 4022215.625000 9372.420898 17 4
4215400.000000 4022215.625000 9129.491211 18 4
4215600.000000 4022215.625000 8886.552734 19 4
4215800.000000 4022215.625000 8644.109375 20 4
4216000.000000 4022215.625000 8401.154297 21 4
4216200.000000 4022215.625000 8158.116211 22 4
4216400.000000 4022215.625000 7914.488770 23 4
4216600.000000 4022215.625000 7670.785645 24 4
4216800.000000 4022215.625000 7427.001953 25 4
4217000.000000 4022215.625000 7183.157715 26 4
4217200.000000 4022215.625000 6940.250977 27 4
4217400.000000 4022215.625000 6699.218750 28 4
4217600.000000 4022215.625000 6458.607422 29 4
4217800.000000 4022215.625000 6217.418945 30 4
4218000.000000 4022215.625000 5975.637695 31 4
4218200.000000 4022215.625000 5731.149414 32 4
4218400.000000 4022215.625000 5481.461914 33 4
4218600.000000 4022215.625000 5227.657715 34 4
4218800.000000 4022215.625000 4972.368164 35 4
4219000.000000 4022215.625000 4722.872070 36 4
4219200.000000 4022215.625000 4483.860840 37 4
4219400.000000 4022215.625000 4252.689453 38 4
4219600.000000 4022215.625000 4025.219971 39 4
4219800.000000 4022215.625000 3795.814209 40 4
4220000.000000 4022215.625000 3565.628174 41 4
4220200.000000 4022215.625000 3335.634033 42 4
4212000.000000 4022587.500000 13192.254883 1 5
4212200.000000 4022587.500000 12949.720703 2 5
4212400.000000 4022587.500000 12707.198242 3 5
4212600.000000 4022587.500000 12464.673828 4 5
4212800.000000 4022587.500000 12222.157227 5 5
4213000.000000 4022587.500000 11979.158203 6 5
4213200.000000 4022587.500000 11736.159180 7 5
4213400.000000 4022587.500000 11493.171875 8 5
4213600.000000 4022587.500000 11250.704102 9 5
4213800.000000 4022587.500000 11007.739258 10 5
4214000.000000 4022587.500000 10764.785156 11 5
4214200.000000 4022587.500000 10521.854492 12 5
4214400.000000 4022587.500000 10278.928711 13 5
4214600.000000 4022587.500000 10036.011719 14 5
4214800.000000 4022587.500000 9793.110352 15 5
4215000.000000 4022587.500000 9550.210938 16 5
4215200.000000 4022587.500000 9307.817383 17 5
4215400.000000 4022587.500000 9064.934570 18 5
4215600.000000 4022587.500000 8822.042969 19 5
4215800.000000 4022587.500000 8579.150391 20 5
4216000.000000 4022587.500000 8336.243164 21 5
4216200.000000 4022587.500000 8093.241211 22 5
4216400.000000 4022587.500000 7850.135254 23 5
4216600.000000 4022587.500000 7605.942383 24 5
4216800.000000 4022587.500000 7362.156738 25 5
4217000.000000 4022587.500000 7118.300781 26 5
4217200.000000 4022587.500000 6875.872070 27 5
4217400.000000 4022587.500000 6634.806641 28 5
4217600.000000 4022587.500000 6394.651855 29 5
4217800.000000 4022587.500000 6153.394531 30 5
4218000.000000 4022587.500000 5910.996094 31 5
4218200.000000 4022587.500000 5665.248047 32 5
4218400.000000 4022587.500000 5413.947754 33 5
4218600.000000 4022587.500000 5154.713379 34 5
4218800.000000 4022587.500000 4892.796875 35 5
4219000.000000 4022587.500000 4640.440918 36 5
4219200.000000 4022587.500000 4404.192383 37 5
4219400.000000 4022587.500000 4180.677734 38 5
4219600.000000 4022587.500000 3959.719727 39 5
4219800.000000 4022587.500000 3734.302002 40 5
4220000.000000 4022587.500000 3508.184082 41 5
4220200.000000 4022587.500000 3282.144287 42 5
4212000.000000 4022959.375000 13126.754883 1 6
4212200.000000 4022959.375000 12884.232422 2 6
4212400.000000 4022959.375000 12641.714844 3 6
4212600.000000 4022959.375000 12399.211914 4 6
4212800.000000 4022959.375000 12156.709961 5 6
4213000.000000 4022959.375000 11913.727539 6 6
4213200.000000 4022959.375000 11670.748047 7 6
4213400.000000 4022959.375000 11427.780273 8 6
4213600.000000 4022959.375000 11185.336914 9 6
4213800.000000 4022959.375000 10942.397461 10 6
4214000.000000 4022959.375000 10699.472656 11 6
4214200.000000 4022959.375000 10456.574219 12 6
4214400.000000 4022959.375000 10213.684570 13 6
4214600.000000 4022959.375000 9970.806641 14 6
4214800.000000 4022959.375000 9727.947266 15 6
4215000.000000 4022959.375000 9485.092773 16 6
4215200.000000 4022959.375000 9242.748047 17 6
4215400.000000 4022959.375000 8999.915039 18 6
4215600.000000 4022959.375000 8757.076172 19 6
4215800.000000 4022959.375000 8514.235352 20 6
4216000.000000 4022959.375000 8271.877930 21 6
4216200.000000 4022959.375000 8028.913574 22 6
4216400.000000 4022959.375000 7785.330566 23 6
4216600.000000 4022959.375000 7541.145996 24 6
4216800.000000 4022959.375000 7297.358887 25 6
4217000.000000 4022959.375000 7053.993164 26 6
4217200.000000 4022959.375000 6811.548828 27 6
4217400.000000 4022959.375000 6569.966309 28 6
4217600.000000 4022959.375000 6328.792969 29 6
4217800.000000 4022959.375000 6085.982422 30 6
4218000.000000 4022959.375000 5841.497559 31 6
4218200.000000 4022959.375000 5592.490723 32 6
4218400.000000 4022959.375000 5336.558594 33 6
4218600.000000 4022959.375000 5070.350586 34 6
4218800.000000 4022959.375000 4800.658203 35 6
4219000.000000 4022959.375000 4543.442383 36 6
4219200.000000 4022959.375000 4308.936523 37 6
4219400.000000 4022959.375000 4093.336670 38 6
4219600.000000 4022959.375000 3883.154297 39 6
4219800.000000 4022959.375000 3666.234863 40 6
4220000.000000 4022959.375000 3447.305664 41 6
4220200.000000 4022959.375000 3227.398193 42 6
4212000.000000 4023331.250000 13061.759766 1 7
4212200.000000 4023331.250000 12819.249023 2 7
4212400.000000 4023331.250000 12576.745117 3 7
4212600.000000 4023331.250000 12333.756836 4 7
4212800.000000 4023331.250000 12091.270508 5 7
4213000.000000 4023331.250000 11848.305664 6 7
4213200.000000 4023331.250000 11605.345703 7 7
4213400.000000 4023331.250000 11362.400391 8 7
4213600.000000 4023331.250000 11119.981445 9 7
4213800.000000 4023331.250000 10877.070313 10 7
4214000.000000 4023331.250000 10634.175781 11 7
4214200.000000 4023331.250000 10391.312500 12 7
4214400.000000 4023331.250000 10148.461914 13 7
4214600.000000 4023331.250000 9905.625000 14 7
4214800.000000 4023331.250000 9662.811523 15 7
4215000.000000 4023331.250000 9420.004883 16 7
4215200.000000 4023331.250000 9177.711914 17 7
4215400.000000 4023331.250000 8934.932617 18 7
4215600.000000 4023331.250000 8692.148438 19 7
4215800.000000 4023331.250000 8449.363281 20 7
4216000.000000 4023331.250000 8207.058594 21 7
4216200.000000 4023331.250000 7964.131836 22 7
4216400.000000 4023331.250000 7720.569824 23 7
4216600.000000 4023331.250000 7476.892578 24 7
4216800.000000 4023331.250000 7233.103516 25 7
4217000.000000 4023331.250000 6989.730469 26 7
4217200.000000 4023331.250000 6746.769531 27 7
4217400.000000 4023331.250000 6504.693359 28 7
4217600.000000 4023331.250000 6261.533203 29 7
4217800.000000 4023331.250000 6016.232422 30 7
4218000.000000 4023331.250000 5768.223633 31 7
4218200.000000 4023331.250000 5514.117188 32 7
4218400.000000 4023331.250000 5251.696289 33 7
4218600.000000 4023331.250000 4979.561035 34 7
4218800.000000 4023331.250000 4703.874023 35 7
4219000.000000 4023331.250000 4439.307617 36 7
4219200.000000 4023331.250000 4205.357422 37 7
4219400.000000 4023331.250000 3998.562744 38 7
4219600.000000 4023331.250000 3802.428711 39 7
4219800.000000 4023331.250000 3596.525635 40 7
4220000.000000 4023331.250000 3385.864990 41 7
4220200.000000 4023331.250000 3172.800293 42 7
4212000.000000 4023703.125000 12996.769531 1 8
4212200.000000 4023703.125000 12753.772461 2 8
4212400.000000 4023703.125000 12511.282227 3 8
4212600.000000 4023703.125000 12268.808594 4 8
4212800.000000 4023703.125000 12026.338867 5 8
4213000.000000 4023703.125000 11783.384766 6 8
4213200.000000 4023703.125000 11540.453125 7 8
4213400.000000 4023703.125000 11297.531250 8 8
4213600.000000 4023703.125000 11055.139648 9 8
4213800.000000 4023703.125000 10812.257813 10 8
4214000.000000 4023703.125000 10569.396484 11 8
4214200.000000 4023703.125000 10326.570313 12 8
4214400.000000 4023703.125000 10083.261719 13 8
4214600.000000 4023703.125000 9840.470703 14 8
4214800.000000 4023703.125000 9597.705078 15 8
4215000.000000 4023703.125000 9354.950195 16 8
4215200.000000 4023703.125000 9112.711914 17 8
4215400.000000 4023703.125000 8869.990234 18 8
4215600.000000 4023703.125000 8627.262695 19 8
4215800.000000 4023703.125000 8385.034180 20 8
4216000.000000 4023703.125000 8142.783691 21 8
4216200.000000 4023703.125000 7899.893555 22 8
4216400.000000 4023703.125000 7656.349121 23 8
4216600.000000 4023703.125000 7412.176270 24 8
4216800.000000 4023703.125000 7168.383789 25 8
4217000.000000 4023703.125000 6925.003906 26 8
4217200.000000 4023703.125000 6682.036621 27 8
4217400.000000 4023703.125000 6438.972656 28 8
4217600.000000 4023703.125000 6193.865234 29 8
4217800.000000 4023703.125000 5946.696289 30 8
4218000.000000 4023703.125000 5696.406250 31 8
4218200.000000 4023703.125000 5439.083984 32 8
4218400.000000 4023703.125000 5172.179688 33 8
4218600.000000 4023703.125000 4896.432617 34 8
4218800.000000 4023703.125000 4615.564941 35 8
4219000.000000 4023703.125000 4343.308594 36 8
4219200.000000 4023703.125000 4112.961426 37 8
4219400.000000 4023703.125000 3919.650879 38 8
4219600.000000 4023703.125000 3738.859131 39 8
4219800.000000 4023703.125000 3537.524658 40 8
4220000.000000 4023703.125000 3331.921875 41 8
4220200.000000 4023703.125000 3121.396484 42 8
4212000.000000 4024075.000000 12931.783203 1 9
4212200.000000 4024075.000000 12688.799805 2 9
4212400.000000 4024075.000000 12445.824219 3 9
4212600.000000 4024075.000000 12203.366211 4 9
4212800.000000 4024075.000000 11960.914063 5 9
4213000.000000 4024075.000000 11717.979492 6 9
4213200.000000 4024075.000000 11475.070313 7 9
4213400.000000 4024075.000000 11232.671875 8 9
4213600.000000 4024075.000000 10989.809570 9 9
4213800.000000 4024075.000000 10746.958984 10 9
4214000.000000 4024075.000000 10504.131836 11 9
4214200.000000 4024075.000000 10261.344727 12 9
4214400.000000 4024075.000000 10018.580078 13 9
4214600.000000 4024075.000000 9775.835938 14 9
4214800.000000 4024075.000000 9532.612305 15 9
4215000.000000 4024075.000000 9289.919922 16 9
4215200.000000 4024075.000000 9047.738281 17 9
4215400.000000 4024075.000000 8805.065430 18 9
4215600.000000 4024075.000000 8562.903320 19 9
4215800.000000 4024075.000000 8320.733398 20 9
4216000.000000 4024075.000000 8078.535645 21 9
4216200.000000 4024075.000000 7835.678223 22 9
4216400.000000 4024075.000000 7591.643555 23 9
4216600.000000 4024075.000000 7347.456543 24 9
4216800.000000 4024075.000000 7103.160156 25 9
4217000.000000 4024075.000000 6859.764648 26 9
4217200.000000 4024075.000000 6616.782227 27 9
4217400.000000 4024075.000000 6373.713867 28 9
4217600.000000 4024075.000000 6128.666016 29 9
4217800.000000 4024075.000000 5880.658691 30 9
4218000.000000 4024075.000000 5630.207520 31 9
4218200.000000 4024075.000000 5372.974609 32 9
4218400.000000 4024075.000000 5106.717773 33 9
4218600.000000 4024075.000000 4831.609863 34 9
4218800.000000 4024075.000000 4549.302734 35 9
4219000.000000 4024075.000000 4272.182617 36 9
4219200.000000 4024075.000000 4054.325928 37 9
4219400.000000 4024075.000000 3869.858154 38 9
4219600.000000 4024075.000000 3695.232422 39 9
4219800.000000 4024075.000000 3490.579102 40 9
4220000.000000 4024075.000000 3280.575928 41 9
4220200.000000 4024075.000000 3074.528320 42 9
4212000.000000 4024446.875000 12866.799805 1 10
4212200.000000 4024446.875000 12623.829102 2 10
4212400.000000 4024446.875000 12380.869141 3 10
4212600.000000 4024446.875000 12137.927734 4 10
4212800.000000 4024446.875000 11895.494141 5 10
4213000.000000 4024446.875000 11652.579102 6 10
4213200.000000 4024446.875000 11410.191406 7 10
4213400.000000 4024446.875000 11167.320313 8 10
4213600.000000 4024446.875000 10924.486328 9 10
4213800.000000 4024446.875000 10682.166992 10 10
4214000.000000 4024446.875000 10439.375000 11 10
4214200.000000 4024446.875000 10196.129883 12 10
4214400.000000 4024446.875000 9953.409180 13 10
4214600.000000 4024446.875000 9710.712891 14 10
4214800.000000 4024446.875000 9467.541016 15 10
4215000.000000 4024446.875000 9224.903320 16 10
4215200.000000 4024446.875000 8982.779297 17 10
4215400.000000 4024446.875000 8740.670898 18 10
4215600.000000 4024446.875000 8498.558594 19 10
4215800.000000 4024446.875000 8256.445313 20 10
4216000.000000 4024446.875000 8014.298340 21 10
4216200.000000 4024446.875000 7770.967773 22 10
4216400.000000 4024446.875000 7526.932617 23 10
4216600.000000 4024446.875000 7282.228027 24 10
4216800.000000 4024446.875000 7037.398926 25 10
4217000.000000 4024446.875000 6793.484375 26 10
4217200.000000 4024446.875000 6550.471191 27 10
4217400.000000 4024446.875000 6308.374512 28 10
4217600.000000 4024446.875000 6065.872559 29 10
4217800.000000 4024446.875000 5821.049316 30 10
4218000.000000 4024446.875000 5573.466309 31 10
4218200.000000 4024446.875000 5319.490234 32 10
4218400.000000 4024446.875000 5057.385254 33 10
4218600.000000 4024446.875000 4787.755859 34 10
4218800.000000 4024446.875000 4513.596680 35 10
4219000.000000 4024446.875000 4256.434570 36 10
4219200.000000 4024446.875000 4051.185547 37 10
4219400.000000 4024446.875000 3850.176758 38 10
4219600.000000 4024446.875000 3660.612793 39 10
4219800.000000 4024446.875000 3450.088135 40 10
4220000.000000 4024446.875000 3228.584717 41 10
4220200.000000 4024446.875000 3029.037598 42 10
4212000.000000 4024818.750000 12801.319336 1 11
4212200.000000 4024818.750000 12558.363281 2 11
4212400.000000 4024818.750000 12315.416992 3 11
4212600.000000 4024818.750000 12072.492188 4 11
4212800.000000 4024818.750000 11830.077148 5 11
4213000.000000 4024818.750000 11587.183594 6 11
4213200.000000 4024818.750000 11344.818359 7 11
4213400.000000 4024818.750000 11101.972656 8 11
4213600.000000 4024818.750000 10859.660156 9 11
4213800.000000 4024818.750000 10616.881836 10 11
4214000.000000 4024818.750000 10374.126953 11 11
4214200.000000 4024818.750000 10130.915039 12 11
4214400.000000 4024818.750000 9888.249023 13 11
4214600.000000 4024818.750000 9645.601563 14 11
4214800.000000 4024818.750000 9402.481445 15 11
4215000.000000 4024818.750000 9159.898438 16 11
4215200.000000 4024818.750000 8917.830078 17 11
4215400.000000 4024818.750000 8675.769531 18 11
4215600.000000 4024818.750000 8434.220703 19 11
4215800.000000 4024818.750000 8192.662109 20 11
4216000.000000 4024818.750000 7950.560059 21 11
4216200.000000 4024818.750000 7707.245605 22 11
4216400.000000 4024818.750000 7462.194824 23 11
4216600.000000 4024818.750000 7215.957031 24 11
4216800.000000 4024818.750000 6970.084961 25 11
4217000.000000 4024818.750000 6725.614258 26 11
4217200.000000 4024818.750000 6483.053223 27 11
4217400.000000 4024818.750000 6243.895020 28 11
4217600.000000 4024818.750000 6005.457520 29 11
4217800.000000 4024818.750000 5765.860352 30 11
4218000.000000 4024818.750000 5523.231445 31 11
4218200.000000 4024818.750000 5273.739258 32 11
4218400.000000 4024818.750000 5016.778809 33 11
4218600.000000 4024818.750000 4753.596191 34 11
4218800.000000 4024818.750000 4493.448242 35 11
4219000.000000 4024818.750000 4252.965820 36 11
4219200.000000 4024818.750000 4017.460449 37 11
4219400.000000 4024818.750000 3793.846924 38 11
4219600.000000 4024818.750000 3619.624512 39 11
4219800.000000 4024818.750000 3399.963867 40 11
4220000.000000 4024818.750000 3149.638428 41 11
4220200.000000 4024818.750000 2953.205322 42 11
4212000.000000 4025190.625000 12736.340820 1 12
4212200.000000 4025190.625000 12493.399414 2 12
4212400.000000 4025190.625000 12250.468750 3 12
4212600.000000 4025190.625000 12007.560547 4 12
4212800.000000 4025190.625000 11764.665039 5 12
4213000.000000 4025190.625000 11521.791992 6 12
4213200.000000 4025190.625000 11279.451172 7 12
4213400.000000 4025190.625000 11036.631836 8 12
4213600.000000 4025190.625000 10794.349609 9 12
4213800.000000 4025190.625000 10551.605469 10 12
4214000.000000 4025190.625000 10308.887695 11 12
4214200.000000 4025190.625000 10065.717773 12 12
4214400.000000 4025190.625000 9823.097656 13 12
4214600.000000 4025190.625000 9580.499023 14 12
4214800.000000 4025190.625000 9337.429688 15 12
4215000.000000 4025190.625000 9094.899414 16 12
4215200.000000 4025190.625000 8852.882813 17 12
4215400.000000 4025190.625000 8611.372070 18 12
4215600.000000 4025190.625000 8370.370117 19 12
4215800.000000 4025190.625000 8129.362793 20 12
4216000.000000 4025190.625000 7887.281738 21 12
4216200.000000 4025190.625000 7642.957520 22 12
4216400.000000 4025190.625000 7396.854980 23 12
4216600.000000 4025190.625000 7148.543457 24 12
4216800.000000 4025190.625000 6901.076172 25 12
4217000.000000 4025190.625000 6655.505859 26 12
4217200.000000 4025190.625000 6414.331055 27 12
4217400.000000 4025190.625000 6179.597656 28 12
4217600.000000 4025190.625000 5947.343750 29 12
4217800.000000 4025190.625000 5714.250488 30 12
4218000.000000 4025190.625000 5476.521484 31 12
4218200.000000 4025190.625000 5231.286621 32 12
4218400.000000 4025190.625000 4977.915527 33 12
4218600.000000 4025190.625000 4714.990234 34 12
4218800.000000 4025190.625000 4449.205566 35 12
4219000.000000 4025190.625000 4195.999023 36 12
4219200.000000 4025190.625000 3929.591553 37 12
4219400.000000 4025190.625000 3704.459717 38 12
4219600.000000 4025190.625000 3534.730957 39 12
4219800.000000 4025190.625000 3291.795166 40 12
4220000.000000 4025190.625000 3045.007324 41 12
4220200.000000 4025190.625000 2887.301270 42 12
4212000.000000 4025562.500000 12670.865234 1 13
4212200.000000 4025562.500000 12427.936523 2 13
4212400.000000 4025562.500000 12185.021484 3 13
4212600.000000 4025562.500000 11942.129883 4 13
4212800.000000 4025562.500000 11699.252930 5 13
4213000.000000 4025562.500000 11456.400391 6 13
4213200.000000 4025562.500000 11214.083008 7 13
4213400.000000 4025562.500000 10971.290039 8 13
4213600.000000 4025562.500000 10729.038086 9 13
4213800.000000 4025562.500000 10486.327148 10 13
4214000.000000 4025562.500000 10243.645508 11 13
4214200.000000 4025562.500000 10000.517578 12 13
4214400.000000 4025562.500000 9757.942383 13 13
4214600.000000 4025562.500000 9515.390625 14 13
4214800.000000 4025562.500000 9272.368164 15 13
4215000.000000 4025562.500000 9029.376953 16 13
4215200.000000 4025562.500000 8787.912109 17 13
4215400.000000 4025562.500000 8547.449219 18 13
4215600.000000 4025562.500000 8306.973633 19 13
4215800.000000 4025562.500000 8065.991699 20 13
4216000.000000 4025562.500000 7823.416504 21 13
4216200.000000 4025562.500000 7578.550781 22 13
4216400.000000 4025562.500000 7330.860840 23 13
4216600.000000 4025562.500000 7080.926270 24 13
4216800.000000 4025562.500000 6831.334473 25 13
4217000.000000 4025562.500000 6584.607422 26 13
4217200.000000 4025562.500000 6344.282227 27 13
4217400.000000 4025562.500000 6115.008301 28 13
4217600.000000 4025562.500000 5890.711914 29 13
4217800.000000 4025562.500000 5664.230957 30 13
4218000.000000 4025562.500000 5431.027344 31 13
4218200.000000 4025562.500000 5190.323242 32 13
4218400.000000 4025562.500000 4938.936523 33 13
4218600.000000 4025562.500000 4674.910156 34 13
4218800.000000 4025562.500000 4396.355469 35 13
4219000.000000 4025562.500000 4107.055664 36 13
4219200.000000 4025562.500000 3855.931885 37 13
4219400.000000 4025562.500000 3661.989746 38 13
4219600.000000 4025562.500000 3458.671631 39 13
4219800.000000 4025562.500000 3161.529297 40 13
4220000.000000 4025562.500000 2921.383789 41 13
4220200.000000 4025562.500000 2805.511719 42 13
4212000.000000 4025934.375000 12605.388672 1 14
4212200.000000 4025934.375000 12362.473633 2 14
4212400.000000 4025934.375000 12119.573242 3 14
4212600.000000 4025934.375000 11876.697266 4 14
4212800.000000 4025934.375000 11633.838867 5 14
4213000.000000 4025934.375000 11391.006836 6 14
4213200.000000 4025934.375000 11148.711914 7 14
4213400.000000 4025934.375000 10906.444336 8 14
4213600.000000 4025934.375000 10663.722656 9 14
4213800.000000 4025934.375000 10421.043945 10 14
4214000.000000 4025934.375000 10178.399414 11 14
4214200.000000 4025934.375000 9935.310547 12 14
4214400.000000 4025934.375000 9692.779297 13 14
4214600.000000 4025934.375000 9450.271484 14 14
4214800.000000 4025934.375000 9207.294922 15 14
4215000.000000 4025934.375000 8964.347656 16 14
4215200.000000 4025934.375000 8723.422852 17 14
4215400.000000 4025934.375000 8482.994141 18 14
4215600.000000 4025934.375000 8242.547852 19 14
4215800.000000 4025934.375000 8002.084473 20 14
4216000.000000 4025934.375000 7759.506348 21 14
4216200.000000 4025934.375000 7514.095703 22 14
4216400.000000 4025934.375000 7265.317383 23 14
4216600.000000 4025934.375000 7013.271973 24 14
4216800.000000 4025934.375000 6761.040527 25 14
4217000.000000 4025934.375000 6513.161621 26 14
4217200.000000 4025934.375000 6274.172363 27 14
4217400.000000 4025934.375000 6049.832031 28 14
4217600.000000 4025934.375000 5833.531738 29 14
4217800.000000 4025934.375000 5613.287598 30 14
4218000.000000 4025934.375000 5383.287109 31 14
4218200.000000 4025934.375000 5143.949219 32 14
4218400.000000 4025934.375000 4894.146973 33 14
4218600.000000 4025934.375000 4627.307129 34 14
4218800.000000 4025934.375000 4337.879395 35 14
4219000.000000 4025934.375000 4005.660889 36 14
4219200.000000 4025934.375000 3774.121338 37 14
4219400.000000 4025934.375000 3598.957275 38 14
4219600.000000 4025934.375000 3317.149902 39 14
4219800.000000 4025934.375000 2935.382568 40 14
4220000.000000 4025934.375000 2689.467285 41 14
4220200.000000 4025934.375000 2644.795410 42 14
4212000.000000 4026306.250000 12539.911133 1 15
4212200.000000 4026306.250000 12297.008789 2 15
4212400.000000 4026306.250000 12054.122070 3 15
4212600.000000 4026306.250000 11811.253906 4 15
4212800.000000 4026306.250000 11568.420898 5 15
4213000.000000 4026306.250000 11326.108398 6 15
4213200.000000 4026306.250000 11083.835938 7 15
4213400.000000 4026306.250000 10841.093750 8 15
4213600.000000 4026306.250000 10598.400391 9 15
4213800.000000 4026306.250000 10355.753906 10 15
4214000.000000 4026306.250000 10113.143555 11 15
4214200.000000 4026306.250000 9870.094727 12 15
4214400.000000 4026306.250000 9627.605469 13 15
4214600.000000 4026306.250000 9385.140625 14 15
4214800.000000 4026306.250000 9142.207031 15 15
4215000.000000 4026306.250000 8899.303711 16 15
4215200.000000 4026306.250000 8658.416016 17 15
4215400.000000 4026306.250000 8418.020508 18 15
4215600.000000 4026306.250000 8178.600098 19 15
4215800.000000 4026306.250000 7938.155273 20 15
4216000.000000 4026306.250000 7695.577637 21 15
4216200.000000 4026306.250000 7450.136230 22 15
4216400.000000 4026306.250000 7200.298340 23 15
4216600.000000 4026306.250000 6945.669922 24 15
4216800.000000 4026306.250000 6691.343750 25 15
4217000.000000 4026306.250000 6441.843750 26 15
4217200.000000 4026306.250000 6203.708008 27 15
4217400.000000 4026306.250000 5984.727539 28 15
4217600.000000 4026306.250000 5776.795410 29 15
4217800.000000 4026306.250000 5561.562012 30 15
4218000.000000 4026306.250000 5331.353516 31 15
4218200.000000 4026306.250000 5089.937500 32 15
4218400.000000 4026306.250000 4836.520508 33 15
4218600.000000 4026306.250000 4569.430664 34 15
4218800.000000 4026306.250000 4278.687988 35 15
4219000.000000 4026306.250000 3907.764648 36 15
4219200.000000 4026306.250000 3650.108887 37 15
4219400.000000 4026306.250000 3475.681885 38 15
4219600.000000 4026306.250000 3133.785889 39 15
4219800.000000 4026306.250000 2622.640137 40 15
4220000.000000 4026306.250000 2276.670654 41 15
4220200.000000 4026306.250000 2263.193359 42 15
4212000.000000 4026678.125000 12474.421875 1 16
4212200.000000 4026678.125000 12231.540039 2 16
4212400.000000 4026678.125000 11989.166992 3 16
4212600.000000 4026678.125000 11746.312500 4 16
4212800.000000 4026678.125000 11503.496094 5 16
4213000.000000 4026678.125000 11260.702148 6 16
4213200.000000 4026678.125000 11018.442383 7 16
4213400.000000 4026678.125000 10775.732422 8 16
4213600.000000 4026678.125000 10533.065430 9 16
4213800.000000 4026678.125000 10290.440430 10 16
4214000.000000 4026678.125000 10047.872070 11 16
4214200.000000 4026678.125000 9804.860352 12 16
4214400.000000 4026678.125000 9562.403320 13 16
4214600.000000 4026678.125000 9319.989258 14 16
4214800.000000 4026678.125000 9077.097656 15 16
4215000.000000 4026678.125000 8834.735352 16 16
4215200.000000 4026678.125000 8593.885742 17 16
4215400.000000 4026678.125000 8353.526367 18 16
4215600.000000 4026678.125000 8114.137207 19 16
4215800.000000 4026678.125000 7873.718750 20 16
4216000.000000 4026678.125000 7631.161621 21 16
4216200.000000 4026678.125000 7385.738770 22 16
4216400.000000 4026678.125000 7134.914551 23 16
4216600.000000 4026678.125000 6879.324219 24 16
4216800.000000 4026678.125000 6623.508301 25 16
4217000.000000 4026678.125000 6372.998047 26 16
4217200.000000 4026678.125000 6135.253418 27 16
4217400.000000 4026678.125000 5922.020996 28 16
4217600.000000 4026678.125000 5722.592773 29 16
4217800.000000 4026678.125000 5510.178223 30 16
4218000.000000 4026678.125000 5274.313965 31 16
4218200.000000 4026678.125000 5023.042969 32 16
4218400.000000 4026678.125000 4754.696777 33 16
4218600.000000 4026678.125000 4459.335449 34 16
4218800.000000 4026678.125000 4129.182617 35 16
4219000.000000 4026678.125000 3772.667236 36 16
4219200.000000 4026678.125000 3543.083008 37 16
4219400.000000 4026678.125000 3391.365723 38 16
4219600.000000 4026678.125000 3075.047607 39 16
4219800.000000 4026678.125000 2605.239990 40 16
4220000.000000 4026678.125000 2229.969482 41 16
4220200.000000 4026678.125000 2040.846313 42 16
4212000.000000 4027050.000000 12408.938477 1 17
4212200.000000 4027050.000000 12166.068359 2 17
4212400.000000 4027050.000000 11923.707031 3 17
4212600.000000 4027050.000000 11680.866211 4 17
4212800.000000 4027050.000000 11438.064453 5 17
4213000.000000 4027050.000000 11195.288086 6 17
4213200.000000 4027050.000000 10953.047852 7 17
4213400.000000 4027050.000000 10710.859375 8 17
4213600.000000 4027050.000000 10468.218750 9 17
4213800.000000 4027050.000000 10225.629883 10 17
4214000.000000 4027050.000000 9983.083984 11 17
4214200.000000 4027050.000000 9740.108398 12 17
4214400.000000 4027050.000000 9497.190430 13 17
4214600.000000 4027050.000000 9254.817383 14 17
4214800.000000 4027050.000000 9011.968750 15 17
4215000.000000 4027050.000000 8770.147461 16 17
4215200.000000 4027050.000000 8529.339844 17 17
4215400.000000 4027050.000000 8289.018555 18 17
4215600.000000 4027050.000000 8048.668457 19 17
4215800.000000 4027050.000000 7807.786621 20 17
4216000.000000 4027050.000000 7565.270020 21 17
4216200.000000 4027050.000000 7319.919922 22 17
4216400.000000 4027050.000000 7070.207031 23 17
4216600.000000 4027050.000000 6815.270020 24 17
4216800.000000 4027050.000000 6559.611816 25 17
4217000.000000 4027050.000000 6307.721191 26 17
4217200.000000 4027050.000000 6068.981934 27 17
4217400.000000 4027050.000000 5861.011719 28 17
4217600.000000 4027050.000000 5672.532715 29 17
4217800.000000 4027050.000000 5460.002441 30 17
4218000.000000 4027050.000000 5211.940918 31 17
4218200.000000 4027050.000000 4950.839355 32 17
4218400.000000 4027050.000000 4676.131348 33 17
4218600.000000 4027050.000000 4371.126465 34 17
4218800.000000 4027050.000000 4029.167725 35 17
4219000.000000 4027050.000000 3723.392822 36 17
4219200.000000 4027050.000000 3520.251465 37 17
4219400.000000 4027050.000000 3328.089111 38 17
4219600.000000 4027050.000000 3013.619141 39 17
4219800.000000 4027050.000000 2582.820313 40 17
4220000.000000 4027050.000000 2194.324707 41 17
4220200.000000 4027050.000000 1875.448120 42 17
4212000.000000 4027421.875000 12343.453125 1 18
4212200.000000 4027421.875000 12100.592773 2 18
4212400.000000 4027421.875000 11858.242188 3 18
4212600.000000 4027421.875000 11615.414063 4 18
4212800.000000 4027421.875000 11372.626953 5 18
4213000.000000 4027421.875000 11130.366211 6 18
4213200.000000 4027421.875000 10888.143555 7 18
4213400.000000 4027421.875000 10645.475586 8 18
4213600.000000 4027421.875000 10402.859375 9 18
4213800.000000 4027421.875000 10160.297852 10 18
4214000.000000 4027421.875000 9917.781250 11 18
4214200.000000 4027421.875000 9674.839844 12 18
4214400.000000 4027421.875000 9432.458984 13 18
4214600.000000 4027421.875000 9190.125977 14 18
4214800.000000 4027421.875000 8947.817383 15 18
4215000.000000 4027421.875000 8705.541016 16 18
4215200.000000 4027421.875000 8464.276367 17 18
4215400.000000 4027421.875000 8223.491211 18 18
4215600.000000 4027421.875000 7982.194824 19 18
4215800.000000 4027421.875000 7741.350586 20 18
4216000.000000 4027421.875000 7498.903320 21 18
4216200.000000 4027421.875000 7254.176270 22 18
4216400.000000 4027421.875000 7006.163574 23 18
4216600.000000 4027421.875000 6754.003906 24 18
4216800.000000 4027421.875000 6500.667480 25 18
4217000.000000 4027421.875000 6250.075684 26 18
4217200.000000 4027421.875000 6012.101563 27 18
4217400.000000 4027421.875000 5805.374512 28 18
4217600.000000 4027421.875000 5620.145996 29 18
4217800.000000 4027421.875000 5401.003906 30 18
4218000.000000 4027421.875000 5138.945801 31 18
4218200.000000 4027421.875000 4872.043457 32 18
4218400.000000 4027421.875000 4608.142578 33 18
4218600.000000 4027421.875000 4340.648926 34 18
4218800.000000 4027421.875000 4051.977539 35 18
4219000.000000 4027421.875000 3774.082764 36 18
4219200.000000 4027421.875000 3536.827148 37 18
4219400.000000 4027421.875000 3287.183838 38 18
4219600.000000 4027421.875000 2956.982666 39 18
4219800.000000 4027421.875000 2541.901611 40 18
4220000.000000 4027421.875000 2127.707031 41 18
4220200.000000 4027421.875000 1744.345215 42 18
4212000.000000 4027793.750000 12277.962891 1 19
4212200.000000 4027793.750000 12035.112305 2 19
4212400.000000 4027793.750000 11792.771484 3 19
4212600.000000 4027793.750000 11550.455078 4 19
4212800.000000 4027793.750000 11307.680664 5 19
4213000.000000 4027793.750000 11065.434570 6 19
4213200.000000 4027793.750000 10822.728516 7 19
4213400.000000 4027793.750000 10580.080078 8 19
4213600.000000 4027793.750000 10337.985352 9 19
4213800.000000 4027793.750000 10095.439453 10 19
4214000.000000 4027793.750000 9852.459961 11 19
4214200.000000 4027793.750000 9610.049805 12 19
4214400.000000 4027793.750000 9367.705078 13 19
4214600.000000 4027793.750000 9125.410156 14 19
4214800.000000 4027793.750000 8883.143555 15 19
4215000.000000 4027793.750000 8641.409180 16 19
4215200.000000 4027793.750000 8399.692383 17 19
4215400.000000 4027793.750000 8157.458008 18 19
4215600.000000 4027793.750000 7915.214844 19 19
4215800.000000 4027793.750000 7673.429688 20 19
4216000.000000 4027793.750000 7431.059570 21 19
4216200.000000 4027793.750000 7187.514160 22 19
4216400.000000 4027793.750000 6942.807617 23 19
4216600.000000 4027793.750000 6695.073242 24 19
4216800.000000 4027793.750000 6446.247070 25 19
4217000.000000 4027793.750000 6198.736328 26 19
4217200.000000 4027793.750000 5960.362305 27 19
4217400.000000 4027793.750000 5743.207031 28 19
4217600.000000 4027793.750000 5540.410645 29 19
4217800.000000 4027793.750000 5306.591309 30 19
4218000.000000 4027793.750000 5039.197754 31 19
4218200.000000 4027793.750000 4782.110840 32 19
4218400.000000 4027793.750000 4549.383789 33 19
4218600.000000 4027793.750000 4338.589355 34 19
4218800.000000 4027793.750000 4105.738281 35 19
4219000.000000 4027793.750000 3830.822510 36 19
4219200.000000 4027793.750000 3544.778076 37 19
4219400.000000 4027793.750000 3241.763184 38 19
4219600.000000 4027793.750000 2885.706543 39 19
4219800.000000 4027793.750000 2470.905029 40 19
4220000.000000 4027793.750000 2039.662354 41 19
4220200.000000 4027793.750000 1615.041260 42 19
4212000.000000 4028165.625000 12212.466797 1 20
4212200.000000 4028165.625000 11970.123047 2 20
4212400.000000 4028165.625000 11727.291992 3 20
4212600.000000 4028165.625000 11484.984375 4 20
4212800.000000 4028165.625000 11242.720703 5 20
4213000.000000 4028165.625000 10999.987305 6 20
4213200.000000 4028165.625000 10757.295898 7 20
4213400.000000 4028165.625000 10514.664063 8 20
4213600.000000 4028165.625000 10272.587891 9 20
4213800.000000 4028165.625000 10030.063477 10 20
4214000.000000 4028165.625000 9787.108398 11 20
4214200.000000 4028165.625000 9544.725586 12 20
4214400.000000 4028165.625000 9302.414063 13 20
4214600.000000 4028165.625000 9060.654297 14 20
4214800.000000 4028165.625000 8818.925781 15 20
4215000.000000 4028165.625000 8577.245117 16 20
4215200.000000 4028165.625000 8334.571289 17 20
4215400.000000 4028165.625000 8091.396484 18 20
4215600.000000 4028165.625000 7847.712402 19 20
4215800.000000 4028165.625000 7604.508301 20 20
4216000.000000 4028165.625000 7362.270508 21 20
4216200.000000 4028165.625000 7120.979492 22 20
4216400.000000 4028165.625000 6879.695313 23 20
4216600.000000 4028165.625000 6638.034180 24 20
4216800.000000 4028165.625000 6394.942871 25 20
4217000.000000 4028165.625000 6151.798828 26 20
4217200.000000 4028165.625000 5910.455078 27 20
4217400.000000 4028165.625000 5672.814941 28 20
4217600.000000 4028165.625000 5436.153809 29 20
4217800.000000 4028165.625000 5182.679199 30 20
4218000.000000 4028165.625000 4921.908691 31 20
4218200.000000 4028165.625000 4690.176270 32 20
4218400.000000 4028165.625000 4506.532227 33 20
4218600.000000 4028165.625000 4371.250000 34 20
4218800.000000 4028165.625000 4168.398438 35 20
4219000.000000 4028165.625000 3864.141602 36 20
4219200.000000 4028165.625000 3526.268799 37 20
4219400.000000 4028165.625000 3188.643311 38 20
4219600.000000 4028165.625000 2812.843994 39 20
4219800.000000 4028165.625000 2382.553223 40 20
4220000.000000 4028165.625000 1930.473511 41 20
4220200.000000 4028165.625000 1477.616821 42 20
4212000.000000 4028537.500000 12147.463867 1 21
4212200.000000 4028537.500000 11905.126953 2 21
4212400.000000 4028537.500000 11662.303711 3 21
4212600.000000 4028537.500000 11419.504883 4 21
4212800.000000 4028537.500000 11177.249023 5 21
4213000.000000 4028537.500000 10934.526367 6 21
4213200.000000 4028537.500000 10691.846680 7 21
4213400.000000 4028537.500000 10449.228516 8 21
4213600.000000 4028537.500000 10207.167969 9 21
4213800.000000 4028537.500000 9964.662109 10 21
4214000.000000 4028537.500000 9721.727539 11 21
4214200.000000 4028537.500000 9479.369141 12 21
4214400.000000 4028537.500000 9237.585938 13 21
4214600.000000 4028537.500000 8995.859375 14 21
4214800.000000 4028537.500000 8754.168945 15 21
4215000.000000 4028537.500000 8512.522461 16 21
4215200.000000 4028537.500000 8269.413086 17 21
4215400.000000 4028537.500000 8024.803711 18 21
4215600.000000 4028537.500000 7779.696777 19 21
4215800.000000 4028537.500000 7535.080078 20 21
4216000.000000 4028537.500000 7293.490723 21 21
4216200.000000 4028537.500000 7054.502441 22 21
4216400.000000 4028537.500000 6817.684570 23 21
4216600.000000 4028537.500000 6582.166504 24 21
4216800.000000 4028537.500000 6345.383789 25 21
4217000.000000 4028537.500000 6106.711426 26 21
4217200.000000 4028537.500000 5864.528809 27 21
4217400.000000 4028537.500000 5608.264160 28 21
4217600.000000 4028537.500000 5338.369141 29 21
4217800.000000 4028537.500000 5065.123535 30 21
4218000.000000 4028537.500000 4808.728027 31 21
4218200.000000 4028537.500000 4598.638672 32 21
4218400.000000 4028537.500000 4461.936035 33 21
4218600.000000 4028537.500000 4394.176270 34 21
4218800.000000 4028537.500000 4198.505859 35 21
4219000.000000 4028537.500000 3845.708008 36 21
4219200.000000 4028537.500000 3450.443359 37 21
4219400.000000 4028537.500000 3107.407959 38 21
4219600.000000 4028537.500000 2731.147217 39 21
4219800.000000 4028537.500000 2283.177002 40 21
4220000.000000 4028537.500000 1812.121948 41 21
4220200.000000 4028537.500000 1339.240723 42 21
4212000.000000 4028909.375000 12081.956055 1 22
4212200.000000 4028909.375000 11839.623047 2 22
4212400.000000 4028909.375000 11597.304688 3 22
4212600.000000 4028909.375000 11354.511719 4 22
4212800.000000 4028909.375000 11111.763672 5 22
4213000.000000 4028909.375000 10869.048828 6 22
4213200.000000 4028909.375000 10626.377930 7 22
4213400.000000 4028909.375000 10383.769531 8 22
4213600.000000 4028909.375000 10141.721680 9 22
4213800.000000 4028909.375000 9899.230469 10 22
4214000.000000 4028909.375000 9656.811523 11 22
4214200.000000 4028909.375000 9414.473633 12 22
4214400.000000 4028909.375000 9172.714844 13 22
4214600.000000 4028909.375000 8931.516602 14 22
4214800.000000 4028909.375000 8690.359375 15 22
4215000.000000 4028909.375000 8448.764648 16 22
4215200.000000 4028909.375000 8205.203125 17 22
4215400.000000 4028909.375000 7959.165039 18 22
4215600.000000 4028909.375000 7712.137207 19 22
4215800.000000 4028909.375000 7466.138184 20 22
4216000.000000 4028909.375000 7224.708008 21 22
4216200.000000 4028909.375000 6988.035645 22 22
4216400.000000 4028909.375000 6755.712402 23 22
4216600.000000 4028909.375000 6526.342285 24 22
4216800.000000 4028909.375000 6295.351563 25 22
4217000.000000 4028909.375000 6059.110352 26 22
4217200.000000 4028909.375000 5814.037598 27 22
4217400.000000 4028909.375000 5544.104492 28 22
4217600.000000 4028909.375000 5252.576660 29 22
4217800.000000 4028909.375000 4964.540527 30 22
4218000.000000 4028909.375000 4708.162598 31 22
4218200.000000 4028909.375000 4509.163086 32 22
4218400.000000 4028909.375000 4383.053223 33 22
4218600.000000 4028909.375000 4318.361816 34 22
4218800.000000 4028909.375000 4122.139648 35 22
4219000.000000 4028909.375000 3747.289307 36 22
4219200.000000 4028909.375000 3298.436768 37 22
4219400.000000 4028909.375000 2946.281250 38 22
4219600.000000 4028909.375000 2594.196777 39 22
4219800.000000 4028909.375000 2158.239990 40 22
4220000.000000 4028909.375000 1687.805786 41 22
4220200.000000 4028909.375000 1207.531006 42 22
4212000.000000 4029281.250000 12016.437500 1 23
4212200.000000 4029281.250000 11774.099609 2 23
4212400.000000 4029281.250000 11531.791016 3 23
4212600.000000 4029281.250000 11289.000977 4 23
4212800.000000 4029281.250000 11046.249023 5 23
4213000.000000 4029281.250000 10803.546875 6 23
4213200.000000 4029281.250000 10560.880859 7 23
4213400.000000 4029281.250000 10318.278320 8 23
4213600.000000 4029281.250000 10076.237305 9 23
4213800.000000 4029281.250000 9833.753906 10 23
4214000.000000 4029281.250000 9591.345703 11 23
4214200.000000 4029281.250000 9349.520508 12 23
4214400.000000 4029281.250000 9107.779297 13 23
4214600.000000 4029281.250000 8866.603516 14 23
4214800.000000 4029281.250000 8625.474609 15 23
4215000.000000 4029281.250000 8383.916992 16 23
4215200.000000 4029281.250000 8140.412598 17 23
4215400.000000 4029281.250000 7893.939453 18 23
4215600.000000 4029281.250000 7646.011230 19 23
4215800.000000 4029281.250000 7398.623535 20 23
4216000.000000 4029281.250000 7156.878418 21 23
4216200.000000 4029281.250000 6921.514648 22 23
4216400.000000 4029281.250000 6693.139160 23 23
4216600.000000 4029281.250000 6468.327637 24 23
4216800.000000 4029281.250000 6241.461426 25 23
4217000.000000 4029281.250000 6006.914063 26 23
4217200.000000 4029281.250000 5758.145508 27 23
4217400.000000 4029281.250000 5480.186035 28 23
4217600.000000 4029281.250000 5176.885254 29 23
4217800.000000 4029281.250000 4879.193359 30 23
4218000.000000 4029281.250000 4621.744141 31 23
4218200.000000 4029281.250000 4428.709473 32 23
4218400.000000 4029281.250000 4306.600098 33 23
4218600.000000 4029281.250000 4238.020020 34 23
4218800.000000 4029281.250000 4058.802979 35 23
4219000.000000 4029281.250000 3688.538574 36 23
4219200.000000 4029281.250000 3214.423096 37 23
4219400.000000 4029281.250000 2823.838867 38 23
4219600.000000 4029281.250000 2467.410400 39 23
4219800.000000 4029281.250000 2045.137329 40 23
4220000.000000 4029281.250000 1581.392822 41 23
4220200.000000 4029281.250000 1098.713501 42 23
4212000.000000 4029653.125000 11951.408203 1 24
4212200.000000 4029653.125000 11709.069336 2 24
4212400.000000 4029653.125000 11466.261719 3 24
4212600.000000 4029653.125000 11223.471680 4 24
4212800.000000 4029653.125000 10980.719727 5 24
4213000.000000 4029653.125000 10738.017578 6 24
4213200.000000 4029653.125000 10495.352539 7 24
4213400.000000 4029653.125000 10252.741211 8 24
4213600.000000 4029653.125000 10010.210938 9 24
4213800.000000 4029653.125000 9768.228516 10 24
4214000.000000 4029653.125000 9525.814453 11 24
4214200.000000 4029653.125000 9284.001953 12 24
4214400.000000 4029653.125000 9042.768555 13 24
4214600.000000 4029653.125000 8801.604492 14 24
4214800.000000 4029653.125000 8560.992188 15 24
4215000.000000 4029653.125000 8319.461914 16 24
4215200.000000 4029653.125000 8075.500977 17 24
4215400.000000 4029653.125000 7828.585938 18 24
4215600.000000 4029653.125000 7579.731445 19 24
4215800.000000 4029653.125000 7331.439453 20 24
4216000.000000 4029653.125000 7089.822754 21 24
4216200.000000 4029653.125000 6855.692383 22 24
4216400.000000 4029653.125000 6629.131836 23 24
4216600.000000 4029653.125000 6407.176758 24 24
4216800.000000 4029653.125000 6183.194336 25 24
4217000.000000 4029653.125000 5950.535645 26 24
4217200.000000 4029653.125000 5702.679199 27 24
4217400.000000 4029653.125000 5421.206543 28 24
4217600.000000 4029653.125000 5110.371094 29 24
4217800.000000 4029653.125000 4806.626465 30 24
4218000.000000 4029653.125000 4547.522461 31 24
4218200.000000 4029653.125000 4359.680664 32 24
4218400.000000 4029653.125000 4255.234863 33 24
4218600.000000 4029653.125000 4227.692871 34 24
4218800.000000 4029653.125000 4090.508789 35 24
4219000.000000 4029653.125000 3742.344971 36 24
4219200.000000 4029653.125000 3289.228516 37 24
4219400.000000 4029653.125000 2865.561035 38 24
4219600.000000 4029653.125000 2450.998535 39 24
4219800.000000 4029653.125000 1993.698486 40 24
4220000.000000 4029653.125000 1514.921021 41 24
4220200.000000 4029653.125000 1026.521729 42 24
4212000.000000 4030025.000000 11886.371094 1 25
4212200.000000 4030025.000000 11643.532227 2 25
4212400.000000 4030025.000000 11400.722656 3 25
4212600.000000 4030025.000000 11157.930664 4 25
4212800.000000 4030025.000000 10915.176758 5 25
4213000.000000 4030025.000000 10672.472656 6 25
4213200.000000 4030025.000000 10429.804688 7 25
4213400.000000 4030025.000000 10187.191406 8 25
4213600.000000 4030025.000000 9944.657227 9 25
4213800.000000 4030025.000000 9702.172852 10 25
4214000.000000 4030025.000000 9459.756836 11 25
4214200.000000 4030025.000000 9218.443359 12 25
4214400.000000 4030025.000000 8977.210938 13 25
4214600.000000 4030025.000000 8736.551758 14 25
4214800.000000 4030025.000000 8495.449219 15 25
4215000.000000 4030025.000000 8254.434570 16 25
4215200.000000 4030025.000000 8010.005371 17 25
4215400.000000 4030025.000000 7762.633301 18 25
4215600.000000 4030025.000000 7513.324707 19 25
4215800.000000 4030025.000000 7265.110840 20 25
4216000.000000 4030025.000000 7024.092773 21 25
4216200.000000 4030025.000000 6790.617676 22 25
4216400.000000 4030025.000000 6564.763184 23 25
4216600.000000 4030025.000000 6344.021973 24 25
4216800.000000 4030025.000000 6120.747559 25 25
4217000.000000 4030025.000000 5888.798340 26 25
4217200.000000 4030025.000000 5641.141113 27 25
4217400.000000 4030025.000000 5358.885742 28 25
4217600.000000 4030025.000000 5047.812988 29 25
4217800.000000 4030025.000000 4743.415039 30 25
4218000.000000 4030025.000000 4485.497559 31 25
4218200.000000 4030025.000000 4305.644043 32 25
4218400.000000 4030025.000000 4232.375000 33 25
4218600.000000 4030025.000000 4265.581543 34 25
4218800.000000 4030025.000000 4158.158203 35 25
4219000.000000 4030025.000000 3799.760010 36 25
4219200.000000 4030025.000000 3345.585938 37 25
4219400.000000 4030025.000000 2891.317139 38 25
4219600.000000 4030025.000000 2434.076660 39 25
4219800.000000 4030025.000000 1956.379883 40 25
4220000.000000 4030025.000000 1473.122803 41 25
4220200.000000 4030025.000000 985.573853 42 25
4212000.000000 4030396.875000 11820.829102 1 26
4212200.000000 4030396.875000 11577.986328 2 26
4212400.000000 4030396.875000 11335.174805 3 26
4212600.000000 4030396.875000 11092.378906 4 26
4212800.000000 4030396.875000 10849.621094 5 26
4213000.000000 4030396.875000 10606.911133 6 26
4213200.000000 4030396.875000 10364.238281 7 26
4213400.000000 4030396.875000 10121.620117 8 26
4213600.000000 4030396.875000 9879.080078 9 26
4213800.000000 4030396.875000 9636.588867 10 26
4214000.000000 4030396.875000 9394.166016 11 26
4214200.000000 4030396.875000 9152.845703 12 26
4214400.000000 4030396.875000 8911.608398 13 26
4214600.000000 4030396.875000 8670.947266 14 26
4214800.000000 4030396.875000 8429.846680 15 26
4215000.000000 4030396.875000 8188.838867 16 26
4215200.000000 4030396.875000 7944.427246 17 26
4215400.000000 4030396.875000 7697.080566 18 26
4215600.000000 4030396.875000 7447.805176 19 26
4215800.000000 4030396.875000 7200.134766 20 26
4216000.000000 4030396.875000 6958.678223 21 26
4216200.000000 4030396.875000 6725.287598 22 26
4216400.000000 4030396.875000 6499.532715 23 26
4216600.000000 4030396.875000 6278.371094 24 26
4216800.000000 4030396.875000 6054.648438 25 26
4217000.000000 4030396.875000 5822.221680 26 26
4217200.000000 4030396.875000 5574.080566 27 26
4217400.000000 4030396.875000 5293.346680 28 26
4217600.000000 4030396.875000 4987.318359 29 26
4217800.000000 4030396.875000 4687.565918 30 26
4218000.000000 4030396.875000 4427.909180 31 26
4218200.000000 4030396.875000 4239.806641 32 26
4218400.000000 4030396.875000 4152.011719 33 26
4218600.000000 4030396.875000 4175.295410 34 26
4218800.000000 4030396.875000 4080.495117 35 26
4219000.000000 4030396.875000 3745.701660 36 26
4219200.000000 4030396.875000 3305.328125 37 26
4219400.000000 4030396.875000 2839.453125 38 26
4219600.000000 4030396.875000 2375.670898 39 26
4219800.000000 4030396.875000 1912.581665 40 26
4220000.000000 4030396.875000 1445.653076 41 26
4220200.000000 4030396.875000 971.392395 42 26
4212000.000000 4030768.750000 11754.778320 1 27
4212200.000000 4030768.750000 11512.430664 2 27
4212400.000000 4030768.750000 11269.613281 3 27
4212600.000000 4030768.750000 11026.812500 4 27
4212800.000000 4030768.750000 10784.047852 5 27
4213000.000000 4030768.750000 10541.331055 6 27
4213200.000000 4030768.750000 10299.148438 7 27
4213400.000000 4030768.750000 10056.519531 8 27
4213600.000000 4030768.750000 9813.968750 9 27
4213800.000000 4030768.750000 9571.465820 10 27
4214000.000000 4030768.750000 9329.030273 11 27
4214200.000000 4030768.750000 9087.696289 12 27
4214400.000000 4030768.750000 8845.946289 13 27
4214600.000000 4030768.750000 8604.773438 14 27
4214800.000000 4030768.750000 8364.162109 15 27
4215000.000000 4030768.750000 8122.649414 16 27
4215200.000000 4030768.750000 7878.736328 17 27
4215400.000000 4030768.750000 7631.891602 18 27
4215600.000000 4030768.750000 7383.121094 19 27
4215800.000000 4030768.750000 7135.958496 20 27
4216000.000000 4030768.750000 6894.010254 21 27
4216200.000000 4030768.750000 6660.112793 22 27
4216400.000000 4030768.750000 6433.324707 23 27
4216600.000000 4030768.750000 6210.576172 24 27
4216800.000000 4030768.750000 5985.208496 25 27
4217000.000000 4030768.750000 5752.116699 26 27
4217200.000000 4030768.750000 5504.766602 27 27
4217400.000000 4030768.750000 5228.270996 28 27
4217600.000000 4030768.750000 4930.901855 29 27
4217800.000000 4030768.750000 4637.762695 30 27
4218000.000000 4030768.750000 4376.014648 31 27
4218200.000000 4030768.750000 4169.779785 32 27
4218400.000000 4030768.750000 4033.343018 33 27
4218600.000000 4030768.750000 3978.580811 34 27
4218800.000000 4030768.750000 3868.189209 35 27
4219000.000000 4030768.750000 3589.497803 36 27
4219200.000000 4030768.750000 3202.250244 37 27
4219400.000000 4030768.750000 2766.608154 38 27
4219600.000000 4030768.750000 2324.075439 39 27
4219800.000000 4030768.750000 1884.687378 40 27
4220000.000000 4030768.750000 1438.775879 41 27
4220200.000000 4030768.750000 982.924927 42 27
4212000.000000 4031140.625000 11689.217773 1 28
4212200.000000 4031140.625000 11446.863281 2 28
4212400.000000 4031140.625000 11204.030273 3 28
4212600.000000 4031140.625000 10961.229492 4 28
4212800.000000 4031140.625000 10718.455078 5 28
4213000.000000 4031140.625000 10475.727539 6 28
4213200.000000 4031140.625000 10233.532227 7 28
4213400.000000 4031140.625000 9990.889648 8 28
4213600.000000 4031140.625000 9748.322266 9 28
4213800.000000 4031140.625000 9505.801758 10 28
4214000.000000 4031140.625000 9263.845703 11 28
4214200.000000 4031140.625000 9021.991211 12 28
4214400.000000 4031140.625000 8780.218750 13 28
4214600.000000 4031140.625000 8539.022461 14 28
4214800.000000 4031140.625000 8297.888672 15 28
4215000.000000 4031140.625000 8056.345215 16 28
4215200.000000 4031140.625000 7812.918945 17 28
4215400.000000 4031140.625000 7566.551758 18 28
4215600.000000 4031140.625000 7318.265625 19 28
4215800.000000 4031140.625000 7071.566895 20 28
4216000.000000 4031140.625000 6829.576660 21 28
4216200.000000 4031140.625000 6594.589355 22 28
4216400.000000 4031140.625000 6366.148926 23 28
4216600.000000 4031140.625000 6141.669922 24 28
4216800.000000 4031140.625000 5914.006348 25 28
4217000.000000 4031140.625000 5679.058105 26 28
4217200.000000 4031140.625000 5432.292969 27 28
4217400.000000 4031140.625000 5162.232422 28 28
4217600.000000 4031140.625000 4875.500977 29 28
4217800.000000 4031140.625000 4591.666016 30 28
4218000.000000 4031140.625000 4332.805664 31 28
4218200.000000 4031140.625000 4119.135742 32 28
4218400.000000 4031140.625000 3955.078369 33 28
4218600.000000 4031140.625000 3832.397705 34 28
4218800.000000 4031140.625000 3677.787842 35 28
4219000.000000 4031140.625000 3423.598389 36 28
4219200.000000 4031140.625000 3085.203369 37 28
4219400.000000 4031140.625000 2698.798096 38 28
4219600.000000 4031140.625000 2290.693115 39 28
4219800.000000 4031140.625000 1872.405640 40 28
4220000.000000 4031140.625000 1446.617676 41 28
4220200.000000 4031140.625000 1012.848389 42 28
4212000.000000 4031512.500000 11623.649414 1 29
4212200.000000 4031512.500000 11381.287109 2 29
4212400.000000 4031512.500000 11138.445313 3 29
4212600.000000 4031512.500000 10895.633789 4 29
4212800.000000 4031512.500000 10653.346680 5 29
4213000.000000 4031512.500000 10410.596680 6 29
4213200.000000 4031512.500000 10168.395508 7 29
4213400.000000 4031512.500000 9925.734375 8 29
4213600.000000 4031512.500000 9683.147461 9 29
4213800.000000 4031512.500000 9440.603516 10 29
4214000.000000 4031512.500000 9198.124023 11 29
4214200.000000 4031512.500000 8956.241211 12 29
4214400.000000 4031512.500000 8714.437500 13 29
4214600.000000 4031512.500000 8473.201172 14 29
4214800.000000 4031512.500000 8231.542969 15 29
4215000.000000 4031512.500000 7989.965332 16 29
4215200.000000 4031512.500000 7746.494141 17 29
4215400.000000 4031512.500000 7500.595703 18 29
4215600.000000 4031512.500000 7253.765137 19 29
4215800.000000 4031512.500000 7007.516113 20 29
4216000.000000 4031512.500000 6765.462402 21 29
4216200.000000 4031512.500000 6529.332031 22 29
4216400.000000 4031512.500000 6299.177734 23 29
4216600.000000 4031512.500000 6071.888672 24 29
4216800.000000 4031512.500000 5841.848633 25 29
4217000.000000 4031512.500000 5605.465332 26 29
4217200.000000 4031512.500000 5359.692383 27 29
4217400.000000 4031512.500000 5095.468750 28 29
4217600.000000 4031512.500000 4818.730469 29 29
4217800.000000 4031512.500000 4544.523438 30 29
4218000.000000 4031512.500000 4289.377930 31 29
4218200.000000 4031512.500000 4068.345215 32 29
4218400.000000 4031512.500000 3882.825928 33 29
4218600.000000 4031512.500000 3715.196777 34 29
4218800.000000 4031512.500000 3524.631104 35 29
4219000.000000 4031512.500000 3275.771484 36 29
4219200.000000 4031512.500000 2970.280518 37 29
4219400.000000 4031512.500000 2625.930176 38 29
4219600.000000 4031512.500000 2253.327881 39 29
4219800.000000 4031512.500000 1860.667969 40 29
4220000.000000 4031512.500000 1460.089111 41 29
4220200.000000 4031512.500000 1052.917480 42 29
4212000.000000 4031884.375000 11558.072266 1 30
4212200.000000 4031884.375000 11315.701172 2 30
4212400.000000 4031884.375000 11073.347656 3 30
4212600.000000 4031884.375000 10830.524414 4 30
4212800.000000 4031884.375000 10587.723633 5 30
4213000.000000 4031884.375000 10344.958008 6 30
4213200.000000 4031884.375000 10102.738281 7 30
4213400.000000 4031884.375000 9860.057617 8 30
4213600.000000 4031884.375000 9617.446289 9 30
4213800.000000 4031884.375000 9374.875977 10 30
4214000.000000 4031884.375000 9132.366211 11 30
4214200.000000 4031884.375000 8890.449219 12 30
4214400.000000 4031884.375000 8648.608398 13 30
4214600.000000 4031884.375000 8406.832031 14 30
4214800.000000 4031884.375000 8165.131348 15 30
4215000.000000 4031884.375000 7923.507813 16 30
4215200.000000 4031884.375000 7679.986816 17 30
4215400.000000 4031884.375000 7435.032715 18 30
4215600.000000 4031884.375000 7189.141602 19 30
4215800.000000 4031884.375000 6943.333008 20 30
4216000.000000 4031884.375000 6701.178711 21 30
4216200.000000 4031884.375000 6464.384277 22 30
4216400.000000 4031884.375000 6231.970703 23 30
4216600.000000 4031884.375000 6001.839355 24 30
4216800.000000 4031884.375000 5768.879395 25 30
4217000.000000 4031884.375000 5531.015137 26 30
4217200.000000 4031884.375000 5285.190918 27 30
4217400.000000 4031884.375000 5026.775391 28 30
4217600.000000 4031884.375000 4760.083008 29 30
4217800.000000 4031884.375000 4495.145508 30 30
4218000.000000 4031884.375000 4243.937988 31 30
4218200.000000 4031884.375000 4015.486328 32 30
4218400.000000 4031884.375000 3810.425049 33 30
4218600.000000 4031884.375000 3612.900146 34 30
4218800.000000 4031884.375000 3399.556396 35 30
4219000.000000 4031884.375000 3151.530762 36 30
4219200.000000 4031884.375000 2867.542969 37 30
4219400.000000 4031884.375000 2553.880615 38 30
4219600.000000 4031884.375000 2212.604004 39 30
4219800.000000 4031884.375000 1848.501587 40 30
4220000.000000 4031884.375000 1475.786865 41 30
4220200.000000 4031884.375000 1097.880737 42 30
4212000.000000 4032256.250000 11492.488281 1 31
4212200.000000 4032256.250000 11250.106445 2 31
4212400.000000 4032256.250000 11007.741211 3 31
4212600.000000 4032256.250000 10764.903320 4 31
4212800.000000 4032256.250000 10522.086914 5 31
4213000.000000 4032256.250000 10279.302734 6 31
4213200.000000 4032256.250000 10037.062500 7 31
4213400.000000 4032256.250000 9794.357422 8 31
4213600.000000 4032256.250000 9551.709961 9 31
4213800.000000 4032256.250000 9309.118164 10 31
4214000.000000 4032256.250000 9066.574219 11 31
4214200.000000 4032256.250000 8824.609375 12 31
4214400.000000 4032256.250000 8582.732422 13 31
4214600.000000 4032256.250000 8340.909180 14 31
4214800.000000 4032256.250000 8098.657227 15 31
4215000.000000 4032256.250000 7856.977539 16 31
4215200.000000 4032256.250000 7613.394043 17 31
4215400.000000 4032256.250000 7369.371582 18 31
4215600.000000 4032256.250000 7124.406250 19 31
4215800.000000 4032256.250000 6879.515625 20 31
4216000.000000 4032256.250000 6637.755371 21 31
4216200.000000 4032256.250000 6399.283691 22 31
4216400.000000 4032256.250000 6164.606934 23 31
4216600.000000 4032256.250000 5931.627930 24 31
4216800.000000 4032256.250000 5696.241211 25 31
4217000.000000 4032256.250000 5456.901855 26 31
4217200.000000 4032256.250000 5211.540039 27 31
4217400.000000 4032256.250000 4957.983887 28 31
4217600.000000 4032256.250000 4698.978516 29 31
4217800.000000 4032256.250000 4441.058594 30 31
4218000.000000 4032256.250000 4192.688477 31 31
4218200.000000 4032256.250000 3958.860107 32 31
4218400.000000 4032256.250000 3738.961670 33 31
4218600.000000 4032256.250000 3522.451172 34 31
4218800.000000 4032256.250000 3296.209717 35 31
4219000.000000 4032256.250000 3049.654053 36 31
4219200.000000 4032256.250000 2778.958252 37 31
4219400.000000 4032256.250000 2485.488037 38 31
4219600.000000 4032256.250000 2170.165771 39 31
4219800.000000 4032256.250000 1834.714600 40 31
4220000.000000 4032256.250000 1491.604980 41 31
4220200.000000 4032256.250000 1144.331177 42 31
4212000.000000 4032628.125000 11426.897461 1 32
4212200.000000 4032628.125000 11184.503906 2 32
4212400.000000 4032628.125000 10942.125000 3 32
4212600.000000 4032628.125000 10699.273438 4 32
4212800.000000 4032628.125000 10456.438477 5 32
4213000.000000 4032628.125000 10213.634766 6 32
4213200.000000 4032628.125000 9971.371094 7 32
4213400.000000 4032628.125000 9728.640625 8 32
4213600.000000 4032628.125000 9485.962891 9 32
4213800.000000 4032628.125000 9243.336914 10 32
4214000.000000 4032628.125000 9000.755859 11 32
4214200.000000 4032628.125000 8758.748047 12 32
4214400.000000 4032628.125000 8516.822266 13 32
4214600.000000 4032628.125000 8274.446289 14 32
4214800.000000 4032628.125000 8032.636719 15 32
4215000.000000 4032628.125000 7790.394531 16 32
4215200.000000 4032628.125000 7547.239746 17 32
4215400.000000 4032628.125000 7303.640137 18 32
4215600.000000 4032628.125000 7059.092773 19 32
4215800.000000 4032628.125000 6815.110840 20 32
4216000.000000 4032628.125000 6573.246582 21 32
4216200.000000 4032628.125000 6334.084961 22 32
4216400.000000 4032628.125000 6097.145020 23 32
4216600.000000 4032628.125000 5861.322266 24 32
4216800.000000 4032628.125000 5624.039551 25 32
4217000.000000 4032628.125000 5383.755859 26 32
4217200.000000 4032628.125000 5138.908203 27 32
4217400.000000 4032628.125000 4888.777832 28 32
4217600.000000 4032628.125000 4635.104980 29 32
4217800.000000 4032628.125000 4381.916016 30 32
4218000.000000 4032628.125000 4135.151367 31 32
4218200.000000 4032628.125000 3897.345947 32 32
4218400.000000 4032628.125000 3667.472412 33 32
4218600.000000 4032628.125000 3439.178955 34 32
4218800.000000 4032628.125000 3206.469971 35 32
4219000.000000 4032628.125000 2960.943359 36 32
4219200.000000 4032628.125000 2699.352539 37 32
4219400.000000 4032628.125000 2420.987793 38 32
4219600.000000 4032628.125000 2128.360352 39 32
4219800.000000 4032628.125000 1822.013794 40 32
4220000.000000 4032628.125000 1508.555420 41 32
4220200.000000 4032628.125000 1191.539551 42 32
4212000.000000 4033000.000000 11361.292969 1 33
4212200.000000 4033000.000000 11118.895508 2 33
4212400.000000 4033000.000000 10876.501953 3 33
4212600.000000 4033000.000000 10633.632813 4 33
4212800.000000 4033000.000000 10390.779297 5 33
4213000.000000 4033000.000000 10147.954102 6 33
4213200.000000 4033000.000000 9905.665039 7 33
4213400.000000 4033000.000000 9662.906250 8 33
4213600.000000 4033000.000000 9420.195313 9 33
4213800.000000 4033000.000000 9177.534180 10 33
4214000.000000 4033000.000000 8934.913086 11 33
4214200.000000 4033000.000000 8692.858398 12 33
4214400.000000 4033000.000000 8450.880859 13 33
4214600.000000 4033000.000000 8208.448242 14 33
4214800.000000 4033000.000000 7966.068848 15 33
4215000.000000 4033000.000000 7723.766113 16 33
4215200.000000 4033000.000000 7481.033203 17 33
4215400.000000 4033000.000000 7237.350586 18 33
4215600.000000 4033000.000000 6993.213867 19 33
4215800.000000 4033000.000000 6750.133301 20 33
4216000.000000 4033000.000000 6508.151367 21 33
4216200.000000 4033000.000000 6268.307129 22 33
4216400.000000 4033000.000000 6029.610352 23 33
4216600.000000 4033000.000000 5791.469238 24 33
4216800.000000 4033000.000000 5552.320801 25 33
4217000.000000 4033000.000000 5311.127441 26 33
4217200.000000 4033000.000000 5066.837891 27 33
4217400.000000 4033000.000000 4819.214844 28 33
4217600.000000 4033000.000000 4569.022949 29 33
4217800.000000 4033000.000000 4319.246582 30 33
4218000.000000 4033000.000000 4073.329834 31 33
4218200.000000 4033000.000000 3832.857910 32 33
4218400.000000 4033000.000000 3596.789063 33 33
4218600.000000 4033000.000000 3362.844971 34 33
4218800.000000 4033000.000000 3126.598633 35 33
4219000.000000 4033000.000000 2882.775879 36 33
4219200.000000 4033000.000000 2628.826904 37 33
4219400.000000 4033000.000000 2364.645508 38 33
4219600.000000 4033000.000000 2092.466064 39 33
4219800.000000 4033000.000000 1813.120239 40 33
4220000.000000 4033000.000000 1527.800903 41 33
4220200.000000 4033000.000000 1239.597412 42 33
