# Type: scattered data
# Version: 6
# Description: No description
# Format: free
# Field: 1 x
# Field: 2 y
# Field: 3 z undefined
# Field: 4 column
# Field: 5 row
# Projection: Local Rectangular
# Units: undefined
# End:
# Information from grid:
# Grid_size: 42 x 33
# Grid_space: 4212000.000000,4220200.000000,4021100.000000,4033000.000000
# Scattered data: Not_available
# Z_field: z
# Vertical_faults: Not_available
# History: No history
# Z_units: undefined
4212000.000000 4021100.000000 10151.265625 1 1
4212200.000000 4021100.000000 10011.969727 2 1
4212400.000000 4021100.000000 9873.172852 3 1
4212600.000000 4021100.000000 9734.375977 4 1
4212800.000000 4021100.000000 9596.086914 5 1
4213000.000000 4021100.000000 9457.540039 6 1
4213200.000000 4021100.000000 9319.243164 7 1
4213400.000000 4021100.000000 9180.446289 8 1
4213600.000000 4021100.000000 9041.908203 9 1
4213800.000000 4021100.000000 8903.111328 10 1
4214000.000000 4021100.000000 8763.566406 11 1
4214200.000000 4021100.000000 8623.022461 12 1
4214400.000000 4021100.000000 8480.722656 13 1
4214600.000000 4021100.000000 8335.684570 14 1
4214800.000000 4021100.000000 8188.141602 15 1
4215000.000000 4021100.000000 8039.591797 16 1
4215200.000000 4021100.000000 7890.800781 17 1
4215400.000000 4021100.000000 7742.009766 18 1
4215600.000000 4021100.000000 7593.210449 19 1
4215800.000000 4021100.000000 7445.168457 20 1
4216000.000000 4021100.000000 7298.126465 21 1
4216200.000000 4021100.000000 7151.587891 22 1
4216400.000000 4021100.000000 7004.805176 23 1
4216600.000000 4021100.000000 6857.528320 24 1
4216800.000000 4021100.000000 6710.505859 25 1
4217000.000000 4021100.000000 6563.238281 26 1
4217200.000000 4021100.000000 6415.225586 27 1
4217400.000000 4021100.000000 6266.704590 28 1
4217600.000000 4021100.000000 6118.167480 29 1
4217800.000000 4021100.000000 5970.601563 30 1
4218000.000000 4021100.000000 5823.501953 31 1
4218200.000000 4021100.000000 5676.113281 32 1
4218400.000000 4021100.000000 5528.496582 33 1
4218600.000000 4021100.000000 5380.936035 34 1
4218800.000000 4021100.000000 5233.430176 35 1
4219000.000000 4021100.000000 5085.245605 36 1
4219200.000000 4021100.000000 4936.621582 37 1
4219400.000000 4021100.000000 4788.487793 38 1
4219600.000000 4021100.000000 4641.074707 39 1
4219800.000000 4021100.000000 4494.155273 40 1
4220000.000000 4021100.000000 4346.478027 41 1
4220200.000000 4021100.000000 4198.287109 42 1
4212000.000000 4021471.875000 10085.699219 1 2
4212200.000000 4021471.875000 9946.902344 2 2
4212400.000000 4021471.875000 9808.105469 3 2
4212600.000000 4021471.875000 9669.808594 4 2
4212800.000000 4021471.875000 9531.260742 5 2
4213000.000000 4021471.875000 9392.971680 6 2
4213200.000000 4021471.875000 9254.424805 7 2
4213400.000000 4021471.875000 9115.877930 8 2
4213600.000000 4021471.875000 8977.331055 9 2
4213800.000000 4021471.875000 8838.542969 10 2
4214000.000000 4021471.875000 8698.997070 11 2
4214200.000000 4021471.875000 8558.703125 12 2
4214400.000000 4021471.875000 8416.652344 13 2
4214600.000000 4021471.875000 8271.864258 14 2
4214800.000000 4021471.875000 8124.312988 15 2
4215000.000000 4021471.875000 7976.020996 16 2
4215200.000000 4021471.875000 7827.979004 17 2
4215400.000000 4021471.875000 7679.437988 18 2
4215600.000000 4021471.875000 7530.638672 19 2
4215800.000000 4021471.875000 7382.597656 20 2
4216000.000000 4021471.875000 7235.557129 21 2
4216200.000000 4021471.875000 7089.020020 22 2
4216400.000000 4021471.875000 6941.987793 23 2
4216600.000000 4021471.875000 6794.706055 24 2
4216800.000000 4021471.875000 6647.420898 25 2
4217000.000000 4021471.875000 6500.131348 26 2
4217200.000000 4021471.875000 6352.075684 27 2
4217400.000000 4021471.875000 6203.248535 28 2
4217600.000000 4021471.875000 6054.859375 29 2
4217800.000000 4021471.875000 5907.412109 30 2
4218000.000000 4021471.875000 5760.654785 31 2
4218200.000000 4021471.875000 5613.333984 32 2
4218400.000000 4021471.875000 5465.570801 33 2
4218600.000000 4021471.875000 5317.897461 34 2
4218800.000000 4021471.875000 5170.367676 35 2
4219000.000000 4021471.875000 5022.348633 36 2
4219200.000000 4021471.875000 4873.817383 37 2
4219400.000000 4021471.875000 4726.005371 38 2
4219600.000000 4021471.875000 4579.502441 39 2
4219800.000000 4021471.875000 4433.131836 40 2
4220000.000000 4021471.875000 4285.469727 41 2
4220200.000000 4021471.875000 4136.529785 42 2
4212000.000000 4021843.750000 10020.374023 1 3
4212200.000000 4021843.750000 9881.827148 2 3
4212400.000000 4021843.750000 9743.787109 3 3
4212600.000000 4021843.750000 9605.240234 4 3
4212800.000000 4021843.750000 9467.192383 5 3
4213000.000000 4021843.750000 9328.645508 6 3
4213200.000000 4021843.750000 9190.356445 7 3
4213400.000000 4021843.750000 9051.808594 8 3
4213600.000000 4021843.750000 8913.261719 9 3
4213800.000000 4021843.750000 8774.215820 10 3
4214000.000000 4021843.750000 8634.420898 11 3
4214200.000000 4021843.750000 8494.125977 12 3
4214400.000000 4021843.750000 8351.833984 13 3
4214600.000000 4021843.750000 8207.037109 14 3
4214800.000000 4021843.750000 8059.743652 15 3
4215000.000000 4021843.750000 7911.451660 16 3
4215200.000000 4021843.750000 7763.659180 17 3
4215400.000000 4021843.750000 7615.367676 18 3
4215600.000000 4021843.750000 7466.818359 19 3
4215800.000000 4021843.750000 7319.027344 20 3
4216000.000000 4021843.750000 7171.987793 21 3
4216200.000000 4021843.750000 7025.201660 22 3
4216400.000000 4021843.750000 6877.917969 23 3
4216600.000000 4021843.750000 6730.376953 24 3
4216800.000000 4021843.750000 6582.822266 25 3
4217000.000000 4021843.750000 6435.494141 26 3
4217200.000000 4021843.750000 6287.401367 27 3
4217400.000000 4021843.750000 6138.495605 28 3
4217600.000000 4021843.750000 5989.987305 29 3
4217800.000000 4021843.750000 5842.637207 30 3
4218000.000000 4021843.750000 5695.945313 31 3
4218200.000000 4021843.750000 5548.908691 32 3
4218400.000000 4021843.750000 5401.202148 33 3
4218600.000000 4021843.750000 5253.422852 34 3
4218800.000000 4021843.750000 5105.895508 35 3
4219000.000000 4021843.750000 4957.923828 36 3
4219200.000000 4021843.750000 4809.959961 37 3
4219400.000000 4021843.750000 4662.888672 38 3
4219600.000000 4021843.750000 4516.815430 39 3
4219800.000000 4021843.750000 4370.674805 40 3
4220000.000000 4021843.750000 4222.687500 41 3
4220200.000000 4021843.750000 4073.152588 42 3
4212000.000000 4022215.625000 9955.057617 1 4
4212200.000000 4022215.625000 9817.009766 2 4
4212400.000000 4022215.625000 9678.960938 3 4
4212600.000000 4022215.625000 9540.921875 4 4
4212800.000000 4022215.625000 9402.624023 5 4
4213000.000000 4022215.625000 9264.576172 6 4
4213200.000000 4022215.625000 9126.287109 7 4
4213400.000000 4022215.625000 8987.989258 8 4
4213600.000000 4022215.625000 8849.192383 9 4
4213800.000000 4022215.625000 8709.896484 10 4
4214000.000000 4022215.625000 8569.851563 11 4
4214200.000000 4022215.625000 8428.807617 12 4
4214400.000000 4022215.625000 8286.016602 13 4
4214600.000000 4022215.625000 8140.970215 14 4
4214800.000000 4022215.625000 7993.926270 15 4
4215000.000000 4022215.625000 7845.883301 16 4
4215200.000000 4022215.625000 7698.082520 17 4
4215400.000000 4022215.625000 7550.040527 18 4
4215600.000000 4022215.625000 7401.999512 19 4
4215800.000000 4022215.625000 7254.208984 20 4
4216000.000000 4022215.625000 7106.920410 21 4
4216200.000000 4022215.625000 6959.883789 22 4
4216400.000000 4022215.625000 6812.586914 23 4
4216600.000000 4022215.625000 6665.030762 24 4
4216800.000000 4022215.625000 6517.448242 25 4
4217000.000000 4022215.625000 6369.587891 26 4
4217200.000000 4022215.625000 6221.437500 27 4
4217400.000000 4022215.625000 6072.678223 28 4
4217600.000000 4022215.625000 5924.028809 29 4
4217800.000000 4022215.625000 5776.500488 30 4
4218000.000000 4022215.625000 5629.592285 31 4
4218200.000000 4022215.625000 5482.800781 32 4
4218400.000000 4022215.625000 5335.645996 33 4
4218600.000000 4022215.625000 5188.018555 34 4
4218800.000000 4022215.625000 5040.077148 35 4
4219000.000000 4022215.625000 4891.879395 36 4
4219200.000000 4022215.625000 4744.532715 37 4
4219400.000000 4022215.625000 4598.418945 38 4
4219600.000000 4022215.625000 4452.512695 39 4
4219800.000000 4022215.625000 4306.276855 40 4
4220000.000000 4022215.625000 4157.833008 41 4
4220200.000000 4022215.625000 4008.037842 42 4
4212000.000000 4022587.500000 9890.231445 1 5
4212200.000000 4022587.500000 9752.191406 2 5
4212400.000000 4022587.500000 9614.643555 3 5
4212600.000000 4022587.500000 9476.594727 4 5
4212800.000000 4022587.500000 9338.555664 5 5
4213000.000000 4022587.500000 9200.257813 6 5
4213200.000000 4022587.500000 9062.209961 7 5
4213400.000000 4022587.500000 8923.670898 8 5
4213600.000000 4022587.500000 8784.624023 9 5
4213800.000000 4022587.500000 8645.078125 10 5
4214000.000000 4022587.500000 8504.783203 11 5
4214200.000000 4022587.500000 8363.240234 12 5
4214400.000000 4022587.500000 8219.941406 13 5
4214600.000000 4022587.500000 8074.644531 14 5
4214800.000000 4022587.500000 7927.850098 15 5
4215000.000000 4022587.500000 7780.057129 16 5
4215200.000000 4022587.500000 7632.264160 17 5
4215400.000000 4022587.500000 7484.222656 18 5
4215600.000000 4022587.500000 7336.422852 19 5
4215800.000000 4022587.500000 7188.882813 20 5
4216000.000000 4022587.500000 7041.345215 21 5
4216200.000000 4022587.500000 6894.056641 22 5
4216400.000000 4022587.500000 6746.759766 23 5
4216600.000000 4022587.500000 6599.182129 24 5
4216800.000000 4022587.500000 6451.561523 25 5
4217000.000000 4022587.500000 6303.648438 26 5
4217200.000000 4022587.500000 6155.166992 27 5
4217400.000000 4022587.500000 6006.300293 28 5
4217600.000000 4022587.500000 5857.482422 29 5
4217800.000000 4022587.500000 5709.741699 30 5
4218000.000000 4022587.500000 5562.826660 31 5
4218200.000000 4022587.500000 5416.240723 32 5
4218400.000000 4022587.500000 5269.653809 33 5
4218600.000000 4022587.500000 5122.300781 34 5
4218800.000000 4022587.500000 4973.948730 35 5
4219000.000000 4022587.500000 4825.352051 36 5
4219200.000000 4022587.500000 4678.086914 37 5
4219400.000000 4022587.500000 4533.122559 38 5
4219600.000000 4022587.500000 4388.811523 39 5
4219800.000000 4022587.500000 4242.500000 40 5
4220000.000000 4022587.500000 4093.310791 41 5
4220200.000000 4022587.500000 3942.096680 42 5
4212000.000000 4022959.375000 9825.164063 1 6
4212200.000000 4022959.375000 9687.366211 2 6
4212400.000000 4022959.375000 9549.576172 3 6
4212600.000000 4022959.375000 9412.027344 4 6
4212800.000000 4022959.375000 9273.978516 5 6
4213000.000000 4022959.375000 9136.188477 6 6
4213200.000000 4022959.375000 8997.891602 7 6
4213400.000000 4022959.375000 8859.343750 8 6
4213600.000000 4022959.375000 8720.055664 9 6
4213800.000000 4022959.375000 8580.259766 10 6
4214000.000000 4022959.375000 8439.457031 11 6
4214200.000000 4022959.375000 8297.664063 12 6
4214400.000000 4022959.375000 8153.874023 13 6
4214600.000000 4022959.375000 8008.577148 14 6
4214800.000000 4022959.375000 7861.532715 15 6
4215000.000000 4022959.375000 7713.989258 16 6
4215200.000000 4022959.375000 7566.187988 17 6
4215400.000000 4022959.375000 7418.395996 18 6
4215600.000000 4022959.375000 7270.854492 19 6
4215800.000000 4022959.375000 7123.314941 20 6
4216000.000000 4022959.375000 6975.777832 21 6
4216200.000000 4022959.375000 6828.236328 22 6
4216400.000000 4022959.375000 6680.678711 23 6
4216600.000000 4022959.375000 6533.065918 24 6
4216800.000000 4022959.375000 6385.400391 25 6
4217000.000000 4022959.375000 6237.425781 26 6
4217200.000000 4022959.375000 6088.618652 27 6
4217400.000000 4022959.375000 5939.613281 28 6
4217600.000000 4022959.375000 5790.607422 29 6
4217800.000000 4022959.375000 5642.631836 30 6
4218000.000000 4022959.375000 5495.687012 31 6
4218200.000000 4022959.375000 5349.564453 32 6
4218400.000000 4022959.375000 5203.624512 33 6
4218600.000000 4022959.375000 5056.689941 34 6
4218800.000000 4022959.375000 4908.313965 35 6
4219000.000000 4022959.375000 4758.440918 36 6
4219200.000000 4022959.375000 4610.109375 37 6
4219400.000000 4022959.375000 4466.700684 38 6
4219600.000000 4022959.375000 4327.214844 39 6
4219800.000000 4022959.375000 4181.368164 40 6
4220000.000000 4022959.375000 4030.195068 41 6
4220200.000000 4022959.375000 3875.471191 42 6
4212000.000000 4023331.250000 9759.847656 1 7
4212200.000000 4023331.250000 9621.798828 2 7
4212400.000000 4023331.250000 9484.500000 3 7
4212600.000000 4023331.250000 9346.959961 4 7
4212800.000000 4023331.250000 9209.411133 5 7
4213000.000000 4023331.250000 9071.620117 6 7
4213200.000000 4023331.250000 8933.322266 7 7
4213400.000000 4023331.250000 8794.525391 8 7
4213600.000000 4023331.250000 8655.229492 9 7
4213800.000000 4023331.250000 8515.183594 10 7
4214000.000000 4023331.250000 8374.139648 11 7
4214200.000000 4023331.250000 8231.846680 12 7
4214400.000000 4023331.250000 8088.047852 13 7
4214600.000000 4023331.250000 7942.501465 14 7
4214800.000000 4023331.250000 7795.456543 15 7
4215000.000000 4023331.250000 7647.912598 16 7
4215200.000000 4023331.250000 7500.119629 17 7
4215400.000000 4023331.250000 7352.327637 18 7
4215600.000000 4023331.250000 7204.787109 19 7
4215800.000000 4023331.250000 7057.239746 20 7
4216000.000000 4023331.250000 6909.702637 21 7
4216200.000000 4023331.250000 6762.156738 22 7
4216400.000000 4023331.250000 6614.586426 23 7
4216600.000000 4023331.250000 6466.952637 24 7
4216800.000000 4023331.250000 6319.238281 25 7
4217000.000000 4023331.250000 6171.196777 26 7
4217200.000000 4023331.250000 6022.291992 27 7
4217400.000000 4023331.250000 5872.907715 28 7
4217600.000000 4023331.250000 5723.706055 29 7
4217800.000000 4023331.250000 5575.487305 30 7
4218000.000000 4023331.250000 5428.506836 31 7
4218200.000000 4023331.250000 5282.835449 32 7
4218400.000000 4023331.250000 5137.792969 33 7
4218600.000000 4023331.250000 4991.683105 34 7
4218800.000000 4023331.250000 4842.767090 35 7
4219000.000000 4023331.250000 4689.868164 36 7
4219200.000000 4023331.250000 4538.316895 37 7
4219400.000000 4023331.250000 4397.641113 38 7
4219600.000000 4023331.250000 4269.234863 39 7
4219800.000000 4023331.250000 4125.330566 40 7
4220000.000000 4023331.250000 3969.712891 41 7
4220200.000000 4023331.250000 3807.523193 42 7
4212000.000000 4023703.125000 9694.272461 1 8
4212200.000000 4023703.125000 9556.482422 2 8
4212400.000000 4023703.125000 9418.933594 3 8
4212600.000000 4023703.125000 9281.891602 4 8
4212800.000000 4023703.125000 9144.342773 5 8
4213000.000000 4023703.125000 9006.544922 6 8
4213200.000000 4023703.125000 8868.254883 7 8
4213400.000000 4023703.125000 8729.458008 8 8
4213600.000000 4023703.125000 8589.911133 9 8
4213800.000000 4023703.125000 8449.616211 10 8
4214000.000000 4023703.125000 8308.322266 11 8
4214200.000000 4023703.125000 8165.771484 12 8
4214400.000000 4023703.125000 8021.980469 13 8
4214600.000000 4023703.125000 7876.433594 14 8
4214800.000000 4023703.125000 7729.388672 15 8
4215000.000000 4023703.125000 7581.844238 16 8
4215200.000000 4023703.125000 7434.042969 17 8
4215400.000000 4023703.125000 7286.250977 18 8
4215600.000000 4023703.125000 7138.710449 19 8
4215800.000000 4023703.125000 6991.172363 20 8
4216000.000000 4023703.125000 6843.635254 21 8
4216200.000000 4023703.125000 6696.083984 22 8
4216400.000000 4023703.125000 6548.501465 23 8
4216600.000000 4023703.125000 6400.830566 24 8
4216800.000000 4023703.125000 6253.069824 25 8
4217000.000000 4023703.125000 6104.965820 26 8
4217200.000000 4023703.125000 5955.985840 27 8
4217400.000000 4023703.125000 5806.217773 28 8
4217600.000000 4023703.125000 5656.589844 29 8
4217800.000000 4023703.125000 5508.401855 30 8
4218000.000000 4023703.125000 5361.660645 31 8
4218200.000000 4023703.125000 5216.443359 32 8
4218400.000000 4023703.125000 5071.797363 33 8
4218600.000000 4023703.125000 4925.393066 34 8
4218800.000000 4023703.125000 4774.546875 35 8
4219000.000000 4023703.125000 4616.131348 36 8
4219200.000000 4023703.125000 4458.201172 37 8
4219400.000000 4023703.125000 4318.142578 38 8
4219600.000000 4023703.125000 4217.580566 39 8
4219800.000000 4023703.125000 4078.207520 40 8
4220000.000000 4023703.125000 3910.737061 41 8
4220200.000000 4023703.125000 3735.781982 42 8
4212000.000000 4024075.000000 9628.706055 1 9
4212200.000000 4024075.000000 9490.657227 2 9
4212400.000000 4024075.000000 9353.366211 3 9
4212600.000000 4024075.000000 9216.317383 4 9
4212800.000000 4024075.000000 9079.026367 5 9
4213000.000000 4024075.000000 8941.227539 6 9
4213200.000000 4024075.000000 8802.929688 7 9
4213400.000000 4024075.000000 8664.131836 8 9
4213600.000000 4024075.000000 8524.335938 9 9
4213800.000000 4024075.000000 8383.791016 10 9
4214000.000000 4024075.000000 8242.247070 11 9
4214200.000000 4024075.000000 8099.704102 12 9
4214400.000000 4024075.000000 7955.904785 13 9
4214600.000000 4024075.000000 7810.357422 14 9
4214800.000000 4024075.000000 7663.312012 15 9
4215000.000000 4024075.000000 7515.767578 16 9
4215200.000000 4024075.000000 7367.974609 17 9
4215400.000000 4024075.000000 7220.182617 18 9
4215600.000000 4024075.000000 7072.641602 19 9
4215800.000000 4024075.000000 6925.095703 20 9
4216000.000000 4024075.000000 6777.558105 21 9
4216200.000000 4024075.000000 6630.002930 22 9
4216400.000000 4024075.000000 6482.409668 23 9
4216600.000000 4024075.000000 6334.723633 24 9
4216800.000000 4024075.000000 6186.926270 25 9
4217000.000000 4024075.000000 6038.773438 26 9
4217200.000000 4024075.000000 5889.719238 27 9
4217400.000000 4024075.000000 5739.611328 28 9
4217600.000000 4024075.000000 5589.845703 29 9
4217800.000000 4024075.000000 5441.238281 30 9
4218000.000000 4024075.000000 5294.545898 31 9
4218200.000000 4024075.000000 5150.073242 32 9
4218400.000000 4024075.000000 5005.822754 33 9
4218600.000000 4024075.000000 4859.299805 34 9
4218800.000000 4024075.000000 4706.752930 35 9
4219000.000000 4024075.000000 4540.764160 36 9
4219200.000000 4024075.000000 4366.936035 37 9
4219400.000000 4024075.000000 4218.122070 38 9
4219600.000000 4024075.000000 4151.071289 39 9
4219800.000000 4024075.000000 4026.342285 40 9
4220000.000000 4024075.000000 3842.849365 41 9
4220200.000000 4024075.000000 3654.093994 42 9
4212000.000000 4024446.875000 9562.880859 1 10
4212200.000000 4024446.875000 9425.090820 2 10
4212400.000000 4024446.875000 9287.541992 3 10
4212600.000000 4024446.875000 9150.500000 4 10
4212800.000000 4024446.875000 9013.201172 5 10
4213000.000000 4024446.875000 8875.660156 6 10
4213200.000000 4024446.875000 8737.362305 7 10
4213400.000000 4024446.875000 8598.564453 8 10
4213600.000000 4024446.875000 8458.768555 9 10
4213800.000000 4024446.875000 8318.222656 10 10
4214000.000000 4024446.875000 8176.679199 11 10
4214200.000000 4024446.875000 8033.878418 12 10
4214400.000000 4024446.875000 7889.837402 13 10
4214600.000000 4024446.875000 7744.289551 14 10
4214800.000000 4024446.875000 7597.244141 15 10
4215000.000000 4024446.875000 7449.699219 16 10
4215200.000000 4024446.875000 7301.897461 17 10
4215400.000000 4024446.875000 7154.105469 18 10
4215600.000000 4024446.875000 7006.564453 19 10
4215800.000000 4024446.875000 6859.026367 20 10
4216000.000000 4024446.875000 6711.488281 21 10
4216200.000000 4024446.875000 6563.930176 22 10
4216400.000000 4024446.875000 6416.328613 23 10
4216600.000000 4024446.875000 6268.617676 24 10
4216800.000000 4024446.875000 6120.793945 25 10
4217000.000000 4024446.875000 5972.855469 26 10
4217200.000000 4024446.875000 5823.513672 27 10
4217400.000000 4024446.875000 5673.576660 28 10
4217600.000000 4024446.875000 5523.713867 29 10
4217800.000000 4024446.875000 5374.985352 30 10
4218000.000000 4024446.875000 5228.150391 31 10
4218200.000000 4024446.875000 5083.506348 32 10
4218400.000000 4024446.875000 4938.965332 33 10
4218600.000000 4024446.875000 4791.980957 34 10
4218800.000000 4024446.875000 4638.137695 35 10
4219000.000000 4024446.875000 4468.287598 36 10
4219200.000000 4024446.875000 4287.108887 37 10
4219400.000000 4024446.875000 4126.108398 38 10
4219600.000000 4024446.875000 4047.421875 39 10
4219800.000000 4024446.875000 3936.169678 40 10
4220000.000000 4024446.875000 3756.104492 41 10
4220200.000000 4024446.875000 3563.376221 42 10
4212000.000000 4024818.750000 9497.314453 1 11
4212200.000000 4024818.750000 9359.515625 2 11
4212400.000000 4024818.750000 9222.224609 3 11
4212600.000000 4024818.750000 9084.925781 4 11
4212800.000000 4024818.750000 8947.633789 5 11
4213000.000000 4024818.750000 8810.084961 6 11
4213200.000000 4024818.750000 8671.787109 7 11
4213400.000000 4024818.750000 8532.748047 8 11
4213600.000000 4024818.750000 8392.951172 9 11
4213800.000000 4024818.750000 8252.406250 10 11
4214000.000000 4024818.750000 8110.853516 11 11
4214200.000000 4024818.750000 7968.060547 12 11
4214400.000000 4024818.750000 7823.761230 13 11
4214600.000000 4024818.750000 7678.213867 14 11
4214800.000000 4024818.750000 7531.167969 15 11
4215000.000000 4024818.750000 7383.622559 16 11
4215200.000000 4024818.750000 7235.828613 17 11
4215400.000000 4024818.750000 7088.036133 18 11
4215600.000000 4024818.750000 6940.495117 19 11
4215800.000000 4024818.750000 6792.956543 20 11
4216000.000000 4024818.750000 6645.409668 21 11
4216200.000000 4024818.750000 6497.848633 22 11
4216400.000000 4024818.750000 6350.242188 23 11
4216600.000000 4024818.750000 6202.531250 24 11
4216800.000000 4024818.750000 6054.694336 25 11
4217000.000000 4024818.750000 5906.489258 26 11
4217200.000000 4024818.750000 5757.366211 27 11
4217400.000000 4024818.750000 5607.653320 28 11
4217600.000000 4024818.750000 5457.992188 29 11
4217800.000000 4024818.750000 5309.204590 30 11
4218000.000000 4024818.750000 5161.799316 31 11
4218200.000000 4024818.750000 5016.547363 32 11
4218400.000000 4024818.750000 4871.335938 33 11
4218600.000000 4024818.750000 4723.646973 34 11
4218800.000000 4024818.750000 4569.871094 35 11
4219000.000000 4024818.750000 4402.330566 36 11
4219200.000000 4024818.750000 4227.727539 37 11
4219400.000000 4024818.750000 4072.014648 38 11
4219600.000000 4024818.750000 3963.162109 39 11
4219800.000000 4024818.750000 3845.989990 40 11
4220000.000000 4024818.750000 3677.407471 41 11
4220200.000000 4024818.750000 3491.641846 42 11
4212000.000000 4025190.625000 9431.748047 1 12
4212200.000000 4025190.625000 9293.949219 2 12
4212400.000000 4025190.625000 9156.649414 3 12
4212600.000000 4025190.625000 9019.358398 4 12
4212800.000000 4025190.625000 8881.809570 5 12
4213000.000000 4025190.625000 8744.268555 6 12
4213200.000000 4025190.625000 8605.969727 7 12
4213400.000000 4025190.625000 8466.922852 8 12
4213600.000000 4025190.625000 8327.125977 9 12
4213800.000000 4025190.625000 8186.331055 10 12
4214000.000000 4025190.625000 8044.786621 11 12
4214200.000000 4025190.625000 7901.985352 12 12
4214400.000000 4025190.625000 7757.693848 13 12
4214600.000000 4025190.625000 7611.896484 14 12
4214800.000000 4025190.625000 7465.100098 15 12
4215000.000000 4025190.625000 7317.554199 16 12
4215200.000000 4025190.625000 7169.760254 17 12
4215400.000000 4025190.625000 7021.958496 18 12
4215600.000000 4025190.625000 6874.416992 19 12
4215800.000000 4025190.625000 6726.877441 20 12
4216000.000000 4025190.625000 6579.337402 21 12
4216200.000000 4025190.625000 6431.776855 22 12
4216400.000000 4025190.625000 6284.172363 23 12
4216600.000000 4025190.625000 6136.458984 24 12
4216800.000000 4025190.625000 5988.633789 25 12
4217000.000000 4025190.625000 5840.444824 26 12
4217200.000000 4025190.625000 5691.352051 27 12
4217400.000000 4025190.625000 5541.921875 28 12
4217600.000000 4025190.625000 5392.546875 29 12
4217800.000000 4025190.625000 5243.814453 30 12
4218000.000000 4025190.625000 5096.220703 31 12
4218200.000000 4025190.625000 4950.036133 32 12
4218400.000000 4025190.625000 4803.889648 33 12
4218600.000000 4025190.625000 4656.184082 34 12
4218800.000000 4025190.625000 4504.226074 35 12
4219000.000000 4025190.625000 4344.133789 36 12
4219200.000000 4025190.625000 4180.639648 37 12
4219400.000000 4025190.625000 4029.960693 38 12
4219600.000000 4025190.625000 3899.303955 39 12
4219800.000000 4025190.625000 3766.029297 40 12
4220000.000000 4025190.625000 3606.780029 41 12
4220200.000000 4025190.625000 3434.032227 42 12
4212000.000000 4025562.500000 9366.172852 1 13
4212200.000000 4025562.500000 9228.382813 2 13
4212400.000000 4025562.500000 9091.083008 3 13
4212600.000000 4025562.500000 8953.783203 4 13
4212800.000000 4025562.500000 8816.242188 5 13
4213000.000000 4025562.500000 8678.443359 6 13
4213200.000000 4025562.500000 8540.145508 7 13
4213400.000000 4025562.500000 8401.105469 8 13
4213600.000000 4025562.500000 8261.309570 9 13
4213800.000000 4025562.500000 8120.513672 10 13
4214000.000000 4025562.500000 7978.711426 11 13
4214200.000000 4025562.500000 7835.918457 12 13
4214400.000000 4025562.500000 7691.618652 13 13
4214600.000000 4025562.500000 7545.820801 14 13
4214800.000000 4025562.500000 7399.023926 15 13
4215000.000000 4025562.500000 7251.478027 16 13
4215200.000000 4025562.500000 7103.683105 17 13
4215400.000000 4025562.500000 6955.889648 18 13
4215600.000000 4025562.500000 6808.346680 19 13
4215800.000000 4025562.500000 6660.806152 20 13
4216000.000000 4025562.500000 6513.257324 21 13
4216200.000000 4025562.500000 6365.698730 22 13
4216400.000000 4025562.500000 6218.103027 23 13
4216600.000000 4025562.500000 6070.418457 24 13
4216800.000000 4025562.500000 5922.627441 25 13
4217000.000000 4025562.500000 5774.484863 26 13
4217200.000000 4025562.500000 5625.695801 27 13
4217400.000000 4025562.500000 5476.361816 28 13
4217600.000000 4025562.500000 5327.130371 29 13
4217800.000000 4025562.500000 5178.565430 30 13
4218000.000000 4025562.500000 5030.671387 31 13
4218200.000000 4025562.500000 4883.699219 32 13
4218400.000000 4025562.500000 4736.746582 33 13
4218600.000000 4025562.500000 4588.787109 34 13
4218800.000000 4025562.500000 4438.219727 35 13
4219000.000000 4025562.500000 4283.992676 36 13
4219200.000000 4025562.500000 4129.084961 37 13
4219400.000000 4025562.500000 3980.638428 38 13
4219600.000000 4025562.500000 3841.520508 39 13
4219800.000000 4025562.500000 3698.946777 40 13
4220000.000000 4025562.500000 3543.660889 41 13
4220200.000000 4025562.500000 3378.197998 42 13
4212000.000000 4025934.375000 9300.357422 1 14
4212200.000000 4025934.375000 9162.807617 2 14
4212400.000000 4025934.375000 9025.516602 3 14
4212600.000000 4025934.375000 8888.216797 4 14
4212800.000000 4025934.375000 8750.666992 5 14
4213000.000000 4025934.375000 8612.876953 6 14
4213200.000000 4025934.375000 8474.328125 7 14
4213400.000000 4025934.375000 8335.281250 8 14
4213600.000000 4025934.375000 8195.484375 9 14
4213800.000000 4025934.375000 8054.688477 10 14
4214000.000000 4025934.375000 7912.644531 11 14
4214200.000000 4025934.375000 7769.843262 12 14
4214400.000000 4025934.375000 7625.551758 13 14
4214600.000000 4025934.375000 7480.002930 14 14
4214800.000000 4025934.375000 7332.956543 15 14
4215000.000000 4025934.375000 7185.410156 16 14
4215200.000000 4025934.375000 7037.615234 17 14
4215400.000000 4025934.375000 6889.812012 18 14
4215600.000000 4025934.375000 6742.268066 19 14
4215800.000000 4025934.375000 6594.726074 20 14
4216000.000000 4025934.375000 6447.184570 21 14
4216200.000000 4025934.375000 6299.629883 22 14
4216400.000000 4025934.375000 6152.045410 23 14
4216600.000000 4025934.375000 6004.388184 24 14
4216800.000000 4025934.375000 5856.633301 25 14
4217000.000000 4025934.375000 5708.551758 26 14
4217200.000000 4025934.375000 5559.853516 27 14
4217400.000000 4025934.375000 5410.895508 28 14
4217600.000000 4025934.375000 5261.835938 29 14
4217800.000000 4025934.375000 5113.495117 30 14
4218000.000000 4025934.375000 4965.369141 31 14
4218200.000000 4025934.375000 4817.713867 32 14
4218400.000000 4025934.375000 4670.027832 33 14
4218600.000000 4025934.375000 4522.050781 34 14
4218800.000000 4025934.375000 4372.680664 35 14
4219000.000000 4025934.375000 4222.158203 36 14
4219200.000000 4025934.375000 4072.194336 37 14
4219400.000000 4025934.375000 3925.583496 38 14
4219600.000000 4025934.375000 3782.818115 39 14
4219800.000000 4025934.375000 3637.371338 40 14
4220000.000000 4025934.375000 3483.759277 41 14
4220200.000000 4025934.375000 3322.403076 42 14
4212000.000000 4026306.250000 9234.782227 1 15
4212200.000000 4026306.250000 9096.991211 2 15
4212400.000000 4026306.250000 8959.941406 3 15
4212600.000000 4026306.250000 8822.650391 4 15
4212800.000000 4026306.250000 8685.100586 5 15
4213000.000000 4026306.250000 8547.301758 6 15
4213200.000000 4026306.250000 8408.761719 7 15
4213400.000000 4026306.250000 8269.463867 8 15
4213600.000000 4026306.250000 8129.667480 9 15
4213800.000000 4026306.250000 7988.872070 10 15
4214000.000000 4026306.250000 7846.819336 11 15
4214200.000000 4026306.250000 7703.776367 12 15
4214400.000000 4026306.250000 7559.726074 13 15
4214600.000000 4026306.250000 7413.927734 14 15
4214800.000000 4026306.250000 7266.880859 15 15
4215000.000000 4026306.250000 7119.334473 16 15
4215200.000000 4026306.250000 6971.538574 17 15
4215400.000000 4026306.250000 6823.743164 18 15
4215600.000000 4026306.250000 6676.198242 19 15
4215800.000000 4026306.250000 6528.654785 20 15
4216000.000000 4026306.250000 6381.104004 21 15
4216200.000000 4026306.250000 6233.553223 22 15
4216400.000000 4026306.250000 6085.980957 23 15
4216600.000000 4026306.250000 5938.352539 24 15
4216800.000000 4026306.250000 5790.654785 25 15
4217000.000000 4026306.250000 5642.639648 26 15
4217200.000000 4026306.250000 5494.273438 27 15
4217400.000000 4026306.250000 5345.455078 28 15
4217600.000000 4026306.250000 5196.853516 29 15
4217800.000000 4026306.250000 5048.512207 30 15
4218000.000000 4026306.250000 4900.434570 31 15
4218200.000000 4026306.250000 4752.371094 32 15
4218400.000000 4026306.250000 4604.247070 33 15
4218600.000000 4026306.250000 4456.248535 34 15
4218800.000000 4026306.250000 4307.780273 35 15
4219000.000000 4026306.250000 4159.365723 36 15
4219200.000000 4026306.250000 4011.587402 37 15
4219400.000000 4026306.250000 3865.669434 38 15
4219600.000000 4026306.250000 3720.925781 39 15
4219800.000000 4026306.250000 3574.175293 40 15
4220000.000000 4026306.250000 3421.527832 41 15
4220200.000000 4026306.250000 3263.430908 42 15
4212000.000000 4026678.125000 9168.715820 1 16
4212200.000000 4026678.125000 9031.166992 2 16
4212400.000000 4026678.125000 8894.125000 3 16
4212600.000000 4026678.125000 8757.075195 4 16
4212800.000000 4026678.125000 8619.534180 5 16
4213000.000000 4026678.125000 8481.735352 6 16
4213200.000000 4026678.125000 8343.186523 7 16
4213400.000000 4026678.125000 8203.888672 8 16
4213600.000000 4026678.125000 8063.842773 9 16
4213800.000000 4026678.125000 7922.797363 10 16
4214000.000000 4026678.125000 7780.752930 11 16
4214200.000000 4026678.125000 7637.701660 12 16
4214400.000000 4026678.125000 7493.659180 13 16
4214600.000000 4026678.125000 7347.860840 14 16
4214800.000000 4026678.125000 7200.813965 15 16
4215000.000000 4026678.125000 7053.267578 16 16
4215200.000000 4026678.125000 6905.471191 17 16
4215400.000000 4026678.125000 6757.666992 18 16
4215600.000000 4026678.125000 6610.121094 19 16
4215800.000000 4026678.125000 6462.576172 20 16
4216000.000000 4026678.125000 6315.032715 21 16
4216200.000000 4026678.125000 6167.483887 22 16
4216400.000000 4026678.125000 6019.921875 23 16
4216600.000000 4026678.125000 5872.319824 24 16
4216800.000000 4026678.125000 5724.658691 25 16
4217000.000000 4026678.125000 5576.706055 26 16
4217200.000000 4026678.125000 5428.683105 27 16
4217400.000000 4026678.125000 5280.248047 28 16
4217600.000000 4026678.125000 5131.837402 29 16
4217800.000000 4026678.125000 4983.728027 30 16
4218000.000000 4026678.125000 4835.439453 31 16
4218200.000000 4026678.125000 4687.213379 32 16
4218400.000000 4026678.125000 4539.151855 33 16
4218600.000000 4026678.125000 4391.142578 34 16
4218800.000000 4026678.125000 4243.042969 35 16
4219000.000000 4026678.125000 4095.582520 36 16
4219200.000000 4026678.125000 3948.621338 37 16
4219400.000000 4026678.125000 3802.646729 38 16
4219600.000000 4026678.125000 3656.708008 39 16
4219800.000000 4026678.125000 3509.043701 40 16
4220000.000000 4026678.125000 3357.355225 41 16
4220200.000000 4026678.125000 3201.894775 42 16
4212000.000000 4027050.000000 9102.891602 1 17
4212200.000000 4027050.000000 8965.101563 2 17
4212400.000000 4027050.000000 8828.300781 3 17
4212600.000000 4027050.000000 8691.258789 4 17
4212800.000000 4027050.000000 8553.958984 5 17
4213000.000000 4027050.000000 8416.167969 6 17
4213200.000000 4027050.000000 8277.620117 7 17
4213400.000000 4027050.000000 8138.072754 8 17
4213600.000000 4027050.000000 7997.776367 9 17
4213800.000000 4027050.000000 7856.730957 10 17
4214000.000000 4027050.000000 7714.678223 11 17
4214200.000000 4027050.000000 7571.635254 12 17
4214400.000000 4027050.000000 7427.584473 13 17
4214600.000000 4027050.000000 7281.786133 14 17
4214800.000000 4027050.000000 7134.489258 15 17
4215000.000000 4027050.000000 6986.942871 16 17
4215200.000000 4027050.000000 6839.145996 17 17
4215400.000000 4027050.000000 6691.599121 18 17
4215600.000000 4027050.000000 6544.052734 19 17
4215800.000000 4027050.000000 6396.506836 20 17
4216000.000000 4027050.000000 6248.953613 21 17
4216200.000000 4027050.000000 6101.406738 22 17
4216400.000000 4027050.000000 5953.852051 23 17
4216600.000000 4027050.000000 5806.271973 24 17
4216800.000000 4027050.000000 5658.656738 25 17
4217000.000000 4027050.000000 5510.757324 26 17
4217200.000000 4027050.000000 5363.057617 27 17
4217400.000000 4027050.000000 5214.979492 28 17
4217600.000000 4027050.000000 5066.988281 29 17
4217800.000000 4027050.000000 4918.850098 30 17
4218000.000000 4027050.000000 4770.566895 31 17
4218200.000000 4027050.000000 4622.389648 32 17
4218400.000000 4027050.000000 4474.099121 33 17
4218600.000000 4027050.000000 4326.298340 34 17
4218800.000000 4027050.000000 4178.553711 35 17
4219000.000000 4027050.000000 4031.279785 36 17
4219200.000000 4027050.000000 3884.362305 37 17
4219400.000000 4027050.000000 3738.104980 38 17
4219600.000000 4027050.000000 3591.368408 39 17
4219800.000000 4027050.000000 3443.486816 40 17
4220000.000000 4027050.000000 3292.435303 41 17
4220200.000000 4027050.000000 3138.975098 42 17
4212000.000000 4027421.875000 9036.826172 1 18
4212200.000000 4027421.875000 8899.276367 2 18
4212400.000000 4027421.875000 8762.234375 3 18
4212600.000000 4027421.875000 8625.434570 4 18
4212800.000000 4027421.875000 8488.142578 5 18
4213000.000000 4027421.875000 8350.343750 6 18
4213200.000000 4027421.875000 8211.794922 7 18
4213400.000000 4027421.875000 8072.248047 8 18
4213600.000000 4027421.875000 7931.702148 9 18
4213800.000000 4027421.875000 7790.656250 10 18
4214000.000000 4027421.875000 7648.612305 11 18
4214200.000000 4027421.875000 7505.560547 12 18
4214400.000000 4027421.875000 7361.518066 13 18
4214600.000000 4027421.875000 7215.719727 14 18
4214800.000000 4027421.875000 7068.422852 15 18
4215000.000000 4027421.875000 6920.875977 16 18
4215200.000000 4027421.875000 6773.079102 17 18
4215400.000000 4027421.875000 6625.523926 18 18
4215600.000000 4027421.875000 6477.976563 19 18
4215800.000000 4027421.875000 6330.429688 20 18
4216000.000000 4027421.875000 6182.883789 21 18
4216200.000000 4027421.875000 6035.337891 22 18
4216400.000000 4027421.875000 5887.788574 23 18
4216600.000000 4027421.875000 5740.225098 24 18
4216800.000000 4027421.875000 5592.631836 25 18
4217000.000000 4027421.875000 5445.025391 26 18
4217200.000000 4027421.875000 5297.386230 27 18
4217400.000000 4027421.875000 5149.664551 28 18
4217600.000000 4027421.875000 5001.818359 29 18
4217800.000000 4027421.875000 4853.864258 30 18
4218000.000000 4027421.875000 4705.801758 31 18
4218200.000000 4027421.875000 4557.623047 32 18
4218400.000000 4027421.875000 4409.310059 33 18
4218600.000000 4027421.875000 4261.430176 34 18
4218800.000000 4027421.875000 4113.784180 35 18
4219000.000000 4027421.875000 3966.454590 36 18
4219200.000000 4027421.875000 3819.600098 37 18
4219400.000000 4027421.875000 3672.843506 38 18
4219600.000000 4027421.875000 3525.836914 39 18
4219800.000000 4027421.875000 3377.742920 40 18
4220000.000000 4027421.875000 3227.555420 41 18
4220200.000000 4027421.875000 3075.026367 42 18
4212000.000000 4027793.750000 8971.001953 1 19
4212200.000000 4027793.750000 8833.210938 2 19
4212400.000000 4027793.750000 8696.410156 3 19
4212600.000000 4027793.750000 8559.368164 4 19
4212800.000000 4027793.750000 8422.068359 5 19
4213000.000000 4027793.750000 8284.277344 6 19
4213200.000000 4027793.750000 8145.729492 7 19
4213400.000000 4027793.750000 8006.182129 8 19
4213600.000000 4027793.750000 7865.885742 9 19
4213800.000000 4027793.750000 7724.840332 10 19
4214000.000000 4027793.750000 7582.787598 11 19
4214200.000000 4027793.750000 7439.744141 12 19
4214400.000000 4027793.750000 7295.443848 13 19
4214600.000000 4027793.750000 7149.395508 14 19
4214800.000000 4027793.750000 7002.348145 15 19
4215000.000000 4027793.750000 6854.801270 16 19
4215200.000000 4027793.750000 6707.004395 17 19
4215400.000000 4027793.750000 6559.457031 18 19
4215600.000000 4027793.750000 6411.909668 19 19
4215800.000000 4027793.750000 6264.362305 20 19
4216000.000000 4027793.750000 6116.806641 21 19
4216200.000000 4027793.750000 5969.261230 22 19
4216400.000000 4027793.750000 5821.714844 23 19
4216600.000000 4027793.750000 5674.162109 24 19
4216800.000000 4027793.750000 5526.599121 25 19
4217000.000000 4027793.750000 5379.024414 26 19
4217200.000000 4027793.750000 5231.430664 27 19
4217400.000000 4027793.750000 5083.786133 28 19
4217600.000000 4027793.750000 4936.047852 29 19
4217800.000000 4027793.750000 4788.243164 30 19
4218000.000000 4027793.750000 4640.360840 31 19
4218200.000000 4027793.750000 4492.398926 32 19
4218400.000000 4027793.750000 4344.265137 33 19
4218600.000000 4027793.750000 4196.511719 34 19
4218800.000000 4027793.750000 4048.913330 35 19
4219000.000000 4027793.750000 3901.528809 36 19
4219200.000000 4027793.750000 3754.273926 37 19
4219400.000000 4027793.750000 3607.316162 38 19
4219600.000000 4027793.750000 3460.100830 39 19
4219800.000000 4027793.750000 3312.322998 40 19
4220000.000000 4027793.750000 3162.236816 41 19
4220200.000000 4027793.750000 3010.358154 42 19
4212000.000000 4028165.625000 8904.935547 1 20
4212200.000000 4028165.625000 8767.386719 2 20
4212400.000000 4028165.625000 8630.344727 3 20
4212600.000000 4028165.625000 8493.543945 4 20
4212800.000000 4028165.625000 8356.002930 5 20
4213000.000000 4028165.625000 8218.203125 6 20
4213200.000000 4028165.625000 8079.405273 7 20
4213400.000000 4028165.625000 7939.858398 8 20
4213600.000000 4028165.625000 7799.811523 9 20
4213800.000000 4028165.625000 7658.765625 10 20
4214000.000000 4028165.625000 7516.721191 11 20
4214200.000000 4028165.625000 7373.678223 12 20
4214400.000000 4028165.625000 7229.127930 13 20
4214600.000000 4028165.625000 7083.329590 14 20
4214800.000000 4028165.625000 6936.282227 15 20
4215000.000000 4028165.625000 6788.735352 16 20
4215200.000000 4028165.625000 6640.938477 17 20
4215400.000000 4028165.625000 6493.382813 18 20
4215600.000000 4028165.625000 6345.834961 19 20
4215800.000000 4028165.625000 6198.287109 20 20
4216000.000000 4028165.625000 6050.739746 21 20
4216200.000000 4028165.625000 5903.192871 22 20
4216400.000000 4028165.625000 5755.646973 23 20
4216600.000000 4028165.625000 5608.098633 24 20
4216800.000000 4028165.625000 5460.537598 25 20
4217000.000000 4028165.625000 5312.979980 26 20
4217200.000000 4028165.625000 5165.412598 27 20
4217400.000000 4028165.625000 5017.815918 28 20
4217600.000000 4028165.625000 4870.165039 29 20
4217800.000000 4028165.625000 4722.463867 30 20
4218000.000000 4028165.625000 4574.709961 31 20
4218200.000000 4028165.625000 4426.890625 32 20
4218400.000000 4028165.625000 4278.880371 33 20
4218600.000000 4028165.625000 4130.958008 34 20
4218800.000000 4028165.625000 3983.394043 35 20
4219000.000000 4028165.625000 3835.957275 36 20
4219200.000000 4028165.625000 3688.591553 37 20
4219400.000000 4028165.625000 3541.495361 38 20
4219600.000000 4028165.625000 3394.126465 39 20
4219800.000000 4028165.625000 3246.475586 40 20
4220000.000000 4028165.625000 3096.796387 41 20
4220200.000000 4028165.625000 2945.086182 42 20
4212000.000000 4028537.500000 8838.870117 1 21
4212200.000000 4028537.500000 8701.071289 2 21
4212400.000000 4028537.500000 8564.270508 3 21
4212600.000000 4028537.500000 8427.228516 4 21
4212800.000000 4028537.500000 8289.928711 5 21
4213000.000000 4028537.500000 8151.638184 6 21
4213200.000000 4028537.500000 8012.840332 7 21
4213400.000000 4028537.500000 7873.542480 8 21
4213600.000000 4028537.500000 7733.496094 9 21
4213800.000000 4028537.500000 7592.450195 10 21
4214000.000000 4028537.500000 7450.397461 11 21
4214200.000000 4028537.500000 7307.354492 12 21
4214400.000000 4028537.500000 7163.054199 13 21
4214600.000000 4028537.500000 7017.263672 14 21
4214800.000000 4028537.500000 6870.458008 15 21
4215000.000000 4028537.500000 6722.911133 16 21
4215200.000000 4028537.500000 6575.114258 17 21
4215400.000000 4028537.500000 6427.317383 18 21
4215600.000000 4028537.500000 6279.769531 19 21
4215800.000000 4028537.500000 6132.221680 20 21
4216000.000000 4028537.500000 5984.673340 21 21
4216200.000000 4028537.500000 5837.117188 22 21
4216400.000000 4028537.500000 5689.569824 23 21
4216600.000000 4028537.500000 5542.022461 24 21
4216800.000000 4028537.500000 5394.474609 25 21
4217000.000000 4028537.500000 5246.925293 26 21
4217200.000000 4028537.500000 5099.372559 27 21
4217400.000000 4028537.500000 4951.806641 28 21
4217600.000000 4028537.500000 4804.201172 29 21
4217800.000000 4028537.500000 4656.574219 30 21
4218000.000000 4028537.500000 4508.913086 31 21
4218200.000000 4028537.500000 4361.213379 32 21
4218400.000000 4028537.500000 4213.292969 33 21
4218600.000000 4028537.500000 4065.425293 34 21
4218800.000000 4028537.500000 3917.864746 35 21
4219000.000000 4028537.500000 3770.383057 36 21
4219200.000000 4028537.500000 3622.934082 37 21
4219400.000000 4028537.500000 3475.739014 38 21
4219600.000000 4028537.500000 3328.280518 39 21
4219800.000000 4028537.500000 3180.547852 40 21
4220000.000000 4028537.500000 3030.792725 41 21
4220200.000000 4028537.500000 2879.275879 42 21
4212000.000000 4028909.375000 8772.546875 1 22
4212200.000000 4028909.375000 8634.997070 2 22
4212400.000000 4028909.375000 8497.955078 3 22
4212600.000000 4028909.375000 8361.154297 4 22
4212800.000000 4028909.375000 8223.613281 5 22
4213000.000000 4028909.375000 8085.314453 6 22
4213200.000000 4028909.375000 7946.516602 7 22
4213400.000000 4028909.375000 7807.218750 8 22
4213600.000000 4028909.375000 7667.172363 9 22
4213800.000000 4028909.375000 7526.126465 10 22
4214000.000000 4028909.375000 7384.082031 11 22
4214200.000000 4028909.375000 7241.030762 12 22
4214400.000000 4028909.375000 7096.988281 13 22
4214600.000000 4028909.375000 6951.439453 14 22
4214800.000000 4028909.375000 6804.392578 15 22
4215000.000000 4028909.375000 6656.845703 16 22
4215200.000000 4028909.375000 6509.048828 17 22
4215400.000000 4028909.375000 6361.243652 18 22
4215600.000000 4028909.375000 6213.446289 19 22
4215800.000000 4028909.375000 6065.898438 20 22
4216000.000000 4028909.375000 5918.349609 21 22
4216200.000000 4028909.375000 5770.800781 22 22
4216400.000000 4028909.375000 5623.251953 23 22
4216600.000000 4028909.375000 5475.704102 24 22
4216800.000000 4028909.375000 5328.148438 25 22
4217000.000000 4028909.375000 5180.601563 26 22
4217200.000000 4028909.375000 5033.054688 27 22
4217400.000000 4028909.375000 4885.504395 28 22
4217600.000000 4028909.375000 4737.939941 29 22
4217800.000000 4028909.375000 4590.359375 30 22
4218000.000000 4028909.375000 4442.760742 31 22
4218200.000000 4028909.375000 4295.128418 32 22
4218400.000000 4028909.375000 4147.268066 33 22
4218600.000000 4028909.375000 3999.684326 34 22
4218800.000000 4028909.375000 3852.134766 35 22
4219000.000000 4028909.375000 3704.618164 36 22
4219200.000000 4028909.375000 3557.111816 37 22
4219400.000000 4028909.375000 3409.853027 38 22
4219600.000000 4028909.375000 3262.326660 39 22
4219800.000000 4028909.375000 3114.047119 40 22
4220000.000000 4028909.375000 2964.261475 41 22
4220200.000000 4028909.375000 2812.962646 42 22
4212000.000000 4029281.250000 8706.222656 1 23
4212200.000000 4029281.250000 8568.431641 2 23
4212400.000000 4029281.250000 8431.631836 3 23
4212600.000000 4029281.250000 8294.589844 4 23
4212800.000000 4029281.250000 8157.040039 5 23
4213000.000000 4029281.250000 8018.741211 6 23
4213200.000000 4029281.250000 7879.951660 7 23
4213400.000000 4029281.250000 7740.653809 8 23
4213600.000000 4029281.250000 7600.607422 9 23
4213800.000000 4029281.250000 7459.561523 10 23
4214000.000000 4029281.250000 7317.758789 11 23
4214200.000000 4029281.250000 7174.964844 12 23
4214400.000000 4029281.250000 7030.914551 13 23
4214600.000000 4029281.250000 6885.374023 14 23
4214800.000000 4029281.250000 6738.318848 15 23
4215000.000000 4029281.250000 6590.771973 16 23
4215200.000000 4029281.250000 6442.975586 17 23
4215400.000000 4029281.250000 6295.178711 18 23
4215600.000000 4029281.250000 6147.381836 19 23
4215800.000000 4029281.250000 5999.833984 20 23
4216000.000000 4029281.250000 5852.276855 21 23
4216200.000000 4029281.250000 5704.728027 22 23
4216400.000000 4029281.250000 5556.928223 23 23
4216600.000000 4029281.250000 5409.378906 24 23
4216800.000000 4029281.250000 5261.830566 25 23
4217000.000000 4029281.250000 5114.282715 26 23
4217200.000000 4029281.250000 4966.735352 27 23
4217400.000000 4029281.250000 4819.180176 28 23
4217600.000000 4029281.250000 4671.627930 29 23
4217800.000000 4029281.250000 4524.068359 30 23
4218000.000000 4029281.250000 4376.499023 31 23
4218200.000000 4029281.250000 4228.915039 32 23
4218400.000000 4029281.250000 4081.335693 33 23
4218600.000000 4029281.250000 3933.768799 34 23
4218800.000000 4029281.250000 3786.209473 35 23
4219000.000000 4029281.250000 3638.672363 36 23
4219200.000000 4029281.250000 3491.137207 37 23
4219400.000000 4029281.250000 3343.849365 38 23
4219600.000000 4029281.250000 3196.306152 39 23
4219800.000000 4029281.250000 3048.258789 40 23
4220000.000000 4029281.250000 2898.202148 41 23
4220200.000000 4029281.250000 2746.893555 42 23
4212000.000000 4029653.125000 8639.408203 1 24
4212200.000000 4029653.125000 8501.858398 2 24
4212400.000000 4029653.125000 8364.816406 3 24
4212600.000000 4029653.125000 8227.766602 4 24
4212800.000000 4029653.125000 8090.225586 5 24
4213000.000000 4029653.125000 7951.926758 6 24
4213200.000000 4029653.125000 7813.128418 7 24
4213400.000000 4029653.125000 7673.831055 8 24
4213600.000000 4029653.125000 7534.034180 9 24
4213800.000000 4029653.125000 7393.238281 10 24
4214000.000000 4029653.125000 7251.443359 11 24
4214200.000000 4029653.125000 7108.641602 12 24
4214400.000000 4029653.125000 6964.849121 13 24
4214600.000000 4029653.125000 6819.300293 14 24
4214800.000000 4029653.125000 6672.253418 15 24
4215000.000000 4029653.125000 6524.707031 16 24
4215200.000000 4029653.125000 6376.910645 17 24
4215400.000000 4029653.125000 6229.105469 18 24
4215600.000000 4029653.125000 6081.308594 19 24
4215800.000000 4029653.125000 5933.761230 20 24
4216000.000000 4029653.125000 5786.212891 21 24
4216200.000000 4029653.125000 5638.664063 22 24
4216400.000000 4029653.125000 5490.864258 23 24
4216600.000000 4029653.125000 5343.064453 24 24
4216800.000000 4029653.125000 5195.506836 25 24
4217000.000000 4029653.125000 5047.958008 26 24
4217200.000000 4029653.125000 4900.409180 27 24
4217400.000000 4029653.125000 4752.861816 28 24
4217600.000000 4029653.125000 4605.312500 29 24
4217800.000000 4029653.125000 4457.759766 30 24
4218000.000000 4029653.125000 4310.193848 31 24
4218200.000000 4029653.125000 4162.628418 32 24
4218400.000000 4029653.125000 4015.063721 33 24
4218600.000000 4029653.125000 3867.504395 34 24
4218800.000000 4029653.125000 3719.952393 35 24
4219000.000000 4029653.125000 3572.405762 36 24
4219200.000000 4029653.125000 3425.108887 37 24
4219400.000000 4029653.125000 3277.810059 38 24
4219600.000000 4029653.125000 3130.250732 39 24
4219800.000000 4029653.125000 2982.198486 40 24
4220000.000000 4029653.125000 2832.647217 41 24
4220200.000000 4029653.125000 2680.838867 42 24
4212000.000000 4030025.000000 8572.584961 1 25
4212200.000000 4030025.000000 8434.793945 2 25
4212400.000000 4030025.000000 8297.744141 3 25
4212600.000000 4030025.000000 8160.702148 4 25
4212800.000000 4030025.000000 8023.152832 5 25
4213000.000000 4030025.000000 7884.854004 6 25
4213200.000000 4030025.000000 7746.056152 7 25
4213400.000000 4030025.000000 7606.766602 8 25
4213600.000000 4030025.000000 7467.219238 9 25
4213800.000000 4030025.000000 7326.673340 10 25
4214000.000000 4030025.000000 7185.120117 11 25
4214200.000000 4030025.000000 7042.576172 12 25
4214400.000000 4030025.000000 6898.775391 13 25
4214600.000000 4030025.000000 6753.235352 14 25
4214800.000000 4030025.000000 6606.180176 15 25
4215000.000000 4030025.000000 6458.383789 16 25
4215200.000000 4030025.000000 6310.587402 17 25
4215400.000000 4030025.000000 6162.791016 18 25
4215600.000000 4030025.000000 6015.244141 19 25
4215800.000000 4030025.000000 5867.696777 20 25
4216000.000000 4030025.000000 5720.148926 21 25
4216200.000000 4030025.000000 5572.591797 22 25
4216400.000000 4030025.000000 5424.792480 23 25
4216600.000000 4030025.000000 5276.992676 24 25
4216800.000000 4030025.000000 5129.442383 25 25
4217000.000000 4030025.000000 4981.893066 26 25
4217200.000000 4030025.000000 4834.343262 27 25
4217400.000000 4030025.000000 4686.786133 28 25
4217600.000000 4030025.000000 4539.237305 29 25
4217800.000000 4030025.000000 4391.687500 30 25
4218000.000000 4030025.000000 4243.886230 31 25
4218200.000000 4030025.000000 4096.330566 32 25
4218400.000000 4030025.000000 3948.774658 33 25
4218600.000000 4030025.000000 3801.219971 34 25
4218800.000000 4030025.000000 3653.659180 35 25
4219000.000000 4030025.000000 3506.107910 36 25
4219200.000000 4030025.000000 3358.805420 37 25
4219400.000000 4030025.000000 3211.751709 38 25
4219600.000000 4030025.000000 3064.197998 39 25
4219800.000000 4030025.000000 2916.394531 40 25
4220000.000000 4030025.000000 2766.585205 41 25
4220200.000000 4030025.000000 2614.778320 42 25
4212000.000000 4030396.875000 8505.520508 1 26
4212200.000000 4030396.875000 8367.971680 2 26
4212400.000000 4030396.875000 8230.671875 3 26
4212600.000000 4030396.875000 8093.379883 4 26
4212800.000000 4030396.875000 7955.830566 5 26
4213000.000000 4030396.875000 7817.540039 6 26
4213200.000000 4030396.875000 7678.742188 7 26
4213400.000000 4030396.875000 7539.694336 8 26
4213600.000000 4030396.875000 7400.146973 9 26
4213800.000000 4030396.875000 7259.850586 10 26
4214000.000000 4030396.875000 7118.555176 11 26
4214200.000000 4030396.875000 6976.252930 12 26
4214400.000000 4030396.875000 6832.709961 13 26
4214600.000000 4030396.875000 6687.161621 14 26
4214800.000000 4030396.875000 6540.114746 15 26
4215000.000000 4030396.875000 6392.318848 16 26
4215200.000000 4030396.875000 6244.522461 17 26
4215400.000000 4030396.875000 6096.726074 18 26
4215600.000000 4030396.875000 5949.171387 19 26
4215800.000000 4030396.875000 5801.624023 20 26
4216000.000000 4030396.875000 5654.076660 21 26
4216200.000000 4030396.875000 5506.528320 22 26
4216400.000000 4030396.875000 5358.729004 23 26
4216600.000000 4030396.875000 5210.929199 24 26
4216800.000000 4030396.875000 5063.371094 25 26
4217000.000000 4030396.875000 4915.820801 26 26
4217200.000000 4030396.875000 4768.270996 27 26
4217400.000000 4030396.875000 4620.721191 28 26
4217600.000000 4030396.875000 4473.171875 29 26
4217800.000000 4030396.875000 4325.623047 30 26
4218000.000000 4030396.875000 4177.823730 31 26
4218200.000000 4030396.875000 4030.265137 32 26
4218400.000000 4030396.875000 3882.713379 33 26
4218600.000000 4030396.875000 3735.161377 34 26
4218800.000000 4030396.875000 3587.609131 35 26
4219000.000000 4030396.875000 3440.056152 36 26
4219200.000000 4030396.875000 3292.751953 37 26
4219400.000000 4030396.875000 3145.697266 38 26
4219600.000000 4030396.875000 2998.393311 39 26
4219800.000000 4030396.875000 2850.332520 40 26
4220000.000000 4030396.875000 2700.782715 41 26
4220200.000000 4030396.875000 2548.728027 42 26
4212000.000000 4030768.750000 8438.697266 1 27
4212200.000000 4030768.750000 8300.648438 2 27
4212400.000000 4030768.750000 8163.357422 3 27
4212600.000000 4030768.750000 8026.057617 4 27
4212800.000000 4030768.750000 7888.516602 5 27
4213000.000000 4030768.750000 7750.217773 6 27
4213200.000000 4030768.750000 7611.419922 7 27
4213400.000000 4030768.750000 7472.372070 8 27
4213600.000000 4030768.750000 7332.824707 9 27
4213800.000000 4030768.750000 7192.777832 10 27
4214000.000000 4030768.750000 7051.982422 11 27
4214200.000000 4030768.750000 6909.937988 12 27
4214400.000000 4030768.750000 6766.386719 13 27
4214600.000000 4030768.750000 6621.096680 14 27
4214800.000000 4030768.750000 6474.049805 15 27
4215000.000000 4030768.750000 6326.245605 16 27
4215200.000000 4030768.750000 6178.449707 17 27
4215400.000000 4030768.750000 6030.653320 18 27
4215600.000000 4030768.750000 5883.106445 19 27
4215800.000000 4030768.750000 5735.559570 20 27
4216000.000000 4030768.750000 5588.012695 21 27
4216200.000000 4030768.750000 5440.456055 22 27
4216400.000000 4030768.750000 5292.657715 23 27
4216600.000000 4030768.750000 5144.858398 24 27
4216800.000000 4030768.750000 4997.308594 25 27
4217000.000000 4030768.750000 4849.758789 26 27
4217200.000000 4030768.750000 4702.208496 27 27
4217400.000000 4030768.750000 4554.650391 28 27
4217600.000000 4030768.750000 4407.100586 29 27
4217800.000000 4030768.750000 4259.551270 30 27
4218000.000000 4030768.750000 4111.752441 31 27
4218200.000000 4030768.750000 3964.203125 32 27
4218400.000000 4030768.750000 3816.653076 33 27
4218600.000000 4030768.750000 3669.102295 34 27
4218800.000000 4030768.750000 3521.542236 35 27
4219000.000000 4030768.750000 3373.989746 36 27
4219200.000000 4030768.750000 3226.686279 37 27
4219400.000000 4030768.750000 3079.632813 38 27
4219600.000000 4030768.750000 2932.330322 39 27
4219800.000000 4030768.750000 2784.279785 40 27
4220000.000000 4030768.750000 2634.473633 41 27
4220200.000000 4030768.750000 2482.928955 42 27
4212000.000000 4031140.625000 8371.375000 1 28
4212200.000000 4031140.625000 8233.334961 2 28
4212400.000000 4031140.625000 8095.785645 3 28
4212600.000000 4031140.625000 7958.494141 4 28
4212800.000000 4031140.625000 7820.944336 5 28
4213000.000000 4031140.625000 7682.645996 6 28
4213200.000000 4031140.625000 7543.847656 7 28
4213400.000000 4031140.625000 7404.808594 8 28
4213600.000000 4031140.625000 7265.510742 9 28
4213800.000000 4031140.625000 7125.713867 10 28
4214000.000000 4031140.625000 6985.167969 11 28
4214200.000000 4031140.625000 6843.364746 12 28
4214400.000000 4031140.625000 6700.321777 13 28
4214600.000000 4031140.625000 6555.022949 14 28
4214800.000000 4031140.625000 6407.976563 15 28
4215000.000000 4031140.625000 6260.180664 16 28
4215200.000000 4031140.625000 6112.384766 17 28
4215400.000000 4031140.625000 5964.588867 18 28
4215600.000000 4031140.625000 5817.033691 19 28
4215800.000000 4031140.625000 5669.487305 20 28
4216000.000000 4031140.625000 5521.939941 21 28
4216200.000000 4031140.625000 5374.392578 22 28
4216400.000000 4031140.625000 5226.594238 23 28
4216600.000000 4031140.625000 5078.795410 24 28
4216800.000000 4031140.625000 4931.238281 25 28
4217000.000000 4031140.625000 4783.688477 26 28
4217200.000000 4031140.625000 4636.139160 27 28
4217400.000000 4031140.625000 4488.589355 28 28
4217600.000000 4031140.625000 4341.039551 29 28
4217800.000000 4031140.625000 4193.490234 30 28
4218000.000000 4031140.625000 4045.691162 31 28
4218200.000000 4031140.625000 3898.133545 32 28
4218400.000000 4031140.625000 3750.583984 33 28
4218600.000000 4031140.625000 3603.033936 34 28
4218800.000000 4031140.625000 3455.483154 35 28
4219000.000000 4031140.625000 3307.931641 36 28
4219200.000000 4031140.625000 3160.380127 37 28
4219400.000000 4031140.625000 3013.328369 38 28
4219600.000000 4031140.625000 2866.019043 39 28
4219800.000000 4031140.625000 2717.969727 40 28
4220000.000000 4031140.625000 2568.423096 41 28
4220200.000000 4031140.625000 2417.120850 42 28
4212000.000000 4031512.500000 8304.061523 1 29
4212200.000000 4031512.500000 8165.763184 2 29
4212400.000000 4031512.500000 8028.213379 3 29
4212600.000000 4031512.500000 7890.672363 4 29
4212800.000000 4031512.500000 7753.123047 5 29
4213000.000000 4031512.500000 7614.824219 6 29
4213200.000000 4031512.500000 7476.284180 7 29
4213400.000000 4031512.500000 7337.236328 8 29
4213600.000000 4031512.500000 7197.938965 9 29
4213800.000000 4031512.500000 7058.391602 10 29
4214000.000000 4031512.500000 6918.095215 11 29
4214200.000000 4031512.500000 6776.800293 12 29
4214400.000000 4031512.500000 6634.498047 13 29
4214600.000000 4031512.500000 6489.457031 14 29
4214800.000000 4031512.500000 6341.911621 15 29
4215000.000000 4031512.500000 6194.107422 16 29
4215200.000000 4031512.500000 6046.311523 17 29
4215400.000000 4031512.500000 5898.515625 18 29
4215600.000000 4031512.500000 5750.719727 19 29
4215800.000000 4031512.500000 5603.173340 20 29
4216000.000000 4031512.500000 5455.875977 21 29
4216200.000000 4031512.500000 5308.320313 22 29
4216400.000000 4031512.500000 5160.522461 23 29
4216600.000000 4031512.500000 5012.724609 24 29
4216800.000000 4031512.500000 4865.175781 25 29
4217000.000000 4031512.500000 4717.626953 26 29
4217200.000000 4031512.500000 4570.077637 27 29
4217400.000000 4031512.500000 4422.528320 28 29
4217600.000000 4031512.500000 4274.970703 29 29
4217800.000000 4031512.500000 4127.421387 30 29
4218000.000000 4031512.500000 3979.622559 31 29
4218200.000000 4031512.500000 3832.073730 32 29
4218400.000000 4031512.500000 3684.524414 33 29
4218600.000000 4031512.500000 3536.974854 34 29
4218800.000000 4031512.500000 3389.416504 35 29
4219000.000000 4031512.500000 3241.866455 36 29
4219200.000000 4031512.500000 3094.316162 37 29
4219400.000000 4031512.500000 2947.016113 38 29
4219600.000000 4031512.500000 2799.716309 39 29
4219800.000000 4031512.500000 2651.917725 40 29
4220000.000000 4031512.500000 2502.363770 41 29
4220200.000000 4031512.500000 2351.320313 42 29
4212000.000000 4031884.375000 8236.489258 1 30
4212200.000000 4031884.375000 8098.190918 2 30
4212400.000000 4031884.375000 7960.400391 3 30
4212600.000000 4031884.375000 7822.850586 4 30
4212800.000000 4031884.375000 7684.801758 5 30
4213000.000000 4031884.375000 7546.511719 6 30
4213200.000000 4031884.375000 7407.963379 7 30
4213400.000000 4031884.375000 7269.165527 8 30
4213600.000000 4031884.375000 7130.117676 9 30
4213800.000000 4031884.375000 6990.819824 10 30
4214000.000000 4031884.375000 6850.773438 11 30
4214200.000000 4031884.375000 6709.977539 12 30
4214400.000000 4031884.375000 6568.183105 13 30
4214600.000000 4031884.375000 6423.134277 14 30
4214800.000000 4031884.375000 6275.837891 15 30
4215000.000000 4031884.375000 6128.042480 16 30
4215200.000000 4031884.375000 5980.246582 17 30
4215400.000000 4031884.375000 5832.201172 18 30
4215600.000000 4031884.375000 5684.396973 19 30
4215800.000000 4031884.375000 5536.850586 20 30
4216000.000000 4031884.375000 5389.553711 21 30
4216200.000000 4031884.375000 5242.006836 22 30
4216400.000000 4031884.375000 5094.209473 23 30
4216600.000000 4031884.375000 4946.411621 24 30
4216800.000000 4031884.375000 4798.855469 25 30
4217000.000000 4031884.375000 4651.307129 26 30
4217200.000000 4031884.375000 4503.758301 27 30
4217400.000000 4031884.375000 4356.459473 28 30
4217600.000000 4031884.375000 4208.910645 29 30
4217800.000000 4031884.375000 4061.361816 30 30
4218000.000000 4031884.375000 3913.563232 31 30
4218200.000000 4031884.375000 3766.006104 32 30
4218400.000000 4031884.375000 3618.457275 33 30
4218600.000000 4031884.375000 3470.908447 34 30
4218800.000000 4031884.375000 3323.608887 35 30
4219000.000000 4031884.375000 3176.059814 36 30
4219200.000000 4031884.375000 3028.261230 37 30
4219400.000000 4031884.375000 2880.712402 38 30
4219600.000000 4031884.375000 2733.405518 39 30
4219800.000000 4031884.375000 2585.857422 40 30
4220000.000000 4031884.375000 2436.312256 41 30
4220200.000000 4031884.375000 2285.510742 42 30
4212000.000000 4032256.250000 8169.166992 1 31
4212200.000000 4032256.250000 8030.377441 2 31
4212400.000000 4032256.250000 7892.578613 3 31
4212600.000000 4032256.250000 7754.529785 4 31
4212800.000000 4032256.250000 7616.489258 5 31
4213000.000000 4032256.250000 7477.940918 6 31
4213200.000000 4032256.250000 7339.892090 7 31
4213400.000000 4032256.250000 7201.094238 8 31
4213600.000000 4032256.250000 7062.295898 9 31
4213800.000000 4032256.250000 6923.256348 10 31
4214000.000000 4032256.250000 6783.709473 11 31
4214200.000000 4032256.250000 6643.413086 12 31
4214400.000000 4032256.250000 6501.610352 13 31
4214600.000000 4032256.250000 6356.819336 14 31
4214800.000000 4032256.250000 6210.022949 15 31
4215000.000000 4032256.250000 6062.218750 16 31
4215200.000000 4032256.250000 5914.173828 17 31
4215400.000000 4032256.250000 5765.878906 18 31
4215600.000000 4032256.250000 5617.833496 19 31
4215800.000000 4032256.250000 5470.037598 20 31
4216000.000000 4032256.250000 5322.981934 21 31
4216200.000000 4032256.250000 5175.685059 22 31
4216400.000000 4032256.250000 5027.888184 23 31
4216600.000000 4032256.250000 4880.090820 24 31
4216800.000000 4032256.250000 4732.542969 25 31
4217000.000000 4032256.250000 4585.245117 26 31
4217200.000000 4032256.250000 4437.696777 27 31
4217400.000000 4032256.250000 4290.148926 28 31
4217600.000000 4032256.250000 4142.592285 29 31
4217800.000000 4032256.250000 3995.043945 30 31
4218000.000000 4032256.250000 3847.495605 31 31
4218200.000000 4032256.250000 3699.947510 32 31
4218400.000000 4032256.250000 3552.399170 33 31
4218600.000000 4032256.250000 3404.850830 34 31
4218800.000000 4032256.250000 3257.552246 35 31
4219000.000000 4032256.250000 3109.995605 36 31
4219200.000000 4032256.250000 2961.948242 37 31
4219400.000000 4032256.250000 2814.400391 38 31
4219600.000000 4032256.250000 2667.102539 39 31
4219800.000000 4032256.250000 2519.555176 40 31
4220000.000000 4032256.250000 2370.501709 41 31
4220200.000000 4032256.250000 2219.708984 42 31
4212000.000000 4032628.125000 8101.603516 1 32
4212200.000000 4032628.125000 7962.805664 2 32
4212400.000000 4032628.125000 7824.257324 3 32
4212600.000000 4032628.125000 7686.208984 4 32
4212800.000000 4032628.125000 7547.918457 5 32
4213000.000000 4032628.125000 7409.620117 6 32
4213200.000000 4032628.125000 7271.321289 7 32
4213400.000000 4032628.125000 7133.022949 8 32
4213600.000000 4032628.125000 6994.482910 9 32
4213800.000000 4032628.125000 6855.684570 10 32
4214000.000000 4032628.125000 6716.886719 11 32
4214200.000000 4032628.125000 6577.089844 12 32
4214400.000000 4032628.125000 6435.544922 13 32
4214600.000000 4032628.125000 6290.995605 14 32
4214800.000000 4032628.125000 6144.199219 15 32
4215000.000000 4032628.125000 5996.153809 16 32
4215200.000000 4032628.125000 5847.859375 17 32
4215400.000000 4032628.125000 5699.306152 18 32
4215600.000000 4032628.125000 5551.011230 19 32
4215800.000000 4032628.125000 5403.215820 20 32
4216000.000000 4032628.125000 5256.418457 21 32
4216200.000000 4032628.125000 5109.371582 22 32
4216400.000000 4032628.125000 4961.824707 23 32
4216600.000000 4032628.125000 4813.769531 24 32
4216800.000000 4032628.125000 4666.222656 25 32
4217000.000000 4032628.125000 4518.924805 26 32
4217200.000000 4032628.125000 4371.377441 27 32
4217400.000000 4032628.125000 4223.580078 28 32
4217600.000000 4032628.125000 4075.782715 29 32
4217800.000000 4032628.125000 3928.484619 30 32
4218000.000000 4032628.125000 3781.186523 31 32
4218200.000000 4032628.125000 3633.630615 32 32
4218400.000000 4032628.125000 3486.082764 33 32
4218600.000000 4032628.125000 3338.535156 34 32
4218800.000000 4032628.125000 3191.237305 35 32
4219000.000000 4032628.125000 3043.689941 36 32
4219200.000000 4032628.125000 2895.393555 37 32
4219400.000000 4032628.125000 2747.838135 38 32
4219600.000000 4032628.125000 2600.790771 39 32
4219800.000000 4032628.125000 2453.493652 40 32
4220000.000000 4032628.125000 2304.698975 41 32
4220200.000000 4032628.125000 2153.898438 42 32
4212000.000000 4033000.000000 8034.530762 1 33
4212200.000000 4033000.000000 7895.233887 2 33
4212400.000000 4033000.000000 7756.685547 3 33
4212600.000000 4033000.000000 7618.145996 4 33
4212800.000000 4033000.000000 7480.097168 5 33
4213000.000000 4033000.000000 7341.548828 6 33
4213200.000000 4033000.000000 7203.500000 7 33
4213400.000000 4033000.000000 7065.209473 8 33
4213600.000000 4033000.000000 6927.160645 9 33
4213800.000000 4033000.000000 6788.861816 10 33
4214000.000000 4033000.000000 6650.571777 11 33
4214200.000000 4033000.000000 6511.273926 12 33
4214400.000000 4033000.000000 6369.721191 13 33
4214600.000000 4033000.000000 6225.180176 14 33
4214800.000000 4033000.000000 6078.134277 15 33
4215000.000000 4033000.000000 5929.831055 16 33
4215200.000000 4033000.000000 5781.037109 17 33
4215400.000000 4033000.000000 5632.492676 18 33
4215600.000000 4033000.000000 5483.948242 19 33
4215800.000000 4033000.000000 5336.144531 20 33
4216000.000000 4033000.000000 5189.347168 21 33
4216200.000000 4033000.000000 5042.550293 22 33
4216400.000000 4033000.000000 4895.253418 23 33
4216600.000000 4033000.000000 4747.207031 24 33
4216800.000000 4033000.000000 4599.410645 25 33
4217000.000000 4033000.000000 4452.113281 26 33
4217200.000000 4033000.000000 4304.566406 27 33
4217400.000000 4033000.000000 4156.511719 28 33
4217600.000000 4033000.000000 4008.714844 29 33
4217800.000000 4033000.000000 3861.417480 30 33
4218000.000000 4033000.000000 3714.369629 31 33
4218200.000000 4033000.000000 3567.072266 32 33
4218400.000000 4033000.000000 3419.275635 33 33
4218600.000000 4033000.000000 3271.728516 34 33
4218800.000000 4033000.000000 3124.423096 35 33
4219000.000000 4033000.000000 2976.626709 36 33
4219200.000000 4033000.000000 2828.580811 37 33
4219400.000000 4033000.000000 2681.034424 38 33
4219600.000000 4033000.000000 2534.237305 39 33
4219800.000000 4033000.000000 2386.940918 40 33
4220000.000000 4033000.000000 2238.138428 41 33
4220200.000000 4033000.000000 2087.596436 42 33
