# Type: scattered data
# Version: 6
# Description: No description
# Format: free
# Field: 1 x
# Field: 2 y
# Field: 3 z undefined
# Field: 4 column
# Field: 5 row
# Projection: Local Rectangular
# Units: undefined
# End:
# Information from grid:
# Grid_size: 42 x 33
# Grid_space: 4212000.000000,4220200.000000,4021100.000000,4033000.000000
# Scattered data: Not_available
# Z_field: z
# Vertical_faults: Not_available
# History: No history
# Z_units: undefined
4212000.000000 4021100.000000 15163.998047 1 1
4212200.000000 4021100.000000 14911.045898 2 1
4212400.000000 4021100.000000 14658.593750 3 1
4212600.000000 4021100.000000 14405.642578 4 1
4212800.000000 4021100.000000 14152.193359 5 1
4213000.000000 4021100.000000 13897.746094 6 1
4213200.000000 4021100.000000 13642.791992 7 1
4213400.000000 4021100.000000 13386.848633 8 1
4213600.000000 4021100.000000 13129.907227 9 1
4213800.000000 4021100.000000 12872.458008 10 1
4214000.000000 4021100.000000 12614.009766 11 1
4214200.000000 4021100.000000 12354.563477 12 1
4214400.000000 4021100.000000 12094.116211 13 1
4214600.000000 4021100.000000 11833.667969 14 1
4214800.000000 4021100.000000 11573.217773 15 1
4215000.000000 4021100.000000 11312.249023 16 1
4215200.000000 4021100.000000 11050.791992 17 1
4215400.000000 4021100.000000 10789.332031 18 1
4215600.000000 4021100.000000 10527.868164 19 1
4215800.000000 4021100.000000 10266.398438 20 1
4216000.000000 4021100.000000 10004.917969 21 1
4216200.000000 4021100.000000 9743.398438 22 1
4216400.000000 4021100.000000 9481.872070 23 1
4216600.000000 4021100.000000 9220.329102 24 1
4216800.000000 4021100.000000 8958.774414 25 1
4217000.000000 4021100.000000 8696.712891 26 1
4217200.000000 4021100.000000 8435.143555 27 1
4217400.000000 4021100.000000 8174.041504 28 1
4217600.000000 4021100.000000 7914.426270 29 1
4217800.000000 4021100.000000 7656.294434 30 1
4218000.000000 4021100.000000 7400.604004 31 1
4218200.000000 4021100.000000 7147.850098 32 1
4218400.000000 4021100.000000 6899.086914 33 1
4218600.000000 4021100.000000 6655.323730 34 1
4218800.000000 4021100.000000 6416.589355 35 1
4219000.000000 4021100.000000 6183.356934 36 1
4219200.000000 4021100.000000 5954.101563 37 1
4219400.000000 4021100.000000 5724.843262 38 1
4219600.000000 4021100.000000 5490.550293 39 1
4219800.000000 4021100.000000 5245.709473 40 1
4220000.000000 4021100.000000 4985.335938 41 1
4220200.000000 4021100.000000 4709.916504 42 1
4212000.000000 4021471.875000 15073.997070 1 2
4212200.000000 4021471.875000 14820.046875 2 2
4212400.000000 4021471.875000 14566.596680 3 2
4212600.000000 4021471.875000 14312.647461 4 2
4212800.000000 4021471.875000 14058.192383 5 2
4213000.000000 4021471.875000 13802.748047 6 2
4213200.000000 4021471.875000 13546.805664 7 2
4213400.000000 4021471.875000 13290.365234 8 2
4213600.000000 4021471.875000 13032.917969 9 2
4213800.000000 4021471.875000 12774.973633 10 2
4214000.000000 4021471.875000 12516.529297 11 2
4214200.000000 4021471.875000 12257.087891 12 2
4214400.000000 4021471.875000 11996.646484 13 2
4214600.000000 4021471.875000 11736.205078 14 2
4214800.000000 4021471.875000 11475.761719 15 2
4215000.000000 4021471.875000 11214.800781 16 2
4215200.000000 4021471.875000 10953.353516 17 2
4215400.000000 4021471.875000 10691.902344 18 2
4215600.000000 4021471.875000 10430.947266 19 2
4215800.000000 4021471.875000 10169.988281 20 2
4216000.000000 4021471.875000 9908.517578 21 2
4216200.000000 4021471.875000 9647.517578 22 2
4216400.000000 4021471.875000 9385.970703 23 2
4216600.000000 4021471.875000 9124.911133 24 2
4216800.000000 4021471.875000 8863.828125 25 2
4217000.000000 4021471.875000 8602.227539 26 2
4217200.000000 4021471.875000 8341.101563 27 2
4217400.000000 4021471.875000 8080.428711 28 2
4217600.000000 4021471.875000 7820.189453 29 2
4217800.000000 4021471.875000 7560.389648 30 2
4218000.000000 4021471.875000 7301.523926 31 2
4218200.000000 4021471.875000 7043.579102 32 2
4218400.000000 4021471.875000 6787.664551 33 2
4218600.000000 4021471.875000 6534.338379 34 2
4218800.000000 4021471.875000 6284.087891 35 2
4219000.000000 4021471.875000 6038.920898 36 2
4219200.000000 4021471.875000 5796.773926 37 2
4219400.000000 4021471.875000 5553.625488 38 2
4219600.000000 4021471.875000 5305.504395 39 2
4219800.000000 4021471.875000 5045.884277 40 2
4220000.000000 4021471.875000 4764.245605 41 2
4220200.000000 4021471.875000 4458.604492 42 2
4212000.000000 4021843.750000 14983.497070 1 3
4212200.000000 4021843.750000 14728.547852 2 3
4212400.000000 4021843.750000 14474.099609 3 3
4212600.000000 4021843.750000 14219.145508 4 3
4212800.000000 4021843.750000 13964.200195 5 3
4213000.000000 4021843.750000 13707.750000 6 3
4213200.000000 4021843.750000 13450.810547 7 3
4213400.000000 4021843.750000 13193.873047 8 3
4213600.000000 4021843.750000 12935.930664 9 3
4213800.000000 4021843.750000 12677.989258 10 3
4214000.000000 4021843.750000 12419.049805 11 3
4214200.000000 4021843.750000 12159.613281 12 3
4214400.000000 4021843.750000 11899.178711 13 3
4214600.000000 4021843.750000 11638.743164 14 3
4214800.000000 4021843.750000 11377.808594 15 3
4215000.000000 4021843.750000 11116.855469 16 3
4215200.000000 4021843.750000 10855.916992 17 3
4215400.000000 4021843.750000 10594.975586 18 3
4215600.000000 4021843.750000 10334.030273 19 3
4215800.000000 4021843.750000 10073.081055 20 3
4216000.000000 4021843.750000 9812.120117 21 3
4216200.000000 4021843.750000 9551.122070 22 3
4216400.000000 4021843.750000 9290.082031 23 3
4216600.000000 4021843.750000 9028.984375 24 3
4216800.000000 4021843.750000 8767.867188 25 3
4217000.000000 4021843.750000 8506.717773 26 3
4217200.000000 4021843.750000 8245.529297 27 3
4217400.000000 4021843.750000 7985.258301 28 3
4217600.000000 4021843.750000 7724.882813 29 3
4217800.000000 4021843.750000 7463.917480 30 3
4218000.000000 4021843.750000 7201.860840 31 3
4218200.000000 4021843.750000 6938.694336 32 3
4218400.000000 4021843.750000 6675.147461 33 3
4218600.000000 4021843.750000 6412.760254 34 3
4218800.000000 4021843.750000 6152.555664 35 3
4219000.000000 4021843.750000 5896.475586 36 3
4219200.000000 4021843.750000 5642.410156 37 3
4219400.000000 4021843.750000 5385.878906 38 3
4219600.000000 4021843.750000 5122.928223 39 3
4219800.000000 4021843.750000 4846.563477 40 3
4220000.000000 4021843.750000 4545.197754 41 3
4220200.000000 4021843.750000 4215.316895 42 3
4212000.000000 4022215.625000 14891.998047 1 4
4212200.000000 4022215.625000 14636.550781 2 4
4212400.000000 4022215.625000 14381.096680 3 4
4212600.000000 4022215.625000 14125.651367 4 4
4212800.000000 4022215.625000 13869.708984 5 4
4213000.000000 4022215.625000 13612.760742 6 4
4213200.000000 4022215.625000 13355.316406 7 4
4213400.000000 4022215.625000 13097.881836 8 4
4213600.000000 4022215.625000 12839.442383 9 4
4213800.000000 4022215.625000 12581.005859 10 4
4214000.000000 4022215.625000 12321.572266 11 4
4214200.000000 4022215.625000 12062.140625 12 4
4214400.000000 4022215.625000 11801.711914 13 4
4214600.000000 4022215.625000 11541.284180 14 4
4214800.000000 4022215.625000 11280.357422 15 4
4215000.000000 4022215.625000 11019.413086 16 4
4215200.000000 4022215.625000 10758.483398 17 4
4215400.000000 4022215.625000 10497.551758 18 4
4215600.000000 4022215.625000 10236.617188 19 4
4215800.000000 4022215.625000 9975.678711 20 4
4216000.000000 4022215.625000 9714.725586 21 4
4216200.000000 4022215.625000 9454.226563 22 4
4216400.000000 4022215.625000 9193.172852 23 4
4216600.000000 4022215.625000 8932.047852 24 4
4216800.000000 4022215.625000 8670.888672 25 4
4217000.000000 4022215.625000 8409.683594 26 4
4217200.000000 4022215.625000 8148.921387 27 4
4217400.000000 4022215.625000 7889.542480 28 4
4217600.000000 4022215.625000 7629.019043 29 4
4217800.000000 4022215.625000 7366.875000 30 4
4218000.000000 4022215.625000 7102.111328 31 4
4218200.000000 4022215.625000 6834.224609 32 4
4218400.000000 4022215.625000 6563.536133 33 4
4218600.000000 4022215.625000 6292.609863 34 4
4218800.000000 4022215.625000 6023.477051 35 4
4219000.000000 4022215.625000 5757.984863 36 4
4219200.000000 4022215.625000 5493.026855 37 4
4219400.000000 4022215.625000 5223.611816 38 4
4219600.000000 4022215.625000 4944.770996 39 4
4219800.000000 4022215.625000 4650.694336 40 4
4220000.000000 4022215.625000 4334.139160 41 4
4220200.000000 4022215.625000 3989.633057 42 4
4212000.000000 4022587.500000 14799.500000 1 5
4212200.000000 4022587.500000 14543.554688 2 5
4212400.000000 4022587.500000 14287.601563 3 5
4212600.000000 4022587.500000 14031.159180 4 5
4212800.000000 4022587.500000 13774.709961 5 5
4213000.000000 4022587.500000 13517.264648 6 5
4213200.000000 4022587.500000 13259.331055 7 5
4213400.000000 4022587.500000 13001.391602 8 5
4213600.000000 4022587.500000 12742.956055 9 5
4213800.000000 4022587.500000 12483.524414 10 5
4214000.000000 4022587.500000 12224.094727 11 5
4214200.000000 4022587.500000 11964.169922 12 5
4214400.000000 4022587.500000 11703.748047 13 5
4214600.000000 4022587.500000 11443.327148 14 5
4214800.000000 4022587.500000 11182.408203 15 5
4215000.000000 4022587.500000 10921.473633 16 5
4215200.000000 4022587.500000 10660.553711 17 5
4215400.000000 4022587.500000 10399.631836 18 5
4215600.000000 4022587.500000 10138.708008 19 5
4215800.000000 4022587.500000 9877.779297 20 5
4216000.000000 4022587.500000 9617.333984 21 5
4216200.000000 4022587.500000 9356.331055 22 5
4216400.000000 4022587.500000 9095.258789 23 5
4216600.000000 4022587.500000 8833.600586 24 5
4216800.000000 4022587.500000 8572.391602 25 5
4217000.000000 4022587.500000 8311.624023 26 5
4217200.000000 4022587.500000 8051.782227 27 5
4217400.000000 4022587.500000 7793.291016 28 5
4217600.000000 4022587.500000 7533.112305 29 5
4217800.000000 4022587.500000 7270.779297 30 5
4218000.000000 4022587.500000 7004.296387 31 5
4218200.000000 4022587.500000 6732.179199 32 5
4218400.000000 4022587.500000 6454.853516 33 5
4218600.000000 4022587.500000 6177.403320 34 5
4218800.000000 4022587.500000 5901.804688 35 5
4219000.000000 4022587.500000 5629.054199 36 5
4219200.000000 4022587.500000 5355.556641 37 5
4219400.000000 4022587.500000 5075.660156 38 5
4219600.000000 4022587.500000 4783.059082 39 5
4219800.000000 4022587.500000 4476.807617 40 5
4220000.000000 4022587.500000 4151.745605 41 5
4220200.000000 4022587.500000 3800.068848 42 5
4212000.000000 4022959.375000 14706.004883 1 6
4212200.000000 4022959.375000 14449.551758 2 6
4212400.000000 4022959.375000 14193.108398 3 6
4212600.000000 4022959.375000 13936.159180 4 6
4212800.000000 4022959.375000 13679.212891 5 6
4213000.000000 4022959.375000 13421.777344 6 6
4213200.000000 4022959.375000 13163.337891 7 6
4213400.000000 4022959.375000 12904.402344 8 6
4213600.000000 4022959.375000 12645.970703 9 6
4213800.000000 4022959.375000 12386.542969 10 6
4214000.000000 4022959.375000 12126.619141 11 6
4214200.000000 4022959.375000 11866.200195 12 6
4214400.000000 4022959.375000 11605.785156 13 6
4214600.000000 4022959.375000 11345.373047 14 6
4214800.000000 4022959.375000 11084.461914 15 6
4215000.000000 4022959.375000 10823.536133 16 6
4215200.000000 4022959.375000 10562.626953 17 6
4215400.000000 4022959.375000 10301.714844 18 6
4215600.000000 4022959.375000 10040.800781 19 6
4215800.000000 4022959.375000 9780.381836 20 6
4216000.000000 4022959.375000 9519.441406 21 6
4216200.000000 4022959.375000 9258.432617 22 6
4216400.000000 4022959.375000 8996.823242 23 6
4216600.000000 4022959.375000 8734.648438 24 6
4216800.000000 4022959.375000 8473.392578 25 6
4217000.000000 4022959.375000 8213.066406 26 6
4217200.000000 4022959.375000 7953.652832 27 6
4217400.000000 4022959.375000 7696.557617 28 6
4217600.000000 4022959.375000 7437.727051 29 6
4217800.000000 4022959.375000 7174.703125 30 6
4218000.000000 4022959.375000 6906.990234 31 6
4218200.000000 4022959.375000 6630.600098 32 6
4218400.000000 4022959.375000 6348.137695 33 6
4218600.000000 4022959.375000 6065.659180 34 6
4218800.000000 4022959.375000 5786.269531 35 6
4219000.000000 4022959.375000 5510.958008 36 6
4219200.000000 4022959.375000 5235.770996 37 6
4219400.000000 4022959.375000 4950.682129 38 6
4219600.000000 4022959.375000 4648.639160 39 6
4219800.000000 4022959.375000 4335.113770 40 6
4220000.000000 4022959.375000 4010.030029 41 6
4220200.000000 4022959.375000 3661.186279 42 6
4212000.000000 4023331.250000 14612.001953 1 7
4212200.000000 4023331.250000 14355.557617 2 7
4212400.000000 4023331.250000 14098.607422 3 7
4212600.000000 4023331.250000 13841.160156 4 7
4212800.000000 4023331.250000 13583.723633 5 7
4213000.000000 4023331.250000 13325.783203 6 7
4213200.000000 4023331.250000 13066.845703 7 7
4213400.000000 4023331.250000 12807.414063 8 7
4213600.000000 4023331.250000 12548.486328 9 7
4213800.000000 4023331.250000 12288.563477 10 7
4214000.000000 4023331.250000 12028.644531 11 7
4214200.000000 4023331.250000 11768.232422 12 7
4214400.000000 4023331.250000 11507.824219 13 7
4214600.000000 4023331.250000 11247.418945 14 7
4214800.000000 4023331.250000 10986.500977 15 7
4215000.000000 4023331.250000 10725.601563 16 7
4215200.000000 4023331.250000 10464.702148 17 7
4215400.000000 4023331.250000 10203.800781 18 7
4215600.000000 4023331.250000 9942.896484 19 7
4215800.000000 4023331.250000 9682.484375 20 7
4216000.000000 4023331.250000 9421.548828 21 7
4216200.000000 4023331.250000 9160.033203 22 7
4216400.000000 4023331.250000 8898.405273 23 7
4216600.000000 4023331.250000 8636.202148 24 7
4216800.000000 4023331.250000 8374.911133 25 7
4217000.000000 4023331.250000 8114.541992 26 7
4217200.000000 4023331.250000 7856.072754 27 7
4217400.000000 4023331.250000 7600.391602 28 7
4217600.000000 4023331.250000 7342.427246 29 7
4217800.000000 4023331.250000 7079.178223 30 7
4218000.000000 4023331.250000 6808.700684 31 7
4218200.000000 4023331.250000 6528.981934 32 7
4218400.000000 4023331.250000 6241.832520 33 7
4218600.000000 4023331.250000 5955.521484 34 7
4218800.000000 4023331.250000 5675.411621 35 7
4219000.000000 4023331.250000 5403.816406 36 7
4219200.000000 4023331.250000 5136.345215 37 7
4219400.000000 4023331.250000 4858.099609 38 7
4219600.000000 4023331.250000 4555.524902 39 7
4219800.000000 4023331.250000 4239.354492 40 7
4220000.000000 4023331.250000 3919.626465 41 7
4220200.000000 4023331.250000 3582.225098 42 7
4212000.000000 4023703.125000 14517.507813 1 8
4212200.000000 4023703.125000 14260.556641 2 8
4212400.000000 4023703.125000 14003.108398 3 8
4212600.000000 4023703.125000 13745.669922 4 8
4212800.000000 4023703.125000 13487.727539 5 8
4213000.000000 4023703.125000 13229.288086 6 8
4213200.000000 4023703.125000 12969.854492 7 8
4213400.000000 4023703.125000 12710.425781 8 8
4213600.000000 4023703.125000 12450.501953 9 8
4213800.000000 4023703.125000 12190.583984 10 8
4214000.000000 4023703.125000 11930.669922 11 8
4214200.000000 4023703.125000 11670.263672 12 8
4214400.000000 4023703.125000 11409.864258 13 8
4214600.000000 4023703.125000 11149.466797 14 8
4214800.000000 4023703.125000 10888.557617 15 8
4215000.000000 4023703.125000 10627.667969 16 8
4215200.000000 4023703.125000 10366.779297 17 8
4215400.000000 4023703.125000 10105.886719 18 8
4215600.000000 4023703.125000 9844.991211 19 8
4215800.000000 4023703.125000 9584.585938 20 8
4216000.000000 4023703.125000 9323.653320 21 8
4216200.000000 4023703.125000 9062.134766 22 8
4216400.000000 4023703.125000 8800.000977 23 8
4216600.000000 4023703.125000 8537.794922 24 8
4216800.000000 4023703.125000 8276.500000 25 8
4217000.000000 4023703.125000 8016.624512 26 8
4217200.000000 4023703.125000 7758.640137 27 8
4217400.000000 4023703.125000 7503.917969 28 8
4217600.000000 4023703.125000 7246.771973 29 8
4217800.000000 4023703.125000 6983.773438 30 8
4218000.000000 4023703.125000 6711.398926 31 8
4218200.000000 4023703.125000 6426.690918 32 8
4218400.000000 4023703.125000 6133.914063 33 8
4218600.000000 4023703.125000 5843.240723 34 8
4218800.000000 4023703.125000 5563.044434 35 8
4219000.000000 4023703.125000 5301.598633 36 8
4219200.000000 4023703.125000 5055.357910 37 8
4219400.000000 4023703.125000 4807.047852 38 8
4219600.000000 4023703.125000 4530.012695 39 8
4219800.000000 4023703.125000 4214.448730 40 8
4220000.000000 4023703.125000 3891.756836 41 8
4220200.000000 4023703.125000 3566.380859 42 8
4212000.000000 4024075.000000 14422.505859 1 9
4212200.000000 4024075.000000 14165.055664 2 9
4212400.000000 4024075.000000 13907.616211 3 9
4212600.000000 4024075.000000 13649.671875 4 9
4212800.000000 4024075.000000 13391.230469 5 9
4213000.000000 4024075.000000 13132.294922 6 9
4213200.000000 4024075.000000 12872.363281 7 9
4213400.000000 4024075.000000 12612.936523 8 9
4213600.000000 4024075.000000 12353.017578 9 9
4213800.000000 4024075.000000 12093.102539 10 9
4214000.000000 4024075.000000 11832.695313 11 9
4214200.000000 4024075.000000 11572.794922 12 9
4214400.000000 4024075.000000 11312.402344 13 9
4214600.000000 4024075.000000 11051.514648 14 9
4214800.000000 4024075.000000 10790.614258 15 9
4215000.000000 4024075.000000 10529.735352 16 9
4215200.000000 4024075.000000 10268.855469 17 9
4215400.000000 4024075.000000 10007.972656 18 9
4215600.000000 4024075.000000 9747.583984 19 9
4215800.000000 4024075.000000 9486.685547 20 9
4216000.000000 4024075.000000 9225.755859 21 9
4216200.000000 4024075.000000 8964.247070 22 9
4216400.000000 4024075.000000 8702.132813 23 9
4216600.000000 4024075.000000 8439.459961 24 9
4216800.000000 4024075.000000 8177.706543 25 9
4217000.000000 4024075.000000 7918.372559 26 9
4217200.000000 4024075.000000 7661.419922 27 9
4217400.000000 4024075.000000 7407.667969 28 9
4217600.000000 4024075.000000 7151.323242 29 9
4217800.000000 4024075.000000 6887.958984 30 9
4218000.000000 4024075.000000 6614.033203 31 9
4218200.000000 4024075.000000 6323.087891 32 9
4218400.000000 4024075.000000 6021.341797 33 9
4218600.000000 4024075.000000 5722.237305 34 9
4218800.000000 4024075.000000 5438.910156 35 9
4219000.000000 4024075.000000 5185.456543 36 9
4219200.000000 4024075.000000 4968.371094 37 9
4219400.000000 4024075.000000 4768.840332 38 9
4219600.000000 4024075.000000 4553.330566 39 9
4219800.000000 4024075.000000 4248.231934 40 9
4220000.000000 4024075.000000 3895.243164 41 9
4220200.000000 4024075.000000 3596.813232 42 9
4212000.000000 4024446.875000 14327.012695 1 10
4212200.000000 4024446.875000 14069.064453 2 10
4212400.000000 4024446.875000 13811.117188 3 10
4212600.000000 4024446.875000 13553.173828 4 10
4212800.000000 4024446.875000 13294.234375 5 10
4213000.000000 4024446.875000 13034.800781 6 10
4213200.000000 4024446.875000 12775.371094 7 10
4213400.000000 4024446.875000 12515.447266 8 10
4213600.000000 4024446.875000 12255.531250 9 10
4213800.000000 4024446.875000 11995.621094 10 10
4214000.000000 4024446.875000 11735.218750 11 10
4214200.000000 4024446.875000 11474.825195 12 10
4214400.000000 4024446.875000 11214.440430 13 10
4214600.000000 4024446.875000 10953.561523 14 10
4214800.000000 4024446.875000 10692.670898 15 10
4215000.000000 4024446.875000 10432.300781 16 10
4215200.000000 4024446.875000 10171.430664 17 10
4215400.000000 4024446.875000 9910.556641 18 10
4215600.000000 4024446.875000 9650.175781 19 10
4215800.000000 4024446.875000 9389.283203 20 10
4216000.000000 4024446.875000 9127.861328 21 10
4216200.000000 4024446.875000 8866.375000 22 10
4216400.000000 4024446.875000 8603.805664 23 10
4216600.000000 4024446.875000 8341.201172 24 10
4216800.000000 4024446.875000 8079.530273 25 10
4217000.000000 4024446.875000 7820.782715 26 10
4217200.000000 4024446.875000 7564.406250 27 10
4217400.000000 4024446.875000 7311.152832 28 10
4217600.000000 4024446.875000 7055.087402 29 10
4217800.000000 4024446.875000 6790.780762 30 10
4218000.000000 4024446.875000 6515.175293 31 10
4218200.000000 4024446.875000 6218.278320 32 10
4218400.000000 4024446.875000 5904.658203 33 10
4218600.000000 4024446.875000 5591.367188 34 10
4218800.000000 4024446.875000 5295.373047 35 10
4219000.000000 4024446.875000 5039.580566 36 10
4219200.000000 4024446.875000 4841.959473 37 10
4219400.000000 4024446.875000 4693.966797 38 10
4219600.000000 4024446.875000 4559.202148 39 10
4219800.000000 4024446.875000 4276.738281 40 10
4220000.000000 4024446.875000 3888.509277 41 10
4220200.000000 4024446.875000 3631.147705 42 10
4212000.000000 4024818.750000 14231.011719 1 11
4212200.000000 4024818.750000 13972.564453 2 11
4212400.000000 4024818.750000 13714.618164 3 11
4212600.000000 4024818.750000 13456.175781 4 11
4212800.000000 4024818.750000 13196.738281 5 11
4213000.000000 4024818.750000 12937.305664 6 11
4213200.000000 4024818.750000 12677.877930 7 11
4213400.000000 4024818.750000 12417.957031 8 11
4213600.000000 4024818.750000 12158.043945 9 11
4213800.000000 4024818.750000 11897.638672 10 11
4214000.000000 4024818.750000 11637.240234 11 11
4214200.000000 4024818.750000 11376.853516 12 11
4214400.000000 4024818.750000 11116.476563 13 11
4214600.000000 4024818.750000 10855.588867 14 11
4214800.000000 4024818.750000 10594.724609 15 11
4215000.000000 4024818.750000 10334.364258 16 11
4215200.000000 4024818.750000 10073.504883 17 11
4215400.000000 4024818.750000 9813.138672 18 11
4215600.000000 4024818.750000 9552.266602 19 11
4215800.000000 4024818.750000 9291.381836 20 11
4216000.000000 4024818.750000 9029.972656 21 11
4216200.000000 4024818.750000 8768.512695 22 11
4216400.000000 4024818.750000 8506.038086 23 11
4216600.000000 4024818.750000 8243.546875 24 11
4216800.000000 4024818.750000 7982.010254 25 11
4217000.000000 4024818.750000 7723.405273 26 11
4217200.000000 4024818.750000 7467.163574 27 11
4217400.000000 4024818.750000 7214.456055 28 11
4217600.000000 4024818.750000 6958.175293 29 11
4217800.000000 4024818.750000 6693.386719 30 11
4218000.000000 4024818.750000 6417.018066 31 11
4218200.000000 4024818.750000 6113.485352 32 11
4218400.000000 4024818.750000 5787.570801 33 11
4218600.000000 4024818.750000 5456.807617 34 11
4218800.000000 4024818.750000 5140.949707 35 11
4219000.000000 4024818.750000 4860.053711 36 11
4219200.000000 4024818.750000 4663.465332 37 11
4219400.000000 4024818.750000 4523.424316 38 11
4219600.000000 4024818.750000 4406.836914 39 11
4219800.000000 4024818.750000 4190.814453 40 11
4220000.000000 4024818.750000 3885.272705 41 11
4220200.000000 4024818.750000 3661.898193 42 11
4212000.000000 4025190.625000 14134.510742 1 12
4212200.000000 4025190.625000 13876.062500 2 12
4212400.000000 4025190.625000 13617.617188 3 12
4212600.000000 4025190.625000 13358.675781 4 12
4212800.000000 4025190.625000 13099.738281 5 12
4213000.000000 4025190.625000 12840.306641 6 12
4213200.000000 4025190.625000 12580.380859 7 12
4213400.000000 4025190.625000 12320.461914 8 12
4213600.000000 4025190.625000 12060.052734 9 12
4213800.000000 4025190.625000 11800.150391 10 12
4214000.000000 4025190.625000 11539.756836 11 12
4214200.000000 4025190.625000 11279.375977 12 12
4214400.000000 4025190.625000 11018.506836 13 12
4214600.000000 4025190.625000 10757.627930 14 12
4214800.000000 4025190.625000 10496.771484 15 12
4215000.000000 4025190.625000 10236.421875 16 12
4215200.000000 4025190.625000 9976.071289 17 12
4215400.000000 4025190.625000 9715.218750 18 12
4215600.000000 4025190.625000 9454.360352 19 12
4215800.000000 4025190.625000 9193.492188 20 12
4216000.000000 4025190.625000 8932.115234 21 12
4216200.000000 4025190.625000 8670.739258 22 12
4216400.000000 4025190.625000 8408.409180 23 12
4216600.000000 4025190.625000 8146.118164 24 12
4216800.000000 4025190.625000 7884.819336 25 12
4217000.000000 4025190.625000 7626.475098 26 12
4217200.000000 4025190.625000 7370.499023 27 12
4217400.000000 4025190.625000 7117.484863 28 12
4217600.000000 4025190.625000 6860.641602 29 12
4217800.000000 4025190.625000 6596.015137 30 12
4218000.000000 4025190.625000 6317.462891 31 12
4218200.000000 4025190.625000 6010.187500 32 12
4218400.000000 4025190.625000 5677.969238 33 12
4218600.000000 4025190.625000 5336.793945 34 12
4218800.000000 4025190.625000 5000.139160 35 12
4219000.000000 4025190.625000 4686.066895 36 12
4219200.000000 4025190.625000 4491.346680 37 12
4219400.000000 4025190.625000 4349.144043 38 12
4219600.000000 4025190.625000 4208.577637 39 12
4219800.000000 4025190.625000 4017.887207 40 12
4220000.000000 4025190.625000 3774.364014 41 12
4220200.000000 4025190.625000 3546.482910 42 12
4212000.000000 4025562.500000 14037.508789 1 13
4212200.000000 4025562.500000 13779.060547 2 13
4212400.000000 4025562.500000 13520.614258 3 13
4212600.000000 4025562.500000 13261.671875 4 13
4212800.000000 4025562.500000 13002.235352 5 13
4213000.000000 4025562.500000 12742.304688 6 13
4213200.000000 4025562.500000 12482.379883 7 13
4213400.000000 4025562.500000 12222.461914 8 13
4213600.000000 4025562.500000 11962.054688 9 13
4213800.000000 4025562.500000 11702.154297 10 13
4214000.000000 4025562.500000 11441.764648 11 13
4214200.000000 4025562.500000 11181.387695 12 13
4214400.000000 4025562.500000 10920.524414 13 13
4214600.000000 4025562.500000 10659.652344 14 13
4214800.000000 4025562.500000 10398.804688 15 13
4215000.000000 4025562.500000 10138.463867 16 13
4215200.000000 4025562.500000 9878.126953 17 13
4215400.000000 4025562.500000 9617.291992 18 13
4215600.000000 4025562.500000 9356.457031 19 13
4215800.000000 4025562.500000 9095.621094 20 13
4216000.000000 4025562.500000 8834.304688 21 13
4216200.000000 4025562.500000 8573.057617 22 13
4216400.000000 4025562.500000 8311.437500 23 13
4216600.000000 4025562.500000 8049.434570 24 13
4216800.000000 4025562.500000 7788.987793 25 13
4217000.000000 4025562.500000 7530.046875 26 13
4217200.000000 4025562.500000 7274.018555 27 13
4217400.000000 4025562.500000 7019.962891 28 13
4217600.000000 4025562.500000 6762.490234 29 13
4217800.000000 4025562.500000 6497.526367 30 13
4218000.000000 4025562.500000 6219.367188 31 13
4218200.000000 4025562.500000 5914.344727 32 13
4218400.000000 4025562.500000 5586.611328 33 13
4218600.000000 4025562.500000 5252.623047 34 13
4218800.000000 4025562.500000 4931.172363 35 13
4219000.000000 4025562.500000 4647.712891 36 13
4219200.000000 4025562.500000 4494.046875 37 13
4219400.000000 4025562.500000 4257.843750 38 13
4219600.000000 4025562.500000 4062.834961 39 13
4219800.000000 4025562.500000 3845.220947 40 13
4220000.000000 4025562.500000 3610.091553 41 13
4220200.000000 4025562.500000 3354.863281 42 13
4212000.000000 4025934.375000 13940.504883 1 14
4212200.000000 4025934.375000 13682.055664 2 14
4212400.000000 4025934.375000 13423.109375 3 14
4212600.000000 4025934.375000 13163.666992 4 14
4212800.000000 4025934.375000 12904.229492 5 14
4213000.000000 4025934.375000 12644.297852 6 14
4213200.000000 4025934.375000 12384.872070 7 14
4213400.000000 4025934.375000 12124.955078 8 14
4213600.000000 4025934.375000 11864.547852 9 14
4213800.000000 4025934.375000 11604.150391 10 14
4214000.000000 4025934.375000 11343.762695 11 14
4214200.000000 4025934.375000 11083.389648 12 14
4214400.000000 4025934.375000 10822.530273 13 14
4214600.000000 4025934.375000 10561.664063 14 14
4214800.000000 4025934.375000 10300.822266 15 14
4215000.000000 4025934.375000 10040.490234 16 14
4215200.000000 4025934.375000 9780.166016 17 14
4215400.000000 4025934.375000 9519.349609 18 14
4215600.000000 4025934.375000 9258.541016 19 14
4215800.000000 4025934.375000 8997.744141 20 14
4216000.000000 4025934.375000 8736.495117 21 14
4216200.000000 4025934.375000 8475.393555 22 14
4216400.000000 4025934.375000 8214.509766 23 14
4216600.000000 4025934.375000 7953.335449 24 14
4216800.000000 4025934.375000 7693.801758 25 14
4217000.000000 4025934.375000 7434.845703 26 14
4217200.000000 4025934.375000 7177.885254 27 14
4217400.000000 4025934.375000 6921.526855 28 14
4217600.000000 4025934.375000 6663.270996 29 14
4217800.000000 4025934.375000 6399.937500 30 14
4218000.000000 4025934.375000 6126.778320 31 14
4218200.000000 4025934.375000 5828.584473 32 14
4218400.000000 4025934.375000 5508.159180 33 14
4218600.000000 4025934.375000 5188.379883 34 14
4218800.000000 4025934.375000 4894.903320 35 14
4219000.000000 4025934.375000 4734.252930 36 14
4219200.000000 4025934.375000 4617.492188 37 14
4219400.000000 4025934.375000 4241.869141 38 14
4219600.000000 4025934.375000 3985.770752 39 14
4219800.000000 4025934.375000 3746.904785 40 14
4220000.000000 4025934.375000 3502.030762 41 14
4220200.000000 4025934.375000 3209.802734 42 14
4212000.000000 4026306.250000 13843.000000 1 15
4212200.000000 4026306.250000 13584.548828 2 15
4212400.000000 4026306.250000 13325.101563 3 15
4212600.000000 4026306.250000 13065.657227 4 15
4212800.000000 4026306.250000 12806.218750 5 15
4213000.000000 4026306.250000 12546.785156 6 15
4213200.000000 4026306.250000 12286.859375 7 15
4213400.000000 4026306.250000 12026.941406 8 15
4213600.000000 4026306.250000 11766.534180 9 15
4213800.000000 4026306.250000 11506.136719 10 15
4214000.000000 4026306.250000 11245.750000 11 15
4214200.000000 4026306.250000 10985.377930 12 15
4214400.000000 4026306.250000 10724.521484 13 15
4214600.000000 4026306.250000 10463.658203 14 15
4214800.000000 4026306.250000 10202.821289 15 15
4215000.000000 4026306.250000 9942.494141 16 15
4215200.000000 4026306.250000 9682.182617 17 15
4215400.000000 4026306.250000 9421.382813 18 15
4215600.000000 4026306.250000 9160.598633 19 15
4215800.000000 4026306.250000 8899.837891 20 15
4216000.000000 4026306.250000 8639.155273 21 15
4216200.000000 4026306.250000 8378.197266 22 15
4216400.000000 4026306.250000 8117.549805 23 15
4216600.000000 4026306.250000 7857.714844 24 15
4216800.000000 4026306.250000 7598.624023 25 15
4217000.000000 4026306.250000 7339.703125 26 15
4217200.000000 4026306.250000 7080.897461 27 15
4217400.000000 4026306.250000 6822.441895 28 15
4217600.000000 4026306.250000 6562.806641 29 15
4217800.000000 4026306.250000 6301.099121 30 15
4218000.000000 4026306.250000 6034.054688 31 15
4218200.000000 4026306.250000 5745.306641 32 15
4218400.000000 4026306.250000 5432.136230 33 15
4218600.000000 4026306.250000 5108.324707 34 15
4218800.000000 4026306.250000 4816.997559 35 15
4219000.000000 4026306.250000 4734.141602 36 15
4219200.000000 4026306.250000 4663.017578 37 15
4219400.000000 4026306.250000 4320.367188 38 15
4219600.000000 4026306.250000 3996.364502 39 15
4219800.000000 4026306.250000 3671.025146 40 15
4220000.000000 4026306.250000 3401.337646 41 15
4220200.000000 4026306.250000 3109.262451 42 15
4212000.000000 4026678.125000 13745.493164 1 16
4212200.000000 4026678.125000 13487.039063 2 16
4212400.000000 4026678.125000 13227.588867 3 16
4212600.000000 4026678.125000 12968.142578 4 16
4212800.000000 4026678.125000 12708.701172 5 16
4213000.000000 4026678.125000 12448.765625 6 16
4213200.000000 4026678.125000 12188.836914 7 16
4213400.000000 4026678.125000 11928.916992 8 16
4213600.000000 4026678.125000 11668.507813 9 16
4213800.000000 4026678.125000 11408.108398 10 16
4214000.000000 4026678.125000 11147.719727 11 16
4214200.000000 4026678.125000 10887.346680 12 16
4214400.000000 4026678.125000 10626.989258 13 16
4214600.000000 4026678.125000 10366.125977 14 16
4214800.000000 4026678.125000 10105.289063 15 16
4215000.000000 4026678.125000 9844.464844 16 16
4215200.000000 4026678.125000 9584.159180 17 16
4215400.000000 4026678.125000 9323.371094 18 16
4215600.000000 4026678.125000 9062.602539 19 16
4215800.000000 4026678.125000 8801.866211 20 16
4216000.000000 4026678.125000 8541.231445 21 16
4216200.000000 4026678.125000 8280.882813 22 16
4216400.000000 4026678.125000 8020.925781 23 16
4216600.000000 4026678.125000 7762.386230 24 16
4216800.000000 4026678.125000 7503.710449 25 16
4217000.000000 4026678.125000 7243.822754 26 16
4217200.000000 4026678.125000 6983.230469 27 16
4217400.000000 4026678.125000 6721.907227 28 16
4217600.000000 4026678.125000 6461.398438 29 16
4217800.000000 4026678.125000 6202.005371 30 16
4218000.000000 4026678.125000 5941.692871 31 16
4218200.000000 4026678.125000 5665.921387 32 16
4218400.000000 4026678.125000 5367.311035 33 16
4218600.000000 4026678.125000 5052.351074 34 16
4218800.000000 4026678.125000 4748.654785 35 16
4219000.000000 4026678.125000 4640.726074 36 16
4219200.000000 4026678.125000 4577.999512 37 16
4219400.000000 4026678.125000 4327.315430 38 16
4219600.000000 4026678.125000 3944.829346 39 16
4219800.000000 4026678.125000 3493.164795 40 16
4220000.000000 4026678.125000 3258.842529 41 16
4220200.000000 4026678.125000 3049.206055 42 16
4212000.000000 4027050.000000 13647.984375 1 17
4212200.000000 4027050.000000 13389.027344 2 17
4212400.000000 4027050.000000 13129.574219 3 17
4212600.000000 4027050.000000 12870.124023 4 17
4212800.000000 4027050.000000 12610.678711 5 17
4213000.000000 4027050.000000 12350.740234 6 17
4213200.000000 4027050.000000 12090.807617 7 17
4213400.000000 4027050.000000 11830.883789 8 17
4213600.000000 4027050.000000 11570.470703 9 17
4213800.000000 4027050.000000 11310.566406 10 17
4214000.000000 4027050.000000 11050.174805 11 17
4214200.000000 4027050.000000 10789.797852 12 17
4214400.000000 4027050.000000 10529.437500 13 17
4214600.000000 4027050.000000 10268.571289 14 17
4214800.000000 4027050.000000 10007.732422 15 17
4215000.000000 4027050.000000 9746.906250 16 17
4215200.000000 4027050.000000 9486.102539 17 17
4215400.000000 4027050.000000 9225.318359 18 17
4215600.000000 4027050.000000 8964.558594 19 17
4215800.000000 4027050.000000 8703.834961 20 17
4216000.000000 4027050.000000 8443.226563 21 17
4216200.000000 4027050.000000 8183.437988 22 17
4216400.000000 4027050.000000 7924.093750 23 17
4216600.000000 4027050.000000 7666.250000 24 17
4216800.000000 4027050.000000 7407.884766 25 17
4217000.000000 4027050.000000 7147.939941 26 17
4217200.000000 4027050.000000 6885.011230 27 17
4217400.000000 4027050.000000 6619.913574 28 17
4217600.000000 4027050.000000 6358.812500 29 17
4217800.000000 4027050.000000 6102.247070 30 17
4218000.000000 4027050.000000 5849.909180 31 17
4218200.000000 4027050.000000 5593.825195 32 17
4218400.000000 4027050.000000 5321.299316 33 17
4218600.000000 4027050.000000 5035.642090 34 17
4218800.000000 4027050.000000 4763.610352 35 17
4219000.000000 4027050.000000 4584.074219 36 17
4219200.000000 4027050.000000 4427.104492 37 17
4219400.000000 4027050.000000 4155.698242 38 17
4219600.000000 4027050.000000 3739.546387 39 17
4219800.000000 4027050.000000 3259.407227 40 17
4220000.000000 4027050.000000 3106.979736 41 17
4220200.000000 4027050.000000 2955.638184 42 17
4212000.000000 4027421.875000 13549.973633 1 18
4212200.000000 4027421.875000 13290.513672 2 18
4212400.000000 4027421.875000 13031.056641 3 18
4212600.000000 4027421.875000 12771.602539 4 18
4212800.000000 4027421.875000 12512.153320 5 18
4213000.000000 4027421.875000 12252.708984 6 18
4213200.000000 4027421.875000 11992.771484 7 18
4213400.000000 4027421.875000 11732.841797 8 18
4213600.000000 4027421.875000 11472.423828 9 18
4213800.000000 4027421.875000 11212.514648 10 18
4214000.000000 4027421.875000 10952.116211 11 18
4214200.000000 4027421.875000 10691.734375 12 18
4214400.000000 4027421.875000 10431.368164 13 18
4214600.000000 4027421.875000 10170.496094 14 18
4214800.000000 4027421.875000 9909.651367 15 18
4215000.000000 4027421.875000 9648.821289 16 18
4215200.000000 4027421.875000 9388.014648 17 18
4215400.000000 4027421.875000 9127.229492 18 18
4215600.000000 4027421.875000 8866.468750 19 18
4215800.000000 4027421.875000 8605.249023 20 18
4216000.000000 4027421.875000 8344.628906 21 18
4216200.000000 4027421.875000 8085.367676 22 18
4216400.000000 4027421.875000 7827.048340 23 18
4216600.000000 4027421.875000 7569.777832 24 18
4216800.000000 4027421.875000 7312.078613 25 18
4217000.000000 4027421.875000 7051.923828 26 18
4217200.000000 4027421.875000 6786.990723 27 18
4217400.000000 4027421.875000 6519.519043 28 18
4217600.000000 4027421.875000 6256.975586 29 18
4217800.000000 4027421.875000 6001.641602 30 18
4218000.000000 4027421.875000 5758.083496 31 18
4218200.000000 4027421.875000 5529.005859 32 18
4218400.000000 4027421.875000 5287.698730 33 18
4218600.000000 4027421.875000 5016.388184 34 18
4218800.000000 4027421.875000 4743.863770 35 18
4219000.000000 4027421.875000 4510.850098 36 18
4219200.000000 4027421.875000 4282.535645 37 18
4219400.000000 4027421.875000 3993.858887 38 18
4219600.000000 4027421.875000 3635.777344 39 18
4219800.000000 4027421.875000 3263.714355 40 18
4220000.000000 4027421.875000 3036.683594 41 18
4220200.000000 4027421.875000 2805.993896 42 18
4212000.000000 4027793.750000 13451.960938 1 19
4212200.000000 4027793.750000 13192.497070 2 19
4212400.000000 4027793.750000 12933.035156 3 19
4212600.000000 4027793.750000 12673.575195 4 19
4212800.000000 4027793.750000 12414.120117 5 19
4213000.000000 4027793.750000 12154.170898 6 19
4213200.000000 4027793.750000 11894.726563 7 19
4213400.000000 4027793.750000 11634.791016 8 19
4213600.000000 4027793.750000 11374.366211 9 19
4213800.000000 4027793.750000 11114.449219 10 19
4214000.000000 4027793.750000 10854.042969 11 19
4214200.000000 4027793.750000 10593.653320 12 19
4214400.000000 4027793.750000 10333.260742 13 19
4214600.000000 4027793.750000 10072.397461 14 19
4214800.000000 4027793.750000 9811.543945 15 19
4215000.000000 4027793.750000 9550.705078 16 19
4215200.000000 4027793.750000 9289.890625 17 19
4215400.000000 4027793.750000 9029.096680 18 19
4215600.000000 4027793.750000 8768.328125 19 19
4215800.000000 4027793.750000 8507.098633 20 19
4216000.000000 4027793.750000 8246.460938 21 19
4216200.000000 4027793.750000 7987.150879 22 19
4216400.000000 4027793.750000 7728.749512 23 19
4216600.000000 4027793.750000 7471.886230 24 19
4216800.000000 4027793.750000 7214.136719 25 19
4217000.000000 4027793.750000 6954.510742 26 19
4217200.000000 4027793.750000 6689.285645 27 19
4217400.000000 4027793.750000 6420.568848 28 19
4217600.000000 4027793.750000 6157.762207 29 19
4217800.000000 4027793.750000 5906.723145 30 19
4218000.000000 4027793.750000 5677.033691 31 19
4218200.000000 4027793.750000 5486.369141 32 19
4218400.000000 4027793.750000 5269.370605 33 19
4218600.000000 4027793.750000 4982.400391 34 19
4218800.000000 4027793.750000 4680.876953 35 19
4219000.000000 4027793.750000 4407.963379 36 19
4219200.000000 4027793.750000 4152.777832 37 19
4219400.000000 4027793.750000 3869.460449 38 19
4219600.000000 4027793.750000 3546.863037 39 19
4219800.000000 4027793.750000 3243.645996 40 19
4220000.000000 4027793.750000 2966.158936 41 19
4220200.000000 4027793.750000 2696.955566 42 19
4212000.000000 4028165.625000 13353.946289 1 20
4212200.000000 4028165.625000 13094.475586 2 20
4212400.000000 4028165.625000 12835.007813 3 20
4212600.000000 4028165.625000 12575.541992 4 20
4212800.000000 4028165.625000 12316.080078 5 20
4213000.000000 4028165.625000 12056.124023 6 20
4213200.000000 4028165.625000 11796.671875 7 20
4213400.000000 4028165.625000 11536.726563 8 20
4213600.000000 4028165.625000 11276.291992 9 20
4213800.000000 4028165.625000 11016.365234 10 20
4214000.000000 4028165.625000 10755.948242 11 20
4214200.000000 4028165.625000 10495.545898 12 20
4214400.000000 4028165.625000 10235.140625 13 20
4214600.000000 4028165.625000 9974.263672 14 20
4214800.000000 4028165.625000 9713.396484 15 20
4215000.000000 4028165.625000 9452.543945 16 20
4215200.000000 4028165.625000 9191.713867 17 20
4215400.000000 4028165.625000 8930.902344 18 20
4215600.000000 4028165.625000 8670.111328 19 20
4215800.000000 4028165.625000 8408.853516 20 20
4216000.000000 4028165.625000 8148.162109 21 20
4216200.000000 4028165.625000 7888.207031 22 20
4216400.000000 4028165.625000 7629.545898 23 20
4216600.000000 4028165.625000 7372.296387 24 20
4216800.000000 4028165.625000 7114.053223 25 20
4217000.000000 4028165.625000 6854.344238 26 20
4217200.000000 4028165.625000 6588.931152 27 20
4217400.000000 4028165.625000 6320.380859 28 20
4217600.000000 4028165.625000 6057.414063 29 20
4217800.000000 4028165.625000 5807.576172 30 20
4218000.000000 4028165.625000 5593.336914 31 20
4218200.000000 4028165.625000 5446.477051 32 20
4218400.000000 4028165.625000 5246.067383 33 20
4218600.000000 4028165.625000 4918.847656 34 20
4218800.000000 4028165.625000 4577.885254 35 20
4219000.000000 4028165.625000 4281.221191 36 20
4219200.000000 4028165.625000 4019.917969 37 20
4219400.000000 4028165.625000 3753.167236 38 20
4219600.000000 4028165.625000 3463.610596 39 20
4219800.000000 4028165.625000 3178.583740 40 20
4220000.000000 4028165.625000 2895.018555 41 20
4220200.000000 4028165.625000 2607.590088 42 20
4212000.000000 4028537.500000 13255.928711 1 21
4212200.000000 4028537.500000 12996.452148 2 21
4212400.000000 4028537.500000 12736.977539 3 21
4212600.000000 4028537.500000 12477.504883 4 21
4212800.000000 4028537.500000 12218.034180 5 21
4213000.000000 4028537.500000 11958.069336 6 21
4213200.000000 4028537.500000 11698.607422 7 21
4213400.000000 4028537.500000 11438.652344 8 21
4213600.000000 4028537.500000 11178.206055 9 21
4213800.000000 4028537.500000 10918.265625 10 21
4214000.000000 4028537.500000 10657.835938 11 21
4214200.000000 4028537.500000 10397.417969 12 21
4214400.000000 4028537.500000 10136.997070 13 21
4214600.000000 4028537.500000 9876.102539 14 21
4214800.000000 4028537.500000 9615.218750 15 21
4215000.000000 4028537.500000 9354.347656 16 21
4215200.000000 4028537.500000 9093.495117 17 21
4215400.000000 4028537.500000 8832.656250 18 21
4215600.000000 4028537.500000 8571.831055 19 21
4215800.000000 4028537.500000 8310.529297 20 21
4216000.000000 4028537.500000 8049.752441 21 21
4216200.000000 4028537.500000 7789.578613 22 21
4216400.000000 4028537.500000 7530.025879 23 21
4216600.000000 4028537.500000 7271.669922 24 21
4216800.000000 4028537.500000 7012.089844 25 21
4217000.000000 4028537.500000 6751.321289 26 21
4217200.000000 4028537.500000 6486.533203 27 21
4217400.000000 4028537.500000 6219.429199 28 21
4217600.000000 4028537.500000 5956.126953 29 21
4217800.000000 4028537.500000 5705.085449 30 21
4218000.000000 4028537.500000 5483.453613 31 21
4218200.000000 4028537.500000 5315.250488 32 21
4218400.000000 4028537.500000 5102.833984 33 21
4218600.000000 4028537.500000 4781.246582 34 21
4218800.000000 4028537.500000 4445.980469 35 21
4219000.000000 4028537.500000 4151.725098 36 21
4219200.000000 4028537.500000 3891.531494 37 21
4219400.000000 4028537.500000 3635.006592 38 21
4219600.000000 4028537.500000 3366.063477 39 21
4219800.000000 4028537.500000 3091.559814 40 21
4220000.000000 4028537.500000 2809.327393 41 21
4220200.000000 4028537.500000 2520.291748 42 21
4212000.000000 4028909.375000 13157.410156 1 22
4212200.000000 4028909.375000 12897.925781 2 22
4212400.000000 4028909.375000 12638.443359 3 22
4212600.000000 4028909.375000 12378.961914 4 22
4212800.000000 4028909.375000 12119.482422 5 22
4213000.000000 4028909.375000 11860.006836 6 22
4213200.000000 4028909.375000 11600.034180 7 22
4213400.000000 4028909.375000 11340.067383 8 22
4213600.000000 4028909.375000 11080.106445 9 22
4213800.000000 4028909.375000 10820.152344 10 22
4214000.000000 4028909.375000 10559.705078 11 22
4214200.000000 4028909.375000 10299.269531 12 22
4214400.000000 4028909.375000 10038.829102 13 22
4214600.000000 4028909.375000 9777.914063 14 22
4214800.000000 4028909.375000 9517.007813 15 22
4215000.000000 4028909.375000 9256.112305 16 22
4215200.000000 4028909.375000 8995.229492 17 22
4215400.000000 4028909.375000 8734.352539 18 22
4215600.000000 4028909.375000 8473.480469 19 22
4215800.000000 4028909.375000 8212.114258 20 22
4216000.000000 4028909.375000 7951.217773 21 22
4216200.000000 4028909.375000 7690.750977 22 22
4216400.000000 4028909.375000 7430.178711 23 22
4216600.000000 4028909.375000 7170.007324 24 22
4216800.000000 4028909.375000 6909.268555 25 22
4217000.000000 4028909.375000 6646.997070 26 22
4217200.000000 4028909.375000 6382.701660 27 22
4217400.000000 4028909.375000 6116.396973 28 22
4217600.000000 4028909.375000 5851.873047 29 22
4217800.000000 4028909.375000 5595.282715 30 22
4218000.000000 4028909.375000 5353.126953 31 22
4218200.000000 4028909.375000 5116.732422 32 22
4218400.000000 4028909.375000 4859.362793 33 22
4218600.000000 4028909.375000 4580.717285 34 22
4218800.000000 4028909.375000 4297.256348 35 22
4219000.000000 4028909.375000 4027.918213 36 22
4219200.000000 4028909.375000 3770.908691 37 22
4219400.000000 4028909.375000 3518.503662 38 22
4219600.000000 4028909.375000 3259.900146 39 22
4219800.000000 4028909.375000 2992.402832 40 22
4220000.000000 4028909.375000 2715.721680 41 22
4220200.000000 4028909.375000 2433.330322 42 22
4212000.000000 4029281.250000 13058.888672 1 23
4212200.000000 4029281.250000 12799.396484 2 23
4212400.000000 4029281.250000 12539.904297 3 23
4212600.000000 4029281.250000 12280.413086 4 23
4212800.000000 4029281.250000 12020.923828 5 23
4213000.000000 4029281.250000 11761.435547 6 23
4213200.000000 4029281.250000 11501.450195 7 23
4213400.000000 4029281.250000 11241.967773 8 23
4213600.000000 4029281.250000 10981.991211 9 23
4213800.000000 4029281.250000 10722.018555 10 23
4214000.000000 4029281.250000 10461.552734 11 23
4214200.000000 4029281.250000 10201.094727 12 23
4214400.000000 4029281.250000 9940.629883 13 23
4214600.000000 4029281.250000 9679.688477 14 23
4214800.000000 4029281.250000 9418.754883 15 23
4215000.000000 4029281.250000 9157.829102 16 23
4215200.000000 4029281.250000 8896.905273 17 23
4215400.000000 4029281.250000 8635.976563 18 23
4215600.000000 4029281.250000 8375.039063 19 23
4215800.000000 4029281.250000 8114.082520 20 23
4216000.000000 4029281.250000 7853.022461 21 23
4216200.000000 4029281.250000 7591.687500 22 23
4216400.000000 4029281.250000 7329.974121 23 23
4216600.000000 4029281.250000 7067.799805 24 23
4216800.000000 4029281.250000 6805.625977 25 23
4217000.000000 4029281.250000 6542.473633 26 23
4217200.000000 4029281.250000 6277.631836 27 23
4217400.000000 4029281.250000 6010.168945 28 23
4217600.000000 4029281.250000 5740.905273 29 23
4217800.000000 4029281.250000 5470.874023 30 23
4218000.000000 4029281.250000 5194.041016 31 23
4218200.000000 4029281.250000 4881.670410 32 23
4218400.000000 4029281.250000 4580.288574 33 23
4218600.000000 4029281.250000 4356.889648 34 23
4218800.000000 4029281.250000 4144.498535 35 23
4219000.000000 4029281.250000 3911.736572 36 23
4219200.000000 4029281.250000 3660.658203 37 23
4219400.000000 4029281.250000 3407.686768 38 23
4219600.000000 4029281.250000 3152.994141 39 23
4219800.000000 4029281.250000 2891.289795 40 23
4220000.000000 4029281.250000 2621.711914 41 23
4220200.000000 4029281.250000 2346.929199 42 23
4212000.000000 4029653.125000 12959.866211 1 24
4212200.000000 4029653.125000 12700.364258 2 24
4212400.000000 4029653.125000 12440.862305 3 24
4212600.000000 4029653.125000 12181.859375 4 24
4212800.000000 4029653.125000 11922.358398 5 24
4213000.000000 4029653.125000 11662.856445 6 24
4213200.000000 4029653.125000 11403.356445 7 24
4213400.000000 4029653.125000 11143.858398 8 24
4213600.000000 4029653.125000 10883.863281 9 24
4213800.000000 4029653.125000 10623.372070 10 24
4214000.000000 4029653.125000 10362.883789 11 24
4214200.000000 4029653.125000 10102.884766 12 24
4214400.000000 4029653.125000 9842.409180 13 24
4214600.000000 4029653.125000 9581.438477 14 24
4214800.000000 4029653.125000 9320.472656 15 24
4215000.000000 4029653.125000 9059.510742 16 24
4215200.000000 4029653.125000 8798.541992 17 24
4215400.000000 4029653.125000 8537.558594 18 24
4215600.000000 4029653.125000 8276.554688 19 24
4215800.000000 4029653.125000 8015.513184 20 24
4216000.000000 4029653.125000 7754.311523 21 24
4216200.000000 4029653.125000 7492.171875 22 24
4216400.000000 4029653.125000 7229.946777 23 24
4216600.000000 4029653.125000 6966.504395 24 24
4216800.000000 4029653.125000 6703.278320 25 24
4217000.000000 4029653.125000 6439.283203 26 24
4217200.000000 4029653.125000 6174.706055 27 24
4217400.000000 4029653.125000 5907.273926 28 24
4217600.000000 4029653.125000 5636.203125 29 24
4217800.000000 4029653.125000 5361.582031 30 24
4218000.000000 4029653.125000 5074.337402 31 24
4218200.000000 4029653.125000 4742.253418 32 24
4218400.000000 4029653.125000 4429.543457 33 24
4218600.000000 4029653.125000 4219.458496 34 24
4218800.000000 4029653.125000 4030.806885 35 24
4219000.000000 4029653.125000 3809.935303 36 24
4219200.000000 4029653.125000 3559.507813 37 24
4219400.000000 4029653.125000 3304.997314 38 24
4219600.000000 4029653.125000 3050.318604 39 24
4219800.000000 4029653.125000 2790.734619 40 24
4220000.000000 4029653.125000 2525.121094 41 24
4220200.000000 4029653.125000 2256.584717 42 24
4212000.000000 4030025.000000 12860.343750 1 25
4212200.000000 4030025.000000 12601.331055 2 25
4212400.000000 4030025.000000 12342.318359 3 25
4212600.000000 4030025.000000 12083.303711 4 25
4212800.000000 4030025.000000 11823.790039 5 25
4213000.000000 4030025.000000 11564.774414 6 25
4213200.000000 4030025.000000 11305.259766 7 25
4213400.000000 4030025.000000 11045.245117 8 25
4213600.000000 4030025.000000 10785.231445 9 25
4213800.000000 4030025.000000 10524.719727 10 25
4214000.000000 4030025.000000 10264.192383 11 25
4214200.000000 4030025.000000 10004.183594 12 25
4214400.000000 4030025.000000 9743.679688 13 25
4214600.000000 4030025.000000 9483.176758 14 25
4214800.000000 4030025.000000 9222.176758 15 25
4215000.000000 4030025.000000 8961.177734 16 25
4215200.000000 4030025.000000 8700.164063 17 25
4215400.000000 4030025.000000 8439.127930 18 25
4215600.000000 4030025.000000 8178.062988 19 25
4215800.000000 4030025.000000 7916.930176 20 25
4216000.000000 4030025.000000 7655.631836 21 25
4216200.000000 4030025.000000 7393.267578 22 25
4216400.000000 4030025.000000 7130.181641 23 25
4216600.000000 4030025.000000 6866.233398 24 25
4216800.000000 4030025.000000 6602.373047 25 25
4217000.000000 4030025.000000 6338.126953 26 25
4217200.000000 4030025.000000 6073.660156 27 25
4217400.000000 4030025.000000 5806.663086 28 25
4217600.000000 4030025.000000 5536.381836 29 25
4217800.000000 4030025.000000 5263.371582 30 25
4218000.000000 4030025.000000 4983.943359 31 25
4218200.000000 4030025.000000 4678.257324 32 25
4218400.000000 4030025.000000 4380.755859 33 25
4218600.000000 4030025.000000 4148.247559 34 25
4218800.000000 4030025.000000 3941.083008 35 25
4219000.000000 4030025.000000 3714.754639 36 25
4219200.000000 4030025.000000 3463.482178 37 25
4219400.000000 4030025.000000 3207.468262 38 25
4219600.000000 4030025.000000 2950.047607 39 25
4219800.000000 4030025.000000 2689.898926 40 25
4220000.000000 4030025.000000 2426.579346 41 25
4220200.000000 4030025.000000 2162.153076 42 25
4212000.000000 4030396.875000 12759.805664 1 26
4212200.000000 4030396.875000 12501.298828 2 26
4212400.000000 4030396.875000 12242.773438 3 26
4212600.000000 4030396.875000 11984.248047 4 26
4212800.000000 4030396.875000 11725.219727 5 26
4213000.000000 4030396.875000 11466.190430 6 26
4213200.000000 4030396.875000 11206.660156 7 26
4213400.000000 4030396.875000 10946.628906 8 26
4213600.000000 4030396.875000 10686.595703 9 26
4213800.000000 4030396.875000 10426.562500 10 26
4214000.000000 4030396.875000 10166.011719 11 26
4214200.000000 4030396.875000 9905.977539 12 26
4214400.000000 4030396.875000 9645.443359 13 26
4214600.000000 4030396.875000 9384.908203 14 26
4214800.000000 4030396.875000 9123.873047 15 26
4215000.000000 4030396.875000 8862.834961 16 26
4215200.000000 4030396.875000 8601.777344 17 26
4215400.000000 4030396.875000 8340.691406 18 26
4215600.000000 4030396.875000 8079.572754 19 26
4215800.000000 4030396.875000 7818.876465 20 26
4216000.000000 4030396.875000 7557.495117 21 26
4216200.000000 4030396.875000 7294.989258 22 26
4216400.000000 4030396.875000 7031.200195 23 26
4216600.000000 4030396.875000 6767.011719 24 26
4216800.000000 4030396.875000 6502.923340 25 26
4217000.000000 4030396.875000 6238.499512 26 26
4217200.000000 4030396.875000 5973.952637 27 26
4217400.000000 4030396.875000 5708.179199 28 26
4217600.000000 4030396.875000 5440.199219 29 26
4217800.000000 4030396.875000 5170.127930 30 26
4218000.000000 4030396.875000 4897.246582 31 26
4218200.000000 4030396.875000 4613.248535 32 26
4218400.000000 4030396.875000 4332.814941 33 26
4218600.000000 4030396.875000 4084.218018 34 26
4218800.000000 4030396.875000 3856.792725 35 26
4219000.000000 4030396.875000 3619.998535 36 26
4219200.000000 4030396.875000 3367.361084 37 26
4219400.000000 4030396.875000 3110.051025 38 26
4219600.000000 4030396.875000 2850.422852 39 26
4219800.000000 4030396.875000 2589.950439 40 26
4220000.000000 4030396.875000 2327.659912 41 26
4220200.000000 4030396.875000 2065.172363 42 26
4212000.000000 4030768.750000 12658.784180 1 27
4212200.000000 4030768.750000 12400.749023 2 27
4212400.000000 4030768.750000 12143.211914 3 27
4212600.000000 4030768.750000 11885.189453 4 27
4212800.000000 4030768.750000 11626.149414 5 27
4213000.000000 4030768.750000 11367.105469 6 27
4213200.000000 4030768.750000 11107.558594 7 27
4213400.000000 4030768.750000 10848.009766 8 27
4213600.000000 4030768.750000 10587.957031 9 27
4213800.000000 4030768.750000 10327.902344 10 27
4214000.000000 4030768.750000 10067.828125 11 27
4214200.000000 4030768.750000 9807.766602 12 27
4214400.000000 4030768.750000 9547.202148 13 27
4214600.000000 4030768.750000 9286.634766 14 27
4214800.000000 4030768.750000 9025.563477 15 27
4215000.000000 4030768.750000 8764.486328 16 27
4215200.000000 4030768.750000 8503.385742 17 27
4215400.000000 4030768.750000 8242.255859 18 27
4215600.000000 4030768.750000 7981.091797 19 27
4215800.000000 4030768.750000 7720.349609 20 27
4216000.000000 4030768.750000 7458.923340 21 27
4216200.000000 4030768.750000 7196.379395 22 27
4216400.000000 4030768.750000 6933.074219 23 27
4216600.000000 4030768.750000 6668.941895 24 27
4216800.000000 4030768.750000 6404.541992 25 27
4217000.000000 4030768.750000 6140.481445 26 27
4217200.000000 4030768.750000 5876.089844 27 27
4217400.000000 4030768.750000 5611.588867 28 27
4217600.000000 4030768.750000 5345.495605 29 27
4217800.000000 4030768.750000 5077.636719 30 27
4218000.000000 4030768.750000 4807.571777 31 27
4218200.000000 4030768.750000 4533.885254 32 27
4218400.000000 4030768.750000 4264.980957 33 27
4218600.000000 4030768.750000 4010.565918 34 27
4218800.000000 4030768.750000 3767.008301 35 27
4219000.000000 4030768.750000 3521.287598 36 27
4219200.000000 4030768.750000 3267.960938 37 27
4219400.000000 4030768.750000 3010.000732 38 27
4219600.000000 4030768.750000 2749.864014 39 27
4219800.000000 4030768.750000 2489.599121 40 27
4220000.000000 4030768.750000 2228.079834 41 27
4220200.000000 4030768.750000 1966.361450 42 27
4212000.000000 4031140.625000 12557.263672 1 28
4212200.000000 4031140.625000 12299.716797 2 28
4212400.000000 4031140.625000 12043.166992 3 28
4212600.000000 4031140.625000 11785.615234 4 28
4212800.000000 4031140.625000 11527.060547 5 28
4213000.000000 4031140.625000 11268.001953 6 28
4213200.000000 4031140.625000 11008.457031 7 28
4213400.000000 4031140.625000 10749.389648 8 28
4213600.000000 4031140.625000 10489.800781 9 28
4213800.000000 4031140.625000 10229.724609 10 28
4214000.000000 4031140.625000 9969.643555 11 28
4214200.000000 4031140.625000 9709.555664 12 28
4214400.000000 4031140.625000 9448.961914 13 28
4214600.000000 4031140.625000 9188.361328 14 28
4214800.000000 4031140.625000 8927.255859 15 28
4215000.000000 4031140.625000 8666.139648 16 28
4215200.000000 4031140.625000 8404.999023 17 28
4215400.000000 4031140.625000 8143.831543 18 28
4215600.000000 4031140.625000 7882.630371 19 28
4215800.000000 4031140.625000 7621.856934 20 28
4216000.000000 4031140.625000 7360.416992 21 28
4216200.000000 4031140.625000 7097.912598 22 28
4216400.000000 4031140.625000 6834.720703 23 28
4216600.000000 4031140.625000 6570.814941 24 28
4216800.000000 4031140.625000 6306.774414 25 28
4217000.000000 4031140.625000 6042.709473 26 28
4217200.000000 4031140.625000 5779.029785 27 28
4217400.000000 4031140.625000 5514.779785 28 28
4217600.000000 4031140.625000 5249.443848 29 28
4217800.000000 4031140.625000 4983.452148 30 28
4218000.000000 4031140.625000 4716.107910 31 28
4218200.000000 4031140.625000 4448.227051 32 28
4218400.000000 4031140.625000 4184.491699 33 28
4218600.000000 4031140.625000 3927.141113 34 28
4218800.000000 4031140.625000 3675.394775 35 28
4219000.000000 4031140.625000 3423.187500 36 28
4219200.000000 4031140.625000 3167.390137 37 28
4219400.000000 4031140.625000 2909.200439 38 28
4219600.000000 4031140.625000 2649.809082 39 28
4219800.000000 4031140.625000 2389.523682 40 28
4220000.000000 4031140.625000 2128.542236 41 28
4220200.000000 4031140.625000 1867.388550 42 28
4212000.000000 4031512.500000 12454.228516 1 29
4212200.000000 4031512.500000 12198.185547 2 29
4212400.000000 4031512.500000 11942.123047 3 29
4212600.000000 4031512.500000 11685.058594 4 29
4212800.000000 4031512.500000 11426.990234 5 29
4213000.000000 4031512.500000 11168.416992 6 29
4213200.000000 4031512.500000 10909.338867 7 29
4213400.000000 4031512.500000 10650.253906 8 29
4213600.000000 4031512.500000 10391.162109 9 29
4213800.000000 4031512.500000 10131.065430 10 29
4214000.000000 4031512.500000 9871.461914 11 29
4214200.000000 4031512.500000 9611.347656 12 29
4214400.000000 4031512.500000 9350.725586 13 29
4214600.000000 4031512.500000 9090.094727 14 29
4214800.000000 4031512.500000 8829.454102 15 29
4215000.000000 4031512.500000 8568.302734 16 29
4215200.000000 4031512.500000 8306.625977 17 29
4215400.000000 4031512.500000 8045.424316 18 29
4215600.000000 4031512.500000 7784.192383 19 29
4215800.000000 4031512.500000 7522.895020 20 29
4216000.000000 4031512.500000 7261.454590 21 29
4216200.000000 4031512.500000 6999.518555 22 29
4216400.000000 4031512.500000 6736.488770 23 29
4216600.000000 4031512.500000 6472.864258 24 29
4216800.000000 4031512.500000 6209.222656 25 29
4217000.000000 4031512.500000 5945.661133 26 29
4217200.000000 4031512.500000 5681.621094 27 29
4217400.000000 4031512.500000 5417.396484 28 29
4217600.000000 4031512.500000 5152.958008 29 29
4217800.000000 4031512.500000 4887.908203 30 29
4218000.000000 4031512.500000 4623.237793 31 29
4218200.000000 4031512.500000 4358.666504 32 29
4218400.000000 4031512.500000 4096.639160 33 29
4218600.000000 4031512.500000 3837.831055 34 29
4218800.000000 4031512.500000 3581.745361 35 29
4219000.000000 4031512.500000 3325.816406 36 29
4219200.000000 4031512.500000 3068.396973 37 29
4219400.000000 4031512.500000 2810.055908 38 29
4219600.000000 4031512.500000 2550.364746 39 29
4219800.000000 4031512.500000 2289.936768 40 29
4220000.000000 4031512.500000 2028.870483 41 29
4220200.000000 4031512.500000 1767.668213 42 29
4212000.000000 4031884.375000 12351.211914 1 30
4212200.000000 4031884.375000 12095.140625 2 30
4212400.000000 4031884.375000 11840.082031 3 30
4212600.000000 4031884.375000 11584.003906 4 30
4212800.000000 4031884.375000 11326.420898 5 30
4213000.000000 4031884.375000 11068.832031 6 30
4213200.000000 4031884.375000 10810.238281 7 30
4213400.000000 4031884.375000 10551.636719 8 30
4213600.000000 4031884.375000 10292.526367 9 30
4213800.000000 4031884.375000 10032.909180 10 30
4214000.000000 4031884.375000 9773.283203 11 30
4214200.000000 4031884.375000 9513.145508 12 30
4214400.000000 4031884.375000 9252.495117 13 30
4214600.000000 4031884.375000 8991.835938 14 30
4214800.000000 4031884.375000 8731.165039 15 30
4215000.000000 4031884.375000 8469.979492 16 30
4215200.000000 4031884.375000 8208.270508 17 30
4215400.000000 4031884.375000 7947.038574 18 30
4215600.000000 4031884.375000 7685.763672 19 30
4215800.000000 4031884.375000 7424.463379 20 30
4216000.000000 4031884.375000 7163.027832 21 30
4216200.000000 4031884.375000 6901.173340 22 30
4216400.000000 4031884.375000 6638.320313 23 30
4216600.000000 4031884.375000 6375.483398 24 30
4216800.000000 4031884.375000 6112.233398 25 30
4217000.000000 4031884.375000 5848.648926 26 30
4217200.000000 4031884.375000 5585.187500 27 30
4217400.000000 4031884.375000 5321.256348 28 30
4217600.000000 4031884.375000 5057.312988 29 30
4217800.000000 4031884.375000 4793.227539 30 30
4218000.000000 4031884.375000 4529.793457 31 30
4218200.000000 4031884.375000 4266.294434 32 30
4218400.000000 4031884.375000 4004.666504 33 30
4218600.000000 4031884.375000 3745.329346 34 30
4218800.000000 4031884.375000 3487.015381 35 30
4219000.000000 4031884.375000 3228.939697 36 30
4219200.000000 4031884.375000 2970.227539 37 30
4219400.000000 4031884.375000 2711.364746 38 30
4219600.000000 4031884.375000 2451.354980 39 30
4219800.000000 4031884.375000 2190.714111 40 30
4220000.000000 4031884.375000 1929.486694 41 30
4220200.000000 4031884.375000 1667.663452 42 30
4212000.000000 4032256.250000 12246.697266 1 31
4212200.000000 4032256.250000 11991.614258 2 31
4212400.000000 4032256.250000 11737.026367 3 31
4212600.000000 4032256.250000 11481.951172 4 31
4212800.000000 4032256.250000 11225.354492 5 31
4213000.000000 4032256.250000 10968.250977 6 31
4213200.000000 4032256.250000 10710.641602 7 31
4213400.000000 4032256.250000 10452.522461 8 31
4213600.000000 4032256.250000 10193.394531 9 31
4213800.000000 4032256.250000 9934.257813 10 31
4214000.000000 4032256.250000 9674.610352 11 31
4214200.000000 4032256.250000 9414.949219 12 31
4214400.000000 4032256.250000 9154.274414 13 31
4214600.000000 4032256.250000 8893.588867 14 31
4214800.000000 4032256.250000 8632.890625 15 31
4215000.000000 4032256.250000 8371.675781 16 31
4215200.000000 4032256.250000 8109.938965 17 31
4215400.000000 4032256.250000 7848.681152 18 31
4215600.000000 4032256.250000 7587.383789 19 31
4215800.000000 4032256.250000 7326.067383 20 31
4216000.000000 4032256.250000 7064.638184 21 31
4216200.000000 4032256.250000 6802.865234 22 31
4216400.000000 4032256.250000 6540.685547 23 31
4216600.000000 4032256.250000 6278.118164 24 31
4216800.000000 4032256.250000 6015.225586 25 31
4217000.000000 4032256.250000 5752.072266 26 31
4217200.000000 4032256.250000 5488.625977 27 31
4217400.000000 4032256.250000 5225.341309 28 31
4217600.000000 4032256.250000 4962.102539 29 31
4217800.000000 4032256.250000 4698.644531 30 31
4218000.000000 4032256.250000 4435.654297 31 31
4218200.000000 4032256.250000 4172.642578 32 31
4218400.000000 4032256.250000 3911.073975 33 31
4218600.000000 4032256.250000 3651.071533 34 31
4218800.000000 4032256.250000 3391.428711 35 31
4219000.000000 4032256.250000 3132.076172 36 31
4219200.000000 4032256.250000 2872.273193 37 31
4219400.000000 4032256.250000 2612.468750 38 31
4219600.000000 4032256.250000 2352.137451 39 31
4219800.000000 4032256.250000 2091.756836 40 31
4220000.000000 4032256.250000 1829.818848 41 31
4220200.000000 4032256.250000 1567.352661 42 31
4212000.000000 4032628.125000 12142.167969 1 32
4212200.000000 4032628.125000 11887.572266 2 32
4212400.000000 4032628.125000 11633.489258 3 32
4212600.000000 4032628.125000 11378.884766 4 32
4212800.000000 4032628.125000 11123.274414 5 32
4213000.000000 4032628.125000 10867.173828 6 32
4213200.000000 4032628.125000 10610.047852 7 32
4213400.000000 4032628.125000 10352.414063 8 32
4213600.000000 4032628.125000 10094.267578 9 32
4213800.000000 4032628.125000 9835.111328 10 32
4214000.000000 4032628.125000 9575.944336 11 32
4214200.000000 4032628.125000 9316.261719 12 32
4214400.000000 4032628.125000 9056.062500 13 32
4214600.000000 4032628.125000 8795.352539 14 32
4214800.000000 4032628.125000 8534.628906 15 32
4215000.000000 4032628.125000 8273.389648 16 32
4215200.000000 4032628.125000 8011.627930 17 32
4215400.000000 4032628.125000 7750.348145 18 32
4215600.000000 4032628.125000 7489.032227 19 32
4215800.000000 4032628.125000 7227.702637 20 32
4216000.000000 4032628.125000 6966.280273 21 32
4216200.000000 4032628.125000 6704.587402 22 32
4216400.000000 4032628.125000 6442.576172 23 32
4216600.000000 4032628.125000 6180.260742 24 32
4216800.000000 4032628.125000 5917.694824 25 32
4217000.000000 4032628.125000 5654.932129 26 32
4217200.000000 4032628.125000 5391.947266 27 32
4217400.000000 4032628.125000 5129.222168 28 32
4217600.000000 4032628.125000 4866.540039 29 32
4217800.000000 4032628.125000 4603.548340 30 32
4218000.000000 4032628.125000 4340.864746 31 32
4218200.000000 4032628.125000 4078.317627 32 32
4218400.000000 4032628.125000 3816.405029 33 32
4218600.000000 4032628.125000 3555.392822 34 32
4218800.000000 4032628.125000 3295.153809 35 32
4219000.000000 4032628.125000 3034.715820 36 32
4219200.000000 4032628.125000 2773.928223 37 32
4219400.000000 4032628.125000 2513.731201 38 32
4219600.000000 4032628.125000 2253.091797 39 32
4219800.000000 4032628.125000 1992.467529 40 32
4220000.000000 4032628.125000 1730.820313 41 32
4220200.000000 4032628.125000 1467.174316 42 32
4212000.000000 4033000.000000 12037.140625 1 33
4212200.000000 4033000.000000 11783.049805 2 33
4212400.000000 4033000.000000 11529.437500 3 33
4212600.000000 4033000.000000 11275.337891 4 33
4212800.000000 4033000.000000 11020.713867 5 33
4213000.000000 4033000.000000 10765.582031 6 33
4213200.000000 4033000.000000 10509.458984 7 33
4213400.000000 4033000.000000 10252.807617 8 33
4213600.000000 4033000.000000 9995.144531 9 33
4213800.000000 4033000.000000 9736.470703 10 33
4214000.000000 4033000.000000 9477.284180 11 33
4214200.000000 4033000.000000 9217.580078 12 33
4214400.000000 4033000.000000 8957.360352 13 33
4214600.000000 4033000.000000 8696.626953 14 33
4214800.000000 4033000.000000 8435.881836 15 33
4215000.000000 4033000.000000 8175.118652 16 33
4215200.000000 4033000.000000 7913.835938 17 33
4215400.000000 4033000.000000 7652.537598 18 33
4215600.000000 4033000.000000 7391.207520 19 33
4215800.000000 4033000.000000 7129.869141 20 33
4216000.000000 4033000.000000 6868.456055 21 33
4216200.000000 4033000.000000 6606.842773 22 33
4216400.000000 4033000.000000 6344.993652 23 33
4216600.000000 4033000.000000 6082.914551 24 33
4216800.000000 4033000.000000 5820.650391 25 33
4217000.000000 4033000.000000 5558.242676 26 33
4217200.000000 4033000.000000 5295.668457 27 33
4217400.000000 4033000.000000 5032.928711 28 33
4217600.000000 4033000.000000 4770.697266 29 33
4217800.000000 4033000.000000 4508.067871 30 33
4218000.000000 4033000.000000 4245.609863 31 33
4218200.000000 4033000.000000 3983.020264 32 33
4218400.000000 4033000.000000 3721.331543 33 33
4218600.000000 4033000.000000 3459.924072 34 33
4218800.000000 4033000.000000 3198.733154 35 33
4219000.000000 4033000.000000 2937.336182 36 33
4219200.000000 4033000.000000 2676.143311 37 33
4219400.000000 4033000.000000 2415.099609 38 33
4219600.000000 4033000.000000 2154.171143 39 33
4219800.000000 4033000.000000 1893.304810 40 33
4220000.000000 4033000.000000 1630.940552 41 33
4220200.000000 4033000.000000 1367.095825 42 33
