# Type: scattered data
# Version: 6
# Description: No description
# Format: free
# Field: 1 x
# Field: 2 y
# Field: 3 z undefined
# Field: 4 column
# Field: 5 row
# Projection: Local Rectangular
# Units: undefined
# End:
# Information from grid:
# Grid_size: 42 x 33
# Grid_space: 4212000.000000,4220200.000000,4021100.000000,4033000.000000
# Scattered data: Not_available
# Z_field: z
# Vertical_faults: Not_available
# History: No history
# Z_units: undefined
4212000.000000 4021100.000000 14319.457031 1 1
4212200.000000 4021100.000000 14078.140625 2 1
4212400.000000 4021100.000000 13837.336914 3 1
4212600.000000 4021100.000000 13596.032227 4 1
4212800.000000 4021100.000000 13354.736328 5 1
4213000.000000 4021100.000000 13112.960938 6 1
4213200.000000 4021100.000000 12871.689453 7 1
4213400.000000 4021100.000000 12629.934570 8 1
4213600.000000 4021100.000000 12387.700195 9 1
4213800.000000 4021100.000000 12145.990234 10 1
4214000.000000 4021100.000000 11904.291992 11 1
4214200.000000 4021100.000000 11662.619141 12 1
4214400.000000 4021100.000000 11420.470703 13 1
4214600.000000 4021100.000000 11177.847656 14 1
4214800.000000 4021100.000000 10935.730469 15 1
4215000.000000 4021100.000000 10693.630859 16 1
4215200.000000 4021100.000000 10451.052734 17 1
4215400.000000 4021100.000000 10208.492188 18 1
4215600.000000 4021100.000000 9965.952148 19 1
4215800.000000 4021100.000000 9723.450195 20 1
4216000.000000 4021100.000000 9481.062500 21 1
4216200.000000 4021100.000000 9238.935547 22 1
4216400.000000 4021100.000000 8997.108398 23 1
4216600.000000 4021100.000000 8755.511719 24 1
4216800.000000 4021100.000000 8514.082031 25 1
4217000.000000 4021100.000000 8272.770508 26 1
4217200.000000 4021100.000000 8031.563477 27 1
4217400.000000 4021100.000000 7790.417480 28 1
4217600.000000 4021100.000000 7549.120605 29 1
4217800.000000 4021100.000000 7307.613281 30 1
4218000.000000 4021100.000000 7066.807129 31 1
4218200.000000 4021100.000000 6825.945801 32 1
4218400.000000 4021100.000000 6584.785156 33 1
4218600.000000 4021100.000000 6342.477051 34 1
4218800.000000 4021100.000000 6098.144531 35 1
4219000.000000 4021100.000000 5851.990234 36 1
4219200.000000 4021100.000000 5603.867188 37 1
4219400.000000 4021100.000000 5354.436035 38 1
4219600.000000 4021100.000000 5104.748047 39 1
4219800.000000 4021100.000000 4855.195313 40 1
4220000.000000 4021100.000000 4605.691406 41 1
4220200.000000 4021100.000000 4356.181152 42 1
4212000.000000 4021471.875000 14262.837891 1 2
4212200.000000 4021471.875000 14021.531250 2 2
4212400.000000 4021471.875000 13780.719727 3 2
4212600.000000 4021471.875000 13539.416016 4 2
4212800.000000 4021471.875000 13298.130859 5 2
4213000.000000 4021471.875000 13056.349609 6 2
4213200.000000 4021471.875000 12814.581055 7 2
4213400.000000 4021471.875000 12572.836914 8 2
4213600.000000 4021471.875000 12331.105469 9 2
4213800.000000 4021471.875000 12089.390625 10 2
4214000.000000 4021471.875000 11847.695313 11 2
4214200.000000 4021471.875000 11606.036133 12 2
4214400.000000 4021471.875000 11363.893555 13 2
4214600.000000 4021471.875000 11121.271484 14 2
4214800.000000 4021471.875000 10879.166992 15 2
4215000.000000 4021471.875000 10637.086914 16 2
4215200.000000 4021471.875000 10394.538086 17 2
4215400.000000 4021471.875000 10152.024414 18 2
4215600.000000 4021471.875000 9909.531250 19 2
4215800.000000 4021471.875000 9667.086914 20 2
4216000.000000 4021471.875000 9424.767578 21 2
4216200.000000 4021471.875000 9182.756836 22 2
4216400.000000 4021471.875000 8941.086914 23 2
4216600.000000 4021471.875000 8699.683594 24 2
4216800.000000 4021471.875000 8458.962891 25 2
4217000.000000 4021471.875000 8217.881836 26 2
4217200.000000 4021471.875000 7976.908203 27 2
4217400.000000 4021471.875000 7736.011230 28 2
4217600.000000 4021471.875000 7494.926270 29 2
4217800.000000 4021471.875000 7253.566406 30 2
4218000.000000 4021471.875000 7012.838379 31 2
4218200.000000 4021471.875000 6771.880859 32 2
4218400.000000 4021471.875000 6529.783203 33 2
4218600.000000 4021471.875000 6286.298828 34 2
4218800.000000 4021471.875000 6040.591309 35 2
4219000.000000 4021471.875000 5791.972168 36 2
4219200.000000 4021471.875000 5542.026855 37 2
4219400.000000 4021471.875000 5293.166016 38 2
4219600.000000 4021471.875000 5047.116699 39 2
4219800.000000 4021471.875000 4805.092773 40 2
4220000.000000 4021471.875000 4566.287598 41 2
4220200.000000 4021471.875000 4329.100586 42 2
4212000.000000 4021843.750000 14206.225586 1 3
4212200.000000 4021843.750000 13964.910156 2 3
4212400.000000 4021843.750000 13724.108398 3 3
4212600.000000 4021843.750000 13482.804688 4 3
4212800.000000 4021843.750000 13241.013672 5 3
4213000.000000 4021843.750000 12999.233398 6 3
4213200.000000 4021843.750000 12757.974609 7 3
4213400.000000 4021843.750000 12516.223633 8 3
4213600.000000 4021843.750000 12274.494141 9 3
4213800.000000 4021843.750000 12032.789063 10 3
4214000.000000 4021843.750000 11791.096680 11 3
4214200.000000 4021843.750000 11549.431641 12 3
4214400.000000 4021843.750000 11307.294922 13 3
4214600.000000 4021843.750000 11064.679688 14 3
4214800.000000 4021843.750000 10822.593750 15 3
4215000.000000 4021843.750000 10580.527344 16 3
4215200.000000 4021843.750000 10338.002930 17 3
4215400.000000 4021843.750000 10095.510742 18 3
4215600.000000 4021843.750000 9853.053711 19 3
4215800.000000 4021843.750000 9610.652344 20 3
4216000.000000 4021843.750000 9368.388672 21 3
4216200.000000 4021843.750000 9126.488281 22 3
4216400.000000 4021843.750000 8884.971680 23 3
4216600.000000 4021843.750000 8644.248047 24 3
4216800.000000 4021843.750000 8403.229492 25 3
4217000.000000 4021843.750000 8162.356445 26 3
4217200.000000 4021843.750000 7921.613770 27 3
4217400.000000 4021843.750000 7680.960449 28 3
4217600.000000 4021843.750000 7440.083984 29 3
4217800.000000 4021843.750000 7199.377930 30 3
4218000.000000 4021843.750000 6958.208496 31 3
4218200.000000 4021843.750000 6717.106934 32 3
4218400.000000 4021843.750000 6474.031738 33 3
4218600.000000 4021843.750000 6229.296387 34 3
4218800.000000 4021843.750000 5982.086914 35 3
4219000.000000 4021843.750000 5730.782227 36 3
4219200.000000 4021843.750000 5477.748047 37 3
4219400.000000 4021843.750000 5227.817871 38 3
4219600.000000 4021843.750000 4985.013184 39 3
4219800.000000 4021843.750000 4751.351074 40 3
4220000.000000 4021843.750000 4523.676270 41 3
4220200.000000 4021843.750000 4301.290039 42 3
4212000.000000 4022215.625000 14149.103516 1 4
4212200.000000 4022215.625000 13907.794922 2 4
4212400.000000 4022215.625000 13666.984375 3 4
4212600.000000 4022215.625000 13425.681641 4 4
4212800.000000 4022215.625000 13184.398438 5 4
4213000.000000 4022215.625000 12942.618164 6 4
4213200.000000 4022215.625000 12701.351563 7 4
4213400.000000 4022215.625000 12459.610352 8 4
4213600.000000 4022215.625000 12217.880859 9 4
4213800.000000 4022215.625000 11976.168945 10 4
4214000.000000 4022215.625000 11734.477539 11 4
4214200.000000 4022215.625000 11492.822266 12 4
4214400.000000 4022215.625000 11250.688477 13 4
4214600.000000 4022215.625000 11008.077148 14 4
4214800.000000 4022215.625000 10765.988281 15 4
4215000.000000 4022215.625000 10523.932617 16 4
4215200.000000 4022215.625000 10281.423828 17 4
4215400.000000 4022215.625000 10038.960938 18 4
4215600.000000 4022215.625000 9796.530273 19 4
4215800.000000 4022215.625000 9554.159180 20 4
4216000.000000 4022215.625000 9311.940430 21 4
4216200.000000 4022215.625000 9070.118164 22 4
4216400.000000 4022215.625000 8829.231445 23 4
4216600.000000 4022215.625000 8588.670898 24 4
4216800.000000 4022215.625000 8347.837891 25 4
4217000.000000 4022215.625000 8107.176270 26 4
4217200.000000 4022215.625000 7866.653320 27 4
4217400.000000 4022215.625000 7625.736816 28 4
4217600.000000 4022215.625000 7385.060547 29 4
4217800.000000 4022215.625000 7144.483887 30 4
4218000.000000 4022215.625000 6903.361816 31 4
4218200.000000 4022215.625000 6660.615234 32 4
4218400.000000 4022215.625000 6416.046875 33 4
4218600.000000 4022215.625000 6169.991211 34 4
4218800.000000 4022215.625000 5921.679199 35 4
4219000.000000 4022215.625000 5667.461426 36 4
4219200.000000 4022215.625000 5408.972168 37 4
4219400.000000 4022215.625000 5156.779297 38 4
4219600.000000 4022215.625000 4916.937500 39 4
4219800.000000 4022215.625000 4691.970703 40 4
4220000.000000 4022215.625000 4477.422363 41 4
4220200.000000 4022215.625000 4269.995117 42 4
4212000.000000 4022587.500000 14092.485352 1 5
4212200.000000 4022587.500000 13851.167969 2 5
4212400.000000 4022587.500000 13609.856445 3 5
4212600.000000 4022587.500000 13368.561523 4 5
4212800.000000 4022587.500000 13127.268555 5 5
4213000.000000 4022587.500000 12885.987305 6 5
4213200.000000 4022587.500000 12644.728516 7 5
4213400.000000 4022587.500000 12402.977539 8 5
4213600.000000 4022587.500000 12161.248047 9 5
4213800.000000 4022587.500000 11919.542969 10 5
4214000.000000 4022587.500000 11677.850586 11 5
4214200.000000 4022587.500000 11436.186523 12 5
4214400.000000 4022587.500000 11194.051758 13 5
4214600.000000 4022587.500000 10951.440430 14 5
4214800.000000 4022587.500000 10709.362305 15 5
4215000.000000 4022587.500000 10467.310547 16 5
4215200.000000 4022587.500000 10224.808594 17 5
4215400.000000 4022587.500000 9982.347656 18 5
4215600.000000 4022587.500000 9739.928711 19 5
4215800.000000 4022587.500000 9498.075195 20 5
4216000.000000 4022587.500000 9255.884766 21 5
4216200.000000 4022587.500000 9014.133789 22 5
4216400.000000 4022587.500000 8773.347656 23 5
4216600.000000 4022587.500000 8532.418945 24 5
4216800.000000 4022587.500000 8291.740234 25 5
4217000.000000 4022587.500000 8051.245605 26 5
4217200.000000 4022587.500000 7810.420898 27 5
4217400.000000 4022587.500000 7569.729004 28 5
4217600.000000 4022587.500000 7329.258301 29 5
4217800.000000 4022587.500000 7088.852539 30 5
4218000.000000 4022587.500000 6847.330078 31 5
4218200.000000 4022587.500000 6603.525391 32 5
4218400.000000 4022587.500000 6357.040039 33 5
4218600.000000 4022587.500000 6109.762207 34 5
4218800.000000 4022587.500000 5861.365234 35 5
4219000.000000 4022587.500000 5603.448242 36 5
4219200.000000 4022587.500000 5338.469727 37 5
4219400.000000 4022587.500000 5082.736816 38 5
4219600.000000 4022587.500000 4844.896484 39 5
4219800.000000 4022587.500000 4629.341797 40 5
4220000.000000 4022587.500000 4427.033203 41 5
4220200.000000 4022587.500000 4234.272461 42 5
4212000.000000 4022959.375000 14035.356445 1 6
4212200.000000 4022959.375000 13794.037109 2 6
4212400.000000 4022959.375000 13552.732422 3 6
4212600.000000 4022959.375000 13311.426758 4 6
4212800.000000 4022959.375000 13070.131836 5 6
4213000.000000 4022959.375000 12828.857422 6 6
4213200.000000 4022959.375000 12587.587891 7 6
4213400.000000 4022959.375000 12346.333984 8 6
4213600.000000 4022959.375000 12104.610352 9 6
4213800.000000 4022959.375000 11862.894531 10 6
4214000.000000 4022959.375000 11621.198242 11 6
4214200.000000 4022959.375000 11379.539063 12 6
4214400.000000 4022959.375000 11137.401367 13 6
4214600.000000 4022959.375000 10894.787109 14 6
4214800.000000 4022959.375000 10652.697266 15 6
4215000.000000 4022959.375000 10410.642578 16 6
4215200.000000 4022959.375000 10168.139648 17 6
4215400.000000 4022959.375000 9925.686523 18 6
4215600.000000 4022959.375000 9683.269531 19 6
4215800.000000 4022959.375000 9441.419922 20 6
4216000.000000 4022959.375000 9199.243164 21 6
4216200.000000 4022959.375000 8957.519531 22 6
4216400.000000 4022959.375000 8716.795898 23 6
4216600.000000 4022959.375000 8475.956055 24 6
4216800.000000 4022959.375000 8235.393555 25 6
4217000.000000 4022959.375000 7995.046387 26 6
4217200.000000 4022959.375000 7754.391113 27 6
4217400.000000 4022959.375000 7513.920410 28 6
4217600.000000 4022959.375000 7273.203613 29 6
4217800.000000 4022959.375000 7032.557617 30 6
4218000.000000 4022959.375000 6790.801758 31 6
4218200.000000 4022959.375000 6546.695313 32 6
4218400.000000 4022959.375000 6299.682129 33 6
4218600.000000 4022959.375000 6050.567383 34 6
4218800.000000 4022959.375000 5798.434570 35 6
4219000.000000 4022959.375000 5538.680176 36 6
4219200.000000 4022959.375000 5272.079102 37 6
4219400.000000 4022959.375000 5012.518555 38 6
4219600.000000 4022959.375000 4773.924805 39 6
4219800.000000 4022959.375000 4565.984375 40 6
4220000.000000 4022959.375000 4375.547363 41 6
4220200.000000 4022959.375000 4193.528809 42 6
4212000.000000 4023331.250000 13978.731445 1 7
4212200.000000 4023331.250000 13737.409180 2 7
4212400.000000 4023331.250000 13496.093750 3 7
4212600.000000 4023331.250000 13254.793945 4 7
4212800.000000 4023331.250000 13013.496094 5 7
4213000.000000 4023331.250000 12772.209961 6 7
4213200.000000 4023331.250000 12530.944336 7 7
4213400.000000 4023331.250000 12289.187500 8 7
4213600.000000 4023331.250000 12047.950195 9 7
4213800.000000 4023331.250000 11806.238281 10 7
4214000.000000 4023331.250000 11564.537109 11 7
4214200.000000 4023331.250000 11322.863281 12 7
4214400.000000 4023331.250000 11080.718750 13 7
4214600.000000 4023331.250000 10838.096680 14 7
4214800.000000 4023331.250000 10596.007813 15 7
4215000.000000 4023331.250000 10353.944336 16 7
4215200.000000 4023331.250000 10111.432617 17 7
4215400.000000 4023331.250000 9868.960938 18 7
4215600.000000 4023331.250000 9626.535156 19 7
4215800.000000 4023331.250000 9384.676758 20 7
4216000.000000 4023331.250000 9142.494141 21 7
4216200.000000 4023331.250000 8900.783203 22 7
4216400.000000 4023331.250000 8660.080078 23 7
4216600.000000 4023331.250000 8419.282227 24 7
4216800.000000 4023331.250000 8178.790039 25 7
4217000.000000 4023331.250000 7938.533203 26 7
4217200.000000 4023331.250000 7698.015625 27 7
4217400.000000 4023331.250000 7457.270508 28 7
4217600.000000 4023331.250000 7216.879395 29 7
4217800.000000 4023331.250000 6976.141602 30 7
4218000.000000 4023331.250000 6735.868164 31 7
4218200.000000 4023331.250000 6495.312988 32 7
4218400.000000 4023331.250000 6250.845703 33 7
4218600.000000 4023331.250000 6001.675781 34 7
4218800.000000 4023331.250000 5747.090820 35 7
4219000.000000 4023331.250000 5491.385742 36 7
4219200.000000 4023331.250000 5228.893555 37 7
4219400.000000 4023331.250000 4960.724121 38 7
4219600.000000 4023331.250000 4711.834961 39 7
4219800.000000 4023331.250000 4509.481934 40 7
4220000.000000 4023331.250000 4328.465820 41 7
4220200.000000 4023331.250000 4148.842773 42 7
4212000.000000 4023703.125000 13922.094727 1 8
4212200.000000 4023703.125000 13680.768555 2 8
4212400.000000 4023703.125000 13439.458008 3 8
4212600.000000 4023703.125000 13198.144531 4 8
4212800.000000 4023703.125000 12956.842773 5 8
4213000.000000 4023703.125000 12715.559570 6 8
4213200.000000 4023703.125000 12474.281250 7 8
4213400.000000 4023703.125000 12232.517578 8 8
4213600.000000 4023703.125000 11991.281250 9 8
4213800.000000 4023703.125000 11749.553711 10 8
4214000.000000 4023703.125000 11507.843750 11 8
4214200.000000 4023703.125000 11266.168945 12 8
4214400.000000 4023703.125000 11024.013672 13 8
4214600.000000 4023703.125000 10781.879883 14 8
4214800.000000 4023703.125000 10539.269531 15 8
4215000.000000 4023703.125000 10297.191406 16 8
4215200.000000 4023703.125000 10054.661133 17 8
4215400.000000 4023703.125000 9812.177734 18 8
4215600.000000 4023703.125000 9569.729492 19 8
4215800.000000 4023703.125000 9327.846680 20 8
4216000.000000 4023703.125000 9085.633789 21 8
4216200.000000 4023703.125000 8843.879883 22 8
4216400.000000 4023703.125000 8602.641602 23 8
4216600.000000 4023703.125000 8362.326172 24 8
4216800.000000 4023703.125000 8121.846191 25 8
4217000.000000 4023703.125000 7881.642090 26 8
4217200.000000 4023703.125000 7641.223633 27 8
4217400.000000 4023703.125000 7399.710449 28 8
4217600.000000 4023703.125000 7159.235352 29 8
4217800.000000 4023703.125000 6920.080566 30 8
4218000.000000 4023703.125000 6683.544434 31 8
4218200.000000 4023703.125000 6450.445313 32 8
4218400.000000 4023703.125000 6218.162109 33 8
4218600.000000 4023703.125000 5986.887695 34 8
4218800.000000 4023703.125000 5753.997559 35 8
4219000.000000 4023703.125000 5513.573730 36 8
4219200.000000 4023703.125000 5241.003418 37 8
4219400.000000 4023703.125000 4941.791016 38 8
4219600.000000 4023703.125000 4664.383301 39 8
4219800.000000 4023703.125000 4473.287598 40 8
4220000.000000 4023703.125000 4300.626953 41 8
4220200.000000 4023703.125000 4098.155273 42 8
4212000.000000 4024075.000000 13865.461914 1 9
4212200.000000 4024075.000000 13624.131836 2 9
4212400.000000 4024075.000000 13382.806641 3 9
4212600.000000 4024075.000000 13141.497070 4 9
4212800.000000 4024075.000000 12900.188477 5 9
4213000.000000 4024075.000000 12658.891602 6 9
4213200.000000 4024075.000000 12417.613281 7 9
4213400.000000 4024075.000000 12175.841797 8 9
4213600.000000 4024075.000000 11934.588867 9 9
4213800.000000 4024075.000000 11692.858398 10 9
4214000.000000 4024075.000000 11451.137695 11 9
4214200.000000 4024075.000000 11209.443359 12 9
4214400.000000 4024075.000000 10967.273438 13 9
4214600.000000 4024075.000000 10725.124023 14 9
4214800.000000 4024075.000000 10483.003906 15 9
4215000.000000 4024075.000000 10240.405273 16 9
4215200.000000 4024075.000000 9997.849609 17 9
4215400.000000 4024075.000000 9755.331055 18 9
4215600.000000 4024075.000000 9513.349609 19 9
4215800.000000 4024075.000000 9270.929688 20 9
4216000.000000 4024075.000000 9028.667969 21 9
4216200.000000 4024075.000000 8786.855469 22 9
4216400.000000 4024075.000000 8545.537109 23 9
4216600.000000 4024075.000000 8305.655273 24 9
4216800.000000 4024075.000000 8065.637207 25 9
4217000.000000 4024075.000000 7825.421387 26 9
4217200.000000 4024075.000000 7583.553711 27 9
4217400.000000 4024075.000000 7340.220703 28 9
4217600.000000 4024075.000000 7098.511230 29 9
4217800.000000 4024075.000000 6860.208984 30 9
4218000.000000 4024075.000000 6628.571289 31 9
4218200.000000 4024075.000000 6405.298828 32 9
4218400.000000 4024075.000000 6193.601074 33 9
4218600.000000 4024075.000000 5997.492676 34 9
4218800.000000 4024075.000000 5809.656250 35 9
4219000.000000 4024075.000000 5612.599609 36 9
4219200.000000 4024075.000000 5316.004883 37 9
4219400.000000 4024075.000000 4950.403320 38 9
4219600.000000 4024075.000000 4640.675781 39 9
4219800.000000 4024075.000000 4454.482910 40 9
4220000.000000 4024075.000000 4281.050781 41 9
4220200.000000 4024075.000000 4024.060791 42 9
4212000.000000 4024446.875000 13808.818359 1 10
4212200.000000 4024446.875000 13567.482422 2 10
4212400.000000 4024446.875000 13326.160156 3 10
4212600.000000 4024446.875000 13084.835938 4 10
4212800.000000 4024446.875000 12843.520508 5 10
4213000.000000 4024446.875000 12602.223633 6 10
4213200.000000 4024446.875000 12360.928711 7 10
4213400.000000 4024446.875000 12119.148438 8 10
4213600.000000 4024446.875000 11877.891602 9 10
4213800.000000 4024446.875000 11636.141602 10 10
4214000.000000 4024446.875000 11394.408203 11 10
4214200.000000 4024446.875000 11152.707031 12 10
4214400.000000 4024446.875000 10910.520508 13 10
4214600.000000 4024446.875000 10668.352539 14 10
4214800.000000 4024446.875000 10426.204102 15 10
4215000.000000 4024446.875000 10184.081055 16 10
4215200.000000 4024446.875000 9941.497070 17 10
4215400.000000 4024446.875000 9698.952148 18 10
4215600.000000 4024446.875000 9456.432617 19 10
4215800.000000 4024446.875000 9213.466797 20 10
4216000.000000 4024446.875000 8971.145508 21 10
4216200.000000 4024446.875000 8729.735352 22 10
4216400.000000 4024446.875000 8489.306641 23 10
4216600.000000 4024446.875000 8249.833984 24 10
4216800.000000 4024446.875000 8010.244629 25 10
4217000.000000 4024446.875000 7768.991699 26 10
4217200.000000 4024446.875000 7525.125977 27 10
4217400.000000 4024446.875000 7278.373535 28 10
4217600.000000 4024446.875000 7033.727051 29 10
4217800.000000 4024446.875000 6794.403320 30 10
4218000.000000 4024446.875000 6564.264648 31 10
4218200.000000 4024446.875000 6347.745605 32 10
4218400.000000 4024446.875000 6153.875977 33 10
4218600.000000 4024446.875000 5989.183105 34 10
4218800.000000 4024446.875000 5856.812500 35 10
4219000.000000 4024446.875000 5742.697266 36 10
4219200.000000 4024446.875000 5409.976074 37 10
4219400.000000 4024446.875000 4942.110352 38 10
4219600.000000 4024446.875000 4655.841797 39 10
4219800.000000 4024446.875000 4442.404785 40 10
4220000.000000 4024446.875000 4226.301270 41 10
4220200.000000 4024446.875000 3905.554932 42 10
4212000.000000 4024818.750000 13752.180664 1 11
4212200.000000 4024818.750000 13510.837891 2 11
4212400.000000 4024818.750000 13269.500977 3 11
4212600.000000 4024818.750000 13028.177734 4 11
4212800.000000 4024818.750000 12786.853516 5 11
4213000.000000 4024818.750000 12545.539063 6 11
4213200.000000 4024818.750000 12304.243164 7 11
4213400.000000 4024818.750000 12062.451172 8 11
4213600.000000 4024818.750000 11821.173828 9 11
4213800.000000 4024818.750000 11579.418945 10 11
4214000.000000 4024818.750000 11337.669922 11 11
4214200.000000 4024818.750000 11095.942383 12 11
4214400.000000 4024818.750000 10854.236328 13 11
4214600.000000 4024818.750000 10612.055664 14 11
4214800.000000 4024818.750000 10369.883789 15 11
4215000.000000 4024818.750000 10127.234375 16 11
4215200.000000 4024818.750000 9884.618164 17 11
4215400.000000 4024818.750000 9642.026367 18 11
4215600.000000 4024818.750000 9399.463867 19 11
4215800.000000 4024818.750000 9156.444336 20 11
4216000.000000 4024818.750000 8914.051758 21 11
4216200.000000 4024818.750000 8673.043945 22 11
4216400.000000 4024818.750000 8432.978516 23 11
4216600.000000 4024818.750000 8194.365234 24 11
4216800.000000 4024818.750000 7954.678223 25 11
4217000.000000 4024818.750000 7713.349609 26 11
4217200.000000 4024818.750000 7466.447754 27 11
4217400.000000 4024818.750000 7214.670898 28 11
4217600.000000 4024818.750000 6965.319824 29 11
4217800.000000 4024818.750000 6721.576172 30 11
4218000.000000 4024818.750000 6487.016602 31 11
4218200.000000 4024818.750000 6266.264648 32 11
4218400.000000 4024818.750000 6071.058105 33 11
4218600.000000 4024818.750000 5912.567383 34 11
4218800.000000 4024818.750000 5790.670410 35 11
4219000.000000 4024818.750000 5677.696289 36 11
4219200.000000 4024818.750000 5294.535645 37 11
4219400.000000 4024818.750000 4763.211914 38 11
4219600.000000 4024818.750000 4553.681641 39 11
4219800.000000 4024818.750000 4360.942871 40 11
4220000.000000 4024818.750000 4083.756592 41 11
4220200.000000 4024818.750000 3752.064697 42 11
4212000.000000 4025190.625000 13695.529297 1 12
4212200.000000 4025190.625000 13454.178711 2 12
4212400.000000 4025190.625000 13212.841797 3 12
4212600.000000 4025190.625000 12971.500977 4 12
4212800.000000 4025190.625000 12730.167969 5 12
4213000.000000 4025190.625000 12488.850586 6 12
4213200.000000 4025190.625000 12247.533203 7 12
4213400.000000 4025190.625000 12005.727539 8 12
4213600.000000 4025190.625000 11763.944336 9 12
4213800.000000 4025190.625000 11522.662109 10 12
4214000.000000 4025190.625000 11281.394531 11 12
4214200.000000 4025190.625000 11039.655273 12 12
4214400.000000 4025190.625000 10797.426758 13 12
4214600.000000 4025190.625000 10555.211914 14 12
4214800.000000 4025190.625000 10313.012695 15 12
4215000.000000 4025190.625000 10070.333008 16 12
4215200.000000 4025190.625000 9827.679688 17 12
4215400.000000 4025190.625000 9585.055664 18 12
4215600.000000 4025190.625000 9342.444336 19 12
4215800.000000 4025190.625000 9099.367188 20 12
4216000.000000 4025190.625000 8856.896484 21 12
4216200.000000 4025190.625000 8615.756836 22 12
4216400.000000 4025190.625000 8376.532227 23 12
4216600.000000 4025190.625000 8138.242676 24 12
4216800.000000 4025190.625000 7898.892090 25 12
4217000.000000 4025190.625000 7656.413574 26 12
4217200.000000 4025190.625000 7406.886230 27 12
4217400.000000 4025190.625000 7149.929199 28 12
4217600.000000 4025190.625000 6895.142090 29 12
4217800.000000 4025190.625000 6644.684570 30 12
4218000.000000 4025190.625000 6397.970703 31 12
4218200.000000 4025190.625000 6156.560547 32 12
4218400.000000 4025190.625000 5934.964355 33 12
4218600.000000 4025190.625000 5738.977051 34 12
4218800.000000 4025190.625000 5557.304199 35 12
4219000.000000 4025190.625000 5386.371094 36 12
4219200.000000 4025190.625000 5047.998047 37 12
4219400.000000 4025190.625000 4598.440918 38 12
4219600.000000 4025190.625000 4409.486328 39 12
4219800.000000 4025190.625000 4243.616211 40 12
4220000.000000 4025190.625000 3955.312744 41 12
4220200.000000 4025190.625000 3678.148682 42 12
4212000.000000 4025562.500000 13639.380859 1 13
4212200.000000 4025562.500000 13398.021484 2 13
4212400.000000 4025562.500000 13156.666992 3 13
4212600.000000 4025562.500000 12915.323242 4 13
4212800.000000 4025562.500000 12673.978516 5 13
4213000.000000 4025562.500000 12432.140625 6 13
4213200.000000 4025562.500000 12190.817383 7 13
4213400.000000 4025562.500000 11948.995117 8 13
4213600.000000 4025562.500000 11707.185547 9 13
4213800.000000 4025562.500000 11465.892578 10 13
4214000.000000 4025562.500000 11224.603516 11 13
4214200.000000 4025562.500000 10982.831055 12 13
4214400.000000 4025562.500000 10740.577148 13 13
4214600.000000 4025562.500000 10498.334961 14 13
4214800.000000 4025562.500000 10256.113281 15 13
4215000.000000 4025562.500000 10013.402344 16 13
4215200.000000 4025562.500000 9770.711914 17 13
4215400.000000 4025562.500000 9528.039063 18 13
4215600.000000 4025562.500000 9284.884766 19 13
4215800.000000 4025562.500000 9041.756836 20 13
4216000.000000 4025562.500000 8799.214844 21 13
4216200.000000 4025562.500000 8558.459961 22 13
4216400.000000 4025562.500000 8319.549805 23 13
4216600.000000 4025562.500000 8081.562500 24 13
4216800.000000 4025562.500000 7841.994629 25 13
4217000.000000 4025562.500000 7597.823730 26 13
4217200.000000 4025562.500000 7346.599609 27 13
4217400.000000 4025562.500000 7086.981934 28 13
4217600.000000 4025562.500000 6828.477539 29 13
4217800.000000 4025562.500000 6570.749512 30 13
4218000.000000 4025562.500000 6309.208496 31 13
4218200.000000 4025562.500000 6044.917480 32 13
4218400.000000 4025562.500000 5779.692383 33 13
4218600.000000 4025562.500000 5492.930176 34 13
4218800.000000 4025562.500000 5253.025879 35 13
4219000.000000 4025562.500000 5095.863770 36 13
4219200.000000 4025562.500000 4829.138672 37 13
4219400.000000 4025562.500000 4505.555664 38 13
4219600.000000 4025562.500000 4326.907715 39 13
4219800.000000 4025562.500000 4187.214844 40 13
4220000.000000 4025562.500000 3949.252441 41 13
4220200.000000 4025562.500000 3682.350098 42 13
4212000.000000 4025934.375000 13583.220703 1 14
4212200.000000 4025934.375000 13341.860352 2 14
4212400.000000 4025934.375000 13100.495117 3 14
4212600.000000 4025934.375000 12859.131836 4 14
4212800.000000 4025934.375000 12617.283203 5 14
4213000.000000 4025934.375000 12375.430664 6 14
4213200.000000 4025934.375000 12134.083008 7 14
4213400.000000 4025934.375000 11892.743164 8 14
4213600.000000 4025934.375000 11650.921875 9 14
4213800.000000 4025934.375000 11409.099609 10 14
4214000.000000 4025934.375000 11167.787109 11 14
4214200.000000 4025934.375000 10925.998047 12 14
4214400.000000 4025934.375000 10683.714844 13 14
4214600.000000 4025934.375000 10441.443359 14 14
4214800.000000 4025934.375000 10199.182617 15 14
4215000.000000 4025934.375000 9956.437500 16 14
4215200.000000 4025934.375000 9713.711914 17 14
4215400.000000 4025934.375000 9471.008789 18 14
4215600.000000 4025934.375000 9228.311523 19 14
4215800.000000 4025934.375000 8985.137695 20 14
4216000.000000 4025934.375000 8742.530273 21 14
4216200.000000 4025934.375000 8501.648438 22 14
4216400.000000 4025934.375000 8262.571289 23 14
4216600.000000 4025934.375000 8024.363281 24 14
4216800.000000 4025934.375000 7784.580566 25 14
4217000.000000 4025934.375000 7540.677734 26 14
4217200.000000 4025934.375000 7289.251953 27 14
4217400.000000 4025934.375000 7029.465820 28 14
4217600.000000 4025934.375000 6769.340332 29 14
4217800.000000 4025934.375000 6506.904297 30 14
4218000.000000 4025934.375000 6239.729980 31 14
4218200.000000 4025934.375000 5966.817871 32 14
4218400.000000 4025934.375000 5674.971191 33 14
4218600.000000 4025934.375000 5344.629883 34 14
4218800.000000 4025934.375000 5099.913086 35 14
4219000.000000 4025934.375000 4976.360840 36 14
4219200.000000 4025934.375000 4739.468262 37 14
4219400.000000 4025934.375000 4472.355469 38 14
4219600.000000 4025934.375000 4329.386719 39 14
4219800.000000 4025934.375000 4170.776855 40 14
4220000.000000 4025934.375000 3945.861084 41 14
4220200.000000 4025934.375000 3650.925293 42 14
4212000.000000 4026306.250000 13527.067383 1 15
4212200.000000 4026306.250000 13285.188477 2 15
4212400.000000 4026306.250000 13043.811523 3 15
4212600.000000 4026306.250000 12802.444336 4 15
4212800.000000 4026306.250000 12561.072266 5 15
4213000.000000 4026306.250000 12319.205078 6 15
4213200.000000 4026306.250000 12077.349609 7 15
4213400.000000 4026306.250000 11835.991211 8 15
4213600.000000 4026306.250000 11594.639648 9 15
4213800.000000 4026306.250000 11352.802734 10 15
4214000.000000 4026306.250000 11110.965820 11 15
4214200.000000 4026306.250000 10869.140625 12 15
4214400.000000 4026306.250000 10627.328125 13 15
4214600.000000 4026306.250000 10385.033203 14 15
4214800.000000 4026306.250000 10142.240234 15 15
4215000.000000 4026306.250000 9899.460938 16 15
4215200.000000 4026306.250000 9656.699219 17 15
4215400.000000 4026306.250000 9413.950195 18 15
4215600.000000 4026306.250000 9171.212891 19 15
4215800.000000 4026306.250000 8928.494141 20 15
4216000.000000 4026306.250000 8685.825195 21 15
4216200.000000 4026306.250000 8444.840820 22 15
4216400.000000 4026306.250000 8205.086914 23 15
4216600.000000 4026306.250000 7966.182129 24 15
4216800.000000 4026306.250000 7725.673340 25 15
4217000.000000 4026306.250000 7482.062012 26 15
4217200.000000 4026306.250000 7231.925781 27 15
4217400.000000 4026306.250000 6975.459473 28 15
4217600.000000 4026306.250000 6717.252930 29 15
4217800.000000 4026306.250000 6456.176270 30 15
4218000.000000 4026306.250000 6193.564941 31 15
4218200.000000 4026306.250000 5933.518555 32 15
4218400.000000 4026306.250000 5658.540527 33 15
4218600.000000 4026306.250000 5382.940918 34 15
4218800.000000 4026306.250000 5178.975098 35 15
4219000.000000 4026306.250000 5032.063477 36 15
4219200.000000 4026306.250000 4799.038086 37 15
4219400.000000 4026306.250000 4484.044434 38 15
4219600.000000 4026306.250000 4303.740723 39 15
4219800.000000 4026306.250000 4104.803223 40 15
4220000.000000 4026306.250000 3856.463867 41 15
4220200.000000 4026306.250000 3545.689453 42 15
4212000.000000 4026678.125000 13470.902344 1 16
4212200.000000 4026678.125000 13229.020508 2 16
4212400.000000 4026678.125000 12987.630859 3 16
4212600.000000 4026678.125000 12746.243164 4 16
4212800.000000 4026678.125000 12504.865234 5 16
4213000.000000 4026678.125000 12262.981445 6 16
4213200.000000 4026678.125000 12021.099609 7 16
4213400.000000 4026678.125000 11779.729492 8 16
4213600.000000 4026678.125000 11538.355469 9 16
4213800.000000 4026678.125000 11296.486328 10 16
4214000.000000 4026678.125000 11054.623047 11 16
4214200.000000 4026678.125000 10812.777344 12 16
4214400.000000 4026678.125000 10570.433594 13 16
4214600.000000 4026678.125000 10328.097656 14 16
4214800.000000 4026678.125000 10085.770508 15 16
4215000.000000 4026678.125000 9842.955078 16 16
4215200.000000 4026678.125000 9600.156250 17 16
4215400.000000 4026678.125000 9357.377930 18 16
4215600.000000 4026678.125000 9114.600586 19 16
4215800.000000 4026678.125000 8871.837891 20 16
4216000.000000 4026678.125000 8629.111328 21 16
4216200.000000 4026678.125000 8387.514648 22 16
4216400.000000 4026678.125000 8147.117676 23 16
4216600.000000 4026678.125000 7907.024414 24 16
4216800.000000 4026678.125000 7665.829102 25 16
4217000.000000 4026678.125000 7422.540039 26 16
4217200.000000 4026678.125000 7175.746582 27 16
4217400.000000 4026678.125000 6925.168945 28 16
4217600.000000 4026678.125000 6672.560059 29 16
4217800.000000 4026678.125000 6416.122070 30 16
4218000.000000 4026678.125000 6157.171875 31 16
4218200.000000 4026678.125000 5900.850586 32 16
4218400.000000 4026678.125000 5624.454102 33 16
4218600.000000 4026678.125000 5344.930176 34 16
4218800.000000 4026678.125000 5200.001465 35 16
4219000.000000 4026678.125000 4970.713379 36 16
4219200.000000 4026678.125000 4738.067383 37 16
4219400.000000 4026678.125000 4480.417969 38 16
4219600.000000 4026678.125000 4269.983398 39 16
4219800.000000 4026678.125000 4032.835938 40 16
4220000.000000 4026678.125000 3805.687256 41 16
4220200.000000 4026678.125000 3507.641357 42 16
4212000.000000 4027050.000000 13414.744141 1 17
4212200.000000 4027050.000000 13172.842773 2 17
4212400.000000 4027050.000000 12931.440430 3 17
4212600.000000 4027050.000000 12690.046875 4 17
4212800.000000 4027050.000000 12448.645508 5 17
4213000.000000 4027050.000000 12206.745117 6 17
4213200.000000 4027050.000000 11965.352539 7 17
4213400.000000 4027050.000000 11723.953125 8 17
4213600.000000 4027050.000000 11482.056641 9 17
4213800.000000 4027050.000000 11240.170898 10 17
4214000.000000 4027050.000000 10997.781250 11 17
4214200.000000 4027050.000000 10755.897461 12 17
4214400.000000 4027050.000000 10513.521484 13 17
4214600.000000 4027050.000000 10271.152344 14 17
4214800.000000 4027050.000000 10028.798828 15 17
4215000.000000 4027050.000000 9785.948242 16 17
4215200.000000 4027050.000000 9543.611328 17 17
4215400.000000 4027050.000000 9300.784180 18 17
4215600.000000 4027050.000000 9057.966797 19 17
4215800.000000 4027050.000000 8815.158203 20 17
4216000.000000 4027050.000000 8572.381836 21 17
4216200.000000 4027050.000000 8330.186523 22 17
4216400.000000 4027050.000000 8088.142578 23 17
4216600.000000 4027050.000000 7845.890625 24 17
4216800.000000 4027050.000000 7603.536133 25 17
4217000.000000 4027050.000000 7362.092773 26 17
4217200.000000 4027050.000000 7120.675293 27 17
4217400.000000 4027050.000000 6878.597656 28 17
4217600.000000 4027050.000000 6634.794922 29 17
4217800.000000 4027050.000000 6386.031250 30 17
4218000.000000 4027050.000000 6130.375977 31 17
4218200.000000 4027050.000000 5866.449219 32 17
4218400.000000 4027050.000000 5556.395508 33 17
4218600.000000 4027050.000000 5225.963867 34 17
4218800.000000 4027050.000000 5143.940918 35 17
4219000.000000 4027050.000000 4780.189453 36 17
4219200.000000 4027050.000000 4499.704102 37 17
4219400.000000 4027050.000000 4446.808594 38 17
4219600.000000 4027050.000000 4313.919922 39 17
4219800.000000 4027050.000000 4035.397949 40 17
4220000.000000 4027050.000000 3793.888672 41 17
4220200.000000 4027050.000000 3514.700684 42 17
4212000.000000 4027421.875000 13359.076172 1 18
4212200.000000 4027421.875000 13117.170898 2 18
4212400.000000 4027421.875000 12875.256836 3 18
4212600.000000 4027421.875000 12633.840820 4 18
4212800.000000 4027421.875000 12392.431641 5 18
4213000.000000 4027421.875000 12150.513672 6 18
4213200.000000 4027421.875000 11909.094727 7 18
4213400.000000 4027421.875000 11667.682617 8 18
4213600.000000 4027421.875000 11425.762695 9 18
4213800.000000 4027421.875000 11183.842773 10 18
4214000.000000 4027421.875000 10941.425781 11 18
4214200.000000 4027421.875000 10699.020508 12 18
4214400.000000 4027421.875000 10456.612305 13 18
4214600.000000 4027421.875000 10214.208984 14 18
4214800.000000 4027421.875000 9971.811523 15 18
4215000.000000 4027421.875000 9728.924805 16 18
4215200.000000 4027421.875000 9486.557617 17 18
4215400.000000 4027421.875000 9244.190430 18 18
4215600.000000 4027421.875000 9001.829102 19 18
4215800.000000 4027421.875000 8758.974609 20 18
4216000.000000 4027421.875000 8516.129883 21 18
4216200.000000 4027421.875000 8272.841797 22 18
4216400.000000 4027421.875000 8028.169434 23 18
4216600.000000 4027421.875000 7782.777832 24 18
4216800.000000 4027421.875000 7539.276855 25 18
4217000.000000 4027421.875000 7300.207031 26 18
4217200.000000 4027421.875000 7065.680664 27 18
4217400.000000 4027421.875000 6835.130859 28 18
4217600.000000 4027421.875000 6604.679688 29 18
4217800.000000 4027421.875000 6369.540039 30 18
4218000.000000 4027421.875000 6125.913086 31 18
4218200.000000 4027421.875000 5873.895508 32 18
4218400.000000 4027421.875000 5587.291016 33 18
4218600.000000 4027421.875000 5217.899414 34 18
4218800.000000 4027421.875000 5052.627441 35 18
4219000.000000 4027421.875000 4773.545898 36 18
4219200.000000 4027421.875000 4578.737305 37 18
4219400.000000 4027421.875000 4473.888184 38 18
4219600.000000 4027421.875000 4292.578125 39 18
4219800.000000 4027421.875000 4052.395020 40 18
4220000.000000 4027421.875000 3792.908936 41 18
4220200.000000 4027421.875000 3503.958252 42 18
4212000.000000 4027793.750000 13303.415039 1 19
4212200.000000 4027793.750000 13061.489258 2 19
4212400.000000 4027793.750000 12819.570313 3 19
4212600.000000 4027793.750000 12578.140625 4 19
4212800.000000 4027793.750000 12336.208008 5 19
4213000.000000 4027793.750000 12094.280273 6 19
4213200.000000 4027793.750000 11852.841797 7 19
4213400.000000 4027793.750000 11610.900391 8 19
4213600.000000 4027793.750000 11368.956055 9 19
4213800.000000 4027793.750000 11127.019531 10 19
4214000.000000 4027793.750000 10884.574219 11 19
4214200.000000 4027793.750000 10642.129883 12 19
4214400.000000 4027793.750000 10399.688477 13 19
4214600.000000 4027793.750000 10157.250977 14 19
4214800.000000 4027793.750000 9914.827148 15 19
4215000.000000 4027793.750000 9671.902344 16 19
4215200.000000 4027793.750000 9429.488281 17 19
4215400.000000 4027793.750000 9187.080078 18 19
4215600.000000 4027793.750000 8945.174805 19 19
4215800.000000 4027793.750000 8702.779297 20 19
4216000.000000 4027793.750000 8459.874023 21 19
4216200.000000 4027793.750000 8215.497070 22 19
4216400.000000 4027793.750000 7968.202148 23 19
4216600.000000 4027793.750000 7720.177734 24 19
4216800.000000 4027793.750000 7475.063477 25 19
4217000.000000 4027793.750000 7236.875000 26 19
4217200.000000 4027793.750000 7009.740234 27 19
4217400.000000 4027793.750000 6792.653809 28 19
4217600.000000 4027793.750000 6578.414063 29 19
4217800.000000 4027793.750000 6361.718262 30 19
4218000.000000 4027793.750000 6140.345215 31 19
4218200.000000 4027793.750000 5913.951172 32 19
4218400.000000 4027793.750000 5679.486328 33 19
4218600.000000 4027793.750000 5386.794922 34 19
4218800.000000 4027793.750000 5128.553711 35 19
4219000.000000 4027793.750000 4823.658203 36 19
4219200.000000 4027793.750000 4526.629883 37 19
4219400.000000 4027793.750000 4310.707520 38 19
4219600.000000 4027793.750000 4134.145996 39 19
4219800.000000 4027793.750000 3916.677246 40 19
4220000.000000 4027793.750000 3653.386475 41 19
4220200.000000 4027793.750000 3392.809570 42 19
4212000.000000 4028165.625000 13247.753906 1 20
4212200.000000 4028165.625000 13005.815430 2 20
4212400.000000 4028165.625000 12763.875000 3 20
4212600.000000 4028165.625000 12522.438477 4 20
4212800.000000 4028165.625000 12280.490234 5 20
4213000.000000 4028165.625000 12038.537109 6 20
4213200.000000 4028165.625000 11796.579102 7 20
4213400.000000 4028165.625000 11554.624023 8 20
4213600.000000 4028165.625000 11312.656250 9 20
4213800.000000 4028165.625000 11070.185547 10 20
4214000.000000 4028165.625000 10828.211914 11 20
4214200.000000 4028165.625000 10585.745117 12 20
4214400.000000 4028165.625000 10343.270508 13 20
4214600.000000 4028165.625000 10100.798828 14 20
4214800.000000 4028165.625000 9857.830078 15 20
4215000.000000 4028165.625000 9614.869141 16 20
4215200.000000 4028165.625000 9372.415039 17 20
4215400.000000 4028165.625000 9130.473633 18 20
4215600.000000 4028165.625000 8888.024414 19 20
4215800.000000 4028165.625000 8646.072266 20 20
4216000.000000 4028165.625000 8403.609375 21 20
4216200.000000 4028165.625000 8158.654785 22 20
4216400.000000 4028165.625000 7909.260742 23 20
4216600.000000 4028165.625000 7658.123047 24 20
4216800.000000 4028165.625000 7410.372559 25 20
4217000.000000 4028165.625000 7173.045410 26 20
4217200.000000 4028165.625000 6952.781738 27 20
4217400.000000 4028165.625000 6749.027832 28 20
4217600.000000 4028165.625000 6550.501953 29 20
4217800.000000 4028165.625000 6351.397949 30 20
4218000.000000 4028165.625000 6147.080566 31 20
4218200.000000 4028165.625000 5932.891113 32 20
4218400.000000 4028165.625000 5698.763672 33 20
4218600.000000 4028165.625000 5431.477539 34 20
4218800.000000 4028165.625000 5139.746582 35 20
4219000.000000 4028165.625000 4790.237305 36 20
4219200.000000 4028165.625000 4416.574219 37 20
4219400.000000 4028165.625000 4185.801758 38 20
4219600.000000 4028165.625000 4012.949707 39 20
4219800.000000 4028165.625000 3815.750732 40 20
4220000.000000 4028165.625000 3572.891846 41 20
4220200.000000 4028165.625000 3286.406494 42 20
4212000.000000 4028537.500000 13191.584961 1 21
4212200.000000 4028537.500000 12950.142578 2 21
4212400.000000 4028537.500000 12708.188477 3 21
4212600.000000 4028537.500000 12466.230469 4 21
4212800.000000 4028537.500000 12224.265625 5 21
4213000.000000 4028537.500000 11982.302734 6 21
4213200.000000 4028537.500000 11739.826172 7 21
4213400.000000 4028537.500000 11497.841797 8 21
4213600.000000 4028537.500000 11255.858398 9 21
4213800.000000 4028537.500000 11013.861328 10 21
4214000.000000 4028537.500000 10771.360352 11 21
4214200.000000 4028537.500000 10529.354492 12 21
4214400.000000 4028537.500000 10286.846680 13 21
4214600.000000 4028537.500000 10043.840820 14 21
4214800.000000 4028537.500000 9800.845703 15 21
4215000.000000 4028537.500000 9557.846680 16 21
4215200.000000 4028537.500000 9315.353516 17 21
4215400.000000 4028537.500000 9073.362305 18 21
4215600.000000 4028537.500000 8831.370117 19 21
4215800.000000 4028537.500000 8589.879883 20 21
4216000.000000 4028537.500000 8347.366211 21 21
4216200.000000 4028537.500000 8101.845703 22 21
4216400.000000 4028537.500000 7850.865234 23 21
4216600.000000 4028537.500000 7597.104980 24 21
4216800.000000 4028537.500000 7348.205566 25 21
4217000.000000 4028537.500000 7112.201172 26 21
4217200.000000 4028537.500000 6897.739258 27 21
4217400.000000 4028537.500000 6703.227539 28 21
4217600.000000 4028537.500000 6517.673340 29 21
4217800.000000 4028537.500000 6332.187988 30 21
4218000.000000 4028537.500000 6141.454102 31 21
4218200.000000 4028537.500000 5940.879395 32 21
4218400.000000 4028537.500000 5716.662598 33 21
4218600.000000 4028537.500000 5458.891602 34 21
4218800.000000 4028537.500000 5130.483887 35 21
4219000.000000 4028537.500000 4748.652832 36 21
4219200.000000 4028537.500000 4413.735840 37 21
4219400.000000 4028537.500000 4191.691406 38 21
4219600.000000 4028537.500000 3927.462402 39 21
4219800.000000 4028537.500000 3708.418457 40 21
4220000.000000 4028537.500000 3479.370605 41 21
4220200.000000 4028537.500000 3182.246826 42 21
4212000.000000 4028909.375000 13135.924805 1 22
4212200.000000 4028909.375000 12893.962891 2 22
4212400.000000 4028909.375000 12652.003906 3 22
4212600.000000 4028909.375000 12410.031250 4 22
4212800.000000 4028909.375000 12168.051758 5 22
4213000.000000 4028909.375000 11926.063477 6 22
4213200.000000 4028909.375000 11683.576172 7 22
4213400.000000 4028909.375000 11441.571289 8 22
4213600.000000 4028909.375000 11199.555664 9 22
4213800.000000 4028909.375000 10957.534180 10 22
4214000.000000 4028909.375000 10715.013672 11 22
4214200.000000 4028909.375000 10472.977539 12 22
4214400.000000 4028909.375000 10229.938477 13 22
4214600.000000 4028909.375000 9986.899414 14 22
4214800.000000 4028909.375000 9743.860352 15 22
4215000.000000 4028909.375000 9500.824219 16 22
4215200.000000 4028909.375000 9258.292969 17 22
4215400.000000 4028909.375000 9016.270508 18 22
4215600.000000 4028909.375000 8774.238281 19 22
4215800.000000 4028909.375000 8532.700195 20 22
4216000.000000 4028909.375000 8290.652344 21 22
4216200.000000 4028909.375000 8044.569336 22 22
4216400.000000 4028909.375000 7792.514160 23 22
4216600.000000 4028909.375000 7538.132813 24 22
4216800.000000 4028909.375000 7289.562500 25 22
4217000.000000 4028909.375000 7054.824707 26 22
4217200.000000 4028909.375000 6842.561523 27 22
4217400.000000 4028909.375000 6653.159668 28 22
4217600.000000 4028909.375000 6474.562988 29 22
4217800.000000 4028909.375000 6299.188477 30 22
4218000.000000 4028909.375000 6119.688477 31 22
4218200.000000 4028909.375000 5933.119141 32 22
4218400.000000 4028909.375000 5737.737305 33 22
4218600.000000 4028909.375000 5519.067871 34 22
4218800.000000 4028909.375000 5147.677734 35 22
4219000.000000 4028909.375000 4712.188477 36 22
4219200.000000 4028909.375000 4383.706543 37 22
4219400.000000 4028909.375000 4132.497559 38 22
4219600.000000 4028909.375000 3815.267822 39 22
4219800.000000 4028909.375000 3604.870850 40 22
4220000.000000 4028909.375000 3401.107422 41 22
4220200.000000 4028909.375000 3117.381104 42 22
4212000.000000 4029281.250000 13080.267578 1 23
4212200.000000 4029281.250000 12838.293945 2 23
4212400.000000 4029281.250000 12596.314453 3 23
4212600.000000 4029281.250000 12354.328125 4 23
4212800.000000 4029281.250000 12112.341797 5 23
4213000.000000 4029281.250000 11869.837891 6 23
4213200.000000 4029281.250000 11627.324219 7 23
4213400.000000 4029281.250000 11384.800781 8 23
4213600.000000 4029281.250000 11142.771484 9 23
4213800.000000 4029281.250000 10900.725586 10 23
4214000.000000 4029281.250000 10658.670898 11 23
4214200.000000 4029281.250000 10416.106445 12 23
4214400.000000 4029281.250000 10173.037109 13 23
4214600.000000 4029281.250000 9930.472656 14 23
4214800.000000 4029281.250000 9687.399414 15 23
4215000.000000 4029281.250000 9444.328125 16 23
4215200.000000 4029281.250000 9201.760742 17 23
4215400.000000 4029281.250000 8959.194336 18 23
4215600.000000 4029281.250000 8717.635742 19 23
4215800.000000 4029281.250000 8476.066406 20 23
4216000.000000 4029281.250000 8233.980469 21 23
4216200.000000 4029281.250000 7987.869629 22 23
4216400.000000 4029281.250000 7736.251953 23 23
4216600.000000 4029281.250000 7481.741699 24 23
4216800.000000 4029281.250000 7232.444824 25 23
4217000.000000 4029281.250000 6995.897461 26 23
4217200.000000 4029281.250000 6783.224121 27 23
4217400.000000 4029281.250000 6594.301758 28 23
4217600.000000 4029281.250000 6418.375000 29 23
4217800.000000 4029281.250000 6246.869629 30 23
4218000.000000 4029281.250000 6075.897461 31 23
4218200.000000 4029281.250000 5903.343750 32 23
4218400.000000 4029281.250000 5730.421387 33 23
4218600.000000 4029281.250000 5535.671387 34 23
4218800.000000 4029281.250000 5174.267090 35 23
4219000.000000 4029281.250000 4701.962402 36 23
4219200.000000 4029281.250000 4306.113281 37 23
4219400.000000 4029281.250000 4001.238037 38 23
4219600.000000 4029281.250000 3691.242676 39 23
4219800.000000 4029281.250000 3492.315430 40 23
4220000.000000 4029281.250000 3286.314697 41 23
4220200.000000 4029281.250000 3009.951904 42 23
4212000.000000 4029653.125000 13024.605469 1 24
4212200.000000 4029653.125000 12782.629883 2 24
4212400.000000 4029653.125000 12540.638672 3 24
4212600.000000 4029653.125000 12298.640625 4 24
4212800.000000 4029653.125000 12056.132813 5 24
4213000.000000 4029653.125000 11813.614258 6 24
4213200.000000 4029653.125000 11571.092773 7 24
4213400.000000 4029653.125000 11328.549805 8 24
4213600.000000 4029653.125000 11086.492188 9 24
4213800.000000 4029653.125000 10844.424805 10 24
4214000.000000 4029653.125000 10602.354492 11 24
4214200.000000 4029653.125000 10359.263672 12 24
4214400.000000 4029653.125000 10116.665039 13 24
4214600.000000 4029653.125000 9873.562500 14 24
4214800.000000 4029653.125000 9630.458008 15 24
4215000.000000 4029653.125000 9387.353516 16 24
4215200.000000 4029653.125000 9144.750977 17 24
4215400.000000 4029653.125000 8902.160156 18 24
4215600.000000 4029653.125000 8660.561523 19 24
4215800.000000 4029653.125000 8418.463867 20 24
4216000.000000 4029653.125000 8176.364258 21 24
4216200.000000 4029653.125000 7930.722656 22 24
4216400.000000 4029653.125000 7680.068359 23 24
4216600.000000 4029653.125000 7427.464355 24 24
4216800.000000 4029653.125000 7178.476074 25 24
4217000.000000 4029653.125000 6940.141113 26 24
4217200.000000 4029653.125000 6723.544434 27 24
4217400.000000 4029653.125000 6529.053711 28 24
4217600.000000 4029653.125000 6346.934082 29 24
4217800.000000 4029653.125000 6172.354004 30 24
4218000.000000 4029653.125000 6002.214844 31 24
4218200.000000 4029653.125000 5839.722656 32 24
4218400.000000 4029653.125000 5680.845703 33 24
4218600.000000 4029653.125000 5509.837891 34 24
4218800.000000 4029653.125000 5252.633301 35 24
4219000.000000 4029653.125000 4819.933594 36 24
4219200.000000 4029653.125000 4347.618652 37 24
4219400.000000 4029653.125000 3988.304443 38 24
4219600.000000 4029653.125000 3674.572754 39 24
4219800.000000 4029653.125000 3426.675781 40 24
4220000.000000 4029653.125000 3185.761475 41 24
4220200.000000 4029653.125000 2914.719727 42 24
4212000.000000 4030025.000000 12968.955078 1 25
4212200.000000 4030025.000000 12726.960938 2 25
4212400.000000 4030025.000000 12484.459961 3 25
4212600.000000 4030025.000000 12242.458984 4 25
4212800.000000 4030025.000000 11999.937500 5 25
4213000.000000 4030025.000000 11757.405273 6 25
4213200.000000 4030025.000000 11514.859375 7 25
4213400.000000 4030025.000000 11272.299805 8 25
4213600.000000 4030025.000000 11029.732422 9 25
4213800.000000 4030025.000000 10787.644531 10 25
4214000.000000 4030025.000000 10545.542969 11 25
4214200.000000 4030025.000000 10302.926758 12 25
4214400.000000 4030025.000000 10059.801758 13 25
4214600.000000 4030025.000000 9816.678711 14 25
4214800.000000 4030025.000000 9573.543945 15 25
4215000.000000 4030025.000000 9330.407227 16 25
4215200.000000 4030025.000000 9087.771484 17 25
4215400.000000 4030025.000000 8845.139648 18 25
4215600.000000 4030025.000000 8603.009766 19 25
4215800.000000 4030025.000000 8361.391602 20 25
4216000.000000 4030025.000000 8118.762695 21 25
4216200.000000 4030025.000000 7873.613281 22 25
4216400.000000 4030025.000000 7624.436523 23 25
4216600.000000 4030025.000000 7374.258301 24 25
4216800.000000 4030025.000000 7127.125000 25 25
4217000.000000 4030025.000000 6888.043457 26 25
4217200.000000 4030025.000000 6664.595703 27 25
4217400.000000 4030025.000000 6457.636719 28 25
4217600.000000 4030025.000000 6262.372559 29 25
4217800.000000 4030025.000000 6074.209473 30 25
4218000.000000 4030025.000000 5894.228027 31 25
4218200.000000 4030025.000000 5728.250977 32 25
4218400.000000 4030025.000000 5574.338379 33 25
4218600.000000 4030025.000000 5415.004883 34 25
4218800.000000 4030025.000000 5213.503418 35 25
4219000.000000 4030025.000000 4848.402832 36 25
4219200.000000 4030025.000000 4389.523438 37 25
4219400.000000 4030025.000000 3998.487549 38 25
4219600.000000 4030025.000000 3669.830811 39 25
4219800.000000 4030025.000000 3392.243164 40 25
4220000.000000 4030025.000000 3129.453125 41 25
4220200.000000 4030025.000000 2859.181641 42 25
4212000.000000 4030396.875000 12912.808594 1 26
4212200.000000 4030396.875000 12670.804688 2 26
4212400.000000 4030396.875000 12428.293945 3 26
4212600.000000 4030396.875000 12186.273438 4 26
4212800.000000 4030396.875000 11943.740234 5 26
4213000.000000 4030396.875000 11701.203125 6 26
4213200.000000 4030396.875000 11458.642578 7 26
4213400.000000 4030396.875000 11216.067383 8 26
4213600.000000 4030396.875000 10973.473633 9 26
4213800.000000 4030396.875000 10731.366211 10 26
4214000.000000 4030396.875000 10488.752930 11 26
4214200.000000 4030396.875000 10246.113281 12 26
4214400.000000 4030396.875000 10003.461914 13 26
4214600.000000 4030396.875000 9760.303711 14 26
4214800.000000 4030396.875000 9517.139648 15 26
4215000.000000 4030396.875000 9273.971680 16 26
4215200.000000 4030396.875000 9031.312500 17 26
4215400.000000 4030396.875000 8788.648438 18 26
4215600.000000 4030396.875000 8545.988281 19 26
4215800.000000 4030396.875000 8303.833008 20 26
4216000.000000 4030396.875000 8061.181152 21 26
4216200.000000 4030396.875000 7816.519531 22 26
4216400.000000 4030396.875000 7569.338867 23 26
4216600.000000 4030396.875000 7321.613770 24 26
4216800.000000 4030396.875000 7075.870605 25 26
4217000.000000 4030396.875000 6835.112793 26 26
4217200.000000 4030396.875000 6602.905273 27 26
4217400.000000 4030396.875000 6381.604980 28 26
4217600.000000 4030396.875000 6167.733398 29 26
4217800.000000 4030396.875000 5959.267578 30 26
4218000.000000 4030396.875000 5758.822754 31 26
4218200.000000 4030396.875000 5575.590820 32 26
4218400.000000 4030396.875000 5406.603027 33 26
4218600.000000 4030396.875000 5223.176758 34 26
4218800.000000 4030396.875000 4998.733887 35 26
4219000.000000 4030396.875000 4683.508789 36 26
4219200.000000 4030396.875000 4313.180176 37 26
4219400.000000 4030396.875000 3962.862305 38 26
4219600.000000 4030396.875000 3654.061035 39 26
4219800.000000 4030396.875000 3376.838867 40 26
4220000.000000 4030396.875000 3107.089111 41 26
4220200.000000 4030396.875000 2832.550293 42 26
4212000.000000 4030768.750000 12857.157227 1 27
4212200.000000 4030768.750000 12615.144531 2 27
4212400.000000 4030768.750000 12372.632813 3 27
4212600.000000 4030768.750000 12130.103516 4 27
4212800.000000 4030768.750000 11887.060547 5 27
4213000.000000 4030768.750000 11645.001953 6 27
4213200.000000 4030768.750000 11402.428711 7 27
4213400.000000 4030768.750000 11159.847656 8 27
4213600.000000 4030768.750000 10917.238281 9 27
4213800.000000 4030768.750000 10674.613281 10 27
4214000.000000 4030768.750000 10431.971680 11 27
4214200.000000 4030768.750000 10189.810547 12 27
4214400.000000 4030768.750000 9946.635742 13 27
4214600.000000 4030768.750000 9703.460938 14 27
4214800.000000 4030768.750000 9460.769531 15 27
4215000.000000 4030768.750000 9217.573242 16 27
4215200.000000 4030768.750000 8974.376953 17 27
4215400.000000 4030768.750000 8731.681641 18 27
4215600.000000 4030768.750000 8488.990234 19 27
4215800.000000 4030768.750000 8246.313477 20 27
4216000.000000 4030768.750000 8003.637695 21 27
4216200.000000 4030768.750000 7759.463867 22 27
4216400.000000 4030768.750000 7514.278809 23 27
4216600.000000 4030768.750000 7269.035645 24 27
4216800.000000 4030768.750000 7024.744141 25 27
4217000.000000 4030768.750000 6782.410156 26 27
4217200.000000 4030768.750000 6542.560059 27 27
4217400.000000 4030768.750000 6306.025391 28 27
4217600.000000 4030768.750000 6074.375977 29 27
4217800.000000 4030768.750000 5844.008789 30 27
4218000.000000 4030768.750000 5618.413574 31 27
4218200.000000 4030768.750000 5413.424316 32 27
4218400.000000 4030768.750000 5219.416504 33 27
4218600.000000 4030768.750000 5003.391113 34 27
4218800.000000 4030768.750000 4749.190918 35 27
4219000.000000 4030768.750000 4468.771484 36 27
4219200.000000 4030768.750000 4180.546875 37 27
4219400.000000 4030768.750000 3893.848633 38 27
4219600.000000 4030768.750000 3622.583740 39 27
4219800.000000 4030768.750000 3362.722656 40 27
4220000.000000 4030768.750000 3096.308105 41 27
4220200.000000 4030768.750000 2820.742920 42 27
4212000.000000 4031140.625000 12801.519531 1 28
4212200.000000 4031140.625000 12559.000000 2 28
4212400.000000 4031140.625000 12316.471680 3 28
4212600.000000 4031140.625000 12073.433594 4 28
4212800.000000 4031140.625000 11830.880859 5 28
4213000.000000 4031140.625000 11588.321289 6 28
4213200.000000 4031140.625000 11345.737305 7 28
4213400.000000 4031140.625000 11103.134766 8 28
4213600.000000 4031140.625000 10860.510742 9 28
4213800.000000 4031140.625000 10617.870117 10 28
4214000.000000 4031140.625000 10375.220703 11 28
4214200.000000 4031140.625000 10133.040039 12 28
4214400.000000 4031140.625000 9889.843750 13 28
4214600.000000 4031140.625000 9646.637695 14 28
4214800.000000 4031140.625000 9403.922852 15 28
4215000.000000 4031140.625000 9160.701172 16 28
4215200.000000 4031140.625000 8917.984375 17 28
4215400.000000 4031140.625000 8674.761719 18 28
4215600.000000 4031140.625000 8432.041016 19 28
4215800.000000 4031140.625000 8189.326660 20 28
4216000.000000 4031140.625000 7946.124023 21 28
4216200.000000 4031140.625000 7702.933594 22 28
4216400.000000 4031140.625000 7458.743652 23 28
4216600.000000 4031140.625000 7215.011230 24 28
4216800.000000 4031140.625000 6971.725586 25 28
4217000.000000 4031140.625000 6728.395508 26 28
4217200.000000 4031140.625000 6483.000000 27 28
4217400.000000 4031140.625000 6236.707520 28 28
4217600.000000 4031140.625000 5993.330566 29 28
4217800.000000 4031140.625000 5750.739258 30 28
4218000.000000 4031140.625000 5512.345703 31 28
4218200.000000 4031140.625000 5289.088867 32 28
4218400.000000 4031140.625000 5071.788086 33 28
4218600.000000 4031140.625000 4835.812012 34 28
4218800.000000 4031140.625000 4576.144043 35 28
4219000.000000 4031140.625000 4317.095215 36 28
4219200.000000 4031140.625000 4068.829102 37 28
4219400.000000 4031140.625000 3819.930420 38 28
4219600.000000 4031140.625000 3573.751221 39 28
4219800.000000 4031140.625000 3328.023438 40 28
4220000.000000 4031140.625000 3069.881592 41 28
4220200.000000 4031140.625000 2801.509277 42 28
4212000.000000 4031512.500000 12745.379883 1 29
4212200.000000 4031512.500000 12502.861328 2 29
4212400.000000 4031512.500000 12259.826172 3 29
4212600.000000 4031512.500000 12017.280273 4 29
4212800.000000 4031512.500000 11774.718750 5 29
4213000.000000 4031512.500000 11532.141602 6 29
4213200.000000 4031512.500000 11289.048828 7 29
4213400.000000 4031512.500000 11046.443359 8 29
4213600.000000 4031512.500000 10803.806641 9 29
4213800.000000 4031512.500000 10561.152344 10 29
4214000.000000 4031512.500000 10318.479492 11 29
4214200.000000 4031512.500000 10076.281250 12 29
4214400.000000 4031512.500000 9833.065430 13 29
4214600.000000 4031512.500000 9589.846680 14 29
4214800.000000 4031512.500000 9347.109375 15 29
4215000.000000 4031512.500000 9103.864258 16 29
4215200.000000 4031512.500000 8861.114258 17 29
4215400.000000 4031512.500000 8617.865234 18 29
4215600.000000 4031512.500000 8375.118164 19 29
4215800.000000 4031512.500000 8131.884766 20 29
4216000.000000 4031512.500000 7889.154785 21 29
4216200.000000 4031512.500000 7645.945801 22 29
4216400.000000 4031512.500000 7402.746582 23 29
4216600.000000 4031512.500000 7160.016113 24 29
4216800.000000 4031512.500000 6916.748535 25 29
4217000.000000 4031512.500000 6672.939941 26 29
4217200.000000 4031512.500000 6426.069824 27 29
4217400.000000 4031512.500000 6175.628906 28 29
4217600.000000 4031512.500000 5928.108887 29 29
4217800.000000 4031512.500000 5684.845703 30 29
4218000.000000 4031512.500000 5447.674805 31 29
4218200.000000 4031512.500000 5214.264160 32 29
4218400.000000 4031512.500000 4978.371094 33 29
4218600.000000 4031512.500000 4736.701172 34 29
4218800.000000 4031512.500000 4488.547363 35 29
4219000.000000 4031512.500000 4240.039063 36 29
4219200.000000 4031512.500000 3995.536377 37 29
4219400.000000 4031512.500000 3754.356934 38 29
4219600.000000 4031512.500000 3514.607666 39 29
4219800.000000 4031512.500000 3272.335205 40 29
4220000.000000 4031512.500000 3021.732910 41 29
4220200.000000 4031512.500000 2766.557617 42 29
4212000.000000 4031884.375000 12689.251953 1 30
4212200.000000 4031884.375000 12446.219727 2 30
4212400.000000 4031884.375000 12203.677734 3 30
4212600.000000 4031884.375000 11961.125000 4 30
4212800.000000 4031884.375000 11718.564453 5 30
4213000.000000 4031884.375000 11475.480469 6 30
4213200.000000 4031884.375000 11232.877930 7 30
4213400.000000 4031884.375000 10990.254883 8 30
4213600.000000 4031884.375000 10747.107422 9 30
4213800.000000 4031884.375000 10504.441406 10 30
4214000.000000 4031884.375000 10261.762695 11 30
4214200.000000 4031884.375000 10019.548828 12 30
4214400.000000 4031884.375000 9776.315430 13 30
4214600.000000 4031884.375000 9533.070313 14 30
4214800.000000 4031884.375000 9290.312500 15 30
4215000.000000 4031884.375000 9047.044922 16 30
4215200.000000 4031884.375000 8804.280273 17 30
4215400.000000 4031884.375000 8561.006836 18 30
4215600.000000 4031884.375000 8317.736328 19 30
4215800.000000 4031884.375000 8074.969238 20 30
4216000.000000 4031884.375000 7831.714844 21 30
4216200.000000 4031884.375000 7588.485352 22 30
4216400.000000 4031884.375000 7345.771973 23 30
4216600.000000 4031884.375000 7103.547363 24 30
4216800.000000 4031884.375000 6860.790039 25 30
4217000.000000 4031884.375000 6617.009277 26 30
4217200.000000 4031884.375000 6370.187012 27 30
4217400.000000 4031884.375000 6121.255371 28 30
4217600.000000 4031884.375000 5873.921875 29 30
4217800.000000 4031884.375000 5630.428711 30 30
4218000.000000 4031884.375000 5393.015137 31 30
4218200.000000 4031884.375000 5153.662598 32 30
4218400.000000 4031884.375000 4909.287109 33 30
4218600.000000 4031884.375000 4666.326172 34 30
4218800.000000 4031884.375000 4425.917969 35 30
4219000.000000 4031884.375000 4181.584473 36 30
4219200.000000 4031884.375000 3935.699219 37 30
4219400.000000 4031884.375000 3694.468994 38 30
4219600.000000 4031884.375000 3455.212402 39 30
4219800.000000 4031884.375000 3213.761230 40 30
4220000.000000 4031884.375000 2968.600830 41 30
4220200.000000 4031884.375000 2722.060303 42 30
4212000.000000 4032256.250000 12632.622070 1 31
4212200.000000 4032256.250000 12389.592773 2 31
4212400.000000 4032256.250000 12147.044922 3 31
4212600.000000 4032256.250000 11904.486328 4 31
4212800.000000 4032256.250000 11661.912109 5 31
4213000.000000 4032256.250000 11418.821289 6 31
4213200.000000 4032256.250000 11176.210938 7 31
4213400.000000 4032256.250000 10933.587891 8 31
4213600.000000 4032256.250000 10690.431641 9 31
4213800.000000 4032256.250000 10447.753906 10 31
4214000.000000 4032256.250000 10205.054688 11 31
4214200.000000 4032256.250000 9962.827148 12 31
4214400.000000 4032256.250000 9719.578125 13 31
4214600.000000 4032256.250000 9476.823242 14 31
4214800.000000 4032256.250000 9233.546875 15 31
4215000.000000 4032256.250000 8990.258789 16 31
4215200.000000 4032256.250000 8747.464844 17 31
4215400.000000 4032256.250000 8504.169922 18 31
4215600.000000 4032256.250000 8260.876953 19 31
4215800.000000 4032256.250000 8018.095703 20 31
4216000.000000 4032256.250000 7774.819824 21 31
4216200.000000 4032256.250000 7531.570801 22 31
4216400.000000 4032256.250000 7288.842773 23 31
4216600.000000 4032256.250000 7046.104492 24 31
4216800.000000 4032256.250000 6803.350098 25 31
4217000.000000 4032256.250000 6559.582520 26 31
4217200.000000 4032256.250000 6314.790039 27 31
4217400.000000 4032256.250000 6068.427734 28 31
4217600.000000 4032256.250000 5822.549805 29 31
4217800.000000 4032256.250000 5578.791992 30 31
4218000.000000 4032256.250000 5337.787598 31 31
4218200.000000 4032256.250000 5095.832520 32 31
4218400.000000 4032256.250000 4851.410645 33 31
4218600.000000 4032256.250000 4608.251953 34 31
4218800.000000 4032256.250000 4367.193359 35 31
4219000.000000 4032256.250000 4123.941406 36 31
4219200.000000 4032256.250000 3879.667725 37 31
4219400.000000 4032256.250000 3637.968994 38 31
4219600.000000 4032256.250000 3397.253906 39 31
4219800.000000 4032256.250000 3155.854004 40 31
4220000.000000 4032256.250000 2913.527100 41 31
4220200.000000 4032256.250000 2671.175293 42 31
4212000.000000 4032628.125000 12576.004883 1 32
4212200.000000 4032628.125000 12333.460938 2 32
4212400.000000 4032628.125000 12090.907227 3 32
4212600.000000 4032628.125000 11847.844727 4 32
4212800.000000 4032628.125000 11605.274414 5 32
4213000.000000 4032628.125000 11362.676758 6 32
4213200.000000 4032628.125000 11120.061523 7 32
4213400.000000 4032628.125000 10876.923828 8 32
4213600.000000 4032628.125000 10634.257813 9 32
4213800.000000 4032628.125000 10391.570313 10 32
4214000.000000 4032628.125000 10148.869141 11 32
4214200.000000 4032628.125000 9906.128906 12 32
4214400.000000 4032628.125000 9663.364258 13 32
4214600.000000 4032628.125000 9420.084961 14 32
4214800.000000 4032628.125000 9176.791016 15 32
4215000.000000 4032628.125000 8933.484375 16 32
4215200.000000 4032628.125000 8690.677734 17 32
4215400.000000 4032628.125000 8447.362305 18 32
4215600.000000 4032628.125000 8204.547852 19 32
4215800.000000 4032628.125000 7961.238281 20 32
4216000.000000 4032628.125000 7717.942871 21 32
4216200.000000 4032628.125000 7474.675781 22 32
4216400.000000 4032628.125000 7231.434082 23 32
4216600.000000 4032628.125000 6988.698242 24 32
4216800.000000 4032628.125000 6745.944824 25 32
4217000.000000 4032628.125000 6502.683594 26 32
4217200.000000 4032628.125000 6258.910645 27 32
4217400.000000 4032628.125000 6014.101563 28 32
4217600.000000 4032628.125000 5769.751465 29 32
4217800.000000 4032628.125000 5526.421387 30 32
4218000.000000 4032628.125000 5284.169434 31 32
4218200.000000 4032628.125000 5041.129883 32 32
4218400.000000 4032628.125000 4797.626465 33 32
4218600.000000 4032628.125000 4554.558105 34 32
4218800.000000 4032628.125000 4312.371582 35 32
4219000.000000 4032628.125000 4068.949707 36 32
4219200.000000 4032628.125000 3825.321289 37 32
4219400.000000 4032628.125000 3582.702148 38 32
4219600.000000 4032628.125000 3340.229492 39 32
4219800.000000 4032628.125000 3098.284912 40 32
4220000.000000 4032628.125000 2856.778809 41 32
4220200.000000 4032628.125000 2615.701172 42 32
4212000.000000 4033000.000000 12519.881836 1 33
4212200.000000 4033000.000000 12277.340820 2 33
4212400.000000 4033000.000000 12034.784180 3 33
4212600.000000 4033000.000000 11791.717773 4 33
4212800.000000 4033000.000000 11549.133789 5 33
4213000.000000 4033000.000000 11306.533203 6 33
4213200.000000 4033000.000000 11063.912109 7 33
4213400.000000 4033000.000000 10820.776367 8 33
4213600.000000 4033000.000000 10577.603516 9 33
4213800.000000 4033000.000000 10334.908203 10 33
4214000.000000 4033000.000000 10092.187500 11 33
4214200.000000 4033000.000000 9849.434570 12 33
4214400.000000 4033000.000000 9606.664063 13 33
4214600.000000 4033000.000000 9363.369141 14 33
4214800.000000 4033000.000000 9120.058594 15 33
4215000.000000 4033000.000000 8877.232422 16 33
4215200.000000 4033000.000000 8634.397461 17 33
4215400.000000 4033000.000000 8391.061523 18 33
4215600.000000 4033000.000000 8147.728027 19 33
4215800.000000 4033000.000000 7904.399414 20 33
4216000.000000 4033000.000000 7661.095215 21 33
4216200.000000 4033000.000000 7417.812012 22 33
4216400.000000 4033000.000000 7174.556152 23 33
4216600.000000 4033000.000000 6931.806641 24 33
4216800.000000 4033000.000000 6689.054199 25 33
4217000.000000 4033000.000000 6445.798340 26 33
4217200.000000 4033000.000000 6202.538086 27 33
4217400.000000 4033000.000000 5958.775879 28 33
4217600.000000 4033000.000000 5715.478516 29 33
4217800.000000 4033000.000000 5472.666504 30 33
4218000.000000 4033000.000000 5230.348145 31 33
4218200.000000 4033000.000000 4988.058594 32 33
4218400.000000 4033000.000000 4744.781250 33 33
4218600.000000 4033000.000000 4501.521484 34 33
4218800.000000 4033000.000000 4258.264160 35 33
4219000.000000 4033000.000000 4015.002686 36 33
4219200.000000 4033000.000000 3770.696289 37 33
4219400.000000 4033000.000000 3526.847412 38 33
4219600.000000 4033000.000000 3283.447998 39 33
4219800.000000 4033000.000000 3040.913574 40 33
4220000.000000 4033000.000000 2799.273438 41 33
4220200.000000 4033000.000000 2558.515869 42 33
