# Type: scattered data
# Version: 6
# Description: No description
# Format: free
# Field: 1 x
# Field: 2 y
# Field: 3 z undefined
# Field: 4 column
# Field: 5 row
# Projection: Local Rectangular
# Units: undefined
# End:
# Information from grid:
# Grid_size: 42 x 33
# Grid_space: 4212000.000000,4220200.000000,4021100.000000,4033000.000000
# Scattered data: Not_available
# Z_field: z
# Vertical_faults: Not_available
# History: No history
# Z_units: undefined
4212000.000000 4021100.000000 24823.720703 1 1
4212200.000000 4021100.000000 24434.388672 2 1
4212400.000000 4021100.000000 24045.087891 3 1
4212600.000000 4021100.000000 23656.753906 4 1
4212800.000000 4021100.000000 23267.421875 5 1
4213000.000000 4021100.000000 22877.089844 6 1
4213200.000000 4021100.000000 22487.757813 7 1
4213400.000000 4021100.000000 22098.423828 8 1
4213600.000000 4021100.000000 21709.091797 9 1
4213800.000000 4021100.000000 21318.759766 10 1
4214000.000000 4021100.000000 20928.425781 11 1
4214200.000000 4021100.000000 20537.093750 12 1
4214400.000000 4021100.000000 20146.759766 13 1
4214600.000000 4021100.000000 19756.423828 14 1
4214800.000000 4021100.000000 19366.087891 15 1
4215000.000000 4021100.000000 18975.783203 16 1
4215200.000000 4021100.000000 18585.445313 17 1
4215400.000000 4021100.000000 18195.103516 18 1
4215600.000000 4021100.000000 17804.761719 19 1
4215800.000000 4021100.000000 17414.416016 20 1
4216000.000000 4021100.000000 17024.068359 21 1
4216200.000000 4021100.000000 16633.708984 22 1
4216400.000000 4021100.000000 16243.341797 23 1
4216600.000000 4021100.000000 15853.964844 24 1
4216800.000000 4021100.000000 15463.583008 25 1
4217000.000000 4021100.000000 15073.197266 26 1
4217200.000000 4021100.000000 14682.806641 27 1
4217400.000000 4021100.000000 14292.410156 28 1
4217600.000000 4021100.000000 13902.006836 29 1
4217800.000000 4021100.000000 13511.601563 30 1
4218000.000000 4021100.000000 13120.193359 31 1
4218200.000000 4021100.000000 12728.783203 32 1
4218400.000000 4021100.000000 12337.406250 33 1
4218600.000000 4021100.000000 11946.997070 34 1
4218800.000000 4021100.000000 11555.591797 35 1
4219000.000000 4021100.000000 11164.189453 36 1
4219200.000000 4021100.000000 10771.792969 37 1
4219400.000000 4021100.000000 10378.400391 38 1
4219600.000000 4021100.000000 9982.979492 39 1
4219800.000000 4021100.000000 9586.596680 40 1
4220000.000000 4021100.000000 9188.218750 41 1
4220200.000000 4021100.000000 8788.841797 42 1
4212000.000000 4021471.875000 24418.515625 1 2
4212200.000000 4021471.875000 24029.181641 2 2
4212400.000000 4021471.875000 23639.849609 3 2
4212600.000000 4021471.875000 23250.517578 4 2
4212800.000000 4021471.875000 22861.185547 5 2
4213000.000000 4021471.875000 22470.855469 6 2
4213200.000000 4021471.875000 22081.523438 7 2
4213400.000000 4021471.875000 21692.189453 8 2
4213600.000000 4021471.875000 21301.859375 9 2
4213800.000000 4021471.875000 20911.560547 10 2
4214000.000000 4021471.875000 20521.228516 11 2
4214200.000000 4021471.875000 20129.896484 12 2
4214400.000000 4021471.875000 19739.562500 13 2
4214600.000000 4021471.875000 19349.228516 14 2
4214800.000000 4021471.875000 18958.892578 15 2
4215000.000000 4021471.875000 18568.554688 16 2
4215200.000000 4021471.875000 18178.216797 17 2
4215400.000000 4021471.875000 17787.876953 18 2
4215600.000000 4021471.875000 17397.535156 19 2
4215800.000000 4021471.875000 17007.191406 20 2
4216000.000000 4021471.875000 16616.841797 21 2
4216200.000000 4021471.875000 16226.483398 22 2
4216400.000000 4021471.875000 15836.114258 23 2
4216600.000000 4021471.875000 15446.735352 24 2
4216800.000000 4021471.875000 15056.351563 25 2
4217000.000000 4021471.875000 14665.996094 26 2
4217200.000000 4021471.875000 14275.601563 27 2
4217400.000000 4021471.875000 13885.200195 28 2
4217600.000000 4021471.875000 13494.791992 29 2
4217800.000000 4021471.875000 13104.378906 30 2
4218000.000000 4021471.875000 12712.964844 31 2
4218200.000000 4021471.875000 12321.546875 32 2
4218400.000000 4021471.875000 11931.131836 33 2
4218600.000000 4021471.875000 11540.721680 34 2
4218800.000000 4021471.875000 11149.319336 35 2
4219000.000000 4021471.875000 10757.925781 36 2
4219200.000000 4021471.875000 10366.539063 37 2
4219400.000000 4021471.875000 9974.160156 38 2
4219600.000000 4021471.875000 9579.789063 39 2
4219800.000000 4021471.875000 9184.423828 40 2
4220000.000000 4021471.875000 8787.064453 41 2
4220200.000000 4021471.875000 8388.673828 42 2
4212000.000000 4021843.750000 24013.275391 1 3
4212200.000000 4021843.750000 23623.943359 2 3
4212400.000000 4021843.750000 23234.613281 3 3
4212600.000000 4021843.750000 22844.281250 4 3
4212800.000000 4021843.750000 22454.951172 5 3
4213000.000000 4021843.750000 22064.652344 6 3
4213200.000000 4021843.750000 21674.322266 7 3
4213400.000000 4021843.750000 21284.990234 8 3
4213600.000000 4021843.750000 20894.660156 9 3
4213800.000000 4021843.750000 20504.328125 10 3
4214000.000000 4021843.750000 20113.998047 11 3
4214200.000000 4021843.750000 19722.666016 12 3
4214400.000000 4021843.750000 19332.333984 13 3
4214600.000000 4021843.750000 18942.000000 14 3
4214800.000000 4021843.750000 18551.664063 15 3
4215000.000000 4021843.750000 18161.328125 16 3
4215200.000000 4021843.750000 17770.990234 17 3
4215400.000000 4021843.750000 17380.650391 18 3
4215600.000000 4021843.750000 16990.310547 19 3
4215800.000000 4021843.750000 16599.966797 20 3
4216000.000000 4021843.750000 16209.619141 21 3
4216200.000000 4021843.750000 15819.293945 22 3
4216400.000000 4021843.750000 15428.922852 23 3
4216600.000000 4021843.750000 15039.541992 24 3
4216800.000000 4021843.750000 14649.156250 25 3
4217000.000000 4021843.750000 14258.764648 26 3
4217200.000000 4021843.750000 13868.367188 27 3
4217400.000000 4021843.750000 13477.959961 28 3
4217600.000000 4021843.750000 13087.544922 29 3
4217800.000000 4021843.750000 12697.125000 30 3
4218000.000000 4021843.750000 12305.702148 31 3
4218200.000000 4021843.750000 11915.275391 32 3
4218400.000000 4021843.750000 11524.854492 33 3
4218600.000000 4021843.750000 11134.442383 34 3
4218800.000000 4021843.750000 10743.041992 35 3
4219000.000000 4021843.750000 10351.658203 36 3
4219200.000000 4021843.750000 9961.284180 37 3
4219400.000000 4021843.750000 9569.920898 38 3
4219600.000000 4021843.750000 9176.567383 39 3
4219800.000000 4021843.750000 8782.220703 40 3
4220000.000000 4021843.750000 8385.880859 41 3
4220200.000000 4021843.750000 7988.544922 42 3
4212000.000000 4022215.625000 23607.072266 1 4
4212200.000000 4022215.625000 23217.740234 2 4
4212400.000000 4022215.625000 22828.410156 3 4
4212600.000000 4022215.625000 22438.080078 4 4
4212800.000000 4022215.625000 22047.750000 5 4
4213000.000000 4022215.625000 21657.419922 6 4
4213200.000000 4022215.625000 21267.089844 7 4
4213400.000000 4022215.625000 20877.759766 8 4
4213600.000000 4022215.625000 20487.429688 9 4
4213800.000000 4022215.625000 20097.097656 10 4
4214000.000000 4022215.625000 19706.767578 11 4
4214200.000000 4022215.625000 19315.437500 12 4
4214400.000000 4022215.625000 18925.105469 13 4
4214600.000000 4022215.625000 18534.773438 14 4
4214800.000000 4022215.625000 18144.439453 15 4
4215000.000000 4022215.625000 17754.103516 16 4
4215200.000000 4022215.625000 17363.800781 17 4
4215400.000000 4022215.625000 16973.460938 18 4
4215600.000000 4022215.625000 16583.121094 19 4
4215800.000000 4022215.625000 16192.779297 20 4
4216000.000000 4022215.625000 15802.432617 21 4
4216200.000000 4022215.625000 15412.074219 22 4
4216400.000000 4022215.625000 15021.703125 23 4
4216600.000000 4022215.625000 14632.320313 24 4
4216800.000000 4022215.625000 14241.931641 25 4
4217000.000000 4022215.625000 13851.537109 26 4
4217200.000000 4022215.625000 13461.135742 27 4
4217400.000000 4022215.625000 13070.722656 28 4
4217600.000000 4022215.625000 12680.300781 29 4
4217800.000000 4022215.625000 12289.872070 30 4
4218000.000000 4022215.625000 11898.438477 31 4
4218200.000000 4022215.625000 11508.000977 32 4
4218400.000000 4022215.625000 11117.606445 33 4
4218600.000000 4022215.625000 10727.192383 34 4
4218800.000000 4022215.625000 10335.794922 35 4
4219000.000000 4022215.625000 9945.418945 36 4
4219200.000000 4022215.625000 9555.062500 37 4
4219400.000000 4022215.625000 9164.716797 38 4
4219600.000000 4022215.625000 8773.380859 39 4
4219800.000000 4022215.625000 8379.054688 40 4
4220000.000000 4022215.625000 7983.736328 41 4
4220200.000000 4022215.625000 7587.390137 42 4
4212000.000000 4022587.500000 23199.835938 1 5
4212200.000000 4022587.500000 22810.505859 2 5
4212400.000000 4022587.500000 22421.175781 3 5
4212600.000000 4022587.500000 22030.845703 4 5
4212800.000000 4022587.500000 21640.515625 5 5
4213000.000000 4022587.500000 21250.187500 6 5
4213200.000000 4022587.500000 20859.857422 7 5
4213400.000000 4022587.500000 20470.527344 8 5
4213600.000000 4022587.500000 20080.199219 9 5
4213800.000000 4022587.500000 19689.902344 10 5
4214000.000000 4022587.500000 19299.572266 11 5
4214200.000000 4022587.500000 18908.244141 12 5
4214400.000000 4022587.500000 18517.912109 13 5
4214600.000000 4022587.500000 18127.580078 14 5
4214800.000000 4022587.500000 17737.248047 15 5
4215000.000000 4022587.500000 17346.914063 16 5
4215200.000000 4022587.500000 16956.578125 17 5
4215400.000000 4022587.500000 16566.240234 18 5
4215600.000000 4022587.500000 16175.902344 19 5
4215800.000000 4022587.500000 15785.561523 20 5
4216000.000000 4022587.500000 15395.215820 21 5
4216200.000000 4022587.500000 15004.858398 22 5
4216400.000000 4022587.500000 14614.487305 23 5
4216600.000000 4022587.500000 14225.103516 24 5
4216800.000000 4022587.500000 13834.712891 25 5
4217000.000000 4022587.500000 13444.315430 26 5
4217200.000000 4022587.500000 13053.942383 27 5
4217400.000000 4022587.500000 12663.523438 28 5
4217600.000000 4022587.500000 12273.091797 29 5
4217800.000000 4022587.500000 11882.652344 30 5
4218000.000000 4022587.500000 11491.207031 31 5
4218200.000000 4022587.500000 11100.755859 32 5
4218400.000000 4022587.500000 10710.318359 33 5
4218600.000000 4022587.500000 10319.899414 34 5
4218800.000000 4022587.500000 9928.504883 35 5
4219000.000000 4022587.500000 9537.141602 36 5
4219200.000000 4022587.500000 9146.803711 37 5
4219400.000000 4022587.500000 8757.479492 38 5
4219600.000000 4022587.500000 8368.164063 39 5
4219800.000000 4022587.500000 7975.859375 40 5
4220000.000000 4022587.500000 7581.563965 41 5
4220200.000000 4022587.500000 7186.274902 42 5
4212000.000000 4022959.375000 22792.601563 1 6
4212200.000000 4022959.375000 22403.271484 2 6
4212400.000000 4022959.375000 22013.941406 3 6
4212600.000000 4022959.375000 21624.611328 4 6
4212800.000000 4022959.375000 21234.281250 5 6
4213000.000000 4022959.375000 20843.986328 6 6
4213200.000000 4022959.375000 20453.658203 7 6
4213400.000000 4022959.375000 20063.330078 8 6
4213600.000000 4022959.375000 19673.001953 9 6
4213800.000000 4022959.375000 19282.673828 10 6
4214000.000000 4022959.375000 18892.345703 11 6
4214200.000000 4022959.375000 18501.017578 12 6
4214400.000000 4022959.375000 18110.687500 13 6
4214600.000000 4022959.375000 17720.357422 14 6
4214800.000000 4022959.375000 17330.025391 15 6
4215000.000000 4022959.375000 16939.693359 16 6
4215200.000000 4022959.375000 16549.359375 17 6
4215400.000000 4022959.375000 16159.023438 18 6
4215600.000000 4022959.375000 15768.686523 19 6
4215800.000000 4022959.375000 15378.346680 20 6
4216000.000000 4022959.375000 14988.002930 21 6
4216200.000000 4022959.375000 14597.679688 22 6
4216400.000000 4022959.375000 14207.309570 23 6
4216600.000000 4022959.375000 13817.924805 24 6
4216800.000000 4022959.375000 13427.532227 25 6
4217000.000000 4022959.375000 13037.130859 26 6
4217200.000000 4022959.375000 12646.720703 27 6
4217400.000000 4022959.375000 12256.293945 28 6
4217600.000000 4022959.375000 11865.851563 29 6
4217800.000000 4022959.375000 11475.398438 30 6
4218000.000000 4022959.375000 11083.937500 31 6
4218200.000000 4022959.375000 10693.469727 32 6
4218400.000000 4022959.375000 10303.019531 33 6
4218600.000000 4022959.375000 9911.594727 34 6
4218800.000000 4022959.375000 9520.199219 35 6
4219000.000000 4022959.375000 9128.845703 36 6
4219200.000000 4022959.375000 8738.523438 37 6
4219400.000000 4022959.375000 8350.222656 38 6
4219600.000000 4022959.375000 7961.974121 39 6
4219800.000000 4022959.375000 7570.703125 40 6
4220000.000000 4022959.375000 7178.435547 41 6
4220200.000000 4022959.375000 6785.166992 42 6
4212000.000000 4023331.250000 22385.365234 1 7
4212200.000000 4023331.250000 21996.070313 2 7
4212400.000000 4023331.250000 21606.740234 3 7
4212600.000000 4023331.250000 21217.410156 4 7
4212800.000000 4023331.250000 20827.083984 5 7
4213000.000000 4023331.250000 20436.755859 6 7
4213200.000000 4023331.250000 20046.427734 7 7
4213400.000000 4023331.250000 19656.101563 8 7
4213600.000000 4023331.250000 19265.773438 9 7
4213800.000000 4023331.250000 18875.445313 10 7
4214000.000000 4023331.250000 18485.119141 11 7
4214200.000000 4023331.250000 18093.791016 12 7
4214400.000000 4023331.250000 17703.462891 13 7
4214600.000000 4023331.250000 17313.134766 14 7
4214800.000000 4023331.250000 16922.804688 15 7
4215000.000000 4023331.250000 16532.474609 16 7
4215200.000000 4023331.250000 16142.174805 17 7
4215400.000000 4023331.250000 15751.840820 18 7
4215600.000000 4023331.250000 15361.505859 19 7
4215800.000000 4023331.250000 14971.168945 20 7
4216000.000000 4023331.250000 14580.827148 21 7
4216200.000000 4023331.250000 14190.472656 22 7
4216400.000000 4023331.250000 13800.102539 23 7
4216600.000000 4023331.250000 13410.717773 24 7
4216800.000000 4023331.250000 13020.323242 25 7
4217000.000000 4023331.250000 12629.918945 26 7
4217200.000000 4023331.250000 12239.502930 27 7
4217400.000000 4023331.250000 11849.066406 28 7
4217600.000000 4023331.250000 11458.611328 29 7
4217800.000000 4023331.250000 11068.141602 30 7
4218000.000000 4023331.250000 10677.661133 31 7
4218200.000000 4023331.250000 10286.173828 32 7
4218400.000000 4023331.250000 9894.706055 33 7
4218600.000000 4023331.250000 9503.300781 34 7
4218800.000000 4023331.250000 9110.898438 35 7
4219000.000000 4023331.250000 8718.514648 36 7
4219200.000000 4023331.250000 8328.234375 37 7
4219400.000000 4023331.250000 7941.960938 38 7
4219600.000000 4023331.250000 7554.738281 39 7
4219800.000000 4023331.250000 7164.526855 40 7
4220000.000000 4023331.250000 6773.302246 41 7
4220200.000000 4023331.250000 6383.048828 42 7
4212000.000000 4023703.125000 21978.164063 1 8
4212200.000000 4023703.125000 21588.835938 2 8
4212400.000000 4023703.125000 21199.507813 3 8
4212600.000000 4023703.125000 20810.177734 4 8
4212800.000000 4023703.125000 20419.851563 5 8
4213000.000000 4023703.125000 20029.525391 6 8
4213200.000000 4023703.125000 19639.197266 7 8
4213400.000000 4023703.125000 19248.871094 8 8
4213600.000000 4023703.125000 18858.544922 9 8
4213800.000000 4023703.125000 18468.218750 10 8
4214000.000000 4023703.125000 18077.925781 11 8
4214200.000000 4023703.125000 17686.601563 12 8
4214400.000000 4023703.125000 17296.273438 13 8
4214600.000000 4023703.125000 16905.947266 14 8
4214800.000000 4023703.125000 16515.619141 15 8
4215000.000000 4023703.125000 16125.290039 16 8
4215200.000000 4023703.125000 15734.959961 17 8
4215400.000000 4023703.125000 15344.628906 18 8
4215600.000000 4023703.125000 14954.296875 19 8
4215800.000000 4023703.125000 14563.961914 20 8
4216000.000000 4023703.125000 14173.623047 21 8
4216200.000000 4023703.125000 13783.270508 22 8
4216400.000000 4023703.125000 13392.902344 23 8
4216600.000000 4023703.125000 13003.517578 24 8
4216800.000000 4023703.125000 12613.120117 25 8
4217000.000000 4023703.125000 12222.710938 26 8
4217200.000000 4023703.125000 11832.322266 27 8
4217400.000000 4023703.125000 11441.874023 28 8
4217600.000000 4023703.125000 11051.402344 29 8
4217800.000000 4023703.125000 10661.912109 30 8
4218000.000000 4023703.125000 10271.406250 31 8
4218200.000000 4023703.125000 9879.890625 32 8
4218400.000000 4023703.125000 9487.395508 33 8
4218600.000000 4023703.125000 9093.930664 34 8
4218800.000000 4023703.125000 8699.503906 35 8
4219000.000000 4023703.125000 8305.129883 36 8
4219200.000000 4023703.125000 7913.814941 37 8
4219400.000000 4023703.125000 7525.597168 38 8
4219600.000000 4023703.125000 7139.503906 39 8
4219800.000000 4023703.125000 6752.398438 40 8
4220000.000000 4023703.125000 6365.245605 41 8
4220200.000000 4023703.125000 5980.038574 42 8
4212000.000000 4024075.000000 21570.931641 1 9
4212200.000000 4024075.000000 21181.601563 2 9
4212400.000000 4024075.000000 20792.273438 3 9
4212600.000000 4024075.000000 20402.945313 4 9
4212800.000000 4024075.000000 20012.619141 5 9
4213000.000000 4024075.000000 19622.328125 6 9
4213200.000000 4024075.000000 19232.001953 7 9
4213400.000000 4024075.000000 18841.675781 8 9
4213600.000000 4024075.000000 18451.351563 9 9
4213800.000000 4024075.000000 18061.025391 10 9
4214000.000000 4024075.000000 17670.701172 11 9
4214200.000000 4024075.000000 17280.376953 12 9
4214400.000000 4024075.000000 16889.052734 13 9
4214600.000000 4024075.000000 16498.726563 14 9
4214800.000000 4024075.000000 16108.401367 15 9
4215000.000000 4024075.000000 15718.075195 16 9
4215200.000000 4024075.000000 15327.748047 17 9
4215400.000000 4024075.000000 14937.418945 18 9
4215600.000000 4024075.000000 14547.089844 19 9
4215800.000000 4024075.000000 14156.758789 20 9
4216000.000000 4024075.000000 13766.422852 21 9
4216200.000000 4024075.000000 13376.073242 22 9
4216400.000000 4024075.000000 12985.740234 23 9
4216600.000000 4024075.000000 12596.355469 24 9
4216800.000000 4024075.000000 12205.956055 25 9
4217000.000000 4024075.000000 11815.542969 26 9
4217200.000000 4024075.000000 11425.113281 27 9
4217400.000000 4024075.000000 11034.653320 28 9
4217600.000000 4024075.000000 10645.162109 29 9
4217800.000000 4024075.000000 10255.646484 30 9
4218000.000000 4024075.000000 9866.110352 31 9
4218200.000000 4024075.000000 9474.556641 32 9
4218400.000000 4024075.000000 9080.018555 33 9
4218600.000000 4024075.000000 8683.506836 34 9
4218800.000000 4024075.000000 8284.028320 35 9
4219000.000000 4024075.000000 7884.576172 36 9
4219200.000000 4024075.000000 7489.226074 37 9
4219400.000000 4024075.000000 7098.100098 38 9
4219600.000000 4024075.000000 6712.281250 39 9
4219800.000000 4024075.000000 6332.404297 40 9
4220000.000000 4024075.000000 5954.359375 41 9
4220200.000000 4024075.000000 5577.153320 42 9
4212000.000000 4024446.875000 21163.697266 1 10
4212200.000000 4024446.875000 20774.402344 2 10
4212400.000000 4024446.875000 20385.074219 3 10
4212600.000000 4024446.875000 19994.748047 4 10
4212800.000000 4024446.875000 19604.423828 5 10
4213000.000000 4024446.875000 19215.097656 6 10
4213200.000000 4024446.875000 18824.771484 7 10
4213400.000000 4024446.875000 18434.447266 8 10
4213600.000000 4024446.875000 18044.125000 9 10
4213800.000000 4024446.875000 17653.800781 10 10
4214000.000000 4024446.875000 17263.476563 11 10
4214200.000000 4024446.875000 16873.154297 12 10
4214400.000000 4024446.875000 16482.830078 13 10
4214600.000000 4024446.875000 16092.507813 14 10
4214800.000000 4024446.875000 15702.183594 15 10
4215000.000000 4024446.875000 15311.860352 16 10
4215200.000000 4024446.875000 14921.568359 17 10
4215400.000000 4024446.875000 14531.243164 18 10
4215600.000000 4024446.875000 14140.916992 19 10
4215800.000000 4024446.875000 13750.588867 20 10
4216000.000000 4024446.875000 13359.257813 21 10
4216200.000000 4024446.875000 12968.912109 22 10
4216400.000000 4024446.875000 12578.549805 23 10
4216600.000000 4024446.875000 12189.165039 24 10
4216800.000000 4024446.875000 11798.764648 25 10
4217000.000000 4024446.875000 11408.347656 26 10
4217200.000000 4024446.875000 11017.911133 27 10
4217400.000000 4024446.875000 10628.437500 28 10
4217600.000000 4024446.875000 10238.926758 29 10
4217800.000000 4024446.875000 9849.385742 30 10
4218000.000000 4024446.875000 9459.850586 31 10
4218200.000000 4024446.875000 9067.254883 32 10
4218400.000000 4024446.875000 8671.628906 33 10
4218600.000000 4024446.875000 8271.047852 34 10
4218800.000000 4024446.875000 7866.495605 35 10
4219000.000000 4024446.875000 7461.999512 36 10
4219200.000000 4024446.875000 7062.340820 37 10
4219400.000000 4024446.875000 6668.095703 38 10
4219600.000000 4024446.875000 6284.616211 39 10
4219800.000000 4024446.875000 5913.451660 40 10
4220000.000000 4024446.875000 5546.707520 41 10
4220200.000000 4024446.875000 5177.480469 42 10
4212000.000000 4024818.750000 20756.496094 1 11
4212200.000000 4024818.750000 20367.169922 2 11
4212400.000000 4024818.750000 19977.841797 3 11
4212600.000000 4024818.750000 19587.517578 4 11
4212800.000000 4024818.750000 19197.193359 5 11
4213000.000000 4024818.750000 18806.869141 6 11
4213200.000000 4024818.750000 18417.542969 7 11
4213400.000000 4024818.750000 18027.220703 8 11
4213600.000000 4024818.750000 17636.896484 9 11
4213800.000000 4024818.750000 17246.574219 10 11
4214000.000000 4024818.750000 16856.253906 11 11
4214200.000000 4024818.750000 16465.964844 12 11
4214400.000000 4024818.750000 16075.643555 13 11
4214600.000000 4024818.750000 15685.322266 14 11
4214800.000000 4024818.750000 15295.001953 15 11
4215000.000000 4024818.750000 14904.680664 16 11
4215200.000000 4024818.750000 14514.358398 17 11
4215400.000000 4024818.750000 14124.036133 18 11
4215600.000000 4024818.750000 13733.713867 19 11
4215800.000000 4024818.750000 13343.389648 20 11
4216000.000000 4024818.750000 12952.063477 21 11
4216200.000000 4024818.750000 12561.721680 22 11
4216400.000000 4024818.750000 12171.362305 23 11
4216600.000000 4024818.750000 11781.980469 24 11
4216800.000000 4024818.750000 11391.579102 25 11
4217000.000000 4024818.750000 11001.160156 26 11
4217200.000000 4024818.750000 10610.718750 27 11
4217400.000000 4024818.750000 10222.266602 28 11
4217600.000000 4024818.750000 9832.738281 29 11
4217800.000000 4024818.750000 9442.174805 30 11
4218000.000000 4024818.750000 9052.575195 31 11
4218200.000000 4024818.750000 8659.937500 32 11
4218400.000000 4024818.750000 8263.281250 33 11
4218600.000000 4024818.750000 7860.577637 34 11
4218800.000000 4024818.750000 7451.944336 35 11
4219000.000000 4024818.750000 7044.198242 36 11
4219200.000000 4024818.750000 6642.950684 37 11
4219400.000000 4024818.750000 6249.343262 38 11
4219600.000000 4024818.750000 5870.994141 39 11
4219800.000000 4024818.750000 5507.239258 40 11
4220000.000000 4024818.750000 5148.146484 41 11
4220200.000000 4024818.750000 4785.013672 42 11
4212000.000000 4025190.625000 20349.261719 1 12
4212200.000000 4025190.625000 19959.935547 2 12
4212400.000000 4025190.625000 19570.609375 3 12
4212600.000000 4025190.625000 19180.285156 4 12
4212800.000000 4025190.625000 18789.960938 5 12
4213000.000000 4025190.625000 18399.638672 6 12
4213200.000000 4025190.625000 18009.316406 7 12
4213400.000000 4025190.625000 17620.025391 8 12
4213600.000000 4025190.625000 17229.705078 9 12
4213800.000000 4025190.625000 16839.382813 10 12
4214000.000000 4025190.625000 16449.062500 11 12
4214200.000000 4025190.625000 16058.743164 12 12
4214400.000000 4025190.625000 15668.424805 13 12
4214600.000000 4025190.625000 15278.105469 14 12
4214800.000000 4025190.625000 14887.787109 15 12
4215000.000000 4025190.625000 14497.468750 16 12
4215200.000000 4025190.625000 14107.150391 17 12
4215400.000000 4025190.625000 13716.832031 18 12
4215600.000000 4025190.625000 13326.512695 19 12
4215800.000000 4025190.625000 12936.193359 20 12
4216000.000000 4025190.625000 12544.872070 21 12
4216200.000000 4025190.625000 12154.537109 22 12
4216400.000000 4025190.625000 11764.217773 23 12
4216600.000000 4025190.625000 11374.841797 24 12
4216800.000000 4025190.625000 10984.444336 25 12
4217000.000000 4025190.625000 10594.028320 26 12
4217200.000000 4025190.625000 10203.587891 27 12
4217400.000000 4025190.625000 9814.101563 28 12
4217600.000000 4025190.625000 9424.568359 29 12
4217800.000000 4025190.625000 9034.996094 30 12
4218000.000000 4025190.625000 8644.386719 31 12
4218200.000000 4025190.625000 8250.730469 32 12
4218400.000000 4025190.625000 7853.030273 33 12
4218600.000000 4025190.625000 7450.307617 34 12
4218800.000000 4025190.625000 7042.461914 35 12
4219000.000000 4025190.625000 6638.316895 36 12
4219200.000000 4025190.625000 6245.275391 37 12
4219400.000000 4025190.625000 5857.903809 38 12
4219600.000000 4025190.625000 5485.635742 39 12
4219800.000000 4025190.625000 5122.717773 40 12
4220000.000000 4025190.625000 4763.735352 41 12
4220200.000000 4025190.625000 4400.932617 42 12
4212000.000000 4025562.500000 19942.029297 1 13
4212200.000000 4025562.500000 19552.703125 2 13
4212400.000000 4025562.500000 19163.412109 3 13
4212600.000000 4025562.500000 18773.087891 4 13
4212800.000000 4025562.500000 18382.763672 5 13
4213000.000000 4025562.500000 17992.441406 6 13
4213200.000000 4025562.500000 17602.121094 7 13
4213400.000000 4025562.500000 17212.798828 8 13
4213600.000000 4025562.500000 16822.478516 9 13
4213800.000000 4025562.500000 16432.158203 10 13
4214000.000000 4025562.500000 16041.839844 11 13
4214200.000000 4025562.500000 15651.521484 12 13
4214400.000000 4025562.500000 15261.205078 13 13
4214600.000000 4025562.500000 14870.888672 14 13
4214800.000000 4025562.500000 14480.572266 15 13
4215000.000000 4025562.500000 14090.256836 16 13
4215200.000000 4025562.500000 13699.942383 17 13
4215400.000000 4025562.500000 13309.661133 18 13
4215600.000000 4025562.500000 12919.346680 19 13
4215800.000000 4025562.500000 12529.032227 20 13
4216000.000000 4025562.500000 12137.716797 21 13
4216200.000000 4025562.500000 11747.389648 22 13
4216400.000000 4025562.500000 11357.047852 23 13
4216600.000000 4025562.500000 10967.683594 24 13
4216800.000000 4025562.500000 10577.298828 25 13
4217000.000000 4025562.500000 10186.895508 26 13
4217200.000000 4025562.500000 9796.468750 27 13
4217400.000000 4025562.500000 9405.999023 28 13
4217600.000000 4025562.500000 9015.488281 29 13
4217800.000000 4025562.500000 8624.942383 30 13
4218000.000000 4025562.500000 8232.365234 31 13
4218200.000000 4025562.500000 7837.748535 32 13
4218400.000000 4025562.500000 7440.108398 33 13
4218600.000000 4025562.500000 7041.486328 34 13
4218800.000000 4025562.500000 6642.883301 35 13
4219000.000000 4025562.500000 6254.591797 36 13
4219200.000000 4025562.500000 5876.104980 37 13
4219400.000000 4025562.500000 5510.343750 38 13
4219600.000000 4025562.500000 5147.288574 39 13
4219800.000000 4025562.500000 4765.821289 40 13
4220000.000000 4025562.500000 4393.484375 41 13
4220200.000000 4025562.500000 4022.391846 42 13
4212000.000000 4025934.375000 19533.830078 1 14
4212200.000000 4025934.375000 19145.503906 2 14
4212400.000000 4025934.375000 18756.179688 3 14
4212600.000000 4025934.375000 18365.855469 4 14
4212800.000000 4025934.375000 17975.533203 5 14
4213000.000000 4025934.375000 17585.212891 6 14
4213200.000000 4025934.375000 17194.890625 7 14
4213400.000000 4025934.375000 16805.570313 8 14
4213600.000000 4025934.375000 16415.251953 9 14
4213800.000000 4025934.375000 16024.933594 10 14
4214000.000000 4025934.375000 15634.616211 11 14
4214200.000000 4025934.375000 15244.333008 12 14
4214400.000000 4025934.375000 14854.018555 13 14
4214600.000000 4025934.375000 14463.704102 14 14
4214800.000000 4025934.375000 14073.390625 15 14
4215000.000000 4025934.375000 13683.078125 16 14
4215200.000000 4025934.375000 13292.767578 17 14
4215400.000000 4025934.375000 12902.457031 18 14
4215600.000000 4025934.375000 12512.146484 19 14
4215800.000000 4025934.375000 12121.837891 20 14
4216000.000000 4025934.375000 11730.528320 21 14
4216200.000000 4025934.375000 11340.209961 22 14
4216400.000000 4025934.375000 10949.880859 23 14
4216600.000000 4025934.375000 10560.531250 24 14
4216800.000000 4025934.375000 10170.163086 25 14
4217000.000000 4025934.375000 9779.777344 26 14
4217200.000000 4025934.375000 9389.372070 27 14
4217400.000000 4025934.375000 8997.930664 28 14
4217600.000000 4025934.375000 8606.458008 29 14
4217800.000000 4025934.375000 8213.959961 30 14
4218000.000000 4025934.375000 7820.437012 31 14
4218200.000000 4025934.375000 7424.889160 32 14
4218400.000000 4025934.375000 7028.356445 33 14
4218600.000000 4025934.375000 6632.890625 34 14
4218800.000000 4025934.375000 6244.586914 35 14
4219000.000000 4025934.375000 5872.891113 36 14
4219200.000000 4025934.375000 5525.693848 37 14
4219400.000000 4025934.375000 5209.539551 38 14
4219600.000000 4025934.375000 4847.047363 39 14
4219800.000000 4025934.375000 4419.254395 40 14
4220000.000000 4025934.375000 4019.940674 41 14
4220200.000000 4025934.375000 3639.551025 42 14
4212000.000000 4026306.250000 19126.595703 1 15
4212200.000000 4026306.250000 18737.271484 2 15
4212400.000000 4026306.250000 18348.947266 3 15
4212600.000000 4026306.250000 17958.625000 4 15
4212800.000000 4026306.250000 17568.302734 5 15
4213000.000000 4026306.250000 17177.982422 6 15
4213200.000000 4026306.250000 16787.662109 7 15
4213400.000000 4026306.250000 16398.375000 8 15
4213600.000000 4026306.250000 16008.057617 9 15
4213800.000000 4026306.250000 15617.741211 10 15
4214000.000000 4026306.250000 15227.424805 11 15
4214200.000000 4026306.250000 14837.110352 12 15
4214400.000000 4026306.250000 14446.797852 13 15
4214600.000000 4026306.250000 14056.485352 14 15
4214800.000000 4026306.250000 13666.174805 15 15
4215000.000000 4026306.250000 13275.865234 16 15
4215200.000000 4026306.250000 12885.557617 17 15
4215400.000000 4026306.250000 12495.250977 18 15
4215600.000000 4026306.250000 12104.945313 19 15
4215800.000000 4026306.250000 11714.640625 20 15
4216000.000000 4026306.250000 11323.337891 21 15
4216200.000000 4026306.250000 10933.029297 22 15
4216400.000000 4026306.250000 10543.745117 23 15
4216600.000000 4026306.250000 10153.412109 24 15
4216800.000000 4026306.250000 9763.063477 25 15
4217000.000000 4026306.250000 9372.700195 26 15
4217200.000000 4026306.250000 8982.320313 27 15
4217400.000000 4026306.250000 8590.913086 28 15
4217600.000000 4026306.250000 8197.488281 29 15
4217800.000000 4026306.250000 7804.048340 30 15
4218000.000000 4026306.250000 7409.593750 31 15
4218200.000000 4026306.250000 7013.095703 32 15
4218400.000000 4026306.250000 6616.680664 33 15
4218600.000000 4026306.250000 6224.354980 34 15
4218800.000000 4026306.250000 5840.269043 35 15
4219000.000000 4026306.250000 5474.780273 36 15
4219200.000000 4026306.250000 5121.140625 37 15
4219400.000000 4026306.250000 4780.705078 38 15
4219600.000000 4026306.250000 4413.943359 39 15
4219800.000000 4026306.250000 4015.835693 40 15
4220000.000000 4026306.250000 3625.929688 41 15
4220200.000000 4026306.250000 3242.815674 42 15
4212000.000000 4026678.125000 18719.363281 1 16
4212200.000000 4026678.125000 18330.039063 2 16
4212400.000000 4026678.125000 17940.748047 3 16
4212600.000000 4026678.125000 17551.425781 4 16
4212800.000000 4026678.125000 17161.105469 5 16
4213000.000000 4026678.125000 16770.785156 6 16
4213200.000000 4026678.125000 16380.465820 7 16
4213400.000000 4026678.125000 15991.146484 8 16
4213600.000000 4026678.125000 15600.830078 9 16
4213800.000000 4026678.125000 15210.514648 10 16
4214000.000000 4026678.125000 14820.200195 11 16
4214200.000000 4026678.125000 14429.886719 12 16
4214400.000000 4026678.125000 14039.576172 13 16
4214600.000000 4026678.125000 13649.265625 14 16
4214800.000000 4026678.125000 13258.957031 15 16
4215000.000000 4026678.125000 12868.650391 16 16
4215200.000000 4026678.125000 12478.345703 17 16
4215400.000000 4026678.125000 12088.075195 18 16
4215600.000000 4026678.125000 11697.773438 19 16
4215800.000000 4026678.125000 11307.473633 20 16
4216000.000000 4026678.125000 10916.175781 21 16
4216200.000000 4026678.125000 10525.875977 22 16
4216400.000000 4026678.125000 10136.570313 23 16
4216600.000000 4026678.125000 9747.252930 24 16
4216800.000000 4026678.125000 9356.922852 25 16
4217000.000000 4026678.125000 8966.582031 26 16
4217200.000000 4026678.125000 8576.229492 27 16
4217400.000000 4026678.125000 8182.860840 28 16
4217600.000000 4026678.125000 7788.488281 29 16
4217800.000000 4026678.125000 7394.109863 30 16
4218000.000000 4026678.125000 6999.724609 31 16
4218200.000000 4026678.125000 6603.333984 32 16
4218400.000000 4026678.125000 6207.962891 33 16
4218600.000000 4026678.125000 5814.710449 34 16
4218800.000000 4026678.125000 5429.622559 35 16
4219000.000000 4026678.125000 5060.934570 36 16
4219200.000000 4026678.125000 4701.653809 37 16
4219400.000000 4026678.125000 4343.321777 38 16
4219600.000000 4026678.125000 3974.349121 39 16
4219800.000000 4026678.125000 3593.077148 40 16
4220000.000000 4026678.125000 3209.177002 41 16
4220200.000000 4026678.125000 2829.664551 42 16
4212000.000000 4027050.000000 18312.162109 1 17
4212200.000000 4027050.000000 17922.837891 2 17
4212400.000000 4027050.000000 17533.515625 3 17
4212600.000000 4027050.000000 17144.193359 4 17
4212800.000000 4027050.000000 16753.873047 5 17
4213000.000000 4027050.000000 16363.553711 6 17
4213200.000000 4027050.000000 15973.236328 7 17
4213400.000000 4027050.000000 15583.917969 8 17
4213600.000000 4027050.000000 15193.601563 9 17
4213800.000000 4027050.000000 14803.287109 10 17
4214000.000000 4027050.000000 14412.973633 11 17
4214200.000000 4027050.000000 14022.662109 12 17
4214400.000000 4027050.000000 13632.385742 13 17
4214600.000000 4027050.000000 13242.077148 14 17
4214800.000000 4027050.000000 12851.770508 15 17
4215000.000000 4027050.000000 12461.465820 16 17
4215200.000000 4027050.000000 12071.164063 17 17
4215400.000000 4027050.000000 11680.864258 18 17
4215600.000000 4027050.000000 11290.565430 19 17
4215800.000000 4027050.000000 10900.268555 20 17
4216000.000000 4027050.000000 10508.975586 21 17
4216200.000000 4027050.000000 10118.683594 22 17
4216400.000000 4027050.000000 9729.388672 23 17
4216600.000000 4027050.000000 9340.084961 24 17
4216800.000000 4027050.000000 8950.771484 25 17
4217000.000000 4027050.000000 8560.451172 26 17
4217200.000000 4027050.000000 8169.123535 27 17
4217400.000000 4027050.000000 7774.791016 28 17
4217600.000000 4027050.000000 7380.463867 29 17
4217800.000000 4027050.000000 6985.143066 30 17
4218000.000000 4027050.000000 6590.818359 31 17
4218200.000000 4027050.000000 6194.481934 32 17
4218400.000000 4027050.000000 5800.184570 33 17
4218600.000000 4027050.000000 5406.961914 34 17
4218800.000000 4027050.000000 5018.841797 35 17
4219000.000000 4027050.000000 4642.951660 36 17
4219200.000000 4027050.000000 4274.379883 37 17
4219400.000000 4027050.000000 3907.102539 38 17
4219600.000000 4027050.000000 3537.035400 39 17
4219800.000000 4027050.000000 3159.088135 40 17
4220000.000000 4027050.000000 2782.488770 41 17
4220200.000000 4027050.000000 2407.445557 42 17
4212000.000000 4027421.875000 17904.927734 1 18
4212200.000000 4027421.875000 17515.605469 2 18
4212400.000000 4027421.875000 17126.283203 3 18
4212600.000000 4027421.875000 16736.960938 4 18
4212800.000000 4027421.875000 16346.641602 5 18
4213000.000000 4027421.875000 15956.322266 6 18
4213200.000000 4027421.875000 15566.004883 7 18
4213400.000000 4027421.875000 15176.720703 8 18
4213600.000000 4027421.875000 14786.406250 9 18
4213800.000000 4027421.875000 14396.092773 10 18
4214000.000000 4027421.875000 14005.780273 11 18
4214200.000000 4027421.875000 13615.469727 12 18
4214400.000000 4027421.875000 13225.161133 13 18
4214600.000000 4027421.875000 12834.854492 14 18
4214800.000000 4027421.875000 12444.549805 15 18
4215000.000000 4027421.875000 12054.247070 16 18
4215200.000000 4027421.875000 11663.947266 17 18
4215400.000000 4027421.875000 11273.649414 18 18
4215600.000000 4027421.875000 10883.353516 19 18
4215800.000000 4027421.875000 10493.059570 20 18
4216000.000000 4027421.875000 10101.771484 21 18
4216200.000000 4027421.875000 9711.485352 22 18
4216400.000000 4027421.875000 9322.199219 23 18
4216600.000000 4027421.875000 8932.941406 24 18
4216800.000000 4027421.875000 8543.642578 25 18
4217000.000000 4027421.875000 8153.339844 26 18
4217200.000000 4027421.875000 7762.033203 27 18
4217400.000000 4027421.875000 7367.728516 28 18
4217600.000000 4027421.875000 6973.438477 29 18
4217800.000000 4027421.875000 6579.125488 30 18
4218000.000000 4027421.875000 6184.845703 31 18
4218200.000000 4027421.875000 5789.541016 32 18
4218400.000000 4027421.875000 5396.258789 33 18
4218600.000000 4027421.875000 5004.036133 34 18
4218800.000000 4027421.875000 4614.901367 35 18
4219000.000000 4027421.875000 4232.942871 36 18
4219200.000000 4027421.875000 3856.086914 37 18
4219400.000000 4027421.875000 3482.359619 38 18
4219600.000000 4027421.875000 3108.667725 39 18
4219800.000000 4027421.875000 2731.561279 40 18
4220000.000000 4027421.875000 2356.138428 41 18
4220200.000000 4027421.875000 1981.360596 42 18
4212000.000000 4027793.750000 17497.693359 1 19
4212200.000000 4027793.750000 17108.371094 2 19
4212400.000000 4027793.750000 16719.048828 3 19
4212600.000000 4027793.750000 16329.760742 4 19
4212800.000000 4027793.750000 15939.442383 5 19
4213000.000000 4027793.750000 15549.124023 6 19
4213200.000000 4027793.750000 15158.807617 7 19
4213400.000000 4027793.750000 14769.490234 8 19
4213600.000000 4027793.750000 14379.176758 9 19
4213800.000000 4027793.750000 13988.863281 10 19
4214000.000000 4027793.750000 13598.551758 11 19
4214200.000000 4027793.750000 13208.243164 12 19
4214400.000000 4027793.750000 12817.935547 13 19
4214600.000000 4027793.750000 12427.629883 14 19
4214800.000000 4027793.750000 12037.327148 15 19
4215000.000000 4027793.750000 11647.025391 16 19
4215200.000000 4027793.750000 11256.727539 17 19
4215400.000000 4027793.750000 10866.431641 18 19
4215600.000000 4027793.750000 10476.170898 19 19
4215800.000000 4027793.750000 10085.879883 20 19
4216000.000000 4027793.750000 9694.594727 21 19
4216200.000000 4027793.750000 9304.313477 22 19
4216400.000000 4027793.750000 8915.035156 23 19
4216600.000000 4027793.750000 8525.752930 24 19
4216800.000000 4027793.750000 8135.467285 25 19
4217000.000000 4027793.750000 7745.178223 26 19
4217200.000000 4027793.750000 7353.887207 27 19
4217400.000000 4027793.750000 6961.599121 28 19
4217600.000000 4027793.750000 6567.330078 29 19
4217800.000000 4027793.750000 6174.069336 30 19
4218000.000000 4027793.750000 5780.806152 31 19
4218200.000000 4027793.750000 5387.510742 32 19
4218400.000000 4027793.750000 4994.226074 33 19
4218600.000000 4027793.750000 4601.987793 34 19
4218800.000000 4027793.750000 4211.820313 35 19
4219000.000000 4027793.750000 3826.747559 36 19
4219200.000000 4027793.750000 3444.737061 37 19
4219400.000000 4027793.750000 3065.762939 38 19
4219600.000000 4027793.750000 2688.714600 39 19
4219800.000000 4027793.750000 2310.518799 40 19
4220000.000000 4027793.750000 1933.136353 41 19
4220200.000000 4027793.750000 1555.514404 42 19
4212000.000000 4028165.625000 17089.494141 1 20
4212200.000000 4028165.625000 16701.169922 2 20
4212400.000000 4028165.625000 16311.847656 3 20
4212600.000000 4028165.625000 15922.527344 4 20
4212800.000000 4028165.625000 15532.208984 5 20
4213000.000000 4028165.625000 15141.891602 6 20
4213200.000000 4028165.625000 14751.575195 7 20
4213400.000000 4028165.625000 14362.258789 8 20
4213600.000000 4028165.625000 13971.945313 9 20
4213800.000000 4028165.625000 13581.632813 10 20
4214000.000000 4028165.625000 13191.322266 11 20
4214200.000000 4028165.625000 12801.014648 12 20
4214400.000000 4028165.625000 12410.708008 13 20
4214600.000000 4028165.625000 12020.436523 14 20
4214800.000000 4028165.625000 11630.133789 15 20
4215000.000000 4028165.625000 11239.833984 16 20
4215200.000000 4028165.625000 10849.537109 17 20
4215400.000000 4028165.625000 10459.242188 18 20
4215600.000000 4028165.625000 10068.950195 19 20
4215800.000000 4028165.625000 9678.660156 20 20
4216000.000000 4028165.625000 9287.376953 21 20
4216200.000000 4028165.625000 8897.098633 22 20
4216400.000000 4028165.625000 8507.824219 23 20
4216600.000000 4028165.625000 8118.547363 24 20
4216800.000000 4028165.625000 7728.268555 25 20
4217000.000000 4028165.625000 7336.988281 26 20
4217200.000000 4028165.625000 6946.703613 27 20
4217400.000000 4028165.625000 6555.421387 28 20
4217600.000000 4028165.625000 6162.151367 29 20
4217800.000000 4028165.625000 5769.882813 30 20
4218000.000000 4028165.625000 5377.608398 31 20
4218200.000000 4028165.625000 4985.306641 32 20
4218400.000000 4028165.625000 4593.013184 33 20
4218600.000000 4028165.625000 4200.755859 34 20
4218800.000000 4028165.625000 3810.549072 35 20
4219000.000000 4028165.625000 3423.437012 36 20
4219200.000000 4028165.625000 3038.324707 37 20
4219400.000000 4028165.625000 2655.194336 38 20
4219600.000000 4028165.625000 2274.038818 39 20
4219800.000000 4028165.625000 1892.740356 40 20
4220000.000000 4028165.625000 1511.330688 41 20
4220200.000000 4028165.625000 1129.832886 42 20
4212000.000000 4028537.500000 16682.257813 1 21
4212200.000000 4028537.500000 16292.936523 2 21
4212400.000000 4028537.500000 15904.613281 3 21
4212600.000000 4028537.500000 15515.292969 4 21
4212800.000000 4028537.500000 15124.974609 5 21
4213000.000000 4028537.500000 14734.658203 6 21
4213200.000000 4028537.500000 14344.341797 7 21
4213400.000000 4028537.500000 13955.059570 8 21
4213600.000000 4028537.500000 13564.747070 9 21
4213800.000000 4028537.500000 13174.435547 10 21
4214000.000000 4028537.500000 12784.125000 11 21
4214200.000000 4028537.500000 12393.817383 12 21
4214400.000000 4028537.500000 12003.511719 13 21
4214600.000000 4028537.500000 11613.208008 14 21
4214800.000000 4028537.500000 11222.905273 15 21
4215000.000000 4028537.500000 10832.606445 16 21
4215200.000000 4028537.500000 10442.309570 17 21
4215400.000000 4028537.500000 10052.015625 18 21
4215600.000000 4028537.500000 9661.724609 19 21
4215800.000000 4028537.500000 9271.435547 20 21
4216000.000000 4028537.500000 8880.152344 21 21
4216200.000000 4028537.500000 8489.875000 22 21
4216400.000000 4028537.500000 8100.602539 23 21
4216600.000000 4028537.500000 7710.363770 24 21
4216800.000000 4028537.500000 7320.087891 25 21
4217000.000000 4028537.500000 6929.809570 26 21
4217200.000000 4028537.500000 6539.528320 27 21
4217400.000000 4028537.500000 6148.245117 28 21
4217600.000000 4028537.500000 5756.964844 29 21
4217800.000000 4028537.500000 5365.681641 30 21
4218000.000000 4028537.500000 4974.389160 31 21
4218200.000000 4028537.500000 4583.075195 32 21
4218400.000000 4028537.500000 4190.770020 33 21
4218600.000000 4028537.500000 3799.489746 34 21
4218800.000000 4028537.500000 3408.245361 35 21
4219000.000000 4028537.500000 3020.037842 36 21
4219200.000000 4028537.500000 2632.845703 37 21
4219400.000000 4028537.500000 2246.632080 38 21
4219600.000000 4028537.500000 1861.402954 39 21
4219800.000000 4028537.500000 1477.065308 40 21
4220000.000000 4028537.500000 1091.665894 41 21
4220200.000000 4028537.500000 705.202087 42 21
4212000.000000 4028909.375000 16274.023438 1 22
4212200.000000 4028909.375000 15885.701172 2 22
4212400.000000 4028909.375000 15497.378906 3 22
4212600.000000 4028909.375000 15108.091797 4 22
4212800.000000 4028909.375000 14717.773438 5 22
4213000.000000 4028909.375000 14327.457031 6 22
4213200.000000 4028909.375000 13937.141602 7 22
4213400.000000 4028909.375000 13547.826172 8 22
4213600.000000 4028909.375000 13157.513672 9 22
4213800.000000 4028909.375000 12767.202148 10 22
4214000.000000 4028909.375000 12376.892578 11 22
4214200.000000 4028909.375000 11986.584961 12 22
4214400.000000 4028909.375000 11596.280273 13 22
4214600.000000 4028909.375000 11205.976563 14 22
4214800.000000 4028909.375000 10815.674805 15 22
4215000.000000 4028909.375000 10425.375000 16 22
4215200.000000 4028909.375000 10035.079102 17 22
4215400.000000 4028909.375000 9644.785156 18 22
4215600.000000 4028909.375000 9254.527344 19 22
4215800.000000 4028909.375000 8864.238281 20 22
4216000.000000 4028909.375000 8472.955078 21 22
4216200.000000 4028909.375000 8082.677246 22 22
4216400.000000 4028909.375000 7693.404297 23 22
4216600.000000 4028909.375000 7303.131836 24 22
4216800.000000 4028909.375000 6912.855957 25 22
4217000.000000 4028909.375000 6522.577637 26 22
4217200.000000 4028909.375000 6132.294922 27 22
4217400.000000 4028909.375000 5741.007324 28 22
4217600.000000 4028909.375000 5350.714844 29 22
4217800.000000 4028909.375000 4960.415039 30 22
4218000.000000 4028909.375000 4569.105957 31 22
4218200.000000 4028909.375000 4178.777832 32 22
4218400.000000 4028909.375000 3787.457520 33 22
4218600.000000 4028909.375000 3396.154541 34 22
4218800.000000 4028909.375000 3004.875488 35 22
4219000.000000 4028909.375000 2614.619629 36 22
4219200.000000 4028909.375000 2226.401367 37 22
4219400.000000 4028909.375000 1838.133179 38 22
4219600.000000 4028909.375000 1450.829346 39 22
4219800.000000 4028909.375000 1062.479614 40 22
4220000.000000 4028909.375000 673.095032 41 22
4220200.000000 4028909.375000 282.675781 42 22
4212000.000000 4029281.250000 15866.787109 1 23
4212200.000000 4029281.250000 15478.498047 2 23
4212400.000000 4029281.250000 15090.175781 3 23
4212600.000000 4029281.250000 14700.855469 4 23
4212800.000000 4029281.250000 14310.538086 5 23
4213000.000000 4029281.250000 13920.221680 6 23
4213200.000000 4029281.250000 13529.906250 7 23
4213400.000000 4029281.250000 13140.591797 8 23
4213600.000000 4029281.250000 12750.279297 9 23
4213800.000000 4029281.250000 12359.967773 10 23
4214000.000000 4029281.250000 11969.658203 11 23
4214200.000000 4029281.250000 11579.351563 12 23
4214400.000000 4029281.250000 11189.045898 13 23
4214600.000000 4029281.250000 10798.775391 14 23
4214800.000000 4029281.250000 10408.473633 15 23
4215000.000000 4029281.250000 10018.173828 16 23
4215200.000000 4029281.250000 9627.877930 17 23
4215400.000000 4029281.250000 9237.583008 18 23
4215600.000000 4029281.250000 8847.290039 19 23
4215800.000000 4029281.250000 8457.000000 20 23
4216000.000000 4029281.250000 8065.715332 21 23
4216200.000000 4029281.250000 7675.435547 22 23
4216400.000000 4029281.250000 7286.159668 23 23
4216600.000000 4029281.250000 6895.884277 24 23
4216800.000000 4029281.250000 6505.604980 25 23
4217000.000000 4029281.250000 6115.323242 26 23
4217200.000000 4029281.250000 5725.037109 27 23
4217400.000000 4029281.250000 5334.742676 28 23
4217600.000000 4029281.250000 4944.439941 29 23
4217800.000000 4029281.250000 4554.162109 30 23
4218000.000000 4029281.250000 4163.840332 31 23
4218200.000000 4029281.250000 3773.503418 32 23
4218400.000000 4029281.250000 3383.169678 33 23
4218600.000000 4029281.250000 2991.848877 34 23
4218800.000000 4029281.250000 2600.543945 35 23
4219000.000000 4029281.250000 2210.252441 36 23
4219200.000000 4029281.250000 1819.964233 37 23
4219400.000000 4029281.250000 1430.663574 38 23
4219600.000000 4029281.250000 1040.342407 39 23
4219800.000000 4029281.250000 649.990784 40 23
4220000.000000 4029281.250000 257.617615 41 23
4220200.000000 4029281.250000 -136.777100 42 23
4212000.000000 4029653.125000 15458.584961 1 24
4212200.000000 4029653.125000 15071.260742 2 24
4212400.000000 4029653.125000 14682.939453 3 24
4212600.000000 4029653.125000 14293.619141 4 24
4212800.000000 4029653.125000 13903.301758 5 24
4213000.000000 4029653.125000 13512.985352 6 24
4213200.000000 4029653.125000 13122.669922 7 24
4213400.000000 4029653.125000 12733.355469 8 24
4213600.000000 4029653.125000 12343.076172 9 24
4213800.000000 4029653.125000 11952.765625 10 24
4214000.000000 4029653.125000 11562.456055 11 24
4214200.000000 4029653.125000 11172.148438 12 24
4214400.000000 4029653.125000 10781.842773 13 24
4214600.000000 4029653.125000 10391.538086 14 24
4214800.000000 4029653.125000 10001.236328 15 24
4215000.000000 4029653.125000 9610.935547 16 24
4215200.000000 4029653.125000 9220.638672 17 24
4215400.000000 4029653.125000 8830.342773 18 24
4215600.000000 4029653.125000 8440.048828 19 24
4215800.000000 4029653.125000 8049.756836 20 24
4216000.000000 4029653.125000 7659.468750 21 24
4216200.000000 4029653.125000 7269.185547 22 24
4216400.000000 4029653.125000 6878.907227 23 24
4216600.000000 4029653.125000 6488.626465 24 24
4216800.000000 4029653.125000 6098.375977 25 24
4217000.000000 4029653.125000 5708.089355 26 24
4217200.000000 4029653.125000 5317.797852 27 24
4217400.000000 4029653.125000 4927.498535 28 24
4217600.000000 4029653.125000 4537.189453 29 24
4217800.000000 4029653.125000 4146.871094 30 24
4218000.000000 4029653.125000 3756.542725 31 24
4218200.000000 4029653.125000 3366.201172 32 24
4218400.000000 4029653.125000 2976.858887 33 24
4218600.000000 4029653.125000 2586.524902 34 24
4218800.000000 4029653.125000 2194.204102 35 24
4219000.000000 4029653.125000 1803.890259 36 24
4219200.000000 4029653.125000 1413.577637 37 24
4219400.000000 4029653.125000 1023.257874 38 24
4219600.000000 4029653.125000 631.925598 39 24
4219800.000000 4029653.125000 238.576248 40 24
4220000.000000 4029653.125000 -155.788513 41 24
4220200.000000 4029653.125000 -552.168335 42 24
4212000.000000 4030025.000000 15051.347656 1 25
4212200.000000 4030025.000000 14663.025391 2 25
4212400.000000 4030025.000000 14275.702148 3 25
4212600.000000 4030025.000000 13886.416016 4 25
4212800.000000 4030025.000000 13496.097656 5 25
4213000.000000 4030025.000000 13105.782227 6 25
4213200.000000 4030025.000000 12715.466797 7 25
4213400.000000 4030025.000000 12326.151367 8 25
4213600.000000 4030025.000000 11935.838867 9 25
4213800.000000 4030025.000000 11545.528320 10 25
4214000.000000 4030025.000000 11155.218750 11 25
4214200.000000 4030025.000000 10764.910156 12 25
4214400.000000 4030025.000000 10374.604492 13 25
4214600.000000 4030025.000000 9984.299805 14 25
4214800.000000 4030025.000000 9593.997070 15 25
4215000.000000 4030025.000000 9203.696289 16 25
4215200.000000 4030025.000000 8813.397461 17 25
4215400.000000 4030025.000000 8423.100586 18 25
4215600.000000 4030025.000000 8032.804688 19 25
4215800.000000 4030025.000000 7642.544434 20 25
4216000.000000 4030025.000000 7252.253418 21 25
4216200.000000 4030025.000000 6861.967285 22 25
4216400.000000 4030025.000000 6471.684082 23 25
4216600.000000 4030025.000000 6081.398438 24 25
4216800.000000 4030025.000000 5691.109863 25 25
4217000.000000 4030025.000000 5300.817871 26 25
4217200.000000 4030025.000000 4909.522461 27 25
4217400.000000 4030025.000000 4519.218262 28 25
4217600.000000 4030025.000000 4128.903809 29 25
4217800.000000 4030025.000000 3738.580811 30 25
4218000.000000 4030025.000000 3348.248291 31 25
4218200.000000 4030025.000000 2957.904053 32 25
4218400.000000 4030025.000000 2568.556641 33 25
4218600.000000 4030025.000000 2179.213135 34 25
4218800.000000 4030025.000000 1787.878418 35 25
4219000.000000 4030025.000000 1397.581421 36 25
4219200.000000 4030025.000000 1007.251526 37 25
4219400.000000 4030025.000000 615.918579 38 25
4219600.000000 4030025.000000 223.578888 39 25
4219800.000000 4030025.000000 -170.770172 40 25
4220000.000000 4030025.000000 -567.160583 41 25
4220200.000000 4030025.000000 -964.528320 42 25
4212000.000000 4030396.875000 14643.111328 1 26
4212200.000000 4030396.875000 14255.821289 2 26
4212400.000000 4030396.875000 13868.498047 3 26
4212600.000000 4030396.875000 13479.177734 4 26
4212800.000000 4030396.875000 13088.860352 5 26
4213000.000000 4030396.875000 12698.543945 6 26
4213200.000000 4030396.875000 12308.228516 7 26
4213400.000000 4030396.875000 11918.914063 8 26
4213600.000000 4030396.875000 11528.601563 9 26
4213800.000000 4030396.875000 11138.290039 10 26
4214000.000000 4030396.875000 10747.980469 11 26
4214200.000000 4030396.875000 10357.671875 12 26
4214400.000000 4030396.875000 9967.365234 13 26
4214600.000000 4030396.875000 9577.060547 14 26
4214800.000000 4030396.875000 9186.790039 15 26
4215000.000000 4030396.875000 8796.488281 16 26
4215200.000000 4030396.875000 8406.188477 17 26
4215400.000000 4030396.875000 8015.889648 18 26
4215600.000000 4030396.875000 7625.592285 19 26
4215800.000000 4030396.875000 7235.296387 20 26
4216000.000000 4030396.875000 6845.002930 21 26
4216200.000000 4030396.875000 6454.712891 22 26
4216400.000000 4030396.875000 6064.425293 23 26
4216600.000000 4030396.875000 5674.135254 24 26
4216800.000000 4030396.875000 5283.841309 25 26
4217000.000000 4030396.875000 4893.543945 26 26
4217200.000000 4030396.875000 4502.244141 27 26
4217400.000000 4030396.875000 4111.934570 28 26
4217600.000000 4030396.875000 3721.616211 29 26
4217800.000000 4030396.875000 3331.289795 30 26
4218000.000000 4030396.875000 2940.988281 31 26
4218200.000000 4030396.875000 2550.642578 32 26
4218400.000000 4030396.875000 2161.292236 33 26
4218600.000000 4030396.875000 1770.944092 34 26
4218800.000000 4030396.875000 1380.599121 35 26
4219000.000000 4030396.875000 990.257202 36 26
4219200.000000 4030396.875000 599.915344 37 26
4219400.000000 4030396.875000 208.572571 38 26
4219600.000000 4030396.875000 -184.771759 39 26
4219800.000000 4030396.875000 -579.121155 40 26
4220000.000000 4030396.875000 -975.473999 41 26
4220200.000000 4030396.875000 -1373.864624 42 26
4212000.000000 4030768.750000 14235.906250 1 27
4212200.000000 4030768.750000 13848.583008 2 27
4212400.000000 4030768.750000 13461.259766 3 27
4212600.000000 4030768.750000 13071.939453 4 27
4212800.000000 4030768.750000 12681.622070 5 27
4213000.000000 4030768.750000 12291.305664 6 27
4213200.000000 4030768.750000 11900.990234 7 27
4213400.000000 4030768.750000 11510.676758 8 27
4213600.000000 4030768.750000 11121.362305 9 27
4213800.000000 4030768.750000 10731.083984 10 27
4214000.000000 4030768.750000 10340.774414 11 27
4214200.000000 4030768.750000 9950.465820 12 27
4214400.000000 4030768.750000 9560.158203 13 27
4214600.000000 4030768.750000 9169.852539 14 27
4214800.000000 4030768.750000 8779.547852 15 27
4215000.000000 4030768.750000 8389.245117 16 27
4215200.000000 4030768.750000 7998.943848 17 27
4215400.000000 4030768.750000 7608.643555 18 27
4215600.000000 4030768.750000 7218.344238 19 27
4215800.000000 4030768.750000 6828.046387 20 27
4216000.000000 4030768.750000 6437.750488 21 27
4216200.000000 4030768.750000 6047.456543 22 27
4216400.000000 4030768.750000 5657.164551 23 27
4216600.000000 4030768.750000 5266.869629 24 27
4216800.000000 4030768.750000 4876.570801 25 27
4217000.000000 4030768.750000 4486.302246 26 27
4217200.000000 4030768.750000 4094.997803 27 27
4217400.000000 4030768.750000 3704.684570 28 27
4217600.000000 4030768.750000 3314.363037 29 27
4217800.000000 4030768.750000 2924.034424 30 27
4218000.000000 4030768.750000 2533.698486 31 27
4218200.000000 4030768.750000 2143.353271 32 27
4218400.000000 4030768.750000 1754.001953 33 27
4218600.000000 4030768.750000 1363.650879 34 27
4218800.000000 4030768.750000 973.300903 35 27
4219000.000000 4030768.750000 582.952148 36 27
4219200.000000 4030768.750000 192.603546 37 27
4219400.000000 4030768.750000 -198.744629 38 27
4219600.000000 4030768.750000 -592.091919 39 27
4219800.000000 4030768.750000 -986.440979 40 27
4220000.000000 4030768.750000 -1382.790771 41 27
4220200.000000 4030768.750000 -1781.142212 42 27
4212000.000000 4031140.625000 13827.668945 1 28
4212200.000000 4031140.625000 13441.343750 2 28
4212400.000000 4031140.625000 13054.020508 3 28
4212600.000000 4031140.625000 12664.701172 4 28
4212800.000000 4031140.625000 12274.416016 5 28
4213000.000000 4031140.625000 11884.099609 6 28
4213200.000000 4031140.625000 11493.784180 7 28
4213400.000000 4031140.625000 11103.469727 8 28
4213600.000000 4031140.625000 10713.157227 9 28
4213800.000000 4031140.625000 10323.843750 10 28
4214000.000000 4031140.625000 9933.533203 11 28
4214200.000000 4031140.625000 9543.224609 12 28
4214400.000000 4031140.625000 9152.916992 13 28
4214600.000000 4031140.625000 8762.610352 14 28
4214800.000000 4031140.625000 8372.304688 15 28
4215000.000000 4031140.625000 7982.000488 16 28
4215200.000000 4031140.625000 7591.697754 17 28
4215400.000000 4031140.625000 7201.395996 18 28
4215600.000000 4031140.625000 6811.094727 19 28
4215800.000000 4031140.625000 6420.828125 20 28
4216000.000000 4031140.625000 6030.529297 21 28
4216200.000000 4031140.625000 5640.232422 22 28
4216400.000000 4031140.625000 5249.935547 23 28
4216600.000000 4031140.625000 4859.636230 24 28
4216800.000000 4031140.625000 4469.333496 25 28
4217000.000000 4031140.625000 4079.027588 26 28
4217200.000000 4031140.625000 3687.719238 27 28
4217400.000000 4031140.625000 3297.402832 28 28
4217600.000000 4031140.625000 2907.079102 29 28
4217800.000000 4031140.625000 2516.749512 30 28
4218000.000000 4031140.625000 2126.413330 31 28
4218200.000000 4031140.625000 1736.069092 32 28
4218400.000000 4031140.625000 1346.718384 33 28
4218600.000000 4031140.625000 956.367004 34 28
4218800.000000 4031140.625000 566.015259 35 28
4219000.000000 4031140.625000 175.696777 36 28
4219200.000000 4031140.625000 -214.654953 37 28
4219400.000000 4031140.625000 -606.005615 38 28
4219600.000000 4031140.625000 -999.354187 39 28
4219800.000000 4031140.625000 -1393.736084 40 28
4220000.000000 4031140.625000 -1789.085205 41 28
4220200.000000 4031140.625000 -2187.433105 42 28
4212000.000000 4031512.500000 13420.429688 1 29
4212200.000000 4031512.500000 13033.105469 2 29
4212400.000000 4031512.500000 12646.814453 3 29
4212600.000000 4031512.500000 12257.494141 4 29
4212800.000000 4031512.500000 11867.176758 5 29
4213000.000000 4031512.500000 11476.860352 6 29
4213200.000000 4031512.500000 11086.543945 7 29
4213400.000000 4031512.500000 10696.229492 8 29
4213600.000000 4031512.500000 10305.916016 9 29
4213800.000000 4031512.500000 9915.604492 10 29
4214000.000000 4031512.500000 9525.292969 11 29
4214200.000000 4031512.500000 9134.983398 12 29
4214400.000000 4031512.500000 8744.675781 13 29
4214600.000000 4031512.500000 8354.368164 14 29
4214800.000000 4031512.500000 7964.061523 15 29
4215000.000000 4031512.500000 7573.789551 16 29
4215200.000000 4031512.500000 7184.483887 17 29
4215400.000000 4031512.500000 6794.180664 18 29
4215600.000000 4031512.500000 6403.877441 19 29
4215800.000000 4031512.500000 6013.575684 20 29
4216000.000000 4031512.500000 5623.274414 21 29
4216200.000000 4031512.500000 5232.974121 22 29
4216400.000000 4031512.500000 4842.673340 23 29
4216600.000000 4031512.500000 4452.370117 24 29
4216800.000000 4031512.500000 4062.063477 25 29
4217000.000000 4031512.500000 3671.754150 26 29
4217200.000000 4031512.500000 3280.442627 27 29
4217400.000000 4031512.500000 2890.123535 28 29
4217600.000000 4031512.500000 2499.798096 29 29
4217800.000000 4031512.500000 2109.467529 30 29
4218000.000000 4031512.500000 1719.131714 31 29
4218200.000000 4031512.500000 1328.822144 32 29
4218400.000000 4031512.500000 938.474121 33 29
4218600.000000 4031512.500000 549.122253 34 29
4218800.000000 4031512.500000 158.770508 35 29
4219000.000000 4031512.500000 -231.582092 36 29
4219200.000000 4031512.500000 -621.934937 37 29
4219400.000000 4031512.500000 -1013.286560 38 29
4219600.000000 4031512.500000 -1405.636841 39 29
4219800.000000 4031512.500000 -1799.985107 40 29
4220000.000000 4031512.500000 -2195.332764 41 29
4220200.000000 4031512.500000 -2592.712891 42 29
4212000.000000 4031884.375000 13013.223633 1 30
4212200.000000 4031884.375000 12625.899414 2 30
4212400.000000 4031884.375000 12238.576172 3 30
4212600.000000 4031884.375000 11850.254883 4 30
4212800.000000 4031884.375000 11459.936523 5 30
4213000.000000 4031884.375000 11069.619141 6 30
4213200.000000 4031884.375000 10679.303711 7 30
4213400.000000 4031884.375000 10288.988281 8 30
4213600.000000 4031884.375000 9898.674805 9 30
4213800.000000 4031884.375000 9508.362305 10 30
4214000.000000 4031884.375000 9118.083984 11 30
4214200.000000 4031884.375000 8727.774414 12 30
4214400.000000 4031884.375000 8337.464844 13 30
4214600.000000 4031884.375000 7947.156738 14 30
4214800.000000 4031884.375000 7556.849609 15 30
4215000.000000 4031884.375000 7166.542969 16 30
4215200.000000 4031884.375000 6776.237305 17 30
4215400.000000 4031884.375000 6385.932617 18 30
4215600.000000 4031884.375000 5996.626465 19 30
4215800.000000 4031884.375000 5606.322754 20 30
4216000.000000 4031884.375000 5216.019043 21 30
4216200.000000 4031884.375000 4825.715820 22 30
4216400.000000 4031884.375000 4435.411621 23 30
4216600.000000 4031884.375000 4045.104492 24 30
4216800.000000 4031884.375000 3653.795898 25 30
4217000.000000 4031884.375000 3263.483398 26 30
4217200.000000 4031884.375000 2873.200928 27 30
4217400.000000 4031884.375000 2482.879883 28 30
4217600.000000 4031884.375000 2092.553223 29 30
4217800.000000 4031884.375000 1702.222168 30 30
4218000.000000 4031884.375000 1311.886597 31 30
4218200.000000 4031884.375000 921.545166 32 30
4218400.000000 4031884.375000 531.198975 33 30
4218600.000000 4031884.375000 140.850067 34 30
4218800.000000 4031884.375000 -248.501755 35 30
4219000.000000 4031884.375000 -638.853699 36 30
4219200.000000 4031884.375000 -1029.206299 37 30
4219400.000000 4031884.375000 -1420.557861 38 30
4219600.000000 4031884.375000 -1812.907959 39 30
4219800.000000 4031884.375000 -2206.257080 40 30
4220000.000000 4031884.375000 -2601.604004 41 30
4220200.000000 4031884.375000 -2998.949219 42 30
4212000.000000 4032256.250000 12605.983398 1 31
4212200.000000 4032256.250000 12218.659180 2 31
4212400.000000 4032256.250000 11831.335938 3 31
4212600.000000 4032256.250000 11443.013672 4 31
4212800.000000 4032256.250000 11052.695313 5 31
4213000.000000 4032256.250000 10662.412109 6 31
4213200.000000 4032256.250000 10272.095703 7 31
4213400.000000 4032256.250000 9881.780273 8 31
4213600.000000 4032256.250000 9491.465820 9 31
4213800.000000 4032256.250000 9101.153320 10 31
4214000.000000 4032256.250000 8710.840820 11 31
4214200.000000 4032256.250000 8320.530273 12 31
4214400.000000 4032256.250000 7930.220703 13 31
4214600.000000 4032256.250000 7539.911621 14 31
4214800.000000 4032256.250000 7149.603516 15 31
4215000.000000 4032256.250000 6759.295898 16 31
4215200.000000 4032256.250000 6368.989258 17 31
4215400.000000 4032256.250000 5978.682617 18 31
4215600.000000 4032256.250000 5588.376465 19 31
4215800.000000 4032256.250000 5199.069336 20 31
4216000.000000 4032256.250000 4808.796875 21 31
4216200.000000 4032256.250000 4418.490723 22 31
4216400.000000 4032256.250000 4028.183350 23 31
4216600.000000 4032256.250000 3636.874268 24 31
4216800.000000 4032256.250000 3246.561523 25 31
4217000.000000 4032256.250000 2856.246338 26 31
4217200.000000 4032256.250000 2465.928223 27 31
4217400.000000 4032256.250000 2075.605469 28 31
4217600.000000 4032256.250000 1685.277832 29 31
4217800.000000 4032256.250000 1294.946533 30 31
4218000.000000 4032256.250000 904.611511 31 31
4218200.000000 4032256.250000 514.271545 32 31
4218400.000000 4032256.250000 123.927261 33 31
4218600.000000 4032256.250000 -266.419647 34 31
4218800.000000 4032256.250000 -656.768372 35 31
4219000.000000 4032256.250000 -1047.118774 36 31
4219200.000000 4032256.250000 -1437.470215 37 31
4219400.000000 4032256.250000 -1827.788940 38 31
4219600.000000 4032256.250000 -2220.138672 39 31
4219800.000000 4032256.250000 -2614.519287 40 31
4220000.000000 4032256.250000 -3009.865723 41 31
4220200.000000 4032256.250000 -3407.210449 42 31
4212000.000000 4032628.125000 12198.743164 1 32
4212200.000000 4032628.125000 11811.418945 2 32
4212400.000000 4032628.125000 11424.127930 3 32
4212600.000000 4032628.125000 11035.806641 4 32
4212800.000000 4032628.125000 10645.487305 5 32
4213000.000000 4032628.125000 10255.169922 6 32
4213200.000000 4032628.125000 9864.853516 7 32
4213400.000000 4032628.125000 9474.538086 8 32
4213600.000000 4032628.125000 9084.223633 9 32
4213800.000000 4032628.125000 8693.910156 10 32
4214000.000000 4032628.125000 8303.597656 11 32
4214200.000000 4032628.125000 7913.286133 12 32
4214400.000000 4032628.125000 7522.975586 13 32
4214600.000000 4032628.125000 7132.666016 14 32
4214800.000000 4032628.125000 6742.356934 15 32
4215000.000000 4032628.125000 6352.048340 16 32
4215200.000000 4032628.125000 5961.773926 17 32
4215400.000000 4032628.125000 5571.466309 18 32
4215600.000000 4032628.125000 5181.158691 19 32
4215800.000000 4032628.125000 4790.851074 20 32
4216000.000000 4032628.125000 4401.541992 21 32
4216200.000000 4032628.125000 4011.232910 22 32
4216400.000000 4032628.125000 3619.923828 23 32
4216600.000000 4032628.125000 3229.610596 24 32
4216800.000000 4032628.125000 2839.295166 25 32
4217000.000000 4032628.125000 2448.977539 26 32
4217200.000000 4032628.125000 2058.657471 27 32
4217400.000000 4032628.125000 1668.333130 28 32
4217600.000000 4032628.125000 1278.004883 29 32
4217800.000000 4032628.125000 887.673523 30 32
4218000.000000 4032628.125000 497.338989 31 32
4218200.000000 4032628.125000 107.000427 32 32
4218400.000000 4032628.125000 -283.308624 33 32
4218600.000000 4032628.125000 -673.653381 34 32
4218800.000000 4032628.125000 -1064.000000 35 32
4219000.000000 4032628.125000 -1454.348633 36 32
4219200.000000 4032628.125000 -1844.698608 37 32
4219400.000000 4032628.125000 -2236.048096 38 32
4219600.000000 4032628.125000 -2629.395752 39 32
4219800.000000 4032628.125000 -3023.742676 40 32
4220000.000000 4032628.125000 -3420.087646 41 32
4220200.000000 4032628.125000 -3817.465088 42 32
4212000.000000 4033000.000000 11791.536133 1 33
4212200.000000 4033000.000000 11403.212891 2 33
4212400.000000 4033000.000000 11015.888672 3 33
4212600.000000 4033000.000000 10627.566406 4 33
4212800.000000 4033000.000000 10237.247070 5 33
4213000.000000 4033000.000000 9846.929688 6 33
4213200.000000 4033000.000000 9457.611328 7 33
4213400.000000 4033000.000000 9067.294922 8 33
4213600.000000 4033000.000000 8676.980469 9 33
4213800.000000 4033000.000000 8286.666016 10 33
4214000.000000 4033000.000000 7896.386719 11 33
4214200.000000 4033000.000000 7506.074707 12 33
4214400.000000 4033000.000000 7115.763672 13 33
4214600.000000 4033000.000000 6725.453125 14 33
4214800.000000 4033000.000000 6335.143555 15 33
4215000.000000 4033000.000000 5944.833984 16 33
4215200.000000 4033000.000000 5554.524902 17 33
4215400.000000 4033000.000000 5164.215820 18 33
4215600.000000 4033000.000000 4773.907227 19 33
4215800.000000 4033000.000000 4383.598145 20 33
4216000.000000 4033000.000000 3993.288086 21 33
4216200.000000 4033000.000000 3602.976807 22 33
4216400.000000 4033000.000000 3212.663818 23 33
4216600.000000 4033000.000000 2822.348145 24 33
4216800.000000 4033000.000000 2432.030029 25 33
4217000.000000 4033000.000000 2041.710327 26 33
4217200.000000 4033000.000000 1651.421631 27 33
4217400.000000 4033000.000000 1261.096069 28 33
4217600.000000 4033000.000000 870.767334 29 33
4217800.000000 4033000.000000 480.435944 30 33
4218000.000000 4033000.000000 90.102028 31 33
4218200.000000 4033000.000000 -300.235199 32 33
4218400.000000 4033000.000000 -690.575623 33 33
4218600.000000 4033000.000000 -1080.918213 34 33
4218800.000000 4033000.000000 -1471.262695 35 33
4219000.000000 4033000.000000 -1861.609253 36 33
4219200.000000 4033000.000000 -2252.956055 37 33
4219400.000000 4033000.000000 -2645.302979 38 33
4219600.000000 4033000.000000 -3038.649658 39 33
4219800.000000 4033000.000000 -3433.994873 40 33
4220000.000000 4033000.000000 -3831.338379 41 33
4220200.000000 4033000.000000 -4228.715820 42 33
