# Type: scattered data
# Version: 6
# Description: No description
# Format: free
# Field: 1 x
# Field: 2 y
# Field: 3 z undefined
# Field: 4 column
# Field: 5 row
# Projection: Local Rectangular
# Units: undefined
# End:
# Information from grid:
# Grid_size: 42 x 33
# Grid_space: 4212000.000000,4220200.000000,4021100.000000,4033000.000000
# Scattered data: Not_available
# Z_field: z
# Vertical_faults: Not_available
# History: No history
# Z_units: undefined
4212000.000000 4021100.000000 11069.496094 1 1
4212200.000000 4021100.000000 10911.405273 2 1
4212400.000000 4021100.000000 10751.811523 3 1
4212600.000000 4021100.000000 10590.463867 4 1
4212800.000000 4021100.000000 10428.108398 5 1
4213000.000000 4021100.000000 10265.243164 6 1
4213200.000000 4021100.000000 10101.616211 7 1
4213400.000000 4021100.000000 9937.458008 8 1
4213600.000000 4021100.000000 9773.047852 9 1
4213800.000000 4021100.000000 9608.623047 10 1
4214000.000000 4021100.000000 9444.414063 11 1
4214200.000000 4021100.000000 9280.448242 12 1
4214400.000000 4021100.000000 9115.697266 13 1
4214600.000000 4021100.000000 8949.703125 14 1
4214800.000000 4021100.000000 8783.446289 15 1
4215000.000000 4021100.000000 8616.913086 16 1
4215200.000000 4021100.000000 8450.375000 17 1
4215400.000000 4021100.000000 8282.856445 18 1
4215600.000000 4021100.000000 8114.830078 19 1
4215800.000000 4021100.000000 7946.585938 20 1
4216000.000000 4021100.000000 7778.628906 21 1
4216200.000000 4021100.000000 7610.794922 22 1
4216400.000000 4021100.000000 7442.862793 23 1
4216600.000000 4021100.000000 7274.270996 24 1
4216800.000000 4021100.000000 7105.253906 25 1
4217000.000000 4021100.000000 6935.545898 26 1
4217200.000000 4021100.000000 6764.916992 27 1
4217400.000000 4021100.000000 6592.609863 28 1
4217600.000000 4021100.000000 6418.349121 29 1
4217800.000000 4021100.000000 6241.648438 30 1
4218000.000000 4021100.000000 6062.218262 31 1
4218200.000000 4021100.000000 5879.337402 32 1
4218400.000000 4021100.000000 5691.660156 33 1
4218600.000000 4021100.000000 5498.724121 34 1
4218800.000000 4021100.000000 5302.242188 35 1
4219000.000000 4021100.000000 5105.757324 36 1
4219200.000000 4021100.000000 4911.551270 37 1
4219400.000000 4021100.000000 4721.877441 38 1
4219600.000000 4021100.000000 4537.954590 39 1
4219800.000000 4021100.000000 4360.014160 40 1
4220000.000000 4021100.000000 4187.538574 41 1
4220200.000000 4021100.000000 4020.279053 42 1
4212000.000000 4021471.875000 11133.234375 1 2
4212200.000000 4021471.875000 10971.890625 2 2
4212400.000000 4021471.875000 10807.527344 3 2
4212600.000000 4021471.875000 10640.428711 4 2
4212800.000000 4021471.875000 10472.053711 5 2
4213000.000000 4021471.875000 10303.167969 6 2
4213200.000000 4021471.875000 10134.286133 7 2
4213400.000000 4021471.875000 9964.123047 8 2
4213600.000000 4021471.875000 9793.190430 9 2
4213800.000000 4021471.875000 9622.491211 10 2
4214000.000000 4021471.875000 9452.523438 11 2
4214200.000000 4021471.875000 9282.798828 12 2
4214400.000000 4021471.875000 9112.039063 13 2
4214600.000000 4021471.875000 8939.518555 14 2
4214800.000000 4021471.875000 8766.737305 15 2
4215000.000000 4021471.875000 8594.444336 16 2
4215200.000000 4021471.875000 8422.148438 17 2
4215400.000000 4021471.875000 8248.609375 18 2
4215600.000000 4021471.875000 8073.580078 19 2
4215800.000000 4021471.875000 7898.801270 20 2
4216000.000000 4021471.875000 7724.592285 21 2
4216200.000000 4021471.875000 7550.769043 22 2
4216400.000000 4021471.875000 7376.342773 23 2
4216600.000000 4021471.875000 7200.769531 24 2
4216800.000000 4021471.875000 7025.017090 25 2
4217000.000000 4021471.875000 6849.053223 26 2
4217200.000000 4021471.875000 6672.165527 27 2
4217400.000000 4021471.875000 6493.867676 28 2
4217600.000000 4021471.875000 6313.872559 29 2
4217800.000000 4021471.875000 6132.674805 30 2
4218000.000000 4021471.875000 5950.516602 31 2
4218200.000000 4021471.875000 5766.652344 32 2
4218400.000000 4021471.875000 5579.957520 33 2
4218600.000000 4021471.875000 5388.223633 34 2
4218800.000000 4021471.875000 5192.919434 35 2
4219000.000000 4021471.875000 4998.622559 36 2
4219200.000000 4021471.875000 4807.419434 37 2
4219400.000000 4021471.875000 4620.289551 38 2
4219600.000000 4021471.875000 4438.469727 39 2
4219800.000000 4021471.875000 4261.149902 40 2
4220000.000000 4021471.875000 4088.041748 41 2
4220200.000000 4021471.875000 3920.141357 42 2
4212000.000000 4021843.750000 11197.708008 1 3
4212200.000000 4021843.750000 11033.110352 2 3
4212400.000000 4021843.750000 10863.496094 3 3
4212600.000000 4021843.750000 10690.378906 4 3
4212800.000000 4021843.750000 10515.752930 5 3
4213000.000000 4021843.750000 10341.114258 6 3
4213200.000000 4021843.750000 10166.460938 7 3
4213400.000000 4021843.750000 9990.276367 8 3
4213600.000000 4021843.750000 9812.838867 9 3
4213800.000000 4021843.750000 9635.883789 10 3
4214000.000000 4021843.750000 9460.141602 11 3
4214200.000000 4021843.750000 9284.890625 12 3
4214400.000000 4021843.750000 9108.121094 13 3
4214600.000000 4021843.750000 8929.074219 14 3
4214800.000000 4021843.750000 8750.034180 15 3
4215000.000000 4021843.750000 8571.732422 16 3
4215200.000000 4021843.750000 8393.412109 17 3
4215400.000000 4021843.750000 8213.866211 18 3
4215600.000000 4021843.750000 8032.065430 19 3
4215800.000000 4021843.750000 7850.782715 20 3
4216000.000000 4021843.750000 7670.320801 21 3
4216200.000000 4021843.750000 7490.487305 22 3
4216400.000000 4021843.750000 7309.827148 23 3
4216600.000000 4021843.750000 7127.748535 24 3
4216800.000000 4021843.750000 6945.234375 25 3
4217000.000000 4021843.750000 6763.019531 26 3
4217200.000000 4021843.750000 6580.359863 27 3
4217400.000000 4021843.750000 6396.038574 28 3
4217600.000000 4021843.750000 6210.047852 29 3
4217800.000000 4021843.750000 6023.860352 30 3
4218000.000000 4021843.750000 5838.214355 31 3
4218200.000000 4021843.750000 5653.082520 32 3
4218400.000000 4021843.750000 5466.868652 33 3
4218600.000000 4021843.750000 5275.569336 34 3
4218800.000000 4021843.750000 5080.429199 35 3
4219000.000000 4021843.750000 4888.305664 36 3
4219200.000000 4021843.750000 4700.078613 37 3
4219400.000000 4021843.750000 4515.497070 38 3
4219600.000000 4021843.750000 4335.322754 39 3
4219800.000000 4021843.750000 4158.147461 40 3
4220000.000000 4021843.750000 3983.206543 41 3
4220200.000000 4021843.750000 3813.223389 42 3
4212000.000000 4022215.625000 11262.198242 1 4
4212200.000000 4022215.625000 11093.083984 2 4
4212400.000000 4022215.625000 10918.218750 3 4
4212600.000000 4022215.625000 10739.833984 4 4
4212800.000000 4022215.625000 10559.456055 5 4
4213000.000000 4022215.625000 10378.298828 6 4
4213200.000000 4022215.625000 10196.876953 7 4
4213400.000000 4022215.625000 10014.455078 8 4
4213600.000000 4022215.625000 9831.494141 9 4
4213800.000000 4022215.625000 9648.765625 10 4
4214000.000000 4022215.625000 9466.766602 11 4
4214200.000000 4022215.625000 9284.758789 12 4
4214400.000000 4022215.625000 9101.713867 13 4
4214600.000000 4022215.625000 8917.158203 14 4
4214800.000000 4022215.625000 8732.340820 15 4
4215000.000000 4022215.625000 8547.762695 16 4
4215200.000000 4022215.625000 8362.685547 17 4
4215400.000000 4022215.625000 8176.865723 18 4
4215600.000000 4022215.625000 7989.558105 19 4
4215800.000000 4022215.625000 7802.269531 20 4
4216000.000000 4022215.625000 7615.288574 21 4
4216200.000000 4022215.625000 7428.459473 22 4
4216400.000000 4022215.625000 7241.790039 23 4
4216600.000000 4022215.625000 7054.209473 24 4
4216800.000000 4022215.625000 6865.668945 25 4
4217000.000000 4022215.625000 6677.187500 26 4
4217200.000000 4022215.625000 6488.004395 27 4
4217400.000000 4022215.625000 6297.640625 28 4
4217600.000000 4022215.625000 6105.891602 29 4
4217800.000000 4022215.625000 5914.185547 30 4
4218000.000000 4022215.625000 5723.784668 31 4
4218200.000000 4022215.625000 5534.867188 32 4
4218400.000000 4022215.625000 5346.319336 33 4
4218600.000000 4022215.625000 5155.182129 34 4
4218800.000000 4022215.625000 4962.692871 35 4
4219000.000000 4022215.625000 4774.018066 36 4
4219200.000000 4022215.625000 4589.749512 37 4
4219400.000000 4022215.625000 4408.740234 38 4
4219600.000000 4022215.625000 4229.999023 39 4
4219800.000000 4022215.625000 4051.297852 40 4
4220000.000000 4022215.625000 3872.057861 41 4
4220200.000000 4022215.625000 3696.550049 42 4
4212000.000000 4022587.500000 11329.171875 1 5
4212200.000000 4022587.500000 11155.306641 2 5
4212400.000000 4022587.500000 10975.191406 3 5
4212600.000000 4022587.500000 10791.805664 4 5
4212800.000000 4022587.500000 10605.660156 5 5
4213000.000000 4022587.500000 10417.501953 6 5
4213200.000000 4022587.500000 10228.563477 7 5
4213400.000000 4022587.500000 10039.872070 8 5
4213600.000000 4022587.500000 9851.905273 9 5
4213800.000000 4022587.500000 9663.670898 10 5
4214000.000000 4022587.500000 9475.150391 11 5
4214200.000000 4022587.500000 9286.119141 12 5
4214400.000000 4022587.500000 9097.066406 13 5
4214600.000000 4022587.500000 8907.500000 14 5
4214800.000000 4022587.500000 8716.907227 15 5
4215000.000000 4022587.500000 8525.822266 16 5
4215200.000000 4022587.500000 8333.488281 17 5
4215400.000000 4022587.500000 8141.394531 18 5
4215600.000000 4022587.500000 7948.829590 19 5
4215800.000000 4022587.500000 7755.768555 20 5
4216000.000000 4022587.500000 7562.268555 21 5
4216200.000000 4022587.500000 7368.437988 22 5
4216400.000000 4022587.500000 7175.745117 23 5
4216600.000000 4022587.500000 6983.392578 24 5
4216800.000000 4022587.500000 6789.566895 25 5
4217000.000000 4022587.500000 6594.773926 26 5
4217200.000000 4022587.500000 6398.540039 27 5
4217400.000000 4022587.500000 6201.130371 28 5
4217600.000000 4022587.500000 6003.086426 29 5
4217800.000000 4022587.500000 5804.849609 30 5
4218000.000000 4022587.500000 5607.125977 31 5
4218200.000000 4022587.500000 5411.816406 32 5
4218400.000000 4022587.500000 5218.636719 33 5
4218600.000000 4022587.500000 5027.148438 34 5
4218800.000000 4022587.500000 4838.393555 35 5
4219000.000000 4022587.500000 4654.200195 36 5
4219200.000000 4022587.500000 4474.184570 37 5
4219400.000000 4022587.500000 4296.605957 38 5
4219600.000000 4022587.500000 4119.556152 39 5
4219800.000000 4022587.500000 3938.862793 40 5
4220000.000000 4022587.500000 3752.466309 41 5
4220200.000000 4022587.500000 3566.481689 42 5
4212000.000000 4022959.375000 11402.406250 1 6
4212200.000000 4022959.375000 11224.291016 2 6
4212400.000000 4022959.375000 11039.409180 3 6
4212600.000000 4022959.375000 10850.273438 4 6
4212800.000000 4022959.375000 10658.111328 5 6
4213000.000000 4022959.375000 10463.703125 6 6
4213200.000000 4022959.375000 10268.013672 7 6
4213400.000000 4022959.375000 10072.803711 8 6
4213600.000000 4022959.375000 9879.066406 9 6
4213800.000000 4022959.375000 9684.828125 10 6
4214000.000000 4022959.375000 9490.051758 11 6
4214200.000000 4022959.375000 9294.998047 12 6
4214400.000000 4022959.375000 9099.689453 13 6
4214600.000000 4022959.375000 8904.348633 14 6
4214800.000000 4022959.375000 8707.999023 15 6
4215000.000000 4022959.375000 8510.638672 16 6
4215200.000000 4022959.375000 8312.032227 17 6
4215400.000000 4022959.375000 8113.433105 18 6
4215600.000000 4022959.375000 7914.845703 19 6
4215800.000000 4022959.375000 7715.530762 20 6
4216000.000000 4022959.375000 7516.026367 21 6
4216200.000000 4022959.375000 7316.416016 22 6
4216400.000000 4022959.375000 7117.947266 23 6
4216600.000000 4022959.375000 6920.031738 24 6
4216800.000000 4022959.375000 6720.889648 25 6
4217000.000000 4022959.375000 6520.019531 26 6
4217200.000000 4022959.375000 6316.936523 27 6
4217400.000000 4022959.375000 6111.936035 28 6
4217600.000000 4022959.375000 5905.565430 29 6
4217800.000000 4022959.375000 5698.708008 30 6
4218000.000000 4022959.375000 5492.562012 31 6
4218200.000000 4022959.375000 5289.514160 32 6
4218400.000000 4022959.375000 5091.146973 33 6
4218600.000000 4022959.375000 4897.866211 34 6
4218800.000000 4022959.375000 4710.496094 35 6
4219000.000000 4022959.375000 4529.025391 36 6
4219200.000000 4022959.375000 4352.151855 37 6
4219400.000000 4022959.375000 4177.266113 38 6
4219600.000000 4022959.375000 4001.911133 39 6
4219800.000000 4022959.375000 3819.738525 40 6
4220000.000000 4022959.375000 3623.431152 41 6
4220200.000000 4022959.375000 3420.579590 42 6
4212000.000000 4023331.250000 11484.149414 1 7
4212200.000000 4023331.250000 11301.517578 2 7
4212400.000000 4023331.250000 11111.885742 3 7
4212600.000000 4023331.250000 10916.735352 4 7
4212800.000000 4023331.250000 10718.573242 5 7
4213000.000000 4023331.250000 10517.899414 6 7
4213200.000000 4023331.250000 10316.208984 7 7
4213400.000000 4023331.250000 10114.998047 8 7
4213600.000000 4023331.250000 9914.509766 9 7
4213800.000000 4023331.250000 9714.001953 10 7
4214000.000000 4023331.250000 9513.206055 11 7
4214200.000000 4023331.250000 9312.147461 12 7
4214400.000000 4023331.250000 9110.816406 13 7
4214600.000000 4023331.250000 8909.220703 14 7
4214800.000000 4023331.250000 8706.865234 15 7
4215000.000000 4023331.250000 8503.483398 16 7
4215200.000000 4023331.250000 8299.120117 17 7
4215400.000000 4023331.250000 8094.250000 18 7
4215600.000000 4023331.250000 7889.158691 19 7
4215800.000000 4023331.250000 7683.573242 20 7
4216000.000000 4023331.250000 7477.811035 21 7
4216200.000000 4023331.250000 7272.658203 22 7
4216400.000000 4023331.250000 7068.390625 23 7
4216600.000000 4023331.250000 6864.646484 24 7
4216800.000000 4023331.250000 6659.887207 25 7
4217000.000000 4023331.250000 6453.154297 26 7
4217200.000000 4023331.250000 6243.434570 27 7
4217400.000000 4023331.250000 6030.308594 28 7
4217600.000000 4023331.250000 5814.495605 29 7
4217800.000000 4023331.250000 5597.684082 30 7
4218000.000000 4023331.250000 5382.008301 31 7
4218200.000000 4023331.250000 5170.386719 32 7
4218400.000000 4023331.250000 4966.021973 33 7
4218600.000000 4023331.250000 4769.349121 34 7
4218800.000000 4023331.250000 4580.900879 35 7
4219000.000000 4023331.250000 4399.473145 36 7
4219200.000000 4023331.250000 4222.908691 37 7
4219400.000000 4023331.250000 4047.812988 38 7
4219600.000000 4023331.250000 3872.557861 39 7
4219800.000000 4023331.250000 3689.778564 40 7
4220000.000000 4023331.250000 3481.905273 41 7
4220200.000000 4023331.250000 3256.193604 42 7
4212000.000000 4023703.125000 11574.882813 1 8
4212200.000000 4023703.125000 11387.752930 2 8
4212400.000000 4023703.125000 11192.623047 3 8
4212600.000000 4023703.125000 10991.458008 4 8
4212800.000000 4023703.125000 10787.298828 5 8
4213000.000000 4023703.125000 10580.609375 6 8
4213200.000000 4023703.125000 10372.670898 7 8
4213400.000000 4023703.125000 10165.193359 8 8
4213600.000000 4023703.125000 9958.205078 9 8
4213800.000000 4023703.125000 9751.430664 10 8
4214000.000000 4023703.125000 9544.632813 11 8
4214200.000000 4023703.125000 9337.821289 12 8
4214400.000000 4023703.125000 9130.470703 13 8
4214600.000000 4023703.125000 8922.605469 14 8
4214800.000000 4023703.125000 8714.246094 15 8
4215000.000000 4023703.125000 8504.861328 16 8
4215200.000000 4023703.125000 8294.479492 17 8
4215400.000000 4023703.125000 8083.355469 18 8
4215600.000000 4023703.125000 7871.743652 19 8
4215800.000000 4023703.125000 7659.902344 20 8
4216000.000000 4023703.125000 7448.108398 21 8
4216200.000000 4023703.125000 7237.158691 22 8
4216400.000000 4023703.125000 7027.040039 23 8
4216600.000000 4023703.125000 6817.674316 24 8
4216800.000000 4023703.125000 6607.270020 25 8
4217000.000000 4023703.125000 6394.859375 26 8
4217200.000000 4023703.125000 6178.442871 27 8
4217400.000000 4023703.125000 5957.075684 28 8
4217600.000000 4023703.125000 5730.979980 29 8
4217800.000000 4023703.125000 5503.080566 30 8
4218000.000000 4023703.125000 5276.560547 31 8
4218200.000000 4023703.125000 5055.503906 32 8
4218400.000000 4023703.125000 4844.450684 33 8
4218600.000000 4023703.125000 4642.976074 34 8
4218800.000000 4023703.125000 4451.194336 35 8
4219000.000000 4023703.125000 4268.655762 36 8
4219200.000000 4023703.125000 4086.529297 37 8
4219400.000000 4023703.125000 3905.628662 38 8
4219600.000000 4023703.125000 3720.611084 39 8
4219800.000000 4023703.125000 3529.192139 40 8
4220000.000000 4023703.125000 3312.742188 41 8
4220200.000000 4023703.125000 3066.066406 42 8
4212000.000000 4024075.000000 11674.891602 1 9
4212200.000000 4024075.000000 11482.747070 2 9
4212400.000000 4024075.000000 11282.353516 3 9
4212600.000000 4024075.000000 11074.942383 4 9
4212800.000000 4024075.000000 10864.536133 5 9
4213000.000000 4024075.000000 10651.583008 6 9
4213200.000000 4024075.000000 10437.629883 7 9
4213400.000000 4024075.000000 10223.904297 8 9
4213600.000000 4024075.000000 10010.651367 9 9
4213800.000000 4024075.000000 9797.627930 10 9
4214000.000000 4024075.000000 9584.830078 11 9
4214200.000000 4024075.000000 9372.001953 12 9
4214400.000000 4024075.000000 9158.900391 13 9
4214600.000000 4024075.000000 8945.035156 14 9
4214800.000000 4024075.000000 8730.391602 15 9
4215000.000000 4024075.000000 8515.006836 16 9
4215200.000000 4024075.000000 8298.373047 17 9
4215400.000000 4024075.000000 8080.730957 18 9
4215600.000000 4024075.000000 7862.614746 19 9
4215800.000000 4024075.000000 7644.498047 20 9
4216000.000000 4024075.000000 7426.680664 21 9
4216200.000000 4024075.000000 7209.915527 22 9
4216400.000000 4024075.000000 6994.165527 23 9
4216600.000000 4024075.000000 6779.376465 24 9
4216800.000000 4024075.000000 6563.539063 25 9
4217000.000000 4024075.000000 6345.412109 26 9
4217200.000000 4024075.000000 6122.547363 27 9
4217400.000000 4024075.000000 5892.434570 28 9
4217600.000000 4024075.000000 5655.862793 29 9
4217800.000000 4024075.000000 5416.498535 30 9
4218000.000000 4024075.000000 5178.969727 31 9
4218200.000000 4024075.000000 4949.110840 32 9
4218400.000000 4024075.000000 4730.449219 33 9
4218600.000000 4024075.000000 4522.266602 34 9
4218800.000000 4024075.000000 4327.561523 35 9
4219000.000000 4024075.000000 4146.356445 36 9
4219200.000000 4024075.000000 3955.060059 37 9
4219400.000000 4024075.000000 3760.471680 38 9
4219600.000000 4024075.000000 3552.197998 39 9
4219800.000000 4024075.000000 3344.447998 40 9
4220000.000000 4024075.000000 3120.153809 41 9
4220200.000000 4024075.000000 2853.968506 42 9
4212000.000000 4024446.875000 11783.624023 1 10
4212200.000000 4024446.875000 11586.000000 2 10
4212400.000000 4024446.875000 11379.843750 3 10
4212600.000000 4024446.875000 11166.686523 4 10
4212800.000000 4024446.875000 10950.018555 5 10
4213000.000000 4024446.875000 10731.069336 6 10
4213200.000000 4024446.875000 10511.102539 7 10
4213400.000000 4024446.875000 10291.129883 8 10
4213600.000000 4024446.875000 10071.613281 9 10
4213800.000000 4024446.875000 9852.590820 10 10
4214000.000000 4024446.875000 9633.529297 11 10
4214200.000000 4024446.875000 9414.703125 12 10
4214400.000000 4024446.875000 9195.584961 13 10
4214600.000000 4024446.875000 8975.705078 14 10
4214800.000000 4024446.875000 8755.080078 15 10
4215000.000000 4024446.875000 8533.429688 16 10
4215200.000000 4024446.875000 8310.530273 17 10
4215400.000000 4024446.875000 8086.635254 18 10
4215600.000000 4024446.875000 7862.247559 19 10
4215800.000000 4024446.875000 7637.869629 20 10
4216000.000000 4024446.875000 7414.022949 21 10
4216200.000000 4024446.875000 7191.415039 22 10
4216400.000000 4024446.875000 6970.283691 23 10
4216600.000000 4024446.875000 6750.052246 24 10
4216800.000000 4024446.875000 6528.759277 25 10
4217000.000000 4024446.875000 6304.660156 26 10
4217200.000000 4024446.875000 6075.283203 27 10
4217400.000000 4024446.875000 5836.481445 28 10
4217600.000000 4024446.875000 5589.340820 29 10
4217800.000000 4024446.875000 5339.221680 30 10
4218000.000000 4024446.875000 5092.033203 31 10
4218200.000000 4024446.875000 4853.750488 32 10
4218400.000000 4024446.875000 4622.205078 33 10
4218600.000000 4024446.875000 4406.868164 34 10
4218800.000000 4024446.875000 4202.914063 35 10
4219000.000000 4024446.875000 4025.783447 36 10
4219200.000000 4024446.875000 3839.254150 37 10
4219400.000000 4024446.875000 3634.335693 38 10
4219600.000000 4024446.875000 3410.948730 39 10
4219800.000000 4024446.875000 3186.031250 40 10
4220000.000000 4024446.875000 2928.406738 41 10
4220200.000000 4024446.875000 2632.440186 42 10
4212000.000000 4024818.750000 11900.879883 1 11
4212200.000000 4024818.750000 11697.744141 2 11
4212400.000000 4024818.750000 11485.344727 3 11
4212600.000000 4024818.750000 11266.175781 4 11
4212800.000000 4024818.750000 11043.246094 5 11
4213000.000000 4024818.750000 10818.300781 6 11
4213200.000000 4024818.750000 10592.338867 7 11
4213400.000000 4024818.750000 10366.104492 8 11
4213600.000000 4024818.750000 10140.591797 9 11
4213800.000000 4024818.750000 9915.556641 10 11
4214000.000000 4024818.750000 9690.498047 11 11
4214200.000000 4024818.750000 9465.408203 12 11
4214400.000000 4024818.750000 9240.294922 13 11
4214600.000000 4024818.750000 9014.416992 14 11
4214800.000000 4024818.750000 8787.529297 15 11
4215000.000000 4024818.750000 8559.632813 16 11
4215200.000000 4024818.750000 8330.468750 17 11
4215400.000000 4024818.750000 8100.573242 18 11
4215600.000000 4024818.750000 7870.163086 19 11
4215800.000000 4024818.750000 7639.522949 20 11
4216000.000000 4024818.750000 7409.627441 21 11
4216200.000000 4024818.750000 7180.920410 22 11
4216400.000000 4024818.750000 6954.150879 23 11
4216600.000000 4024818.750000 6728.484863 24 11
4216800.000000 4024818.750000 6501.710449 25 11
4217000.000000 4024818.750000 6272.128418 26 11
4217200.000000 4024818.750000 6036.274414 27 11
4217400.000000 4024818.750000 5788.573730 28 11
4217600.000000 4024818.750000 5531.247070 29 11
4217800.000000 4024818.750000 5271.011230 30 11
4218000.000000 4024818.750000 5015.473145 31 11
4218200.000000 4024818.750000 4766.235840 32 11
4218400.000000 4024818.750000 4520.754395 33 11
4218600.000000 4024818.750000 4298.619141 34 11
4218800.000000 4024818.750000 4088.432373 35 11
4219000.000000 4024818.750000 3905.703613 36 11
4219200.000000 4024818.750000 3720.063477 37 11
4219400.000000 4024818.750000 3485.867920 38 11
4219600.000000 4024818.750000 3242.279541 39 11
4219800.000000 4024818.750000 3015.754639 40 11
4220000.000000 4024818.750000 2758.812988 41 11
4220200.000000 4024818.750000 2450.274170 42 11
4212000.000000 4025190.625000 12026.629883 1 12
4212200.000000 4025190.625000 11817.234375 2 12
4212400.000000 4025190.625000 11599.089844 3 12
4212600.000000 4025190.625000 11373.678711 4 12
4212800.000000 4025190.625000 11144.488281 5 12
4213000.000000 4025190.625000 10913.300781 6 12
4213200.000000 4025190.625000 10681.328125 7 12
4213400.000000 4025190.625000 10449.100586 8 12
4213600.000000 4025190.625000 10217.577148 9 12
4213800.000000 4025190.625000 9986.548828 10 12
4214000.000000 4025190.625000 9755.479492 11 12
4214200.000000 4025190.625000 9524.396484 12 12
4214400.000000 4025190.625000 9293.023438 13 12
4214600.000000 4025190.625000 9061.153320 14 12
4214800.000000 4025190.625000 8828.005859 15 12
4215000.000000 4025190.625000 8593.866211 16 12
4215200.000000 4025190.625000 8358.708008 17 12
4215400.000000 4025190.625000 8122.798340 18 12
4215600.000000 4025190.625000 7886.137695 19 12
4215800.000000 4025190.625000 7649.223145 20 12
4216000.000000 4025190.625000 7413.036133 21 12
4216200.000000 4025190.625000 7178.277832 22 12
4216400.000000 4025190.625000 6945.376953 23 12
4216600.000000 4025190.625000 6714.307617 24 12
4216800.000000 4025190.625000 6482.337402 25 12
4217000.000000 4025190.625000 6246.800781 26 12
4217200.000000 4025190.625000 6004.524414 27 12
4217400.000000 4025190.625000 5748.505371 28 12
4217600.000000 4025190.625000 5481.689941 29 12
4217800.000000 4025190.625000 5212.385742 30 12
4218000.000000 4025190.625000 4945.933594 31 12
4218200.000000 4025190.625000 4681.795898 32 12
4218400.000000 4025190.625000 4421.838867 33 12
4218600.000000 4025190.625000 4211.886230 34 12
4218800.000000 4025190.625000 4028.987061 35 12
4219000.000000 4025190.625000 3816.675537 36 12
4219200.000000 4025190.625000 3571.964844 37 12
4219400.000000 4025190.625000 3293.895264 38 12
4219600.000000 4025190.625000 3053.059326 39 12
4219800.000000 4025190.625000 2836.318359 40 12
4220000.000000 4025190.625000 2610.481445 41 12
4220200.000000 4025190.625000 2307.821777 42 12
4212000.000000 4025562.500000 12160.637695 1 13
4212200.000000 4025562.500000 11945.500000 2 13
4212400.000000 4025562.500000 11721.097656 3 13
4212600.000000 4025562.500000 11489.427734 4 13
4212800.000000 4025562.500000 11253.996094 5 13
4213000.000000 4025562.500000 11016.550781 6 13
4213200.000000 4025562.500000 10778.336914 7 13
4213400.000000 4025562.500000 10539.851563 8 13
4213600.000000 4025562.500000 10302.336914 9 13
4213800.000000 4025562.500000 10065.300781 10 13
4214000.000000 4025562.500000 9828.241211 11 13
4214200.000000 4025562.500000 9591.417969 12 13
4214400.000000 4025562.500000 9354.053711 13 13
4214600.000000 4025562.500000 9115.927734 14 13
4214800.000000 4025562.500000 8876.791016 15 13
4215000.000000 4025562.500000 8636.379883 16 13
4215200.000000 4025562.500000 8395.232422 17 13
4215400.000000 4025562.500000 8153.083984 18 13
4215600.000000 4025562.500000 7910.166992 19 13
4215800.000000 4025562.500000 7667.262207 20 13
4216000.000000 4025562.500000 7425.078125 21 13
4216200.000000 4025562.500000 7184.285156 22 13
4216400.000000 4025562.500000 6945.092285 23 13
4216600.000000 4025562.500000 6708.196289 24 13
4216800.000000 4025562.500000 6470.907715 25 13
4217000.000000 4025562.500000 6229.548828 26 13
4217200.000000 4025562.500000 5980.929199 27 13
4217400.000000 4025562.500000 5717.064941 28 13
4217600.000000 4025562.500000 5441.090820 29 13
4217800.000000 4025562.500000 5161.647461 30 13
4218000.000000 4025562.500000 4885.925293 31 13
4218200.000000 4025562.500000 4616.837891 32 13
4218400.000000 4025562.500000 4355.450195 33 13
4218600.000000 4025562.500000 4138.292969 34 13
4218800.000000 4025562.500000 3944.649658 35 13
4219000.000000 4025562.500000 3738.494873 36 13
4219200.000000 4025562.500000 3487.949951 37 13
4219400.000000 4025562.500000 3188.605713 38 13
4219600.000000 4025562.500000 2927.131104 39 13
4219800.000000 4025562.500000 2687.989014 40 13
4220000.000000 4025562.500000 2454.349609 41 13
4220200.000000 4025562.500000 2143.155273 42 13
4212000.000000 4025934.375000 12302.638672 1 14
4212200.000000 4025934.375000 12081.758789 2 14
4212400.000000 4025934.375000 11851.348633 3 14
4212600.000000 4025934.375000 11613.438477 4 14
4212800.000000 4025934.375000 11372.016602 5 14
4213000.000000 4025934.375000 11128.313477 6 14
4213200.000000 4025934.375000 10883.860352 7 14
4213400.000000 4025934.375000 10639.368164 8 14
4213600.000000 4025934.375000 10395.615234 9 14
4213800.000000 4025934.375000 10152.340820 10 14
4214000.000000 4025934.375000 9909.275391 11 14
4214200.000000 4025934.375000 9666.447266 12 14
4214400.000000 4025934.375000 9422.830078 13 14
4214600.000000 4025934.375000 9178.715820 14 14
4214800.000000 4025934.375000 8933.576172 15 14
4215000.000000 4025934.375000 8687.444336 16 14
4215200.000000 4025934.375000 8440.294922 17 14
4215400.000000 4025934.375000 8191.895996 18 14
4215600.000000 4025934.375000 7942.497559 19 14
4215800.000000 4025934.375000 7693.611328 20 14
4216000.000000 4025934.375000 7445.680176 21 14
4216200.000000 4025934.375000 7199.133789 22 14
4216400.000000 4025934.375000 6954.445313 23 14
4216600.000000 4025934.375000 6711.533691 24 14
4216800.000000 4025934.375000 6468.247559 25 14
4217000.000000 4025934.375000 6221.125000 26 14
4217200.000000 4025934.375000 5965.999512 27 14
4217400.000000 4025934.375000 5695.085449 28 14
4217600.000000 4025934.375000 5410.906250 29 14
4217800.000000 4025934.375000 5122.658203 30 14
4218000.000000 4025934.375000 4837.489258 31 14
4218200.000000 4025934.375000 4561.148438 32 14
4218400.000000 4025934.375000 4300.506836 33 14
4218600.000000 4025934.375000 4072.118896 34 14
4218800.000000 4025934.375000 3884.935059 35 14
4219000.000000 4025934.375000 3710.001953 36 14
4219200.000000 4025934.375000 3483.924805 37 14
4219400.000000 4025934.375000 3184.364014 38 14
4219600.000000 4025934.375000 2861.767334 39 14
4219800.000000 4025934.375000 2566.968994 40 14
4220000.000000 4025934.375000 2315.554932 41 14
4220200.000000 4025934.375000 2046.598633 42 14
4212000.000000 4026306.250000 12453.146484 1 15
4212200.000000 4026306.250000 12226.009766 2 15
4212400.000000 4026306.250000 11989.610352 3 15
4212600.000000 4026306.250000 11745.459961 4 15
4212800.000000 4026306.250000 11497.782227 5 15
4213000.000000 4026306.250000 11247.839844 6 15
4213200.000000 4026306.250000 10997.131836 7 15
4213400.000000 4026306.250000 10746.651367 8 15
4213600.000000 4026306.250000 10496.644531 9 15
4213800.000000 4026306.250000 10247.116211 10 15
4214000.000000 4026306.250000 9998.065430 11 15
4214200.000000 4026306.250000 9749.250977 12 15
4214400.000000 4026306.250000 9499.648438 13 15
4214600.000000 4026306.250000 9249.282227 14 15
4214800.000000 4026306.250000 8998.158203 15 15
4215000.000000 4026306.250000 8746.524414 16 15
4215200.000000 4026306.250000 8493.642578 17 15
4215400.000000 4026306.250000 8238.747070 18 15
4215600.000000 4026306.250000 7982.870117 19 15
4215800.000000 4026306.250000 7727.492676 20 15
4216000.000000 4026306.250000 7473.573730 21 15
4216200.000000 4026306.250000 7221.311035 22 15
4216400.000000 4026306.250000 6970.894531 23 15
4216600.000000 4026306.250000 6721.791992 24 15
4216800.000000 4026306.250000 6472.286621 25 15
4217000.000000 4026306.250000 6219.214844 26 15
4217200.000000 4026306.250000 5957.868164 27 15
4217400.000000 4026306.250000 5681.436035 28 15
4217600.000000 4026306.250000 5392.235352 29 15
4217800.000000 4026306.250000 5099.052246 30 15
4218000.000000 4026306.250000 4807.797363 31 15
4218200.000000 4026306.250000 4522.257324 32 15
4218400.000000 4026306.250000 4235.266602 33 15
4218600.000000 4026306.250000 3968.226074 34 15
4218800.000000 4026306.250000 3817.035645 35 15
4219000.000000 4026306.250000 3660.987549 36 15
4219200.000000 4026306.250000 3424.954834 37 15
4219400.000000 4026306.250000 3109.717041 38 15
4219600.000000 4026306.250000 2775.999512 39 15
4219800.000000 4026306.250000 2486.666992 40 15
4220000.000000 4026306.250000 2297.905518 41 15
4220200.000000 4026306.250000 2112.931641 42 15
4212000.000000 4026678.125000 12611.913086 1 16
4212200.000000 4026678.125000 12378.520508 2 16
4212400.000000 4026678.125000 12135.631836 3 16
4212600.000000 4026678.125000 11884.976563 4 16
4212800.000000 4026678.125000 11631.061523 5 16
4213000.000000 4026678.125000 11375.115234 6 16
4213200.000000 4026678.125000 11118.418945 7 16
4213400.000000 4026678.125000 10861.686523 8 16
4213600.000000 4026678.125000 10605.444336 9 16
4213800.000000 4026678.125000 10349.681641 10 16
4214000.000000 4026678.125000 10094.629883 11 16
4214200.000000 4026678.125000 9840.064453 12 16
4214400.000000 4026678.125000 9584.728516 13 16
4214600.000000 4026678.125000 9328.115234 14 16
4214800.000000 4026678.125000 9071.007813 15 16
4215000.000000 4026678.125000 8813.376953 16 16
4215200.000000 4026678.125000 8554.513672 17 16
4215400.000000 4026678.125000 8293.639648 18 16
4215600.000000 4026678.125000 8031.270020 19 16
4215800.000000 4026678.125000 7769.402832 20 16
4216000.000000 4026678.125000 7509.034668 21 16
4216200.000000 4026678.125000 7250.800293 22 16
4216400.000000 4026678.125000 6994.441895 23 16
4216600.000000 4026678.125000 6739.121582 24 16
4216800.000000 4026678.125000 6483.184570 25 16
4217000.000000 4026678.125000 6223.681641 26 16
4217200.000000 4026678.125000 5956.637695 27 16
4217400.000000 4026678.125000 5676.034180 28 16
4217600.000000 4026678.125000 5384.995117 29 16
4217800.000000 4026678.125000 5092.470215 30 16
4218000.000000 4026678.125000 4806.875977 31 16
4218200.000000 4026678.125000 4534.293945 32 16
4218400.000000 4026678.125000 4283.724121 33 16
4218600.000000 4026678.125000 4067.663818 34 16
4218800.000000 4026678.125000 3902.908936 35 16
4219000.000000 4026678.125000 3662.746826 36 16
4219200.000000 4026678.125000 3372.448730 37 16
4219400.000000 4026678.125000 3027.151855 38 16
4219600.000000 4026678.125000 2690.444092 39 16
4219800.000000 4026678.125000 2450.882080 40 16
4220000.000000 4026678.125000 2302.779785 41 16
4220200.000000 4026678.125000 2068.177490 42 16
4212000.000000 4027050.000000 12778.919922 1 17
4212200.000000 4027050.000000 12539.040039 2 17
4212400.000000 4027050.000000 12289.896484 3 17
4212600.000000 4027050.000000 12032.753906 4 17
4212800.000000 4027050.000000 11772.583984 5 17
4213000.000000 4027050.000000 11510.651367 6 17
4213200.000000 4027050.000000 11247.953125 7 17
4213400.000000 4027050.000000 10985.235352 8 17
4213600.000000 4027050.000000 10722.992188 9 17
4213800.000000 4027050.000000 10461.245117 10 17
4214000.000000 4027050.000000 10199.960938 11 17
4214200.000000 4027050.000000 9939.648438 12 17
4214400.000000 4027050.000000 9678.314453 13 17
4214600.000000 4027050.000000 9415.487305 14 17
4214800.000000 4027050.000000 9152.383789 15 17
4215000.000000 4027050.000000 8888.523438 16 17
4215200.000000 4027050.000000 8624.165039 17 17
4215400.000000 4027050.000000 8357.045898 18 17
4215600.000000 4027050.000000 8088.200195 19 17
4215800.000000 4027050.000000 7819.859375 20 17
4216000.000000 4027050.000000 7553.255859 21 17
4216200.000000 4027050.000000 7288.798340 22 17
4216400.000000 4027050.000000 7026.244141 23 17
4216600.000000 4027050.000000 6764.732422 24 17
4216800.000000 4027050.000000 6502.083496 25 17
4217000.000000 4027050.000000 6235.861328 26 17
4217200.000000 4027050.000000 5963.354492 27 17
4217400.000000 4027050.000000 5679.536621 28 17
4217600.000000 4027050.000000 5387.911133 29 17
4217800.000000 4027050.000000 5098.111816 30 17
4218000.000000 4027050.000000 4820.322754 31 17
4218200.000000 4027050.000000 4565.225098 32 17
4218400.000000 4027050.000000 4331.842773 33 17
4218600.000000 4027050.000000 4115.216309 34 17
4218800.000000 4027050.000000 3912.936279 35 17
4219000.000000 4027050.000000 3650.377686 36 17
4219200.000000 4027050.000000 3320.640137 37 17
4219400.000000 4027050.000000 2966.086670 38 17
4219600.000000 4027050.000000 2643.922852 39 17
4219800.000000 4027050.000000 2417.255127 40 17
4220000.000000 4027050.000000 2170.248535 41 17
4220200.000000 4027050.000000 1820.738892 42 17
4212000.000000 4027421.875000 12953.934570 1 18
4212200.000000 4027421.875000 12708.066406 2 18
4212400.000000 4027421.875000 12452.917969 3 18
4212600.000000 4027421.875000 12190.271484 4 18
4212800.000000 4027421.875000 11924.364258 5 18
4213000.000000 4027421.875000 11656.446289 6 18
4213200.000000 4027421.875000 11387.496094 7 18
4213400.000000 4027421.875000 11118.543945 8 18
4213600.000000 4027421.875000 10850.068359 9 18
4213800.000000 4027421.875000 10582.306641 10 18
4214000.000000 4027421.875000 10315.041016 11 18
4214200.000000 4027421.875000 10048.249023 12 18
4214400.000000 4027421.875000 9780.936523 13 18
4214600.000000 4027421.875000 9512.096680 14 18
4214800.000000 4027421.875000 9242.765625 15 18
4215000.000000 4027421.875000 8972.927734 16 18
4215200.000000 4027421.875000 8702.325195 17 18
4215400.000000 4027421.875000 8429.229492 18 18
4215600.000000 4027421.875000 8154.157715 19 18
4215800.000000 4027421.875000 7879.575195 20 18
4216000.000000 4027421.875000 7606.984375 21 18
4216200.000000 4027421.875000 7336.831055 22 18
4216400.000000 4027421.875000 7068.539063 23 18
4216600.000000 4027421.875000 6800.820801 24 18
4216800.000000 4027421.875000 6531.952637 25 18
4217000.000000 4027421.875000 6259.228027 26 18
4217200.000000 4027421.875000 5979.960449 27 18
4217400.000000 4027421.875000 5691.566895 28 18
4217600.000000 4027421.875000 5397.675781 29 18
4217800.000000 4027421.875000 5108.009766 30 18
4218000.000000 4027421.875000 4834.031250 31 18
4218200.000000 4027421.875000 4585.879883 32 18
4218400.000000 4027421.875000 4359.163086 33 18
4218600.000000 4027421.875000 4143.809570 34 18
4218800.000000 4027421.875000 3939.312988 35 18
4219000.000000 4027421.875000 3661.792236 36 18
4219200.000000 4027421.875000 3282.764648 37 18
4219400.000000 4027421.875000 2916.840576 38 18
4219600.000000 4027421.875000 2587.481689 39 18
4219800.000000 4027421.875000 2365.164795 40 18
4220000.000000 4027421.875000 2123.949219 41 18
4220200.000000 4027421.875000 1755.263306 42 18
4212000.000000 4027793.750000 13136.708008 1 19
4212200.000000 4027793.750000 12885.084961 2 19
4212400.000000 4027793.750000 12624.199219 3 19
4212600.000000 4027793.750000 12356.047852 4 19
4212800.000000 4027793.750000 12084.405273 5 19
4213000.000000 4027793.750000 11810.485352 6 19
4213200.000000 4027793.750000 11535.301758 7 19
4213400.000000 4027793.750000 11260.349609 8 19
4213600.000000 4027793.750000 10985.892578 9 19
4213800.000000 4027793.750000 10711.900391 10 19
4214000.000000 4027793.750000 10438.388672 11 19
4214200.000000 4027793.750000 10165.101563 12 19
4214400.000000 4027793.750000 9891.562500 13 19
4214600.000000 4027793.750000 9616.996094 14 19
4214800.000000 4027793.750000 9341.921875 15 19
4215000.000000 4027793.750000 9065.841797 16 19
4215200.000000 4027793.750000 8788.514648 17 19
4215400.000000 4027793.750000 8508.943359 18 19
4215600.000000 4027793.750000 8228.128906 19 19
4215800.000000 4027793.750000 7947.554199 20 19
4216000.000000 4027793.750000 7668.989258 21 19
4216200.000000 4027793.750000 7393.100586 22 19
4216400.000000 4027793.750000 7119.357422 23 19
4216600.000000 4027793.750000 6846.142578 24 19
4216800.000000 4027793.750000 6571.252930 25 19
4217000.000000 4027793.750000 6291.993652 26 19
4217200.000000 4027793.750000 6006.139648 27 19
4217400.000000 4027793.750000 5710.758301 28 19
4217600.000000 4027793.750000 5410.420898 29 19
4217800.000000 4027793.750000 5115.067383 30 19
4218000.000000 4027793.750000 4836.325195 31 19
4218200.000000 4027793.750000 4585.412598 32 19
4218400.000000 4027793.750000 4365.797363 33 19
4218600.000000 4027793.750000 4168.347168 34 19
4218800.000000 4027793.750000 3966.124023 35 19
4219000.000000 4027793.750000 3667.562256 36 19
4219200.000000 4027793.750000 3254.870850 37 19
4219400.000000 4027793.750000 2873.333740 38 19
4219600.000000 4027793.750000 2584.923828 39 19
4219800.000000 4027793.750000 2346.020020 40 19
4220000.000000 4027793.750000 2044.930908 41 19
4220200.000000 4027793.750000 1619.464478 42 19
4212000.000000 4028165.625000 13327.970703 1 20
4212200.000000 4028165.625000 13070.344727 2 20
4212400.000000 4028165.625000 12803.722656 3 20
4212600.000000 4028165.625000 12529.585938 4 20
4212800.000000 4028165.625000 12251.941406 5 20
4213000.000000 4028165.625000 11972.037109 6 20
4213200.000000 4028165.625000 11690.871094 7 20
4213400.000000 4028165.625000 11409.671875 8 20
4213600.000000 4028165.625000 11129.216797 9 20
4213800.000000 4028165.625000 10849.246094 10 20
4214000.000000 4028165.625000 10569.506836 11 20
4214200.000000 4028165.625000 10289.978516 12 20
4214400.000000 4028165.625000 10010.447266 13 20
4214600.000000 4028165.625000 9730.157227 14 20
4214800.000000 4028165.625000 9449.109375 15 20
4215000.000000 4028165.625000 9166.790039 16 20
4215200.000000 4028165.625000 8882.989258 17 20
4215400.000000 4028165.625000 8597.177734 18 20
4215600.000000 4028165.625000 8309.872070 19 20
4215800.000000 4028165.625000 8023.088867 20 20
4216000.000000 4028165.625000 7738.531250 21 20
4216200.000000 4028165.625000 7456.916016 22 20
4216400.000000 4028165.625000 7177.674316 23 20
4216600.000000 4028165.625000 6899.449707 24 20
4216800.000000 4028165.625000 6619.232422 25 20
4217000.000000 4028165.625000 6333.854492 26 20
4217200.000000 4028165.625000 6040.762207 27 20
4217400.000000 4028165.625000 5736.850586 28 20
4217600.000000 4028165.625000 5425.241699 29 20
4217800.000000 4028165.625000 5117.279785 30 20
4218000.000000 4028165.625000 4825.031738 31 20
4218200.000000 4028165.625000 4560.192871 32 20
4218400.000000 4028165.625000 4332.877930 33 20
4218600.000000 4028165.625000 4131.386719 34 20
4218800.000000 4028165.625000 3924.073730 35 20
4219000.000000 4028165.625000 3620.550049 36 20
4219200.000000 4028165.625000 3195.093262 37 20
4219400.000000 4028165.625000 2834.959229 38 20
4219600.000000 4028165.625000 2619.258789 39 20
4219800.000000 4028165.625000 2383.534424 40 20
4220000.000000 4028165.625000 2061.182129 41 20
4220200.000000 4028165.625000 1588.437134 42 20
4212000.000000 4028537.500000 13527.491211 1 21
4212200.000000 4028537.500000 13264.127930 2 21
4212400.000000 4028537.500000 12991.253906 3 21
4212600.000000 4028537.500000 12711.132813 4 21
4212800.000000 4028537.500000 12426.988281 5 21
4213000.000000 4028537.500000 12141.084961 6 21
4213200.000000 4028537.500000 11853.936523 7 21
4213400.000000 4028537.500000 11566.755859 8 21
4213600.000000 4028537.500000 11280.306641 9 21
4213800.000000 4028537.500000 10994.340820 10 21
4214000.000000 4028537.500000 10708.625977 11 21
4214200.000000 4028537.500000 10423.122070 12 21
4214400.000000 4028537.500000 10137.618164 13 21
4214600.000000 4028537.500000 9851.338867 14 21
4214800.000000 4028537.500000 9564.303711 15 21
4215000.000000 4028537.500000 9275.762695 16 21
4215200.000000 4028537.500000 8985.973633 17 21
4215400.000000 4028537.500000 8693.690430 18 21
4215600.000000 4028537.500000 8399.663086 19 21
4215800.000000 4028537.500000 8106.124023 20 21
4216000.000000 4028537.500000 7815.342285 21 21
4216200.000000 4028537.500000 7528.251953 22 21
4216400.000000 4028537.500000 7243.764160 23 21
4216600.000000 4028537.500000 6960.781250 24 21
4216800.000000 4028537.500000 6675.752930 25 21
4217000.000000 4028537.500000 6384.730957 26 21
4217200.000000 4028537.500000 6084.893555 27 21
4217400.000000 4028537.500000 5770.386230 28 21
4217600.000000 4028537.500000 5444.622070 29 21
4217800.000000 4028537.500000 5119.838867 30 21
4218000.000000 4028537.500000 4808.333496 31 21
4218200.000000 4028537.500000 4522.161621 32 21
4218400.000000 4028537.500000 4271.958496 33 21
4218600.000000 4028537.500000 4055.885986 34 21
4218800.000000 4028537.500000 3854.666260 35 21
4219000.000000 4028537.500000 3548.075439 36 21
4219200.000000 4028537.500000 3124.926270 37 21
4219400.000000 4028537.500000 2843.285645 38 21
4219600.000000 4028537.500000 2684.994629 39 21
4219800.000000 4028537.500000 2426.231201 40 21
4220000.000000 4028537.500000 2076.461914 41 21
4220200.000000 4028537.500000 1595.717041 42 21
4212000.000000 4028909.375000 13735.251953 1 22
4212200.000000 4028909.375000 13465.403320 2 22
4212400.000000 4028909.375000 13186.777344 3 22
4212600.000000 4028909.375000 12900.671875 4 22
4212800.000000 4028909.375000 12610.793945 5 22
4213000.000000 4028909.375000 12318.658203 6 22
4213200.000000 4028909.375000 12025.496094 7 22
4213400.000000 4028909.375000 11732.335938 8 22
4213600.000000 4028909.375000 11439.659180 9 22
4213800.000000 4028909.375000 11147.467773 10 22
4214000.000000 4028909.375000 10855.760742 11 22
4214200.000000 4028909.375000 10564.284180 12 22
4214400.000000 4028909.375000 10272.776367 13 22
4214600.000000 4028909.375000 9980.776367 14 22
4214800.000000 4028909.375000 9687.520508 15 22
4215000.000000 4028909.375000 9392.761719 16 22
4215200.000000 4028909.375000 9096.737305 17 22
4215400.000000 4028909.375000 8798.234375 18 22
4215600.000000 4028909.375000 8497.720703 19 22
4215800.000000 4028909.375000 8197.711914 20 22
4216000.000000 4028909.375000 7900.943359 21 22
4216200.000000 4028909.375000 7608.122559 22 22
4216400.000000 4028909.375000 7318.671387 23 22
4216600.000000 4028909.375000 7030.960449 24 22
4216800.000000 4028909.375000 6740.916992 25 22
4217000.000000 4028909.375000 6444.311523 26 22
4217200.000000 4028909.375000 6136.788086 27 22
4217400.000000 4028909.375000 5811.822754 28 22
4217600.000000 4028909.375000 5472.898926 29 22
4217800.000000 4028909.375000 5132.056641 30 22
4218000.000000 4028909.375000 4802.369141 31 22
4218200.000000 4028909.375000 4498.420898 32 22
4218400.000000 4028909.375000 4224.152344 33 22
4218600.000000 4028909.375000 3995.755371 34 22
4218800.000000 4028909.375000 3790.153320 35 22
4219000.000000 4028909.375000 3503.565674 36 22
4219200.000000 4028909.375000 3105.517578 37 22
4219400.000000 4028909.375000 2807.836426 38 22
4219600.000000 4028909.375000 2580.806885 39 22
4219800.000000 4028909.375000 2277.627197 40 22
4220000.000000 4028909.375000 1967.013428 41 22
4220200.000000 4028909.375000 1568.478271 42 22
4212000.000000 4029281.250000 13950.770508 1 23
4212200.000000 4029281.250000 13674.919922 2 23
4212400.000000 4029281.250000 13390.077148 3 23
4212600.000000 4029281.250000 13098.203125 4 23
4212800.000000 4029281.250000 12802.343750 5 23
4213000.000000 4029281.250000 12504.209961 6 23
4213200.000000 4029281.250000 12205.084961 7 23
4213400.000000 4029281.250000 11905.680664 8 23
4213600.000000 4029281.250000 11607.009766 9 23
4213800.000000 4029281.250000 11308.593750 10 23
4214000.000000 4029281.250000 11010.897461 11 23
4214200.000000 4029281.250000 10713.433594 12 23
4214400.000000 4029281.250000 10415.971680 13 23
4214600.000000 4029281.250000 10117.987305 14 23
4214800.000000 4029281.250000 9818.764648 15 23
4215000.000000 4029281.250000 9518.021484 16 23
4215200.000000 4029281.250000 9215.532227 17 23
4215400.000000 4029281.250000 8910.547852 18 23
4215600.000000 4029281.250000 8604.052734 19 23
4215800.000000 4029281.250000 8298.079102 20 23
4216000.000000 4029281.250000 7995.103516 21 23
4216200.000000 4029281.250000 7696.324707 22 23
4216400.000000 4029281.250000 7401.701660 23 23
4216600.000000 4029281.250000 7109.068848 24 23
4216800.000000 4029281.250000 6813.874512 25 23
4217000.000000 4029281.250000 6511.609863 26 23
4217200.000000 4029281.250000 6196.629395 27 23
4217400.000000 4029281.250000 5862.810059 28 23
4217600.000000 4029281.250000 5513.079102 29 23
4217800.000000 4029281.250000 5161.194336 30 23
4218000.000000 4029281.250000 4826.029297 31 23
4218200.000000 4029281.250000 4528.576660 32 23
4218400.000000 4029281.250000 4242.878418 33 23
4218600.000000 4029281.250000 3993.804688 34 23
4218800.000000 4029281.250000 3764.485840 35 23
4219000.000000 4029281.250000 3480.187744 36 23
4219200.000000 4029281.250000 3097.289063 37 23
4219400.000000 4029281.250000 2748.746582 38 23
4219600.000000 4029281.250000 2469.507324 39 23
4219800.000000 4029281.250000 2167.377686 40 23
4220000.000000 4029281.250000 1863.269653 41 23
4220200.000000 4029281.250000 1506.033203 42 23
4212000.000000 4029653.125000 14175.043945 1 24
4212200.000000 4029653.125000 13892.943359 2 24
4212400.000000 4029653.125000 13602.099609 3 24
4212600.000000 4029653.125000 13303.760742 4 24
4212800.000000 4029653.125000 13001.402344 5 24
4213000.000000 4029653.125000 12697.289063 6 24
4213200.000000 4029653.125000 12392.151367 7 24
4213400.000000 4029653.125000 12087.019531 8 24
4213600.000000 4029653.125000 11782.374023 9 24
4213800.000000 4029653.125000 11477.967773 10 24
4214000.000000 4029653.125000 11174.048828 11 24
4214200.000000 4029653.125000 10870.615234 12 24
4214400.000000 4029653.125000 10566.919922 13 24
4214600.000000 4029653.125000 10262.967773 14 24
4214800.000000 4029653.125000 9957.762695 15 24
4215000.000000 4029653.125000 9651.039063 16 24
4215200.000000 4029653.125000 9342.585938 17 24
4215400.000000 4029653.125000 9031.622070 18 24
4215600.000000 4029653.125000 8718.432617 19 24
4215800.000000 4029653.125000 8406.234375 20 24
4216000.000000 4029653.125000 8097.290039 21 24
4216200.000000 4029653.125000 7792.583984 22 24
4216400.000000 4029653.125000 7492.313477 23 24
4216600.000000 4029653.125000 7194.793457 24 24
4216800.000000 4029653.125000 6894.723145 25 24
4217000.000000 4029653.125000 6587.343750 26 24
4217200.000000 4029653.125000 6266.963867 27 24
4217400.000000 4029653.125000 5924.859375 28 24
4217600.000000 4029653.125000 5564.058105 29 24
4217800.000000 4029653.125000 5200.571289 30 24
4218000.000000 4029653.125000 4855.264648 31 24
4218200.000000 4029653.125000 4556.526855 32 24
4218400.000000 4029653.125000 4286.831543 33 24
4218600.000000 4029653.125000 4035.276123 34 24
4218800.000000 4029653.125000 3789.459961 35 24
4219000.000000 4029653.125000 3484.806885 36 24
4219200.000000 4029653.125000 3103.203613 37 24
4219400.000000 4029653.125000 2734.007813 38 24
4219600.000000 4029653.125000 2463.054932 39 24
4219800.000000 4029653.125000 2165.501221 40 24
4220000.000000 4029653.125000 1815.209961 41 24
4220200.000000 4029653.125000 1446.033569 42 24
4212000.000000 4030025.000000 14407.556641 1 25
4212200.000000 4030025.000000 14119.471680 2 25
4212400.000000 4030025.000000 13822.145508 3 25
4212600.000000 4030025.000000 13517.291016 4 25
4212800.000000 4030025.000000 13208.702148 5 25
4213000.000000 4030025.000000 12898.342773 6 25
4213200.000000 4030025.000000 12587.242188 7 25
4213400.000000 4030025.000000 12276.367188 8 25
4213600.000000 4030025.000000 11965.747070 9 25
4213800.000000 4030025.000000 11655.350586 10 25
4214000.000000 4030025.000000 11345.460938 11 25
4214200.000000 4030025.000000 11035.791992 12 25
4214400.000000 4030025.000000 10726.128906 13 25
4214600.000000 4030025.000000 10415.945313 14 25
4214800.000000 4030025.000000 10104.757813 15 25
4215000.000000 4030025.000000 9792.086914 16 25
4215200.000000 4030025.000000 9477.904297 17 25
4215400.000000 4030025.000000 9160.480469 18 25
4215600.000000 4030025.000000 8840.798828 19 25
4215800.000000 4030025.000000 8522.142578 20 25
4216000.000000 4030025.000000 8207.249023 21 25
4216200.000000 4030025.000000 7896.869629 22 25
4216400.000000 4030025.000000 7590.940430 23 25
4216600.000000 4030025.000000 7288.055664 24 25
4216800.000000 4030025.000000 6982.608887 25 25
4217000.000000 4030025.000000 6669.855469 26 25
4217200.000000 4030025.000000 6344.041504 27 25
4217400.000000 4030025.000000 5994.414551 28 25
4217600.000000 4030025.000000 5622.541016 29 25
4217800.000000 4030025.000000 5246.145020 30 25
4218000.000000 4030025.000000 4882.747559 31 25
4218200.000000 4030025.000000 4554.103516 32 25
4218400.000000 4030025.000000 4289.765625 33 25
4218600.000000 4030025.000000 4045.953613 34 25
4218800.000000 4030025.000000 3783.297119 35 25
4219000.000000 4030025.000000 3502.311035 36 25
4219200.000000 4030025.000000 3176.302734 37 25
4219400.000000 4030025.000000 2830.850830 38 25
4219600.000000 4030025.000000 2557.870117 39 25
4219800.000000 4030025.000000 2189.876221 40 25
4220000.000000 4030025.000000 1767.362427 41 25
4220200.000000 4030025.000000 1386.100220 42 25
4212000.000000 4030396.875000 14648.325195 1 26
4212200.000000 4030396.875000 14353.507813 2 26
4212400.000000 4030396.875000 14049.931641 3 26
4212600.000000 4030396.875000 13739.095703 4 26
4212800.000000 4030396.875000 13424.758789 5 26
4213000.000000 4030396.875000 13108.418945 6 26
4213200.000000 4030396.875000 12791.324219 7 26
4213400.000000 4030396.875000 12474.222656 8 26
4213600.000000 4030396.875000 12157.611328 9 26
4213800.000000 4030396.875000 11841.242188 10 26
4214000.000000 4030396.875000 11525.115234 11 26
4214200.000000 4030396.875000 11209.227539 12 26
4214400.000000 4030396.875000 10893.582031 13 26
4214600.000000 4030396.875000 10577.432617 14 26
4214800.000000 4030396.875000 10260.281250 15 26
4215000.000000 4030396.875000 9941.630859 16 26
4215200.000000 4030396.875000 9620.969727 17 26
4215400.000000 4030396.875000 9297.584961 18 26
4215600.000000 4030396.875000 8971.695313 19 26
4215800.000000 4030396.875000 8646.816406 20 26
4216000.000000 4030396.875000 8325.975586 21 26
4216200.000000 4030396.875000 8009.907715 22 26
4216400.000000 4030396.875000 7698.320313 23 26
4216600.000000 4030396.875000 7389.322266 24 26
4216800.000000 4030396.875000 7078.013672 25 26
4217000.000000 4030396.875000 6759.366211 26 26
4217200.000000 4030396.875000 6427.885254 27 26
4217400.000000 4030396.875000 6070.766113 28 26
4217600.000000 4030396.875000 5689.596191 29 26
4217800.000000 4030396.875000 5300.324707 30 26
4218000.000000 4030396.875000 4916.390137 31 26
4218200.000000 4030396.875000 4555.579590 32 26
4218400.000000 4030396.875000 4311.682617 33 26
4218600.000000 4030396.875000 4104.362305 34 26
4218800.000000 4030396.875000 3794.617920 35 26
4219000.000000 4030396.875000 3517.634521 36 26
4219200.000000 4030396.875000 3245.654297 37 26
4219400.000000 4030396.875000 2929.961670 38 26
4219600.000000 4030396.875000 2615.807373 39 26
4219800.000000 4030396.875000 2188.042236 40 26
4220000.000000 4030396.875000 1744.609253 41 26
4220200.000000 4030396.875000 1351.690918 42 26
4212000.000000 4030768.750000 14897.599609 1 27
4212200.000000 4030768.750000 14596.032227 2 27
4212400.000000 4030768.750000 14285.958008 3 27
4212600.000000 4030768.750000 13969.139648 4 27
4212800.000000 4030768.750000 13649.071289 5 27
4213000.000000 4030768.750000 13326.985352 6 27
4213200.000000 4030768.750000 13003.913086 7 27
4213400.000000 4030768.750000 12680.818359 8 27
4213600.000000 4030768.750000 12357.983398 9 27
4213800.000000 4030768.750000 12035.625977 10 27
4214000.000000 4030768.750000 11713.278320 11 27
4214200.000000 4030768.750000 11391.157227 12 27
4214400.000000 4030768.750000 11069.294922 13 27
4214600.000000 4030768.750000 10746.914063 14 27
4214800.000000 4030768.750000 10423.799805 15 27
4215000.000000 4030768.750000 10099.169922 16 27
4215200.000000 4030768.750000 9772.547852 17 27
4215400.000000 4030768.750000 9442.937500 18 27
4215600.000000 4030768.750000 9111.339844 19 27
4215800.000000 4030768.750000 8780.755859 20 27
4216000.000000 4030768.750000 8453.951172 21 27
4216200.000000 4030768.750000 8131.710938 22 27
4216400.000000 4030768.750000 7813.981934 23 27
4216600.000000 4030768.750000 7498.608398 24 27
4216800.000000 4030768.750000 7180.700195 25 27
4217000.000000 4030768.750000 6855.985840 26 27
4217200.000000 4030768.750000 6518.443359 27 27
4217400.000000 4030768.750000 6156.093262 28 27
4217600.000000 4030768.750000 5769.491211 29 27
4217800.000000 4030768.750000 5373.733887 30 27
4218000.000000 4030768.750000 4980.671875 31 27
4218200.000000 4030768.750000 4605.963379 32 27
4218400.000000 4030768.750000 4351.686035 33 27
4218600.000000 4030768.750000 4158.500000 34 27
4218800.000000 4030768.750000 3830.691162 35 27
4219000.000000 4030768.750000 3484.752197 36 27
4219200.000000 4030768.750000 3133.441406 37 27
4219400.000000 4030768.750000 2803.231201 38 27
4219600.000000 4030768.750000 2489.233398 39 27
4219800.000000 4030768.750000 2093.192871 40 27
4220000.000000 4030768.750000 1699.012451 41 27
4220200.000000 4030768.750000 1333.776978 42 27
4212000.000000 4031140.625000 15155.861328 1 28
4212200.000000 4031140.625000 14847.045898 2 28
4212400.000000 4031140.625000 14530.489258 3 28
4212600.000000 4031140.625000 14207.439453 4 28
4212800.000000 4031140.625000 13881.375000 5 28
4213000.000000 4031140.625000 13553.309570 6 28
4213200.000000 4031140.625000 13224.243164 7 28
4213400.000000 4031140.625000 12895.171875 8 28
4213600.000000 4031140.625000 12566.346680 9 28
4213800.000000 4031140.625000 12238.017578 10 28
4214000.000000 4031140.625000 11909.683594 11 28
4214200.000000 4031140.625000 11581.343750 12 28
4214400.000000 4031140.625000 11253.250000 13 28
4214600.000000 4031140.625000 10924.905273 14 28
4214800.000000 4031140.625000 10595.560547 15 28
4215000.000000 4031140.625000 10264.718750 16 28
4215200.000000 4031140.625000 9931.886719 17 28
4215400.000000 4031140.625000 9596.567383 18 28
4215600.000000 4031140.625000 9259.245117 19 28
4215800.000000 4031140.625000 8922.939453 20 28
4216000.000000 4031140.625000 8589.937500 21 28
4216200.000000 4031140.625000 8261.506836 22 28
4216400.000000 4031140.625000 7937.121582 23 28
4216600.000000 4031140.625000 7615.160645 24 28
4216800.000000 4031140.625000 7290.745605 25 28
4217000.000000 4031140.625000 6959.606934 26 28
4217200.000000 4031140.625000 6616.813965 27 28
4217400.000000 4031140.625000 6251.520996 28 28
4217600.000000 4031140.625000 5864.686035 29 28
4217800.000000 4031140.625000 5469.700195 30 28
4218000.000000 4031140.625000 5082.291992 31 28
4218200.000000 4031140.625000 4717.628418 32 28
4218400.000000 4031140.625000 4416.090820 33 28
4218600.000000 4031140.625000 4152.364746 34 28
4218800.000000 4031140.625000 3837.309326 35 28
4219000.000000 4031140.625000 3490.509521 36 28
4219200.000000 4031140.625000 3118.894043 37 28
4219400.000000 4031140.625000 2775.828613 38 28
4219600.000000 4031140.625000 2461.473877 39 28
4219800.000000 4031140.625000 2101.793701 40 28
4220000.000000 4031140.625000 1727.774658 41 28
4220200.000000 4031140.625000 1353.090088 42 28
4212000.000000 4031512.500000 15423.127930 1 29
4212200.000000 4031512.500000 15106.831055 2 29
4212400.000000 4031512.500000 14783.027344 3 29
4212600.000000 4031512.500000 14453.979492 4 29
4212800.000000 4031512.500000 14121.684570 5 29
4213000.000000 4031512.500000 13787.639648 6 29
4213200.000000 4031512.500000 13452.329102 7 29
4213400.000000 4031512.500000 13117.283203 8 29
4213600.000000 4031512.500000 12782.716797 9 29
4213800.000000 4031512.500000 12448.415039 10 29
4214000.000000 4031512.500000 12114.094727 11 29
4214200.000000 4031512.500000 11779.538086 12 29
4214400.000000 4031512.500000 11445.228516 13 29
4214600.000000 4031512.500000 11110.901367 14 29
4214800.000000 4031512.500000 10775.593750 15 29
4215000.000000 4031512.500000 10439.022461 16 29
4215200.000000 4031512.500000 10100.213867 17 29
4215400.000000 4031512.500000 9758.918945 18 29
4215600.000000 4031512.500000 9416.138672 19 29
4215800.000000 4031512.500000 9073.628906 20 29
4216000.000000 4031512.500000 8734.429688 21 29
4216200.000000 4031512.500000 8399.307617 22 29
4216400.000000 4031512.500000 8068.029785 23 29
4216600.000000 4031512.500000 7739.213379 24 29
4216800.000000 4031512.500000 7408.045410 25 29
4217000.000000 4031512.500000 7070.739258 26 29
4217200.000000 4031512.500000 6723.210449 27 29
4217400.000000 4031512.500000 6356.270020 28 29
4217600.000000 4031512.500000 5971.066406 29 29
4217800.000000 4031512.500000 5579.759277 30 29
4218000.000000 4031512.500000 5194.957031 31 29
4218200.000000 4031512.500000 4830.770996 32 29
4218400.000000 4031512.500000 4500.167969 33 29
4218600.000000 4031512.500000 4189.871094 34 29
4218800.000000 4031512.500000 3877.950928 35 29
4219000.000000 4031512.500000 3554.445801 36 29
4219200.000000 4031512.500000 3203.679932 37 29
4219400.000000 4031512.500000 2842.861816 38 29
4219600.000000 4031512.500000 2494.456787 39 29
4219800.000000 4031512.500000 2132.852783 40 29
4220000.000000 4031512.500000 1760.604614 41 29
4220200.000000 4031512.500000 1380.936035 42 29
4212000.000000 4031884.375000 15699.647461 1 30
4212200.000000 4031884.375000 15375.354492 2 30
4212400.000000 4031884.375000 15044.319336 3 30
4212600.000000 4031884.375000 14709.024414 4 30
4212800.000000 4031884.375000 14370.749023 5 30
4213000.000000 4031884.375000 14030.458984 6 30
4213200.000000 4031884.375000 13689.170898 7 30
4213400.000000 4031884.375000 13348.131836 8 30
4213600.000000 4031884.375000 13008.091797 9 30
4213800.000000 4031884.375000 12667.800781 10 30
4214000.000000 4031884.375000 12327.509766 11 30
4214200.000000 4031884.375000 11986.718750 12 30
4214400.000000 4031884.375000 11646.176758 13 30
4214600.000000 4031884.375000 11305.902344 14 30
4214800.000000 4031884.375000 10964.613281 15 30
4215000.000000 4031884.375000 10622.080078 16 30
4215200.000000 4031884.375000 10277.294922 17 30
4215400.000000 4031884.375000 9930.290039 18 30
4215600.000000 4031884.375000 9581.802734 19 30
4215800.000000 4031884.375000 9233.570313 20 30
4216000.000000 4031884.375000 8888.406250 21 30
4216200.000000 4031884.375000 8546.108398 22 30
4216400.000000 4031884.375000 8207.916992 23 30
4216600.000000 4031884.375000 7871.984863 24 30
4216800.000000 4031884.375000 7533.783203 25 30
4217000.000000 4031884.375000 7190.016602 26 30
4217200.000000 4031884.375000 6837.130859 27 30
4217400.000000 4031884.375000 6468.645020 28 30
4217600.000000 4031884.375000 6085.584473 29 30
4217800.000000 4031884.375000 5696.506348 30 30
4218000.000000 4031884.375000 5312.747559 31 30
4218200.000000 4031884.375000 4943.994141 32 30
4218400.000000 4031884.375000 4595.294922 33 30
4218600.000000 4031884.375000 4263.402832 34 30
4218800.000000 4031884.375000 3940.401855 35 30
4219000.000000 4031884.375000 3621.628174 36 30
4219200.000000 4031884.375000 3275.518311 37 30
4219400.000000 4031884.375000 2905.225098 38 30
4219600.000000 4031884.375000 2537.527588 39 30
4219800.000000 4031884.375000 2168.203369 40 30
4220000.000000 4031884.375000 1792.909302 41 30
4220200.000000 4031884.375000 1413.658203 42 30
4212000.000000 4032256.250000 15983.907227 1 31
4212200.000000 4032256.250000 15652.132813 2 31
4212400.000000 4032256.250000 15314.100586 3 31
4212600.000000 4032256.250000 14972.074219 4 31
4212800.000000 4032256.250000 14627.801758 5 31
4213000.000000 4032256.250000 14282.015625 6 31
4213200.000000 4032256.250000 13935.499023 7 31
4213400.000000 4032256.250000 13588.734375 8 31
4213600.000000 4032256.250000 13241.954102 9 31
4213800.000000 4032256.250000 12895.441406 10 31
4214000.000000 4032256.250000 12549.179688 11 31
4214200.000000 4032256.250000 12202.903320 12 31
4214400.000000 4032256.250000 11856.394531 13 31
4214600.000000 4032256.250000 11509.138672 14 31
4214800.000000 4032256.250000 11161.119141 15 31
4215000.000000 4032256.250000 10812.623047 16 31
4215200.000000 4032256.250000 10462.625000 17 31
4215400.000000 4032256.250000 10109.893555 18 31
4215600.000000 4032256.250000 9755.429688 19 31
4215800.000000 4032256.250000 9401.742188 20 31
4216000.000000 4032256.250000 9050.628906 21 31
4216200.000000 4032256.250000 8702.381836 22 31
4216400.000000 4032256.250000 8357.283203 23 31
4216600.000000 4032256.250000 8013.737305 24 31
4216800.000000 4032256.250000 7668.449219 25 31
4217000.000000 4032256.250000 7318.391113 26 31
4217200.000000 4032256.250000 6960.550781 27 31
4217400.000000 4032256.250000 6589.027344 28 31
4217600.000000 4032256.250000 6205.598633 29 31
4217800.000000 4032256.250000 5817.078125 30 31
4218000.000000 4032256.250000 5431.732910 31 31
4218200.000000 4032256.250000 5057.281250 32 31
4218400.000000 4032256.250000 4696.124512 33 31
4218600.000000 4032256.250000 4347.544434 34 31
4218800.000000 4032256.250000 4006.521729 35 31
4219000.000000 4032256.250000 3668.413330 36 31
4219200.000000 4032256.250000 3315.843506 37 31
4219400.000000 4032256.250000 2948.256348 38 31
4219600.000000 4032256.250000 2576.718750 39 31
4219800.000000 4032256.250000 2202.788574 40 31
4220000.000000 4032256.250000 1825.347168 41 31
4220200.000000 4032256.250000 1445.729126 42 31
4212000.000000 4032628.125000 16273.674805 1 32
4212200.000000 4032628.125000 15934.403320 2 32
4212400.000000 4032628.125000 15589.140625 3 32
4212600.000000 4032628.125000 15240.117188 4 32
4212800.000000 4032628.125000 14889.597656 5 32
4213000.000000 4032628.125000 14538.598633 6 32
4213200.000000 4032628.125000 14187.085938 7 32
4213400.000000 4032628.125000 13834.078125 8 32
4213600.000000 4032628.125000 13480.575195 9 32
4213800.000000 4032628.125000 13127.574219 10 32
4214000.000000 4032628.125000 12775.591797 11 32
4214200.000000 4032628.125000 12423.844727 12 32
4214400.000000 4032628.125000 12071.352539 13 32
4214600.000000 4032628.125000 11717.115234 14 32
4214800.000000 4032628.125000 11362.381836 15 32
4215000.000000 4032628.125000 11007.904297 16 32
4215200.000000 4032628.125000 10652.691406 17 32
4215400.000000 4032628.125000 10294.498047 18 32
4215600.000000 4032628.125000 9933.807617 19 32
4215800.000000 4032628.125000 9574.162109 20 32
4216000.000000 4032628.125000 9217.332031 21 32
4216200.000000 4032628.125000 8863.396484 22 32
4216400.000000 4032628.125000 8511.861328 23 32
4216600.000000 4032628.125000 8161.183105 24 32
4216800.000000 4032628.125000 7809.035156 25 32
4217000.000000 4032628.125000 7453.166016 26 32
4217200.000000 4032628.125000 7090.297852 27 32
4217400.000000 4032628.125000 6715.379883 28 32
4217600.000000 4032628.125000 6328.895508 29 32
4217800.000000 4032628.125000 5937.983398 30 32
4218000.000000 4032628.125000 5549.793457 31 32
4218200.000000 4032628.125000 5168.615234 32 32
4218400.000000 4032628.125000 4796.789063 33 32
4218600.000000 4032628.125000 4433.857422 34 32
4218800.000000 4032628.125000 4077.000732 35 32
4219000.000000 4032628.125000 3721.401611 36 32
4219200.000000 4032628.125000 3359.487793 37 32
4219400.000000 4032628.125000 2989.390869 38 32
4219600.000000 4032628.125000 2614.062012 39 32
4219800.000000 4032628.125000 2236.249756 40 32
4220000.000000 4032628.125000 1855.775635 41 32
4220200.000000 4032628.125000 1474.333130 42 32
4212000.000000 4033000.000000 16565.939453 1 33
4212200.000000 4033000.000000 16218.420898 2 33
4212400.000000 4033000.000000 15865.911133 3 33
4212600.000000 4033000.000000 15510.406250 4 33
4212800.000000 4033000.000000 15153.657227 5 33
4213000.000000 4033000.000000 14796.661133 6 33
4213200.000000 4033000.000000 14439.170898 7 33
4213400.000000 4033000.000000 14080.170898 8 33
4213600.000000 4033000.000000 13720.443359 9 33
4213800.000000 4033000.000000 13361.219727 10 33
4214000.000000 4033000.000000 13003.249023 11 33
4214200.000000 4033000.000000 12645.765625 12 33
4214400.000000 4033000.000000 12287.305664 13 33
4214600.000000 4033000.000000 11926.851563 14 33
4214800.000000 4033000.000000 11565.885742 15 33
4215000.000000 4033000.000000 11205.193359 16 33
4215200.000000 4033000.000000 10843.749023 17 33
4215400.000000 4033000.000000 10479.840820 18 33
4215600.000000 4033000.000000 10113.436523 19 33
4215800.000000 4033000.000000 9747.814453 20 33
4216000.000000 4033000.000000 9385.266602 21 33
4216200.000000 4033000.000000 9025.635742 22 33
4216400.000000 4033000.000000 8668.166992 23 33
4216600.000000 4033000.000000 8311.323242 24 33
4216800.000000 4033000.000000 7953.045898 25 33
4217000.000000 4033000.000000 7591.095215 26 33
4217200.000000 4033000.000000 7222.665039 27 33
4217400.000000 4033000.000000 6843.286621 28 33
4217600.000000 4033000.000000 6453.100586 29 33
4217800.000000 4033000.000000 6058.425781 30 33
4218000.000000 4033000.000000 5664.794922 31 33
4218200.000000 4033000.000000 5276.263672 32 33
4218400.000000 4033000.000000 4893.881836 33 33
4218600.000000 4033000.000000 4518.625977 34 33
4218800.000000 4033000.000000 4147.979980 35 33
4219000.000000 4033000.000000 3779.027344 36 33
4219200.000000 4033000.000000 3407.459229 37 33
4219400.000000 4033000.000000 3031.330078 38 33
4219600.000000 4033000.000000 2651.663086 39 33
4219800.000000 4033000.000000 2269.221924 40 33
4220000.000000 4033000.000000 1884.978027 41 33
4220200.000000 4033000.000000 1500.451416 42 33
