# Type: scattered data
# Version: 6
# Description: No description
# Format: free
# Field: 1 x
# Field: 2 y
# Field: 3 z undefined
# Field: 4 column
# Field: 5 row
# Projection: Local Rectangular
# Units: undefined
# End:
# Information from grid:
# Grid_size: 42 x 33
# Grid_space: 4212000.000000,4220200.000000,4021100.000000,4033000.000000
# Scattered data: Not_available
# Z_field: z
# Vertical_faults: Not_available
# History: No history
# Z_units: undefined
4212000.000000 4021100.000000 13253.776367 1 1
4212200.000000 4021100.000000 12871.434570 2 1
4212400.000000 4021100.000000 12489.138672 3 1
4212600.000000 4021100.000000 12105.906250 4 1
4212800.000000 4021100.000000 11723.751953 5 1
4213000.000000 4021100.000000 11341.685547 6 1
4213200.000000 4021100.000000 10958.693359 7 1
4213400.000000 4021100.000000 10576.815430 8 1
4213600.000000 4021100.000000 10195.044922 9 1
4213800.000000 4021100.000000 9813.387695 10 1
4214000.000000 4021100.000000 9431.861328 11 1
4214200.000000 4021100.000000 9050.491211 12 1
4214400.000000 4021100.000000 8669.287109 13 1
4214600.000000 4021100.000000 8289.236328 14 1
4214800.000000 4021100.000000 7908.353027 15 1
4215000.000000 4021100.000000 7527.679199 16 1
4215200.000000 4021100.000000 7148.244629 17 1
4215400.000000 4021100.000000 6768.039551 18 1
4215600.000000 4021100.000000 6389.053223 19 1
4215800.000000 4021100.000000 6010.312012 20 1
4216000.000000 4021100.000000 5630.848145 21 1
4216200.000000 4021100.000000 5251.650391 22 1
4216400.000000 4021100.000000 4872.753418 23 1
4216600.000000 4021100.000000 4496.131348 24 1
4216800.000000 4021100.000000 4119.771484 25 1
4217000.000000 4021100.000000 3742.590332 26 1
4217200.000000 4021100.000000 3366.645508 27 1
4217400.000000 4021100.000000 2991.877686 28 1
4217600.000000 4021100.000000 2617.252441 29 1
4217800.000000 4021100.000000 2242.705322 30 1
4218000.000000 4021100.000000 1869.181030 31 1
4218200.000000 4021100.000000 1496.634521 32 1
4218400.000000 4021100.000000 1124.965698 33 1
4218600.000000 4021100.000000 754.136353 34 1
4218800.000000 4021100.000000 385.101685 35 1
4219000.000000 4021100.000000 16.774946 36 1
4219200.000000 4021100.000000 -350.910400 37 1
4219400.000000 4021100.000000 -718.958618 38 1
4219600.000000 4021100.000000 -1086.434448 39 1
4219800.000000 4021100.000000 -1453.342529 40 1
4220000.000000 4021100.000000 -1819.600708 41 1
4220200.000000 4021100.000000 -2186.109375 42 1
4212000.000000 4021471.875000 13206.198242 1 2
4212200.000000 4021471.875000 12824.837891 2 2
4212400.000000 4021471.875000 12443.528320 3 2
4212600.000000 4021471.875000 12062.280273 4 2
4212800.000000 4021471.875000 11681.111328 5 2
4213000.000000 4021471.875000 11300.025391 6 2
4213200.000000 4021471.875000 10918.025391 7 2
4213400.000000 4021471.875000 10537.117188 8 2
4213600.000000 4021471.875000 10156.312500 9 2
4213800.000000 4021471.875000 9776.615234 10 2
4214000.000000 4021471.875000 9396.043945 11 2
4214200.000000 4021471.875000 9015.625977 12 2
4214400.000000 4021471.875000 8635.374023 13 2
4214600.000000 4021471.875000 8256.270508 14 2
4214800.000000 4021471.875000 7876.329102 15 2
4215000.000000 4021471.875000 7496.597656 16 2
4215200.000000 4021471.875000 7118.112793 17 2
4215400.000000 4021471.875000 6738.859863 18 2
4215600.000000 4021471.875000 6360.825195 19 2
4215800.000000 4021471.875000 5982.044434 20 2
4216000.000000 4021471.875000 5603.551758 21 2
4216200.000000 4021471.875000 5226.354492 22 2
4216400.000000 4021471.875000 4848.458008 23 2
4216600.000000 4021471.875000 4472.856934 24 2
4216800.000000 4021471.875000 4097.518555 25 2
4217000.000000 4021471.875000 3721.408203 26 2
4217200.000000 4021471.875000 3346.523682 27 2
4217400.000000 4021471.875000 2972.879150 28 2
4217600.000000 4021471.875000 2599.383057 29 2
4217800.000000 4021471.875000 2226.979736 30 2
4218000.000000 4021471.875000 1854.618408 31 2
4218200.000000 4021471.875000 1483.253052 32 2
4218400.000000 4021471.875000 1113.775024 33 2
4218600.000000 4021471.875000 744.162659 34 2
4218800.000000 4021471.875000 375.336212 35 2
4219000.000000 4021471.875000 8.200444 36 2
4219200.000000 4021471.875000 -359.260620 37 2
4219400.000000 4021471.875000 -726.106018 38 2
4219600.000000 4021471.875000 -1093.393555 39 2
4219800.000000 4021471.875000 -1459.144043 40 2
4220000.000000 4021471.875000 -1824.274292 41 2
4220200.000000 4021471.875000 -2189.698242 42 2
4212000.000000 4021843.750000 13157.541992 1 3
4212200.000000 4021843.750000 12777.155273 2 3
4212400.000000 4021843.750000 12397.839844 3 3
4212600.000000 4021843.750000 12017.571289 4 3
4212800.000000 4021843.750000 11637.377930 5 3
4213000.000000 4021843.750000 11257.263672 6 3
4213200.000000 4021843.750000 10877.230469 7 3
4213400.000000 4021843.750000 10497.284180 8 3
4213600.000000 4021843.750000 10117.436523 9 3
4213800.000000 4021843.750000 9738.689453 10 3
4214000.000000 4021843.750000 9359.063477 11 3
4214200.000000 4021843.750000 8979.587891 12 3
4214400.000000 4021843.750000 8600.274414 13 3
4214600.000000 4021843.750000 8222.105469 14 3
4214800.000000 4021843.750000 7843.110840 15 3
4215000.000000 4021843.750000 7464.310547 16 3
4215200.000000 4021843.750000 7086.761719 17 3
4215400.000000 4021843.750000 6708.448242 18 3
4215600.000000 4021843.750000 6331.356445 19 3
4215800.000000 4021843.750000 5953.526367 20 3
4216000.000000 4021843.750000 5575.999023 21 3
4216200.000000 4021843.750000 5199.784668 22 3
4216400.000000 4021843.750000 4822.893555 23 3
4216600.000000 4021843.750000 4448.337891 24 3
4216800.000000 4021843.750000 4073.052734 25 3
4217000.000000 4021843.750000 3699.014648 26 3
4217200.000000 4021843.750000 3325.232178 27 3
4217400.000000 4021843.750000 2952.725586 28 3
4217600.000000 4021843.750000 2580.396729 29 3
4217800.000000 4021843.750000 2209.181641 30 3
4218000.000000 4021843.750000 1839.045044 31 3
4218200.000000 4021843.750000 1468.892822 32 3
4218400.000000 4021843.750000 1100.674194 33 3
4218600.000000 4021843.750000 732.294678 34 3
4218800.000000 4021843.750000 364.720062 35 3
4219000.000000 4021843.750000 -2.149810 36 3
4219200.000000 4021843.750000 -369.370697 37 3
4219400.000000 4021843.750000 -735.009644 38 3
4219600.000000 4021843.750000 -1101.102173 39 3
4219800.000000 4021843.750000 -1465.696899 40 3
4220000.000000 4021843.750000 -1829.694824 41 3
4220200.000000 4021843.750000 -2194.052002 42 3
4212000.000000 4022215.625000 13108.808594 1 4
4212200.000000 4022215.625000 12729.391602 2 4
4212400.000000 4022215.625000 12351.032227 3 4
4212600.000000 4022215.625000 11972.750000 4 4
4212800.000000 4022215.625000 11593.524414 5 4
4213000.000000 4022215.625000 11215.373047 6 4
4213200.000000 4022215.625000 10836.296875 7 4
4213400.000000 4022215.625000 10456.304688 8 4
4213600.000000 4022215.625000 10078.401367 9 4
4213800.000000 4022215.625000 9700.610352 10 4
4214000.000000 4022215.625000 9321.916992 11 4
4214200.000000 4022215.625000 8943.370117 12 4
4214400.000000 4022215.625000 8565.978516 13 4
4214600.000000 4022215.625000 8187.730469 14 4
4214800.000000 4022215.625000 7809.635742 15 4
4215000.000000 4022215.625000 7431.768555 16 4
4215200.000000 4022215.625000 7055.138672 17 4
4215400.000000 4022215.625000 6677.749512 18 4
4215600.000000 4022215.625000 6300.588867 19 4
4215800.000000 4022215.625000 5924.697754 20 4
4216000.000000 4022215.625000 5548.127441 21 4
4216200.000000 4022215.625000 5171.911621 22 4
4216400.000000 4022215.625000 4797.024902 23 4
4216600.000000 4022215.625000 4422.490234 24 4
4216800.000000 4022215.625000 4048.270264 25 4
4217000.000000 4022215.625000 3675.343018 26 4
4217200.000000 4022215.625000 3302.690918 27 4
4217400.000000 4022215.625000 2931.341553 28 4
4217600.000000 4022215.625000 2560.240479 29 4
4217800.000000 4022215.625000 2191.262939 30 4
4218000.000000 4022215.625000 1822.390381 31 4
4218200.000000 4022215.625000 1453.526245 32 4
4218400.000000 4022215.625000 1085.612427 33 4
4218600.000000 4022215.625000 718.558899 34 4
4218800.000000 4022215.625000 352.275391 35 4
4219000.000000 4022215.625000 -13.296011 36 4
4219200.000000 4022215.625000 -379.235260 37 4
4219400.000000 4022215.625000 -744.600098 38 4
4219600.000000 4022215.625000 -1108.474976 39 4
4219800.000000 4022215.625000 -1471.898193 40 4
4220000.000000 4022215.625000 -1835.787598 41 4
4220200.000000 4022215.625000 -2199.075439 42 4
4212000.000000 4022587.500000 13059.958984 1 5
4212200.000000 4022587.500000 12682.505859 2 5
4212400.000000 4022587.500000 12305.112305 3 5
4212600.000000 4022587.500000 11926.779297 4 5
4212800.000000 4022587.500000 11549.529297 5 5
4213000.000000 4022587.500000 11171.332031 6 5
4213200.000000 4022587.500000 10793.204102 7 5
4213400.000000 4022587.500000 10416.166016 8 5
4213600.000000 4022587.500000 10039.195313 9 5
4213800.000000 4022587.500000 9661.315430 10 5
4214000.000000 4022587.500000 9284.540039 11 5
4214200.000000 4022587.500000 8906.921875 12 5
4214400.000000 4022587.500000 8530.435547 13 5
4214600.000000 4022587.500000 8153.088867 14 5
4214800.000000 4022587.500000 7775.893066 15 5
4215000.000000 4022587.500000 7398.922852 16 5
4215200.000000 4022587.500000 7022.193848 17 5
4215400.000000 4022587.500000 6645.708984 18 5
4215600.000000 4022587.500000 6269.460938 19 5
4215800.000000 4022587.500000 5893.496582 20 5
4216000.000000 4022587.500000 5517.889160 21 5
4216200.000000 4022587.500000 5142.629395 22 5
4216400.000000 4022587.500000 4767.749512 23 5
4216600.000000 4022587.500000 4394.256348 24 5
4216800.000000 4022587.500000 4021.131592 25 5
4217000.000000 4022587.500000 3649.303955 26 5
4217200.000000 4022587.500000 3278.829102 27 5
4217400.000000 4022587.500000 2908.696533 28 5
4217600.000000 4022587.500000 2538.843018 29 5
4217800.000000 4022587.500000 2170.183105 30 5
4218000.000000 4022587.500000 1802.642090 31 5
4218200.000000 4022587.500000 1435.138428 32 5
4218400.000000 4022587.500000 1069.602417 33 5
4218600.000000 4022587.500000 703.933533 34 5
4218800.000000 4022587.500000 338.031158 35 5
4219000.000000 4022587.500000 -26.175827 36 5
4219200.000000 4022587.500000 -390.775421 37 5
4219400.000000 4022587.500000 -754.834961 38 5
4219600.000000 4022587.500000 -1118.450317 39 5
4219800.000000 4022587.500000 -1480.656372 40 5
4220000.000000 4022587.500000 -1843.403442 41 5
4220200.000000 4022587.500000 -2205.611328 42 5
4212000.000000 4022959.375000 13010.973633 1 6
4212200.000000 4022959.375000 12634.500000 2 6
4212400.000000 4022959.375000 12258.068359 3 6
4212600.000000 4022959.375000 11880.693359 4 6
4212800.000000 4022959.375000 11504.395508 5 6
4213000.000000 4022959.375000 11128.142578 6 6
4213200.000000 4022959.375000 10750.951172 7 6
4213400.000000 4022959.375000 10374.842773 8 6
4213600.000000 4022959.375000 9998.792969 9 6
4213800.000000 4022959.375000 9622.825195 10 6
4214000.000000 4022959.375000 9245.972656 11 6
4214200.000000 4022959.375000 8869.233398 12 6
4214400.000000 4022959.375000 8493.635742 13 6
4214600.000000 4022959.375000 8117.188477 14 6
4214800.000000 4022959.375000 7740.871094 15 6
4215000.000000 4022959.375000 7364.761719 16 6
4215200.000000 4022959.375000 6987.929688 17 6
4215400.000000 4022959.375000 6611.329590 18 6
4215600.000000 4022959.375000 6234.975586 19 6
4215800.000000 4022959.375000 5859.918945 20 6
4216000.000000 4022959.375000 5485.243652 21 6
4216200.000000 4022959.375000 5109.947754 22 6
4216400.000000 4022959.375000 4736.067871 23 6
4216600.000000 4022959.375000 4363.636230 24 6
4216800.000000 4022959.375000 3991.584473 25 6
4217000.000000 4022959.375000 3620.893311 26 6
4217200.000000 4022959.375000 3251.611328 27 6
4217400.000000 4022959.375000 2881.739990 28 6
4217600.000000 4022959.375000 2514.221680 29 6
4217800.000000 4022959.375000 2146.926514 30 6
4218000.000000 4022959.375000 1780.772217 31 6
4218200.000000 4022959.375000 1414.724121 32 6
4218400.000000 4022959.375000 1049.650269 33 6
4218600.000000 4022959.375000 685.448364 34 6
4218800.000000 4022959.375000 322.003876 35 6
4219000.000000 4022959.375000 -41.763672 36 6
4219200.000000 4022959.375000 -404.957397 37 6
4219400.000000 4022959.375000 -767.653931 38 6
4219600.000000 4022959.375000 -1129.946777 39 6
4219800.000000 4022959.375000 -1490.932251 40 6
4220000.000000 4022959.375000 -1852.508911 41 6
4220200.000000 4022959.375000 -2213.596680 42 6
4212000.000000 4023331.250000 12961.888672 1 7
4212200.000000 4023331.250000 12586.362305 2 7
4212400.000000 4023331.250000 12210.906250 3 7
4212600.000000 4023331.250000 11835.483398 4 7
4212800.000000 4023331.250000 11459.131836 5 7
4213000.000000 4023331.250000 11083.816406 6 7
4213200.000000 4023331.250000 10708.568359 7 7
4213400.000000 4023331.250000 10333.362305 8 7
4213600.000000 4023331.250000 9958.221680 9 7
4213800.000000 4023331.250000 9583.169922 10 7
4214000.000000 4023331.250000 9207.192383 11 7
4214200.000000 4023331.250000 8831.349609 12 7
4214400.000000 4023331.250000 8455.623047 13 7
4214600.000000 4023331.250000 8080.023926 14 7
4214800.000000 4023331.250000 7704.582520 15 7
4215000.000000 4023331.250000 7328.330566 16 7
4215200.000000 4023331.250000 6951.339355 17 7
4215400.000000 4023331.250000 6575.617188 18 7
4215600.000000 4023331.250000 6200.133789 19 7
4215800.000000 4023331.250000 5824.965820 20 7
4216000.000000 4023331.250000 5449.190430 21 7
4216200.000000 4023331.250000 5075.858887 22 7
4216400.000000 4023331.250000 4702.971191 23 7
4216600.000000 4023331.250000 4331.583496 24 7
4216800.000000 4023331.250000 3960.630127 25 7
4217000.000000 4023331.250000 3591.109619 26 7
4217200.000000 4023331.250000 3222.035400 27 7
4217400.000000 4023331.250000 2854.485596 28 7
4217600.000000 4023331.250000 2487.331055 29 7
4217800.000000 4023331.250000 2122.468994 30 7
4218000.000000 4023331.250000 1756.814575 31 7
4218200.000000 4023331.250000 1392.291382 32 7
4218400.000000 4023331.250000 1028.751953 33 7
4218600.000000 4023331.250000 666.107483 34 7
4218800.000000 4023331.250000 304.226746 35 7
4219000.000000 4023331.250000 -58.020481 36 7
4219200.000000 4023331.250000 -419.733856 37 7
4219400.000000 4023331.250000 -782.000671 38 7
4219600.000000 4023331.250000 -1142.933105 39 7
4219800.000000 4023331.250000 -1502.638428 40 7
4220000.000000 4023331.250000 -1863.010010 41 7
4220200.000000 4023331.250000 -2222.963623 42 7
4212000.000000 4023703.125000 12912.691406 1 8
4212200.000000 4023703.125000 12538.127930 2 8
4212400.000000 4023703.125000 12163.627930 3 8
4212600.000000 4023703.125000 11789.154297 4 8
4212800.000000 4023703.125000 11414.742188 5 8
4213000.000000 4023703.125000 11040.355469 6 8
4213200.000000 4023703.125000 10666.027344 7 8
4213400.000000 4023703.125000 10291.730469 8 8
4213600.000000 4023703.125000 9917.504883 9 8
4213800.000000 4023703.125000 9543.323242 10 8
4214000.000000 4023703.125000 9168.238281 11 8
4214200.000000 4023703.125000 8793.242188 12 8
4214400.000000 4023703.125000 8417.387695 13 8
4214600.000000 4023703.125000 8041.633301 14 8
4214800.000000 4023703.125000 7666.014160 15 8
4215000.000000 4023703.125000 7289.612793 16 8
4215200.000000 4023703.125000 6913.453125 17 8
4215400.000000 4023703.125000 6537.551270 18 8
4215600.000000 4023703.125000 6161.930176 19 8
4215800.000000 4023703.125000 5786.625488 20 8
4216000.000000 4023703.125000 5411.741699 21 8
4216200.000000 4023703.125000 5039.340332 22 8
4216400.000000 4023703.125000 4667.433105 23 8
4216600.000000 4023703.125000 4297.084961 24 8
4216800.000000 4023703.125000 3927.236328 25 8
4217000.000000 4023703.125000 3558.887695 26 8
4217200.000000 4023703.125000 3191.069336 27 8
4217400.000000 4023703.125000 2824.876221 28 8
4217600.000000 4023703.125000 2460.184326 29 8
4217800.000000 4023703.125000 2095.838135 30 8
4218000.000000 4023703.125000 1731.740601 31 8
4218200.000000 4023703.125000 1368.842651 32 8
4218400.000000 4023703.125000 1006.976013 33 8
4218600.000000 4023703.125000 644.995789 34 8
4218800.000000 4023703.125000 283.765625 35 8
4219000.000000 4023703.125000 -76.865730 36 8
4219200.000000 4023703.125000 -438.010864 37 8
4219400.000000 4023703.125000 -797.774292 38 8
4219600.000000 4023703.125000 -1158.281128 39 8
4219800.000000 4023703.125000 -1516.655640 40 8
4220000.000000 4023703.125000 -1875.784912 41 8
4220200.000000 4023703.125000 -2234.580566 42 8
4212000.000000 4024075.000000 12863.380859 1 9
4212200.000000 4024075.000000 12490.794922 2 9
4212400.000000 4024075.000000 12117.234375 3 9
4212600.000000 4024075.000000 11743.722656 4 9
4212800.000000 4024075.000000 11369.247070 5 9
4213000.000000 4024075.000000 10995.783203 6 9
4213200.000000 4024075.000000 10622.367188 7 9
4213400.000000 4024075.000000 10248.970703 8 9
4213600.000000 4024075.000000 9875.632813 9 9
4213800.000000 4024075.000000 9502.344727 10 9
4214000.000000 4024075.000000 9128.106445 11 9
4214200.000000 4024075.000000 8752.978516 12 9
4214400.000000 4024075.000000 8377.942383 13 9
4214600.000000 4024075.000000 8002.014648 14 9
4214800.000000 4024075.000000 7626.230957 15 9
4215000.000000 4024075.000000 7250.623047 16 9
4215200.000000 4024075.000000 6874.288086 17 9
4215400.000000 4024075.000000 6498.196289 18 9
4215600.000000 4024075.000000 6123.375488 19 9
4215800.000000 4024075.000000 5747.907227 20 9
4216000.000000 4024075.000000 5373.904785 21 9
4216200.000000 4024075.000000 5001.396973 22 9
4216400.000000 4024075.000000 4631.468262 23 9
4216600.000000 4024075.000000 4262.153320 24 9
4216800.000000 4024075.000000 3893.412598 25 9
4217000.000000 4024075.000000 3526.251953 26 9
4217200.000000 4024075.000000 3160.736816 27 9
4217400.000000 4024075.000000 2795.936768 28 9
4217600.000000 4024075.000000 2431.763916 29 9
4217800.000000 4024075.000000 2069.017578 30 9
4218000.000000 4024075.000000 1707.605347 31 9
4218200.000000 4024075.000000 1345.439941 32 9
4218400.000000 4024075.000000 984.341919 33 9
4218600.000000 4024075.000000 623.136963 34 9
4218800.000000 4024075.000000 262.664551 35 9
4219000.000000 4024075.000000 -97.250038 36 9
4219200.000000 4024075.000000 -456.738281 37 9
4219400.000000 4024075.000000 -815.916931 38 9
4219600.000000 4024075.000000 -1174.949707 39 9
4219800.000000 4024075.000000 -1533.920776 40 9
4220000.000000 4024075.000000 -1891.766602 41 9
4220200.000000 4024075.000000 -2249.378906 42 9
4212000.000000 4024446.875000 12814.008789 1 10
4212200.000000 4024446.875000 12441.372070 2 10
4212400.000000 4024446.875000 12068.782227 3 10
4212600.000000 4024446.875000 11696.215820 4 10
4212800.000000 4024446.875000 11323.668945 5 10
4213000.000000 4024446.875000 10951.125000 6 10
4213200.000000 4024446.875000 10578.615234 7 10
4213400.000000 4024446.875000 10206.128906 8 10
4213600.000000 4024446.875000 9833.655273 9 10
4213800.000000 4024446.875000 9460.235352 10 10
4214000.000000 4024446.875000 9086.849609 11 10
4214200.000000 4024446.875000 8712.558594 12 10
4214400.000000 4024446.875000 8337.344727 13 10
4214600.000000 4024446.875000 7961.245117 14 10
4214800.000000 4024446.875000 7585.245117 15 10
4215000.000000 4024446.875000 7209.444336 16 10
4215200.000000 4024446.875000 6832.876953 17 10
4215400.000000 4024446.875000 6457.568359 18 10
4215600.000000 4024446.875000 6082.555176 19 10
4215800.000000 4024446.875000 5707.892578 20 10
4216000.000000 4024446.875000 5334.711914 21 10
4216200.000000 4024446.875000 4964.103027 22 10
4216400.000000 4024446.875000 4595.120117 23 10
4216600.000000 4024446.875000 4228.825684 24 10
4216800.000000 4024446.875000 3862.192871 25 10
4217000.000000 4024446.875000 3497.232422 26 10
4217200.000000 4024446.875000 3133.036133 27 10
4217400.000000 4024446.875000 2769.715576 28 10
4217600.000000 4024446.875000 2407.134033 29 10
4217800.000000 4024446.875000 2045.075806 30 10
4218000.000000 4024446.875000 1684.416748 31 10
4218200.000000 4024446.875000 1323.092285 32 10
4218400.000000 4024446.875000 962.874512 33 10
4218600.000000 4024446.875000 602.555725 34 10
4218800.000000 4024446.875000 241.948395 35 10
4219000.000000 4024446.875000 -117.151718 36 10
4219200.000000 4024446.875000 -476.893219 37 10
4219400.000000 4024446.875000 -835.411316 38 10
4219600.000000 4024446.875000 -1193.871826 39 10
4219800.000000 4024446.875000 -1552.420898 40 10
4220000.000000 4024446.875000 -1909.916504 41 10
4220200.000000 4024446.875000 -2267.315186 42 10
4212000.000000 4024818.750000 12764.551758 1 11
4212200.000000 4024818.750000 12392.896484 2 11
4212400.000000 4024818.750000 12021.260742 3 11
4212600.000000 4024818.750000 11649.636719 4 11
4212800.000000 4024818.750000 11278.002930 5 11
4213000.000000 4024818.750000 10906.389648 6 11
4213200.000000 4024818.750000 10534.782227 7 11
4213400.000000 4024818.750000 10163.183594 8 11
4213600.000000 4024818.750000 9790.583984 9 11
4213800.000000 4024818.750000 9418.023438 10 11
4214000.000000 4024818.750000 9045.497070 11 11
4214200.000000 4024818.750000 8671.015625 12 11
4214400.000000 4024818.750000 8295.626953 13 11
4214600.000000 4024818.750000 7919.304199 14 11
4214800.000000 4024818.750000 7544.100586 15 11
4215000.000000 4024818.750000 7168.050293 16 11
4215200.000000 4024818.750000 6792.238770 17 11
4215400.000000 4024818.750000 6416.699707 18 11
4215600.000000 4024818.750000 6041.426758 19 11
4215800.000000 4024818.750000 5667.551758 20 11
4216000.000000 4024818.750000 5296.173340 21 11
4216200.000000 4024818.750000 4927.416504 22 11
4216400.000000 4024818.750000 4561.353027 23 11
4216600.000000 4024818.750000 4197.067383 24 11
4216800.000000 4024818.750000 3834.557129 25 11
4217000.000000 4024818.750000 3471.814453 26 11
4217200.000000 4024818.750000 3109.976563 27 11
4217400.000000 4024818.750000 2749.187988 28 11
4217600.000000 4024818.750000 2387.294922 29 11
4217800.000000 4024818.750000 2026.040039 30 11
4218000.000000 4024818.750000 1665.281372 31 11
4218200.000000 4024818.750000 1304.935791 32 11
4218400.000000 4024818.750000 943.740784 33 11
4218600.000000 4024818.750000 583.445190 34 11
4218800.000000 4024818.750000 222.830368 35 11
4219000.000000 4024818.750000 -137.337601 36 11
4219200.000000 4024818.750000 -496.232666 37 11
4219400.000000 4024818.750000 -855.002808 38 11
4219600.000000 4024818.750000 -1213.852905 39 11
4219800.000000 4024818.750000 -1571.907349 40 11
4220000.000000 4024818.750000 -1930.020630 41 11
4220200.000000 4024818.750000 -2287.145264 42 11
4212000.000000 4025190.625000 12715.052734 1 12
4212200.000000 4025190.625000 12344.360352 2 12
4212400.000000 4025190.625000 11973.677734 3 12
4212600.000000 4025190.625000 11602.994141 4 12
4212800.000000 4025190.625000 11232.287109 5 12
4213000.000000 4025190.625000 10861.585938 6 12
4213200.000000 4025190.625000 10490.875977 7 12
4213400.000000 4025190.625000 10120.160156 8 12
4213600.000000 4025190.625000 9748.444336 9 12
4213800.000000 4025190.625000 9375.719727 10 12
4214000.000000 4025190.625000 9003.029297 11 12
4214200.000000 4025190.625000 8628.377930 12 12
4214400.000000 4025190.625000 8253.764648 13 12
4214600.000000 4025190.625000 7878.232422 14 12
4214800.000000 4025190.625000 7501.771484 15 12
4215000.000000 4025190.625000 7125.460938 16 12
4215200.000000 4025190.625000 6749.388184 17 12
4215400.000000 4025190.625000 6375.542969 18 12
4215600.000000 4025190.625000 6000.998535 19 12
4215800.000000 4025190.625000 5628.831055 20 12
4216000.000000 4025190.625000 5260.226074 21 12
4216200.000000 4025190.625000 4894.280762 22 12
4216400.000000 4025190.625000 4532.104492 23 12
4216600.000000 4025190.625000 4170.827148 24 12
4216800.000000 4025190.625000 3811.426025 25 12
4217000.000000 4025190.625000 3452.923828 26 12
4217200.000000 4025190.625000 3093.503418 27 12
4217400.000000 4025190.625000 2735.347900 28 12
4217600.000000 4025190.625000 2375.281982 29 12
4217800.000000 4025190.625000 2014.995728 30 12
4218000.000000 4025190.625000 1653.338623 31 12
4218200.000000 4025190.625000 1292.165649 32 12
4218400.000000 4025190.625000 929.165710 33 12
4218600.000000 4025190.625000 567.072815 34 12
4218800.000000 4025190.625000 205.596832 35 12
4219000.000000 4025190.625000 -155.496811 36 12
4219200.000000 4025190.625000 -514.422729 37 12
4219400.000000 4025190.625000 -874.343201 38 12
4219600.000000 4025190.625000 -1233.488159 39 12
4219800.000000 4025190.625000 -1592.991211 40 12
4220000.000000 4025190.625000 -1951.692505 41 12
4220200.000000 4025190.625000 -2309.535400 42 12
4212000.000000 4025562.500000 12663.514648 1 13
4212200.000000 4025562.500000 12293.770508 2 13
4212400.000000 4025562.500000 11924.040039 3 13
4212600.000000 4025562.500000 11554.297852 4 13
4212800.000000 4025562.500000 11184.532227 5 13
4213000.000000 4025562.500000 10814.742188 6 13
4213200.000000 4025562.500000 10445.926758 7 13
4213400.000000 4025562.500000 10076.090820 8 13
4213600.000000 4025562.500000 9705.239258 9 13
4213800.000000 4025562.500000 9333.376953 10 13
4214000.000000 4025562.500000 8960.498047 11 13
4214200.000000 4025562.500000 8586.650391 12 13
4214400.000000 4025562.500000 8210.819336 13 13
4214600.000000 4025562.500000 7835.046387 14 13
4214800.000000 4025562.500000 7459.322266 15 13
4215000.000000 4025562.500000 7082.740723 16 13
4215200.000000 4025562.500000 6707.337891 17 13
4215400.000000 4025562.500000 6334.180664 18 13
4215600.000000 4025562.500000 5962.284180 19 13
4215800.000000 4025562.500000 5592.811035 20 13
4216000.000000 4025562.500000 5226.919922 21 13
4216200.000000 4025562.500000 4865.761719 22 13
4216400.000000 4025562.500000 4508.441895 23 13
4216600.000000 4025562.500000 4153.134766 24 13
4216800.000000 4025562.500000 3798.859131 25 13
4217000.000000 4025562.500000 3443.626221 26 13
4217200.000000 4025562.500000 3089.701660 27 13
4217400.000000 4025562.500000 2733.297607 28 13
4217600.000000 4025562.500000 2374.221436 29 13
4217800.000000 4025562.500000 2014.096802 30 13
4218000.000000 4025562.500000 1651.716431 31 13
4218200.000000 4025562.500000 1286.915527 32 13
4218400.000000 4025562.500000 922.344971 33 13
4218600.000000 4025562.500000 557.622131 34 13
4218800.000000 4025562.500000 192.466476 35 13
4219000.000000 4025562.500000 -170.415268 36 13
4219200.000000 4025562.500000 -531.257446 37 13
4219400.000000 4025562.500000 -892.255676 38 13
4219600.000000 4025562.500000 -1253.626953 39 13
4219800.000000 4025562.500000 -1613.519897 40 13
4220000.000000 4025562.500000 -1974.801758 41 13
4220200.000000 4025562.500000 -2334.359863 42 13
4212000.000000 4025934.375000 12611.939453 1 14
4212200.000000 4025934.375000 12243.177734 2 14
4212400.000000 4025934.375000 11875.400391 3 14
4212600.000000 4025934.375000 11506.598633 4 14
4212800.000000 4025934.375000 11138.758789 5 14
4213000.000000 4025934.375000 10769.878906 6 14
4213200.000000 4025934.375000 10400.960938 7 14
4213400.000000 4025934.375000 10031.006836 8 14
4213600.000000 4025934.375000 9661.017578 9 14
4213800.000000 4025934.375000 9290.000000 10 14
4214000.000000 4025934.375000 8917.945313 11 14
4214200.000000 4025934.375000 8543.897461 12 14
4214400.000000 4025934.375000 8168.853516 13 14
4214600.000000 4025934.375000 7793.810059 14 14
4214800.000000 4025934.375000 7417.823242 15 14
4215000.000000 4025934.375000 7040.914063 16 14
4215200.000000 4025934.375000 6667.182129 17 14
4215400.000000 4025934.375000 6295.643066 18 14
4215600.000000 4025934.375000 5927.389160 19 14
4215800.000000 4025934.375000 5561.572266 20 14
4216000.000000 4025934.375000 5200.357910 21 14
4216200.000000 4025934.375000 4843.940430 22 14
4216400.000000 4025934.375000 4491.467773 23 14
4216600.000000 4025934.375000 4142.114258 24 14
4216800.000000 4025934.375000 3792.943848 25 14
4217000.000000 4025934.375000 3444.012695 26 14
4217200.000000 4025934.375000 3093.629639 27 14
4217400.000000 4025934.375000 2740.093506 28 14
4217600.000000 4025934.375000 2382.176514 29 14
4217800.000000 4025934.375000 2021.415649 30 14
4218000.000000 4025934.375000 1658.545532 31 14
4218200.000000 4025934.375000 1291.345459 32 14
4218400.000000 4025934.375000 922.366882 33 14
4218600.000000 4025934.375000 553.198669 34 14
4218800.000000 4025934.375000 185.500198 35 14
4219000.000000 4025934.375000 -181.073792 36 14
4219200.000000 4025934.375000 -545.761353 37 14
4219400.000000 4025934.375000 -908.739380 38 14
4219600.000000 4025934.375000 -1272.309448 39 14
4219800.000000 4025934.375000 -1634.591919 40 14
4220000.000000 4025934.375000 -1997.408691 41 14
4220200.000000 4025934.375000 -2359.629150 42 14
4212000.000000 4026306.250000 12559.362305 1 15
4212200.000000 4026306.250000 12192.582031 2 15
4212400.000000 4026306.250000 11825.760742 3 15
4212600.000000 4026306.250000 11457.901367 4 15
4212800.000000 4026306.250000 11091.988281 5 15
4213000.000000 4026306.250000 10724.021484 6 15
4213200.000000 4026306.250000 10356.000977 7 15
4213400.000000 4026306.250000 9986.927734 8 15
4213600.000000 4026306.250000 9617.801758 9 15
4213800.000000 4026306.250000 9246.630859 10 15
4214000.000000 4026306.250000 8875.416016 11 15
4214200.000000 4026306.250000 8501.147461 12 15
4214400.000000 4026306.250000 8126.867676 13 15
4214600.000000 4026306.250000 7751.560059 14 15
4214800.000000 4026306.250000 7375.277344 15 15
4215000.000000 4026306.250000 7000.046387 16 15
4215200.000000 4026306.250000 6627.922363 17 15
4215400.000000 4026306.250000 6259.999023 18 15
4215600.000000 4026306.250000 5894.357910 19 15
4215800.000000 4026306.250000 5532.137207 20 15
4216000.000000 4026306.250000 5175.591797 21 15
4216200.000000 4026306.250000 4824.885742 22 15
4216400.000000 4026306.250000 4478.225586 23 15
4216600.000000 4026306.250000 4133.791016 24 15
4216800.000000 4026306.250000 3790.713135 25 15
4217000.000000 4026306.250000 3447.066162 26 15
4217200.000000 4026306.250000 3102.275879 27 15
4217400.000000 4026306.250000 2750.767334 28 15
4217600.000000 4026306.250000 2394.216064 29 15
4217800.000000 4026306.250000 2034.091309 30 15
4218000.000000 4026306.250000 1669.026978 31 15
4218200.000000 4026306.250000 1299.705322 32 15
4218400.000000 4026306.250000 927.551086 33 15
4218600.000000 4026306.250000 554.123230 34 15
4218800.000000 4026306.250000 182.009094 35 15
4219000.000000 4026306.250000 -189.139511 36 15
4219200.000000 4026306.250000 -556.590210 37 15
4219400.000000 4026306.250000 -923.536560 38 15
4219600.000000 4026306.250000 -1289.248047 39 15
4219800.000000 4026306.250000 -1653.903687 40 15
4220000.000000 4026306.250000 -2020.233276 41 15
4220200.000000 4026306.250000 -2385.124756 42 15
4212000.000000 4026678.125000 12507.812500 1 16
4212200.000000 4026678.125000 12141.983398 2 16
4212400.000000 4026678.125000 11776.119141 3 16
4212600.000000 4026678.125000 11410.220703 4 16
4212800.000000 4026678.125000 11044.239258 5 16
4213000.000000 4026678.125000 10678.186523 6 16
4213200.000000 4026678.125000 10311.067383 7 16
4213400.000000 4026678.125000 9942.879883 8 16
4213600.000000 4026678.125000 9574.620117 9 16
4213800.000000 4026678.125000 9204.297852 10 16
4214000.000000 4026678.125000 8832.909180 11 16
4214200.000000 4026678.125000 8459.451172 12 16
4214400.000000 4026678.125000 8085.911133 13 16
4214600.000000 4026678.125000 7710.343750 14 16
4214800.000000 4026678.125000 7334.727539 15 16
4215000.000000 4026678.125000 6960.135254 16 16
4215200.000000 4026678.125000 6590.625488 17 16
4215400.000000 4026678.125000 6225.279297 18 16
4215600.000000 4026678.125000 5863.216797 19 16
4215800.000000 4026678.125000 5505.611328 20 16
4216000.000000 4026678.125000 5153.699219 21 16
4216200.000000 4026678.125000 4807.683594 22 16
4216400.000000 4026678.125000 4465.736328 23 16
4216600.000000 4026678.125000 4128.140625 24 16
4216800.000000 4026678.125000 3790.045898 25 16
4217000.000000 4026678.125000 3452.642578 26 16
4217200.000000 4026678.125000 3112.502441 27 16
4217400.000000 4026678.125000 2764.175293 28 16
4217600.000000 4026678.125000 2409.357910 29 16
4217800.000000 4026678.125000 2049.298340 30 16
4218000.000000 4026678.125000 1683.480957 31 16
4218200.000000 4026678.125000 1310.461670 32 16
4218400.000000 4026678.125000 934.486084 33 16
4218600.000000 4026678.125000 558.027588 34 16
4218800.000000 4026678.125000 181.681641 35 16
4219000.000000 4026678.125000 -192.961487 36 16
4219200.000000 4026678.125000 -565.125549 37 16
4219400.000000 4026678.125000 -936.026611 38 16
4219600.000000 4026678.125000 -1304.902344 39 16
4219800.000000 4026678.125000 -1672.931885 40 16
4220000.000000 4026678.125000 -2041.817627 41 16
4220200.000000 4026678.125000 -2410.398682 42 16
4212000.000000 4027050.000000 12455.275391 1 17
4212200.000000 4027050.000000 12090.432617 2 17
4212400.000000 4027050.000000 11725.526367 3 17
4212600.000000 4027050.000000 11361.559570 4 17
4212800.000000 4027050.000000 10996.529297 5 17
4213000.000000 4027050.000000 10631.397461 6 17
4213200.000000 4027050.000000 10266.182617 7 17
4213400.000000 4027050.000000 9898.885742 8 17
4213600.000000 4027050.000000 9531.499023 9 17
4213800.000000 4027050.000000 9162.029297 10 17
4214000.000000 4027050.000000 8791.468750 11 17
4214200.000000 4027050.000000 8418.803711 12 17
4214400.000000 4027050.000000 8045.034180 13 17
4214600.000000 4027050.000000 7670.161621 14 17
4214800.000000 4027050.000000 7296.229980 15 17
4215000.000000 4027050.000000 6923.261230 16 17
4215200.000000 4027050.000000 6555.341797 17 17
4215400.000000 4027050.000000 6193.590820 18 17
4215600.000000 4027050.000000 5835.102539 19 17
4215800.000000 4027050.000000 5481.127441 20 17
4216000.000000 4027050.000000 5131.838379 21 17
4216200.000000 4027050.000000 4789.433105 22 17
4216400.000000 4027050.000000 4452.097656 23 17
4216600.000000 4027050.000000 4119.151367 24 17
4216800.000000 4027050.000000 3787.835449 25 17
4217000.000000 4027050.000000 3455.515137 26 17
4217200.000000 4027050.000000 3120.001709 27 17
4217400.000000 4027050.000000 2777.099365 28 17
4217600.000000 4027050.000000 2424.435547 29 17
4217800.000000 4027050.000000 2064.012695 30 17
4218000.000000 4027050.000000 1696.093506 31 17
4218200.000000 4027050.000000 1321.922241 32 17
4218400.000000 4027050.000000 943.550354 33 17
4218600.000000 4027050.000000 563.366943 34 17
4218800.000000 4027050.000000 183.942291 35 17
4219000.000000 4027050.000000 -194.104355 36 17
4219200.000000 4027050.000000 -570.991089 37 17
4219400.000000 4027050.000000 -945.846741 38 17
4219600.000000 4027050.000000 -1317.958984 39 17
4219800.000000 4027050.000000 -1689.423340 40 17
4220000.000000 4027050.000000 -2061.902344 41 17
4220200.000000 4027050.000000 -2435.231201 42 17
4212000.000000 4027421.875000 12400.782227 1 18
4212200.000000 4027421.875000 12037.908203 2 18
4212400.000000 4027421.875000 11674.963867 3 18
4212600.000000 4027421.875000 11312.963867 4 18
4212800.000000 4027421.875000 10949.854492 5 18
4213000.000000 4027421.875000 10585.666016 6 18
4213200.000000 4027421.875000 10221.363281 7 18
4213400.000000 4027421.875000 9855.961914 8 18
4213600.000000 4027421.875000 9489.471680 9 18
4213800.000000 4027421.875000 9121.860352 10 18
4214000.000000 4027421.875000 8753.130859 11 18
4214200.000000 4027421.875000 8381.260742 12 18
4214400.000000 4027421.875000 8008.225586 13 18
4214600.000000 4027421.875000 7634.077148 14 18
4214800.000000 4027421.875000 7260.811523 15 18
4215000.000000 4027421.875000 6889.471191 16 18
4215200.000000 4027421.875000 6524.163574 17 18
4215400.000000 4027421.875000 6163.034668 18 18
4215600.000000 4027421.875000 5806.208008 19 18
4215800.000000 4027421.875000 5453.868164 20 18
4216000.000000 4027421.875000 5106.196289 21 18
4216200.000000 4027421.875000 4765.273926 22 18
4216400.000000 4027421.875000 4430.283203 23 18
4216600.000000 4027421.875000 4100.629395 24 18
4216800.000000 4027421.875000 3774.771729 25 18
4217000.000000 4027421.875000 3448.302734 26 18
4217200.000000 4027421.875000 3119.352783 27 18
4217400.000000 4027421.875000 2781.096191 28 18
4217600.000000 4027421.875000 2430.135010 29 18
4217800.000000 4027421.875000 2070.143555 30 18
4218000.000000 4027421.875000 1700.973389 31 18
4218200.000000 4027421.875000 1324.393921 32 18
4218400.000000 4027421.875000 944.155273 33 18
4218600.000000 4027421.875000 562.553345 34 18
4218800.000000 4027421.875000 180.229492 35 18
4219000.000000 4027421.875000 -199.186081 36 18
4219200.000000 4027421.875000 -578.826172 37 18
4219400.000000 4027421.875000 -956.762207 38 18
4219600.000000 4027421.875000 -1332.223511 39 18
4219800.000000 4027421.875000 -1707.231567 40 18
4220000.000000 4027421.875000 -2083.386963 41 18
4220200.000000 4027421.875000 -2459.486816 42 18
4212000.000000 4027793.750000 12346.362305 1 19
4212200.000000 4027793.750000 11985.444336 2 19
4212400.000000 4027793.750000 11624.480469 3 19
4212600.000000 4027793.750000 11263.436523 4 19
4212800.000000 4027793.750000 10902.271484 5 19
4213000.000000 4027793.750000 10540.013672 6 19
4213200.000000 4027793.750000 10177.630859 7 19
4213400.000000 4027793.750000 9814.149414 8 19
4213600.000000 4027793.750000 9449.529297 9 19
4213800.000000 4027793.750000 9083.783203 10 19
4214000.000000 4027793.750000 8715.910156 11 19
4214200.000000 4027793.750000 8344.824219 12 19
4214400.000000 4027793.750000 7972.561523 13 19
4214600.000000 4027793.750000 7601.125488 14 19
4214800.000000 4027793.750000 7228.542480 15 19
4215000.000000 4027793.750000 6857.871094 16 19
4215200.000000 4027793.750000 6493.244141 17 19
4215400.000000 4027793.750000 6132.826660 18 19
4215600.000000 4027793.750000 5776.734375 19 19
4215800.000000 4027793.750000 5423.104004 20 19
4216000.000000 4027793.750000 5074.923340 21 19
4216200.000000 4027793.750000 4733.201172 22 19
4216400.000000 4027793.750000 4397.101074 23 19
4216600.000000 4027793.750000 4069.186523 24 19
4216800.000000 4027793.750000 3747.292725 25 19
4217000.000000 4027793.750000 3427.332031 26 19
4217200.000000 4027793.750000 3104.890869 27 19
4217400.000000 4027793.750000 2771.609619 28 19
4217600.000000 4027793.750000 2422.104492 29 19
4217800.000000 4027793.750000 2062.603027 30 19
4218000.000000 4027793.750000 1693.374634 31 19
4218200.000000 4027793.750000 1316.423828 32 19
4218400.000000 4027793.750000 936.000916 33 19
4218600.000000 4027793.750000 554.390564 34 19
4218800.000000 4027793.750000 172.319366 35 19
4219000.000000 4027793.750000 -208.481277 36 19
4219200.000000 4027793.750000 -589.013611 37 19
4219400.000000 4027793.750000 -968.188232 38 19
4219600.000000 4027793.750000 -1346.156738 39 19
4219800.000000 4027793.750000 -1723.905151 40 19
4220000.000000 4027793.750000 -2102.887695 41 19
4220200.000000 4027793.750000 -2481.864990 42 19
4212000.000000 4028165.625000 12291.995117 1 20
4212200.000000 4028165.625000 11933.069336 2 20
4212400.000000 4028165.625000 11574.073242 3 20
4212600.000000 4028165.625000 11214.972656 4 20
4212800.000000 4028165.625000 10855.773438 5 20
4213000.000000 4028165.625000 10495.454102 6 20
4213200.000000 4028165.625000 10134.997070 7 20
4213400.000000 4028165.625000 9773.429688 8 20
4213600.000000 4028165.625000 9410.721680 9 20
4213800.000000 4028165.625000 9045.852539 10 20
4214000.000000 4028165.625000 8679.809570 11 20
4214200.000000 4028165.625000 8309.551758 12 20
4214400.000000 4028165.625000 7940.057129 13 20
4214600.000000 4028165.625000 7569.361816 14 20
4214800.000000 4028165.625000 7198.505859 15 20
4215000.000000 4028165.625000 6828.582031 16 20
4215200.000000 4028165.625000 6464.766602 17 20
4215400.000000 4028165.625000 6104.189941 18 20
4215600.000000 4028165.625000 5745.938965 19 20
4215800.000000 4028165.625000 5390.978027 20 20
4216000.000000 4028165.625000 5039.082520 21 20
4216200.000000 4028165.625000 4693.061035 22 20
4216400.000000 4028165.625000 4353.111816 23 20
4216600.000000 4028165.625000 4022.242432 24 20
4216800.000000 4028165.625000 3702.793457 25 20
4217000.000000 4028165.625000 3388.968018 26 20
4217200.000000 4028165.625000 3074.011963 27 20
4217400.000000 4028165.625000 2747.236572 28 20
4217600.000000 4028165.625000 2400.272705 29 20
4217800.000000 4028165.625000 2040.602661 30 20
4218000.000000 4028165.625000 1670.752686 31 20
4218200.000000 4028165.625000 1295.652100 32 20
4218400.000000 4028165.625000 917.848511 33 20
4218600.000000 4028165.625000 539.624817 34 20
4218800.000000 4028165.625000 159.907608 35 20
4219000.000000 4028165.625000 -220.396729 36 20
4219200.000000 4028165.625000 -601.002075 37 20
4219400.000000 4028165.625000 -980.677856 38 20
4219600.000000 4028165.625000 -1359.457520 39 20
4219800.000000 4028165.625000 -1740.174316 40 20
4220000.000000 4028165.625000 -2121.194824 41 20
4220200.000000 4028165.625000 -2502.237793 42 20
4212000.000000 4028537.500000 12236.699219 1 21
4212200.000000 4028537.500000 11879.750000 2 21
4212400.000000 4028537.500000 11523.723633 3 21
4212600.000000 4028537.500000 11166.602539 4 21
4212800.000000 4028537.500000 10808.359375 5 21
4213000.000000 4028537.500000 10450.982422 6 21
4213200.000000 4028537.500000 10092.475586 7 21
4213400.000000 4028537.500000 9732.811523 8 21
4213600.000000 4028537.500000 9372.007813 9 21
4213800.000000 4028537.500000 9009.039063 10 21
4214000.000000 4028537.500000 8644.854492 11 21
4214200.000000 4028537.500000 8277.418945 12 21
4214400.000000 4028537.500000 7909.719727 13 21
4214600.000000 4028537.500000 7540.821777 14 21
4214800.000000 4028537.500000 7170.763184 15 21
4215000.000000 4028537.500000 6801.692383 16 21
4215200.000000 4028537.500000 6437.789551 17 21
4215400.000000 4028537.500000 6076.187012 18 21
4215600.000000 4028537.500000 5715.853027 19 21
4215800.000000 4028537.500000 5356.489746 20 21
4216000.000000 4028537.500000 4998.497070 21 21
4216200.000000 4028537.500000 4644.469238 22 21
4216400.000000 4028537.500000 4295.854492 23 21
4216600.000000 4028537.500000 3959.255615 24 21
4216800.000000 4028537.500000 3637.569580 25 21
4217000.000000 4028537.500000 3326.424316 26 21
4217200.000000 4028537.500000 3020.250244 27 21
4217400.000000 4028537.500000 2703.038086 28 21
4217600.000000 4028537.500000 2359.495117 29 21
4217800.000000 4028537.500000 1998.036255 30 21
4218000.000000 4028537.500000 1629.805542 31 21
4218200.000000 4028537.500000 1259.575317 32 21
4218400.000000 4028537.500000 887.991150 33 21
4218600.000000 4028537.500000 515.357361 34 21
4218800.000000 4028537.500000 140.950089 35 21
4219000.000000 4028537.500000 -236.063141 36 21
4219200.000000 4028537.500000 -614.059692 37 21
4219400.000000 4028537.500000 -992.559265 38 21
4219600.000000 4028537.500000 -1372.437378 39 21
4219800.000000 4028537.500000 -1754.382935 40 21
4220000.000000 4028537.500000 -2137.636475 41 21
4220200.000000 4028537.500000 -2520.849121 42 21
4212000.000000 4028909.375000 12181.481445 1 22
4212200.000000 4028909.375000 11827.506836 2 22
4212400.000000 4028909.375000 11472.470703 3 22
4212600.000000 4028909.375000 11118.314453 4 22
4212800.000000 4028909.375000 10763.028320 5 22
4213000.000000 4028909.375000 10407.600586 6 22
4213200.000000 4028909.375000 10051.034180 7 22
4213400.000000 4028909.375000 9694.312500 8 22
4213600.000000 4028909.375000 9335.419922 9 22
4213800.000000 4028909.375000 8974.329102 10 22
4214000.000000 4028909.375000 8613.031250 11 22
4214200.000000 4028909.375000 8248.442383 12 22
4214400.000000 4028909.375000 7881.594238 13 22
4214600.000000 4028909.375000 7514.522461 14 22
4214800.000000 4028909.375000 7147.352051 15 22
4215000.000000 4028909.375000 6779.274902 16 22
4215200.000000 4028909.375000 6414.432617 17 22
4215400.000000 4028909.375000 6050.896973 18 22
4215600.000000 4028909.375000 5687.434570 19 22
4215800.000000 4028909.375000 5322.375488 20 22
4216000.000000 4028909.375000 4955.577637 21 22
4216200.000000 4028909.375000 4589.516113 22 22
4216400.000000 4028909.375000 4227.010254 23 22
4216600.000000 4028909.375000 3877.485596 24 22
4216800.000000 4028909.375000 3547.620605 25 22
4217000.000000 4028909.375000 3234.721191 26 22
4217200.000000 4028909.375000 2937.154785 27 22
4217400.000000 4028909.375000 2628.517822 28 22
4217600.000000 4028909.375000 2291.093750 29 22
4217800.000000 4028909.375000 1931.072754 30 22
4218000.000000 4028909.375000 1569.555664 31 22
4218200.000000 4028909.375000 1210.264160 32 22
4218400.000000 4028909.375000 848.863708 33 22
4218600.000000 4028909.375000 484.566803 34 22
4218800.000000 4028909.375000 117.005226 35 22
4219000.000000 4028909.375000 -254.183289 36 22
4219200.000000 4028909.375000 -628.046631 37 22
4219400.000000 4028909.375000 -1004.792297 38 22
4219600.000000 4028909.375000 -1384.151245 39 22
4219800.000000 4028909.375000 -1767.633911 40 22
4220000.000000 4028909.375000 -2151.372070 41 22
4220200.000000 4028909.375000 -2536.882568 42 22
4212000.000000 4029281.250000 12125.359375 1 23
4212200.000000 4029281.250000 11774.377930 2 23
4212400.000000 4029281.250000 11422.296875 3 23
4212600.000000 4029281.250000 11070.110352 4 23
4212800.000000 4029281.250000 10717.801758 5 23
4213000.000000 4029281.250000 10365.327148 6 23
4213200.000000 4029281.250000 10011.704102 7 23
4213400.000000 4029281.250000 9656.917969 8 23
4213600.000000 4029281.250000 9300.947266 9 23
4213800.000000 4029281.250000 8942.779297 10 23
4214000.000000 4029281.250000 8583.374023 11 23
4214200.000000 4029281.250000 8221.684570 12 23
4214400.000000 4029281.250000 7858.708984 13 23
4214600.000000 4029281.250000 7493.581055 14 23
4214800.000000 4029281.250000 7127.413574 15 23
4215000.000000 4029281.250000 6761.435547 16 23
4215200.000000 4029281.250000 6396.737305 17 23
4215400.000000 4029281.250000 6032.238281 18 23
4215600.000000 4029281.250000 5665.404297 19 23
4215800.000000 4029281.250000 5294.943359 20 23
4216000.000000 4029281.250000 4918.105957 21 23
4216200.000000 4029281.250000 4538.239746 22 23
4216400.000000 4029281.250000 4157.819824 23 23
4216600.000000 4029281.250000 3787.816895 24 23
4216800.000000 4029281.250000 3440.016357 25 23
4217000.000000 4029281.250000 3118.831787 26 23
4217200.000000 4029281.250000 2829.055176 27 23
4217400.000000 4029281.250000 2513.668701 28 23
4217600.000000 4029281.250000 2185.950928 29 23
4217800.000000 4029281.250000 1844.740967 30 23
4218000.000000 4029281.250000 1503.165771 31 23
4218200.000000 4029281.250000 1160.320557 32 23
4218400.000000 4029281.250000 813.219116 33 23
4218600.000000 4029281.250000 458.801361 34 23
4218800.000000 4029281.250000 98.880318 35 23
4219000.000000 4029281.250000 -266.532715 36 23
4219200.000000 4029281.250000 -638.123108 37 23
4219400.000000 4029281.250000 -1012.848755 38 23
4219600.000000 4029281.250000 -1392.223877 39 23
4219800.000000 4029281.250000 -1776.673828 40 23
4220000.000000 4029281.250000 -2162.221924 41 23
4220200.000000 4029281.250000 -2549.330811 42 23
4212000.000000 4029653.125000 12069.337891 1 24
4212200.000000 4029653.125000 11720.335938 2 24
4212400.000000 4029653.125000 11372.244141 3 24
4212600.000000 4029653.125000 11023.028320 4 24
4212800.000000 4029653.125000 10673.682617 5 24
4213000.000000 4029653.125000 10324.166016 6 24
4213200.000000 4029653.125000 9973.509766 7 24
4213400.000000 4029653.125000 9621.665039 8 24
4213600.000000 4029653.125000 9268.625977 9 24
4213800.000000 4029653.125000 8913.380859 10 24
4214000.000000 4029653.125000 8557.909180 11 24
4214200.000000 4029653.125000 8199.143555 12 24
4214400.000000 4029653.125000 7838.121094 13 24
4214600.000000 4029653.125000 7476.003418 14 24
4214800.000000 4029653.125000 7112.950684 15 24
4215000.000000 4029653.125000 6749.132324 16 24
4215200.000000 4029653.125000 6385.585938 17 24
4215400.000000 4029653.125000 6019.927734 18 24
4215600.000000 4029653.125000 5652.223145 19 24
4215800.000000 4029653.125000 5277.360352 20 24
4216000.000000 4029653.125000 4892.798828 21 24
4216200.000000 4029653.125000 4498.861816 22 24
4216400.000000 4029653.125000 4099.367676 23 24
4216600.000000 4029653.125000 3709.209961 24 24
4216800.000000 4029653.125000 3342.318604 25 24
4217000.000000 4029653.125000 3019.178467 26 24
4217200.000000 4029653.125000 2754.963379 27 24
4217400.000000 4029653.125000 2411.155273 28 24
4217600.000000 4029653.125000 2084.888916 29 24
4217800.000000 4029653.125000 1780.402588 30 24
4218000.000000 4029653.125000 1463.108032 31 24
4218200.000000 4029653.125000 1135.526855 32 24
4218400.000000 4029653.125000 799.664734 33 24
4218600.000000 4029653.125000 453.075500 34 24
4218800.000000 4029653.125000 97.573837 35 24
4219000.000000 4029653.125000 -266.722290 36 24
4219200.000000 4029653.125000 -637.266296 37 24
4219400.000000 4029653.125000 -1012.850891 38 24
4219600.000000 4029653.125000 -1394.939453 39 24
4219800.000000 4029653.125000 -1780.838623 40 24
4220000.000000 4029653.125000 -2168.566406 41 24
4220200.000000 4029653.125000 -2558.539307 42 24
4212000.000000 4030025.000000 12012.426758 1 25
4212200.000000 4030025.000000 11667.381836 2 25
4212400.000000 4030025.000000 11322.264648 3 25
4212600.000000 4030025.000000 10976.035156 4 25
4212800.000000 4030025.000000 10629.655273 5 25
4213000.000000 4030025.000000 10283.096680 6 25
4213200.000000 4030025.000000 9936.392578 7 25
4213400.000000 4030025.000000 9588.509766 8 25
4213600.000000 4030025.000000 9238.411133 9 25
4213800.000000 4030025.000000 8887.118164 10 25
4214000.000000 4030025.000000 8534.569336 11 25
4214200.000000 4030025.000000 8178.760742 12 25
4214400.000000 4030025.000000 7821.753418 13 25
4214600.000000 4030025.000000 7463.702148 14 25
4214800.000000 4030025.000000 7103.802734 15 25
4215000.000000 4030025.000000 6743.195801 16 25
4215200.000000 4030025.000000 6381.716309 17 25
4215400.000000 4030025.000000 6017.691406 18 25
4215600.000000 4030025.000000 5650.653809 19 25
4215800.000000 4030025.000000 5273.507813 20 25
4216000.000000 4030025.000000 4881.824219 21 25
4216200.000000 4030025.000000 4478.077637 22 25
4216400.000000 4030025.000000 4066.176270 23 25
4216600.000000 4030025.000000 3664.015869 24 25
4216800.000000 4030025.000000 3293.784180 25 25
4217000.000000 4030025.000000 2991.748535 26 25
4217200.000000 4030025.000000 2761.809814 27 25
4217400.000000 4030025.000000 2362.913574 28 25
4217600.000000 4030025.000000 1997.467773 29 25
4217800.000000 4030025.000000 1752.796265 30 25
4218000.000000 4030025.000000 1471.354614 31 25
4218200.000000 4030025.000000 1152.476074 32 25
4218400.000000 4030025.000000 818.659546 33 25
4218600.000000 4030025.000000 472.482208 34 25
4218800.000000 4030025.000000 114.850800 35 25
4219000.000000 4030025.000000 -252.085236 36 25
4219200.000000 4030025.000000 -625.781067 37 25
4219400.000000 4030025.000000 -1004.107666 38 25
4219600.000000 4030025.000000 -1389.469238 39 25
4219800.000000 4030025.000000 -1779.195679 40 25
4220000.000000 4030025.000000 -2171.365723 41 25
4220200.000000 4030025.000000 -2565.383789 42 25
4212000.000000 4030396.875000 11954.569336 1 26
4212200.000000 4030396.875000 11613.529297 2 26
4212400.000000 4030396.875000 11272.382813 3 26
4212600.000000 4030396.875000 10931.119141 4 26
4212800.000000 4030396.875000 10587.704102 5 26
4213000.000000 4030396.875000 10244.122070 6 26
4213200.000000 4030396.875000 9901.371094 7 26
4213400.000000 4030396.875000 9556.438477 8 26
4213600.000000 4030396.875000 9210.302734 9 26
4213800.000000 4030396.875000 8862.939453 10 26
4214000.000000 4030396.875000 8514.362305 11 26
4214200.000000 4030396.875000 8163.550293 12 26
4214400.000000 4030396.875000 7811.570801 13 26
4214600.000000 4030396.875000 7457.614258 14 26
4214800.000000 4030396.875000 7101.896973 15 26
4215000.000000 4030396.875000 6744.463379 16 26
4215200.000000 4030396.875000 6385.959473 17 26
4215400.000000 4030396.875000 6025.449219 18 26
4215600.000000 4030396.875000 5659.862793 19 26
4215800.000000 4030396.875000 5284.178711 20 26
4216000.000000 4030396.875000 4892.064941 21 26
4216200.000000 4030396.875000 4484.842773 22 26
4216400.000000 4030396.875000 4067.758789 23 26
4216600.000000 4030396.875000 3659.202637 24 26
4216800.000000 4030396.875000 3285.566162 25 26
4217000.000000 4030396.875000 2982.186768 26 26
4217200.000000 4030396.875000 2774.960205 27 26
4217400.000000 4030396.875000 2427.763916 28 26
4217600.000000 4030396.875000 2067.354736 29 26
4217800.000000 4030396.875000 1836.100830 30 26
4218000.000000 4030396.875000 1551.410767 31 26
4218200.000000 4030396.875000 1221.086182 32 26
4218400.000000 4030396.875000 876.808044 33 26
4218600.000000 4030396.875000 520.251892 34 26
4218800.000000 4030396.875000 154.241989 35 26
4219000.000000 4030396.875000 -219.949677 36 26
4219200.000000 4030396.875000 -599.928284 37 26
4219400.000000 4030396.875000 -985.709167 38 26
4219600.000000 4030396.875000 -1376.809326 39 26
4219800.000000 4030396.875000 -1772.651978 40 26
4220000.000000 4030396.875000 -2169.466309 41 26
4220200.000000 4030396.875000 -2568.704834 42 26
4212000.000000 4030768.750000 11897.821289 1 27
4212200.000000 4030768.750000 11560.750977 2 27
4212400.000000 4030768.750000 11223.572266 3 27
4212600.000000 4030768.750000 10885.292969 4 27
4212800.000000 4030768.750000 10545.839844 5 27
4213000.000000 4030768.750000 10207.213867 6 27
4213200.000000 4030768.750000 9867.435547 7 27
4213400.000000 4030768.750000 9527.453125 8 27
4213600.000000 4030768.750000 9185.269531 9 27
4213800.000000 4030768.750000 8842.878906 10 27
4214000.000000 4030768.750000 8498.273438 11 27
4214200.000000 4030768.750000 8152.459961 12 27
4214400.000000 4030768.750000 7805.539551 13 27
4214600.000000 4030768.750000 7455.697754 14 27
4214800.000000 4030768.750000 7105.108887 15 27
4215000.000000 4030768.750000 6753.827637 16 27
4215200.000000 4030768.750000 6399.325684 17 27
4215400.000000 4030768.750000 6042.419922 18 27
4215600.000000 4030768.750000 5680.659668 19 27
4215800.000000 4030768.750000 5308.367188 20 27
4216000.000000 4030768.750000 4918.447754 21 27
4216200.000000 4030768.750000 4511.675781 22 27
4216400.000000 4030768.750000 4093.071777 23 27
4216600.000000 4030768.750000 3680.515869 24 27
4216800.000000 4030768.750000 3295.603760 25 27
4217000.000000 4030768.750000 2981.498047 26 27
4217200.000000 4030768.750000 2804.968262 27 27
4217400.000000 4030768.750000 2592.322510 28 27
4217600.000000 4030768.750000 2278.148682 29 27
4217800.000000 4030768.750000 1997.254639 30 27
4218000.000000 4030768.750000 1671.944580 31 27
4218200.000000 4030768.750000 1320.933472 32 27
4218400.000000 4030768.750000 960.330261 33 27
4218600.000000 4030768.750000 589.771545 34 27
4218800.000000 4030768.750000 210.869431 35 27
4219000.000000 4030768.750000 -173.789978 36 27
4219200.000000 4030768.750000 -563.877625 37 27
4219400.000000 4030768.750000 -958.673035 38 27
4219600.000000 4030768.750000 -1357.859009 39 27
4219800.000000 4030768.750000 -1761.049316 40 27
4220000.000000 4030768.750000 -2164.684082 41 27
4220200.000000 4030768.750000 -2570.283447 42 27
4212000.000000 4031140.625000 11841.188477 1 28
4212200.000000 4031140.625000 11508.069336 2 28
4212400.000000 4031140.625000 11173.875000 3 28
4212600.000000 4031140.625000 10840.557617 4 28
4212800.000000 4031140.625000 10506.063477 5 28
4213000.000000 4031140.625000 10171.412109 6 28
4213200.000000 4031140.625000 9835.586914 7 28
4213400.000000 4031140.625000 9499.558594 8 28
4213600.000000 4031140.625000 9162.347656 9 28
4213800.000000 4031140.625000 8823.922852 10 28
4214000.000000 4031140.625000 8484.315430 11 28
4214200.000000 4031140.625000 8144.508789 12 28
4214400.000000 4031140.625000 7801.631836 13 28
4214600.000000 4031140.625000 7457.863770 14 28
4214800.000000 4031140.625000 7113.392090 15 28
4215000.000000 4031140.625000 6767.216797 16 28
4215200.000000 4031140.625000 6417.795410 17 28
4215400.000000 4031140.625000 6065.854492 18 28
4215600.000000 4031140.625000 5708.897949 19 28
4215800.000000 4031140.625000 5342.111328 20 28
4216000.000000 4031140.625000 4958.334473 21 28
4216200.000000 4031140.625000 4557.232910 22 28
4216400.000000 4031140.625000 4144.864746 23 28
4216600.000000 4031140.625000 3737.035156 24 28
4216800.000000 4031140.625000 3361.259277 25 28
4217000.000000 4031140.625000 3069.015137 26 28
4217200.000000 4031140.625000 2929.607666 27 28
4217400.000000 4031140.625000 2782.346191 28 28
4217600.000000 4031140.625000 2472.921387 29 28
4217800.000000 4031140.625000 2138.243164 30 28
4218000.000000 4031140.625000 1791.207397 31 28
4218200.000000 4031140.625000 1428.671021 32 28
4218400.000000 4031140.625000 1053.771362 33 28
4218600.000000 4031140.625000 668.837280 34 28
4218800.000000 4031140.625000 276.126190 35 28
4219000.000000 4031140.625000 -121.141769 36 28
4219200.000000 4031140.625000 -522.506958 37 28
4219400.000000 4031140.625000 -927.456116 38 28
4219600.000000 4031140.625000 -1335.816406 39 28
4219800.000000 4031140.625000 -1746.383179 40 28
4220000.000000 4031140.625000 -2158.869141 41 28
4220200.000000 4031140.625000 -2571.915771 42 28
4212000.000000 4031512.500000 11783.621094 1 29
4212200.000000 4031512.500000 11454.499023 2 29
4212400.000000 4031512.500000 11125.266602 3 29
4212600.000000 4031512.500000 10795.911133 4 29
4212800.000000 4031512.500000 10466.391602 5 29
4213000.000000 4031512.500000 10135.696289 6 29
4213200.000000 4031512.500000 9804.824219 7 29
4213400.000000 4031512.500000 9472.768555 8 29
4213600.000000 4031512.500000 9140.500000 9 29
4213800.000000 4031512.500000 8807.063477 10 29
4214000.000000 4031512.500000 8472.444336 11 29
4214200.000000 4031512.500000 8137.665527 12 29
4214400.000000 4031512.500000 7800.814941 13 29
4214600.000000 4031512.500000 7463.096191 14 29
4214800.000000 4031512.500000 7123.657715 15 29
4215000.000000 4031512.500000 6784.541016 16 29
4215200.000000 4031512.500000 6441.233887 17 29
4215400.000000 4031512.500000 6095.615723 18 29
4215600.000000 4031512.500000 5745.401367 19 29
4215800.000000 4031512.500000 5385.292969 20 29
4216000.000000 4031512.500000 5009.846680 21 29
4216200.000000 4031512.500000 4619.332031 22 29
4216400.000000 4031512.500000 4219.524902 23 29
4216600.000000 4031512.500000 3825.868408 24 29
4216800.000000 4031512.500000 3471.990967 25 29
4217000.000000 4031512.500000 3204.350830 26 29
4217200.000000 4031512.500000 3051.532959 27 29
4217400.000000 4031512.500000 2877.351318 28 29
4217600.000000 4031512.500000 2575.074707 29 29
4217800.000000 4031512.500000 2244.616211 30 29
4218000.000000 4031512.500000 1901.405518 31 29
4218200.000000 4031512.500000 1533.575562 32 29
4218400.000000 4031512.500000 1147.400513 33 29
4218600.000000 4031512.500000 749.656006 34 29
4218800.000000 4031512.500000 344.966675 35 29
4219000.000000 4031512.500000 -64.777336 36 29
4219200.000000 4031512.500000 -477.779724 37 29
4219400.000000 4031512.500000 -893.451111 38 29
4219600.000000 4031512.500000 -1311.723145 39 29
4219800.000000 4031512.500000 -1731.509888 40 29
4220000.000000 4031512.500000 -2152.792236 41 29
4220200.000000 4031512.500000 -2573.328369 42 29
4212000.000000 4031884.375000 11727.166992 1 30
4212200.000000 4031884.375000 11402.005859 2 30
4212400.000000 4031884.375000 11076.736328 3 30
4212600.000000 4031884.375000 10752.357422 4 30
4212800.000000 4031884.375000 10427.795898 5 30
4213000.000000 4031884.375000 10102.053711 6 30
4213200.000000 4031884.375000 9775.154297 7 30
4213400.000000 4031884.375000 9448.053711 8 30
4213600.000000 4031884.375000 9119.767578 9 30
4213800.000000 4031884.375000 8791.309570 10 30
4214000.000000 4031884.375000 8462.701172 11 30
4214200.000000 4031884.375000 8132.932129 12 30
4214400.000000 4031884.375000 7802.104004 13 30
4214600.000000 4031884.375000 7470.364258 14 30
4214800.000000 4031884.375000 7137.875488 15 30
4215000.000000 4031884.375000 6804.675781 16 30
4215200.000000 4031884.375000 6468.393066 17 30
4215400.000000 4031884.375000 6129.180176 18 30
4215600.000000 4031884.375000 5786.200684 19 30
4215800.000000 4031884.375000 5435.113281 20 30
4216000.000000 4031884.375000 5070.622070 21 30
4216200.000000 4031884.375000 4692.846680 22 30
4216400.000000 4031884.375000 4307.059570 23 30
4216600.000000 4031884.375000 3926.077148 24 30
4216800.000000 4031884.375000 3572.268555 25 30
4217000.000000 4031884.375000 3269.245605 26 30
4217200.000000 4031884.375000 3031.445313 27 30
4217400.000000 4031884.375000 2819.042480 28 30
4217600.000000 4031884.375000 2580.502197 29 30
4217800.000000 4031884.375000 2309.637939 30 30
4218000.000000 4031884.375000 1991.982422 31 30
4218200.000000 4031884.375000 1627.431396 32 30
4218400.000000 4031884.375000 1234.988403 33 30
4218600.000000 4031884.375000 829.721497 34 30
4218800.000000 4031884.375000 414.178680 35 30
4219000.000000 4031884.375000 -6.959569 36 30
4219200.000000 4031884.375000 -431.271851 37 30
4219400.000000 4031884.375000 -857.810364 38 30
4219600.000000 4031884.375000 -1286.449463 39 30
4219800.000000 4031884.375000 -1716.184570 40 30
4220000.000000 4031884.375000 -2146.080811 41 30
4220200.000000 4031884.375000 -2576.050537 42 30
4212000.000000 4032256.250000 11670.809570 1 31
4212200.000000 4032256.250000 11349.610352 2 31
4212400.000000 4032256.250000 11029.320313 3 31
4212600.000000 4032256.250000 10708.905273 4 31
4212800.000000 4032256.250000 10388.302734 5 31
4213000.000000 4032256.250000 10067.533203 6 31
4213200.000000 4032256.250000 9746.587891 7 31
4213400.000000 4032256.250000 9424.463867 8 31
4213600.000000 4032256.250000 9101.148438 9 31
4213800.000000 4032256.250000 8777.693359 10 31
4214000.000000 4032256.250000 8455.072266 11 31
4214200.000000 4032256.250000 8130.330078 12 31
4214400.000000 4032256.250000 7805.504395 13 31
4214600.000000 4032256.250000 7479.686035 14 31
4214800.000000 4032256.250000 7154.013184 15 31
4215000.000000 4032256.250000 6827.546875 16 31
4215200.000000 4032256.250000 6499.029297 17 31
4215400.000000 4032256.250000 6166.892578 18 31
4215600.000000 4032256.250000 5831.908691 19 31
4215800.000000 4032256.250000 5488.791504 20 31
4216000.000000 4032256.250000 5134.558105 21 31
4216200.000000 4032256.250000 4771.019531 22 31
4216400.000000 4032256.250000 4400.700684 23 31
4216600.000000 4032256.250000 4032.583496 24 31
4216800.000000 4032256.250000 3678.260742 25 31
4217000.000000 4032256.250000 3348.730469 26 31
4217200.000000 4032256.250000 3053.940430 27 31
4217400.000000 4032256.250000 2814.355957 28 31
4217600.000000 4032256.250000 2601.866211 29 31
4217800.000000 4032256.250000 2360.584473 30 31
4218000.000000 4032256.250000 2061.126221 31 31
4218200.000000 4032256.250000 1704.359253 32 31
4218400.000000 4032256.250000 1313.426514 33 31
4218600.000000 4032256.250000 903.125732 34 31
4218800.000000 4032256.250000 479.515472 35 31
4219000.000000 4032256.250000 49.439320 36 31
4219200.000000 4032256.250000 -385.585114 37 31
4219400.000000 4032256.250000 -821.995850 38 31
4219600.000000 4032256.250000 -1261.412720 39 31
4219800.000000 4032256.250000 -1701.722290 40 31
4220000.000000 4032256.250000 -2141.046143 41 31
4220200.000000 4032256.250000 -2580.373047 42 31
4212000.000000 4032628.125000 11613.537109 1 32
4212200.000000 4032628.125000 11297.301758 2 32
4212400.000000 4032628.125000 10981.995117 3 32
4212600.000000 4032628.125000 10666.544922 4 32
4212800.000000 4032628.125000 10350.920898 5 32
4213000.000000 4032628.125000 10034.112305 6 32
4213200.000000 4032628.125000 9718.125000 7 32
4213400.000000 4032628.125000 9400.965820 8 32
4213600.000000 4032628.125000 9082.645508 9 32
4213800.000000 4032628.125000 8765.185547 10 32
4214000.000000 4032628.125000 8447.595703 11 32
4214200.000000 4032628.125000 8128.867676 12 32
4214400.000000 4032628.125000 7810.019531 13 32
4214600.000000 4032628.125000 7491.100586 14 32
4214800.000000 4032628.125000 7172.168457 15 32
4215000.000000 4032628.125000 6853.230469 16 32
4215200.000000 4032628.125000 6531.150391 17 32
4215400.000000 4032628.125000 6206.589355 18 32
4215600.000000 4032628.125000 5877.839844 19 32
4215800.000000 4032628.125000 5543.683105 20 32
4216000.000000 4032628.125000 5200.275391 21 32
4216200.000000 4032628.125000 4848.000977 22 32
4216400.000000 4032628.125000 4491.899902 23 32
4216600.000000 4032628.125000 4136.182617 24 32
4216800.000000 4032628.125000 3790.474121 25 32
4217000.000000 4032628.125000 3462.144043 26 32
4217200.000000 4032628.125000 3159.316650 27 32
4217400.000000 4032628.125000 2900.279297 28 32
4217600.000000 4032628.125000 2665.384033 29 32
4217800.000000 4032628.125000 2412.880127 30 32
4218000.000000 4032628.125000 2115.931152 31 32
4218200.000000 4032628.125000 1769.259277 32 32
4218400.000000 4032628.125000 1382.982056 33 32
4218600.000000 4032628.125000 971.513550 34 32
4218800.000000 4032628.125000 542.442139 35 32
4219000.000000 4032628.125000 103.217445 36 32
4219200.000000 4032628.125000 -341.406281 37 32
4219400.000000 4032628.125000 -788.056702 38 32
4219600.000000 4032628.125000 -1237.889404 39 32
4219800.000000 4032628.125000 -1687.618042 40 32
4220000.000000 4032628.125000 -2138.265869 41 32
4220200.000000 4032628.125000 -2586.887207 42 32
4212000.000000 4033000.000000 11555.331055 1 33
4212200.000000 4033000.000000 11245.084961 2 33
4212400.000000 4033000.000000 10934.739258 3 33
4212600.000000 4033000.000000 10623.279297 4 33
4212800.000000 4033000.000000 10312.624023 5 33
4213000.000000 4033000.000000 10000.794922 6 33
4213200.000000 4033000.000000 9689.767578 7 33
4213400.000000 4033000.000000 9377.590820 8 33
4213600.000000 4033000.000000 9065.252930 9 33
4213800.000000 4033000.000000 8752.815430 10 33
4214000.000000 4033000.000000 8441.249023 11 33
4214200.000000 4033000.000000 8128.562988 12 33
4214400.000000 4033000.000000 7815.697754 13 33
4214600.000000 4033000.000000 7503.651855 14 33
4214800.000000 4033000.000000 7191.417969 15 33
4215000.000000 4033000.000000 6879.921875 16 33
4215200.000000 4033000.000000 6566.041016 17 33
4215400.000000 4033000.000000 6248.622070 18 33
4215600.000000 4033000.000000 5927.379883 19 33
4215800.000000 4033000.000000 5600.909668 20 33
4216000.000000 4033000.000000 5266.282227 21 33
4216200.000000 4033000.000000 4924.334961 22 33
4216400.000000 4033000.000000 4578.778809 23 33
4216600.000000 4033000.000000 4234.332031 24 33
4216800.000000 4033000.000000 3897.580566 25 33
4217000.000000 4033000.000000 3575.302979 26 33
4217200.000000 4033000.000000 3275.282715 27 33
4217400.000000 4033000.000000 3003.700439 28 33
4217600.000000 4033000.000000 2746.608398 29 33
4217800.000000 4033000.000000 2478.958984 30 33
4218000.000000 4033000.000000 2180.155273 31 33
4218200.000000 4033000.000000 1837.909668 32 33
4218400.000000 4033000.000000 1454.995239 33 33
4218600.000000 4033000.000000 1042.367065 34 33
4218800.000000 4033000.000000 608.061951 35 33
4219000.000000 4033000.000000 159.771637 36 33
4219200.000000 4033000.000000 -295.536530 37 33
4219400.000000 4033000.000000 -754.565674 38 33
4219600.000000 4033000.000000 -1214.938477 39 33
4219800.000000 4033000.000000 -1675.104980 40 33
4220000.000000 4033000.000000 -2135.047852 41 33
4220200.000000 4033000.000000 -2593.936768 42 33
