# Type: scattered data
# Version: 6
# Description: No description
# Format: free
# Field: 1 x
# Field: 2 y
# Field: 3 z undefined
# Field: 4 column
# Field: 5 row
# Projection: Local Rectangular
# Units: undefined
# End:
# Information from grid:
# Grid_size: 10 x 30
# Grid_space: 4247249.000000,4249049.000000,4010414.000000,4016214.000000
# Scattered data: Not_available
# Z_field: z
# Vertical_faults: Not_available
# History: No history
# Z_units: undefined
4247649.000000 4010814.000000 3490.687012 3 3
4247849.000000 4010814.000000 3313.653076 4 3
4248049.000000 4010814.000000 3125.681885 5 3
4248249.000000 4010814.000000 2921.329102 6 3
4248449.000000 4010814.000000 2729.069092 7 3
4248649.000000 4010814.000000 2542.928955 8 3
4248849.000000 4010814.000000 2362.489990 9 3
4247649.000000 4011014.000000 3492.280029 3 4
4247849.000000 4011014.000000 3311.435059 4 4
4248049.000000 4011014.000000 3124.178955 5 4
4248249.000000 4011014.000000 2920.707031 6 4
4248449.000000 4011014.000000 2727.541992 7 4
4248649.000000 4011014.000000 2541.481934 8 4
4248849.000000 4011014.000000 2360.382080 9 4
4247649.000000 4011214.000000 3493.875000 3 5
4247849.000000 4011214.000000 3311.250000 4 5
4248049.000000 4011214.000000 3121.915039 5 5
4248249.000000 4011214.000000 2917.685059 6 5
4248449.000000 4011214.000000 2724.773926 7 5
4248649.000000 4011214.000000 2538.458984 8 5
4248849.000000 4011214.000000 2355.662109 9 5
4247649.000000 4011414.000000 3495.437988 3 6
4247849.000000 4011414.000000 3311.104004 4 6
4248049.000000 4011414.000000 3120.164063 5 6
4248249.000000 4011414.000000 2914.867920 6 6
4248449.000000 4011414.000000 2722.004883 7 6
4248649.000000 4011414.000000 2535.334961 8 6
4248849.000000 4011414.000000 2351.066895 9 6
4247649.000000 4011614.000000 3496.956055 3 7
4247849.000000 4011614.000000 3311.229004 4 7
4248049.000000 4011614.000000 3118.383057 5 7
4248249.000000 4011614.000000 2912.035889 6 7
4248449.000000 4011614.000000 2719.552002 7 7
4248649.000000 4011614.000000 2531.362061 8 7
4248849.000000 4011614.000000 2346.243896 9 7
4247649.000000 4011814.000000 3498.693115 3 8
4247849.000000 4011814.000000 3310.916992 4 8
4248049.000000 4011814.000000 3116.333984 5 8
4248249.000000 4011814.000000 2909.256104 6 8
4248449.000000 4011814.000000 2716.915039 7 8
4248649.000000 4011814.000000 2527.894043 8 8
4248849.000000 4011814.000000 2341.417969 9 8
4247649.000000 4012014.000000 3500.147949 3 9
4247849.000000 4012014.000000 3310.804932 4 9
4248049.000000 4012014.000000 3114.000000 5 9
4248249.000000 4012014.000000 2906.099121 6 9
4248449.000000 4012014.000000 2714.322998 7 9
4248649.000000 4012014.000000 2524.441895 8 9
4248849.000000 4012014.000000 2336.774902 9 9
4247649.000000 4012214.000000 3490.720947 3 10
4247849.000000 4012214.000000 3296.628906 4 10
4248049.000000 4012214.000000 3099.105957 5 10
4248249.000000 4012214.000000 2896.147949 6 10
4248449.000000 4012214.000000 2703.250000 7 10
4248649.000000 4012214.000000 2512.270020 8 10
4248849.000000 4012214.000000 2327.999023 9 10
4247649.000000 4012414.000000 3480.710938 3 11
4247849.000000 4012414.000000 3281.076904 4 11
4248049.000000 4012414.000000 3084.305908 5 11
4248249.000000 4012414.000000 2885.775879 6 11
4248449.000000 4012414.000000 2690.814941 7 11
4248649.000000 4012414.000000 2499.256104 8 11
4248849.000000 4012414.000000 2318.857910 9 11
4247649.000000 4012614.000000 3468.195068 3 12
4247849.000000 4012614.000000 3265.144043 4 12
4248049.000000 4012614.000000 3070.492920 5 12
4248249.000000 4012614.000000 2874.677979 6 12
4248449.000000 4012614.000000 2678.032959 7 12
4248649.000000 4012614.000000 2487.020020 8 12
4248849.000000 4012614.000000 2309.746094 9 12
4247649.000000 4012814.000000 3451.465088 3 13
4247849.000000 4012814.000000 3249.345947 4 13
4248049.000000 4012814.000000 3056.483887 5 13
4248249.000000 4012814.000000 2859.913086 6 13
4248449.000000 4012814.000000 2663.718994 7 13
4248649.000000 4012814.000000 2473.687012 8 13
4248849.000000 4012814.000000 2296.801025 9 13
4247649.000000 4013014.000000 3436.793945 3 14
4247849.000000 4013014.000000 3232.778076 4 14
4248049.000000 4013014.000000 3042.073975 5 14
4248249.000000 4013014.000000 2845.551025 6 14
4248449.000000 4013014.000000 2649.954102 7 14
4248649.000000 4013014.000000 2459.774902 8 14
4248849.000000 4013014.000000 2281.979004 9 14
4247649.000000 4013214.000000 3422.217041 3 15
4247849.000000 4013214.000000 3216.625000 4 15
4248049.000000 4013214.000000 3027.826904 5 15
4248249.000000 4013214.000000 2830.858887 6 15
4248449.000000 4013214.000000 2636.427979 7 15
4248649.000000 4013214.000000 2446.304932 8 15
4248849.000000 4013214.000000 2267.110107 9 15
4247649.000000 4013414.000000 3406.836914 3 16
4247849.000000 4013414.000000 3200.225098 4 16
4248049.000000 4013414.000000 3013.614014 5 16
4248249.000000 4013414.000000 2816.229004 6 16
4248449.000000 4013414.000000 2622.925049 7 16
4248649.000000 4013414.000000 2432.694092 8 16
4248849.000000 4013414.000000 2252.355957 9 16
4247449.000000 4013614.000000 3579.792969 2 17
4247649.000000 4013614.000000 3387.531982 3 17
4247849.000000 4013614.000000 3182.839111 4 17
4248049.000000 4013614.000000 2997.760986 5 17
4248249.000000 4013614.000000 2801.090088 6 17
4248449.000000 4013614.000000 2608.500000 7 17
4248649.000000 4013614.000000 2419.273926 8 17
4248849.000000 4013614.000000 2237.902100 9 17
4247449.000000 4013814.000000 3561.274902 2 18
4247649.000000 4013814.000000 3365.540039 3 18
4247849.000000 4013814.000000 3164.909912 4 18
4248049.000000 4013814.000000 2980.311035 5 18
4248249.000000 4013814.000000 2784.479004 6 18
4248449.000000 4013814.000000 2590.950928 7 18
4248649.000000 4013814.000000 2402.593018 8 18
4248849.000000 4013814.000000 2221.746094 9 18
4247449.000000 4014014.000000 3541.309082 2 19
4247649.000000 4014014.000000 3343.512939 3 19
4247849.000000 4014014.000000 3146.996094 4 19
4248049.000000 4014014.000000 2962.943115 5 19
4248249.000000 4014014.000000 2767.422119 6 19
4248449.000000 4014014.000000 2573.269043 7 19
4248649.000000 4014014.000000 2385.893066 8 19
4248849.000000 4014014.000000 2204.056885 9 19
4247449.000000 4014214.000000 3519.039063 2 20
4247649.000000 4014214.000000 3322.142090 3 20
4247849.000000 4014214.000000 3130.027100 4 20
4248049.000000 4014214.000000 2945.666992 5 20
4248249.000000 4014214.000000 2750.709961 6 20
4248449.000000 4014214.000000 2555.392090 7 20
4248649.000000 4014214.000000 2368.457031 8 20
4247449.000000 4014414.000000 3498.787109 2 21
4247649.000000 4014414.000000 3303.326904 3 21
4247849.000000 4014414.000000 3114.488037 4 21
4248049.000000 4014414.000000 2927.881104 5 21
4248249.000000 4014414.000000 2732.969971 6 21
4248449.000000 4014414.000000 2537.667969 7 21
4248649.000000 4014414.000000 2351.137939 8 21
4247449.000000 4014614.000000 3478.775879 2 22
4247649.000000 4014614.000000 3286.052979 3 22
4247849.000000 4014614.000000 3098.437012 4 22
4248049.000000 4014614.000000 2910.242920 5 22
4248249.000000 4014614.000000 2714.864014 6 22
4248449.000000 4014614.000000 2522.782959 7 22
4248649.000000 4014614.000000 2335.160889 8 22
4247449.000000 4014814.000000 3459.300049 2 23
4247649.000000 4014814.000000 3269.393066 3 23
4247849.000000 4014814.000000 3081.930908 4 23
4248049.000000 4014814.000000 2892.717041 5 23
4248249.000000 4014814.000000 2696.504883 6 23
4248449.000000 4014814.000000 2507.211914 7 23
4248649.000000 4014814.000000 2316.977051 8 23
4247449.000000 4015014.000000 3440.565918 2 24
4247649.000000 4015014.000000 3253.395996 3 24
4247849.000000 4015014.000000 3065.326904 4 24
4248049.000000 4015014.000000 2875.391113 5 24
4248249.000000 4015014.000000 2678.444092 6 24
4248449.000000 4015014.000000 2492.266113 7 24
4248649.000000 4015014.000000 2299.719971 8 24
4247449.000000 4015214.000000 3421.772949 2 25
4247649.000000 4015214.000000 3234.758057 3 25
4247849.000000 4015214.000000 3047.624023 4 25
4248049.000000 4015214.000000 2858.231934 5 25
4248249.000000 4015214.000000 2662.666016 6 25
4248449.000000 4015214.000000 2480.864990 7 25
