# Type: scattered data
# Version: 6
# Description: No description
# Format: free
# Field: 1 x
# Field: 2 y
# Field: 3 z undefined
# Field: 4 column
# Field: 5 row
# Projection: Local Rectangular
# Units: undefined
# End:
# Information from grid:
# Grid_size: 35 x 56
# Grid_space: 4248013.000000,4251413.000000,4015079.000000,4020579.000000
# Scattered data: Not_available
# Z_field: z
# Vertical_faults: Not_available
# History: No history
# Z_units: undefined
4248113.000000 4015479.000000 878.187683 2 5
4248213.000000 4015479.000000 1331.157959 3 5
4248313.000000 4015479.000000 1817.801025 4 5
4248113.000000 4015579.000000 854.213074 2 6
4248213.000000 4015579.000000 1307.886963 3 6
4248313.000000 4015579.000000 1784.180054 4 6
4248113.000000 4015679.000000 832.124084 2 7
4248213.000000 4015679.000000 1284.782959 3 7
4248313.000000 4015679.000000 1758.732056 4 7
4248413.000000 4015679.000000 2303.805908 5 7
4248113.000000 4015779.000000 810.196228 2 8
4248213.000000 4015779.000000 1262.571045 3 8
4248313.000000 4015779.000000 1738.579956 4 8
4248413.000000 4015779.000000 2278.454102 5 8
4248113.000000 4015879.000000 788.958496 2 9
4248213.000000 4015879.000000 1240.566040 3 9
4248313.000000 4015879.000000 1720.874023 4 9
4248413.000000 4015879.000000 2255.759033 5 9
4248113.000000 4015979.000000 763.856628 2 10
4248213.000000 4015979.000000 1216.692993 3 10
4248313.000000 4015979.000000 1700.878052 4 10
4248413.000000 4015979.000000 2231.857910 5 10
4248113.000000 4016079.000000 737.441772 2 11
4248213.000000 4016079.000000 1190.416016 3 11
4248313.000000 4016079.000000 1679.739990 4 11
4248413.000000 4016079.000000 2206.976074 5 11
4248513.000000 4016079.000000 2767.646973 6 11
4248113.000000 4016179.000000 711.910400 2 12
4248213.000000 4016179.000000 1160.661011 3 12
4248313.000000 4016179.000000 1639.927979 4 12
4248413.000000 4016179.000000 2155.212891 5 12
4248513.000000 4016179.000000 2716.976074 6 12
4248113.000000 4016279.000000 688.918091 2 13
4248213.000000 4016279.000000 1130.758057 3 13
4248313.000000 4016279.000000 1596.718018 4 13
4248413.000000 4016279.000000 2098.739990 5 13
4248513.000000 4016279.000000 2661.406006 6 13
4248613.000000 4016279.000000 3164.189941 7 13
4248113.000000 4016379.000000 662.943726 2 14
4248213.000000 4016379.000000 1102.428955 3 14
4248313.000000 4016379.000000 1556.623047 4 14
4248413.000000 4016379.000000 2044.397949 5 14
4248513.000000 4016379.000000 2588.947021 6 14
4248613.000000 4016379.000000 3099.955078 7 14
4248113.000000 4016479.000000 636.503723 2 15
4248213.000000 4016479.000000 1074.525024 3 15
4248313.000000 4016479.000000 1518.366943 4 15
4248413.000000 4016479.000000 1992.849976 5 15
4248513.000000 4016479.000000 2521.814941 6 15
4248613.000000 4016479.000000 3032.695068 7 15
4248713.000000 4016479.000000 3469.840088 8 15
4248113.000000 4016579.000000 596.730774 2 16
4248213.000000 4016579.000000 1035.255005 3 16
4248313.000000 4016579.000000 1477.453003 4 16
4248413.000000 4016579.000000 1943.786011 5 16
4248513.000000 4016579.000000 2459.698975 6 16
4248613.000000 4016579.000000 2966.419922 7 16
4248713.000000 4016579.000000 3408.285889 8 16
4248113.000000 4016679.000000 557.080627 2 17
4248213.000000 4016679.000000 997.577515 3 17
4248313.000000 4016679.000000 1437.343018 4 17
4248413.000000 4016679.000000 1896.438965 5 17
4248513.000000 4016679.000000 2398.512939 6 17
4248613.000000 4016679.000000 2900.917969 7 17
4248713.000000 4016679.000000 3348.176025 8 17
4248813.000000 4016679.000000 3764.220947 9 17
4248113.000000 4016779.000000 515.338501 2 18
4248213.000000 4016779.000000 957.667480 3 18
4248313.000000 4016779.000000 1393.510010 4 18
4248413.000000 4016779.000000 1848.449951 5 18
4248513.000000 4016779.000000 2329.708984 6 18
4248613.000000 4016779.000000 2827.454102 7 18
4248713.000000 4016779.000000 3285.125000 8 18
4248813.000000 4016779.000000 3707.860107 9 18
4248213.000000 4016879.000000 895.636230 3 19
4248313.000000 4016879.000000 1329.064941 4 19
4248413.000000 4016879.000000 1775.895020 5 19
4248513.000000 4016879.000000 2244.250000 6 19
4248613.000000 4016879.000000 2730.854004 7 19
4248713.000000 4016879.000000 3193.846924 8 19
4248813.000000 4016879.000000 3631.858887 9 19
4248913.000000 4016879.000000 4065.304932 10 19
4248213.000000 4016979.000000 821.325684 3 20
4248313.000000 4016979.000000 1255.381958 4 20
4248413.000000 4016979.000000 1701.760986 5 20
4248513.000000 4016979.000000 2163.127930 6 20
4248613.000000 4016979.000000 2637.592041 7 20
4248713.000000 4016979.000000 3099.500977 8 20
4248813.000000 4016979.000000 3539.153076 9 20
4248913.000000 4016979.000000 3970.315918 10 20
4249013.000000 4016979.000000 4405.038086 11 20
4248213.000000 4017079.000000 745.827820 3 21
4248313.000000 4017079.000000 1178.989014 4 21
4248413.000000 4017079.000000 1625.182007 5 21
4248513.000000 4017079.000000 2083.072998 6 21
4248613.000000 4017079.000000 2548.425049 7 21
4248713.000000 4017079.000000 3004.645996 8 21
4248813.000000 4017079.000000 3442.937988 9 21
4248913.000000 4017079.000000 3873.844971 10 21
4249013.000000 4017079.000000 4312.029785 11 21
4248213.000000 4017179.000000 671.929688 3 22
4248313.000000 4017179.000000 1102.087036 4 22
4248413.000000 4017179.000000 1548.193970 5 22
4248513.000000 4017179.000000 2005.187012 6 22
4248613.000000 4017179.000000 2463.791992 7 22
4248713.000000 4017179.000000 2913.832031 8 22
4248813.000000 4017179.000000 3348.372070 9 22
4248913.000000 4017179.000000 3776.524902 10 22
4249013.000000 4017179.000000 4213.162109 11 22
4249113.000000 4017179.000000 4658.588867 12 22
4248213.000000 4017279.000000 608.338379 3 23
4248313.000000 4017279.000000 1025.418945 4 23
4248413.000000 4017279.000000 1471.126953 5 23
4248513.000000 4017279.000000 1929.380005 6 23
4248613.000000 4017279.000000 2381.718994 7 23
4248713.000000 4017279.000000 2823.693115 8 23
4248813.000000 4017279.000000 3256.750977 9 23
4248913.000000 4017279.000000 3683.004883 10 23
4249013.000000 4017279.000000 4113.336914 11 23
4249113.000000 4017279.000000 4554.824219 12 23
4249213.000000 4017279.000000 4989.500977 13 23
4248213.000000 4017379.000000 549.379211 3 24
4248313.000000 4017379.000000 951.054810 4 24
4248413.000000 4017379.000000 1393.400024 5 24
4248513.000000 4017379.000000 1852.902954 6 24
4248613.000000 4017379.000000 2301.628906 7 24
4248713.000000 4017379.000000 2737.510010 8 24
4248813.000000 4017379.000000 3166.595947 9 24
4248913.000000 4017379.000000 3590.524902 10 24
4249013.000000 4017379.000000 4016.795898 11 24
4249113.000000 4017379.000000 4448.445801 12 24
4249213.000000 4017379.000000 4877.108887 13 24
4249313.000000 4017379.000000 5298.725098 14 24
4248313.000000 4017479.000000 879.323120 4 25
4248413.000000 4017479.000000 1311.156982 5 25
4248513.000000 4017479.000000 1771.590942 6 25
4248613.000000 4017479.000000 2218.205078 7 25
4248713.000000 4017479.000000 2647.764893 8 25
4248813.000000 4017479.000000 3072.126953 9 25
4248913.000000 4017479.000000 3494.970947 10 25
4249013.000000 4017479.000000 3917.416992 11 25
4249113.000000 4017479.000000 4342.289063 12 25
4249213.000000 4017479.000000 4765.659180 13 25
4249313.000000 4017479.000000 5187.832031 14 25
4249413.000000 4017479.000000 5609.728027 15 25
4248313.000000 4017579.000000 795.182983 4 26
4248413.000000 4017579.000000 1211.104004 5 26
4248513.000000 4017579.000000 1662.807983 6 26
4248613.000000 4017579.000000 2110.896973 7 26
4248713.000000 4017579.000000 2546.704102 8 26
4248813.000000 4017579.000000 2974.739014 9 26
4248913.000000 4017579.000000 3398.720947 10 26
4249013.000000 4017579.000000 3819.275879 11 26
4249113.000000 4017579.000000 4239.394043 12 26
4249213.000000 4017579.000000 4658.852051 13 26
4249313.000000 4017579.000000 5078.471191 14 26
4249413.000000 4017579.000000 5504.374023 15 26
4249513.000000 4017579.000000 5923.807129 16 26
4248313.000000 4017679.000000 696.507813 4 27
4248413.000000 4017679.000000 1112.603027 5 27
4248513.000000 4017679.000000 1554.968994 6 27
4248613.000000 4017679.000000 2002.029053 7 27
4248713.000000 4017679.000000 2442.844971 8 27
4248813.000000 4017679.000000 2877.648926 9 27
4248913.000000 4017679.000000 3303.138916 10 27
4249013.000000 4017679.000000 3722.095947 11 27
4249113.000000 4017679.000000 4140.036133 12 27
4249213.000000 4017679.000000 4558.503906 13 27
4249313.000000 4017679.000000 4979.183105 14 27
4249413.000000 4017679.000000 5403.874023 15 27
4249513.000000 4017679.000000 5823.520996 16 27
4249613.000000 4017679.000000 6230.834961 17 27
4248313.000000 4017779.000000 605.656006 4 28
4248413.000000 4017779.000000 1016.593994 5 28
4248513.000000 4017779.000000 1450.392944 6 28
4248613.000000 4017779.000000 1893.637939 7 28
4248713.000000 4017779.000000 2336.554932 8 28
4248813.000000 4017779.000000 2777.018066 9 28
4248913.000000 4017779.000000 3207.162109 10 28
4249013.000000 4017779.000000 3626.322998 11 28
4249113.000000 4017779.000000 4041.681885 12 28
4249213.000000 4017779.000000 4460.083984 13 28
4249313.000000 4017779.000000 4881.387207 14 28
4249413.000000 4017779.000000 5306.658203 15 28
4249513.000000 4017779.000000 5730.049805 16 28
4249613.000000 4017779.000000 6139.069824 17 28
4249713.000000 4017779.000000 6530.645996 18 28
4248313.000000 4017879.000000 517.954285 4 29
4248413.000000 4017879.000000 922.214478 5 29
4248513.000000 4017879.000000 1348.102051 6 29
4248613.000000 4017879.000000 1786.139038 7 29
4248713.000000 4017879.000000 2228.061035 8 29
4248813.000000 4017879.000000 2672.996094 9 29
4248913.000000 4017879.000000 3109.803955 10 29
4249013.000000 4017879.000000 3530.471924 11 29
4249113.000000 4017879.000000 3943.959961 12 29
4249213.000000 4017879.000000 4361.642090 13 29
4249313.000000 4017879.000000 4782.275879 14 29
4249413.000000 4017879.000000 5205.747070 15 29
4249513.000000 4017879.000000 5630.396973 16 29
4249613.000000 4017879.000000 6044.764160 17 29
4249713.000000 4017879.000000 6432.636230 18 29
4249813.000000 4017879.000000 6821.005859 19 29
4248413.000000 4017979.000000 827.414612 5 30
4248513.000000 4017979.000000 1248.012939 6 30
4248613.000000 4017979.000000 1680.866943 7 30
4248713.000000 4017979.000000 2119.518066 8 30
4248813.000000 4017979.000000 2568.309082 9 30
4248913.000000 4017979.000000 3012.767090 10 30
4249013.000000 4017979.000000 3434.622070 11 30
4249113.000000 4017979.000000 3846.813965 12 30
4249213.000000 4017979.000000 4261.720215 13 30
4249313.000000 4017979.000000 4679.959961 14 30
4249413.000000 4017979.000000 5100.813965 15 30
4249513.000000 4017979.000000 5520.566895 16 30
4249613.000000 4017979.000000 5932.039063 17 30
4249713.000000 4017979.000000 6325.895996 18 30
4249813.000000 4017979.000000 6716.854980 19 30
4249913.000000 4017979.000000 7124.332031 20 30
4250013.000000 4017979.000000 7550.812012 21 30
4248413.000000 4018079.000000 721.866028 5 31
4248513.000000 4018079.000000 1153.880005 6 31
4248613.000000 4018079.000000 1579.295044 7 31
4248713.000000 4018079.000000 2009.625977 8 31
4248813.000000 4018079.000000 2459.563965 9 31
4248913.000000 4018079.000000 2910.341064 10 31
4249013.000000 4018079.000000 3334.510986 11 31
4249113.000000 4018079.000000 3745.070068 12 31
4249213.000000 4018079.000000 4157.054199 13 31
4249313.000000 4018079.000000 4572.665039 14 31
4249413.000000 4018079.000000 4989.282227 15 31
4249513.000000 4018079.000000 5404.982910 16 31
4249613.000000 4018079.000000 5814.520996 17 31
4249713.000000 4018079.000000 6215.618164 18 31
4249813.000000 4018079.000000 6611.545898 19 31
4249913.000000 4018079.000000 7018.878906 20 31
4250013.000000 4018079.000000 7445.392090 21 31
4250113.000000 4018079.000000 7879.210938 22 31
4248413.000000 4018179.000000 619.505920 5 32
4248513.000000 4018179.000000 1056.509033 6 32
4248613.000000 4018179.000000 1477.693970 7 32
4248713.000000 4018179.000000 1900.082031 8 32
4248813.000000 4018179.000000 2344.366943 9 32
4248913.000000 4018179.000000 2796.079102 10 32
4249013.000000 4018179.000000 3228.965088 11 32
4249113.000000 4018179.000000 3642.370117 12 32
4249213.000000 4018179.000000 4051.374023 13 32
4249313.000000 4018179.000000 4464.557129 14 32
4249413.000000 4018179.000000 4878.366211 15 32
4249513.000000 4018179.000000 5289.749023 16 32
4249613.000000 4018179.000000 5697.502930 17 32
4249713.000000 4018179.000000 6100.640137 18 32
4249813.000000 4018179.000000 6502.247070 19 32
4249913.000000 4018179.000000 6912.062988 20 32
4250013.000000 4018179.000000 7338.587891 21 32
4250113.000000 4018179.000000 7772.434082 22 32
4250213.000000 4018179.000000 8198.992188 23 32
4248413.000000 4018279.000000 514.626221 5 33
4248513.000000 4018279.000000 949.860596 6 33
4248613.000000 4018279.000000 1374.963989 7 33
4248713.000000 4018279.000000 1792.265991 8 33
4248813.000000 4018279.000000 2225.775879 9 33
4248913.000000 4018279.000000 2676.727051 10 33
4249013.000000 4018279.000000 3118.846924 11 33
4249113.000000 4018279.000000 3536.486084 12 33
4249213.000000 4018279.000000 3944.895020 13 33
4249313.000000 4018279.000000 4356.771973 14 33
4249413.000000 4018279.000000 4768.664063 15 33
4249513.000000 4018279.000000 5177.408203 16 33
4249613.000000 4018279.000000 5582.448242 17 33
4249713.000000 4018279.000000 5985.641113 18 33
4249813.000000 4018279.000000 6391.297852 19 33
4249913.000000 4018279.000000 6804.977051 20 33
4250013.000000 4018279.000000 7226.277832 21 33
4250113.000000 4018279.000000 7651.124023 22 33
4250213.000000 4018279.000000 8071.648926 23 33
4250313.000000 4018279.000000 8496.496094 24 33
4248513.000000 4018379.000000 840.313171 6 34
4248613.000000 4018379.000000 1277.296997 7 34
4248713.000000 4018379.000000 1693.124023 8 34
4248813.000000 4018379.000000 2112.128906 9 34
4248913.000000 4018379.000000 2559.613037 10 34
4249013.000000 4018379.000000 3006.918945 11 34
4249113.000000 4018379.000000 3429.565918 12 34
4249213.000000 4018379.000000 3839.978027 13 34
4249313.000000 4018379.000000 4250.521973 14 34
4249413.000000 4018379.000000 4661.140137 15 34
4249513.000000 4018379.000000 5068.408203 16 34
4249613.000000 4018379.000000 5468.829102 17 34
4249713.000000 4018379.000000 5868.407227 18 34
4249813.000000 4018379.000000 6276.545898 19 34
4249913.000000 4018379.000000 6694.428223 20 34
4250013.000000 4018379.000000 7117.092773 21 34
4250113.000000 4018379.000000 7530.856934 22 34
4250213.000000 4018379.000000 7944.949219 23 34
4250313.000000 4018379.000000 8374.373047 24 34
4250413.000000 4018379.000000 8806.794922 25 34
4248513.000000 4018479.000000 698.422913 6 35
4248613.000000 4018479.000000 1177.534058 7 35
4248713.000000 4018479.000000 1595.680054 8 35
4248813.000000 4018479.000000 2002.182007 9 35
4248913.000000 4018479.000000 2444.735107 10 35
4249013.000000 4018479.000000 2894.969971 11 35
4249113.000000 4018479.000000 3322.531006 12 35
4249213.000000 4018479.000000 3735.386963 13 35
4249313.000000 4018479.000000 4145.480957 14 35
4249413.000000 4018479.000000 4554.555176 15 35
4249513.000000 4018479.000000 4959.628906 16 35
4249613.000000 4018479.000000 5357.087891 17 35
4249713.000000 4018479.000000 5752.213867 18 35
4249813.000000 4018479.000000 6157.835938 19 35
4249913.000000 4018479.000000 6576.056152 20 35
4250013.000000 4018479.000000 6998.059082 21 35
4250113.000000 4018479.000000 7407.365234 22 35
4250213.000000 4018479.000000 7818.933105 23 35
4250313.000000 4018479.000000 8244.406250 24 35
4250413.000000 4018479.000000 8680.085938 25 35
4250513.000000 4018479.000000 9097.310547 26 35
4248513.000000 4018579.000000 561.137817 6 36
4248613.000000 4018579.000000 1067.473022 7 36
4248713.000000 4018579.000000 1495.371948 8 36
4248813.000000 4018579.000000 1895.350952 9 36
4248913.000000 4018579.000000 2329.675049 10 36
4249013.000000 4018579.000000 2780.210938 11 36
4249113.000000 4018579.000000 3214.940918 12 36
4249213.000000 4018579.000000 3631.647949 13 36
4249313.000000 4018579.000000 4040.722900 14 36
4249413.000000 4018579.000000 4448.816895 15 36
4249513.000000 4018579.000000 4852.268066 16 36
4249613.000000 4018579.000000 5249.494141 17 36
4249713.000000 4018579.000000 5642.096191 18 36
4249813.000000 4018579.000000 6040.206055 19 36
4249913.000000 4018579.000000 6450.619141 20 36
4250013.000000 4018579.000000 6863.952148 21 36
4250113.000000 4018579.000000 7276.220215 22 36
4250213.000000 4018579.000000 7690.771973 23 36
4250313.000000 4018579.000000 8115.703125 24 36
4250413.000000 4018579.000000 8549.617188 25 36
4250513.000000 4018579.000000 8974.613281 26 36
4250613.000000 4018579.000000 9374.894531 27 36
4248613.000000 4018679.000000 945.052917 7 37
4248713.000000 4018679.000000 1391.743042 8 37
4248813.000000 4018679.000000 1791.135986 9 37
4248913.000000 4018679.000000 2212.405029 10 37
4249013.000000 4018679.000000 2660.990967 11 37
4249113.000000 4018679.000000 3104.163086 12 37
4249213.000000 4018679.000000 3526.405029 13 37
4249313.000000 4018679.000000 3936.575928 14 37
4249413.000000 4018679.000000 4344.204102 15 37
4249513.000000 4018679.000000 4745.964844 16 37
4249613.000000 4018679.000000 5142.383789 17 37
4249713.000000 4018679.000000 5532.958984 18 37
4249813.000000 4018679.000000 5924.500977 19 37
4249913.000000 4018679.000000 6325.941895 20 37
4250013.000000 4018679.000000 6730.425781 21 37
4250113.000000 4018679.000000 7140.182129 22 37
4250213.000000 4018679.000000 7556.812012 23 37
4250313.000000 4018679.000000 7981.185059 24 37
4250413.000000 4018679.000000 8412.041016 25 37
4250513.000000 4018679.000000 8839.064453 26 37
4250613.000000 4018679.000000 9246.369141 27 37
4248613.000000 4018779.000000 777.253723 7 38
4248713.000000 4018779.000000 1278.722046 8 38
4248813.000000 4018779.000000 1692.222046 9 38
4248913.000000 4018779.000000 2100.127930 10 38
4249013.000000 4018779.000000 2545.295898 11 38
4249113.000000 4018779.000000 2991.073975 12 38
4249213.000000 4018779.000000 3419.825928 13 38
4249313.000000 4018779.000000 3832.758057 14 38
4249413.000000 4018779.000000 4240.279785 15 38
4249513.000000 4018779.000000 4641.798828 16 38
4249613.000000 4018779.000000 5039.287109 17 38
4249713.000000 4018779.000000 5422.398926 18 38
4249813.000000 4018779.000000 5809.769043 19 38
4249913.000000 4018779.000000 6202.842773 20 38
4250013.000000 4018779.000000 6600.937012 21 38
4250113.000000 4018779.000000 7006.122070 22 38
4250213.000000 4018779.000000 7420.773926 23 38
4250313.000000 4018779.000000 7842.611816 24 38
4250413.000000 4018779.000000 8269.599609 25 38
4250513.000000 4018779.000000 8698.976563 26 38
4250613.000000 4018779.000000 9113.189453 27 38
4250713.000000 4018779.000000 9493.132813 28 38
4248613.000000 4018879.000000 608.311279 7 39
4248713.000000 4018879.000000 1136.332031 8 39
4248813.000000 4018879.000000 1577.758057 9 39
4248913.000000 4018879.000000 1992.147949 10 39
4249013.000000 4018879.000000 2433.447998 11 39
4249113.000000 4018879.000000 2877.918945 12 39
4249213.000000 4018879.000000 3310.509033 13 39
4249313.000000 4018879.000000 3727.407959 14 39
4249413.000000 4018879.000000 4130.396973 15 39
4249513.000000 4018879.000000 4519.144043 16 39
4249613.000000 4018879.000000 4908.847168 17 39
4249713.000000 4018879.000000 5290.311035 18 39
4249813.000000 4018879.000000 5677.124023 19 39
4249913.000000 4018879.000000 6069.515137 20 39
4250013.000000 4018879.000000 6469.026855 21 39
4250113.000000 4018879.000000 6873.216797 22 39
4250213.000000 4018879.000000 7284.841797 23 39
4250313.000000 4018879.000000 7703.500000 24 39
4250413.000000 4018879.000000 8128.014160 25 39
4250513.000000 4018879.000000 8557.811523 26 39
4250613.000000 4018879.000000 8979.330078 27 39
4250713.000000 4018879.000000 9382.462891 28 39
4248713.000000 4018979.000000 986.223877 8 40
4248813.000000 4018979.000000 1453.775024 9 40
4248913.000000 4018979.000000 1881.285034 10 40
4249013.000000 4018979.000000 2314.547119 11 40
4249113.000000 4018979.000000 2755.352051 12 40
4249213.000000 4018979.000000 3178.791016 13 40
4249313.000000 4018979.000000 3582.364990 14 40
4249413.000000 4018979.000000 3973.794922 15 40
4249513.000000 4018979.000000 4362.145996 16 40
4249613.000000 4018979.000000 4748.175781 17 40
4249713.000000 4018979.000000 5136.921875 18 40
4249813.000000 4018979.000000 5532.505859 19 40
4249913.000000 4018979.000000 5933.518066 20 40
4250013.000000 4018979.000000 6336.568848 21 40
4250113.000000 4018979.000000 6740.776855 22 40
4250213.000000 4018979.000000 7150.085938 23 40
4250313.000000 4018979.000000 7565.750977 24 40
4250413.000000 4018979.000000 7987.594238 25 40
4250513.000000 4018979.000000 8416.417969 26 40
4250613.000000 4018979.000000 8842.222656 27 40
4250713.000000 4018979.000000 9253.800781 28 40
4248713.000000 4019079.000000 824.131592 8 41
4248813.000000 4019079.000000 1315.029053 9 41
4248913.000000 4019079.000000 1740.036011 10 41
4249013.000000 4019079.000000 2164.006104 11 41
4249113.000000 4019079.000000 2593.104980 12 41
4249213.000000 4019079.000000 3008.781982 13 41
4249313.000000 4019079.000000 3414.520996 14 41
4249413.000000 4019079.000000 3805.623047 15 41
4249513.000000 4019079.000000 4194.342773 16 41
4249613.000000 4019079.000000 4582.883789 17 41
4249713.000000 4019079.000000 4976.030762 18 41
4249813.000000 4019079.000000 5379.887207 19 41
4249913.000000 4019079.000000 5792.246094 20 41
4250013.000000 4019079.000000 6202.544922 21 41
4250113.000000 4019079.000000 6608.502930 22 41
4250213.000000 4019079.000000 7014.948242 23 41
4250313.000000 4019079.000000 7429.118164 24 41
4250413.000000 4019079.000000 7849.527832 25 41
4250513.000000 4019079.000000 8274.775391 26 41
4250613.000000 4019079.000000 8702.414063 27 41
4250713.000000 4019079.000000 9118.326172 28 41
4248713.000000 4019179.000000 632.678589 8 42
4248813.000000 4019179.000000 1135.029053 9 42
4248913.000000 4019179.000000 1576.243042 10 42
4249013.000000 4019179.000000 1997.916016 11 42
4249113.000000 4019179.000000 2424.043945 12 42
4249213.000000 4019179.000000 2842.241943 13 42
4249313.000000 4019179.000000 3247.595947 14 42
4249413.000000 4019179.000000 3639.133057 15 42
4249513.000000 4019179.000000 4025.618896 16 42
4249613.000000 4019179.000000 4414.821777 17 42
4249713.000000 4019179.000000 4809.743164 18 42
4249813.000000 4019179.000000 5218.483887 19 42
4249913.000000 4019179.000000 5641.410156 20 42
4250013.000000 4019179.000000 6065.071777 21 42
4250113.000000 4019179.000000 6475.855957 22 42
4250213.000000 4019179.000000 6881.328125 23 42
4250313.000000 4019179.000000 7293.140137 24 42
4250413.000000 4019179.000000 7710.908203 25 42
4250513.000000 4019179.000000 8133.862793 26 42
4250613.000000 4019179.000000 8561.845703 27 42
4250713.000000 4019179.000000 8983.511719 28 42
4250813.000000 4019179.000000 9393.128906 29 42
4248813.000000 4019279.000000 956.505371 9 43
4248913.000000 4019279.000000 1407.105957 10 43
4249013.000000 4019279.000000 1832.936035 11 43
4249113.000000 4019279.000000 2255.280029 12 43
4249213.000000 4019279.000000 2674.458984 13 43
4249313.000000 4019279.000000 3082.371094 14 43
4249413.000000 4019279.000000 3474.510986 15 43
4249513.000000 4019279.000000 3858.979004 16 43
4249613.000000 4019279.000000 4246.753906 17 43
4249713.000000 4019279.000000 4640.994141 18 43
4249813.000000 4019279.000000 5050.878906 19 43
4249913.000000 4019279.000000 5483.666992 20 43
4250013.000000 4019279.000000 5922.665039 21 43
4250113.000000 4019279.000000 6342.242188 22 43
4250213.000000 4019279.000000 6748.924805 23 43
4250313.000000 4019279.000000 7158.390137 24 43
4250413.000000 4019279.000000 7574.022949 25 43
4250513.000000 4019279.000000 7994.174805 26 43
4250613.000000 4019279.000000 8420.919922 27 43
4250713.000000 4019279.000000 8845.167969 28 43
4250813.000000 4019279.000000 9262.691406 29 43
4248813.000000 4019379.000000 775.522522 9 44
4248913.000000 4019379.000000 1240.012939 10 44
4249013.000000 4019379.000000 1669.099976 11 44
4249113.000000 4019379.000000 2088.645020 12 44
4249213.000000 4019379.000000 2508.718018 13 44
4249313.000000 4019379.000000 2919.587891 14 44
4249413.000000 4019379.000000 3312.760010 15 44
4249513.000000 4019379.000000 3695.280029 16 44
4249613.000000 4019379.000000 4077.424072 17 44
4249713.000000 4019379.000000 4469.518066 18 44
4249813.000000 4019379.000000 4878.543945 19 44
4249913.000000 4019379.000000 5316.361816 20 44
4250013.000000 4019379.000000 5770.376953 21 44
4250113.000000 4019379.000000 6206.472168 22 44
4250213.000000 4019379.000000 6619.326172 23 44
4250313.000000 4019379.000000 7024.770996 24 44
4250413.000000 4019379.000000 7438.733887 25 44
4250513.000000 4019379.000000 7857.129883 26 44
4250613.000000 4019379.000000 8277.193359 27 44
4250713.000000 4019379.000000 8698.078125 28 44
4250813.000000 4019379.000000 9115.242188 29 44
4248813.000000 4019479.000000 604.214172 9 45
4248913.000000 4019479.000000 1066.977051 10 45
4249013.000000 4019479.000000 1501.782959 11 45
4249113.000000 4019479.000000 1924.379028 12 45
4249213.000000 4019479.000000 2344.191895 13 45
4249313.000000 4019479.000000 2756.232910 14 45
4249413.000000 4019479.000000 3152.679932 15 45
4249513.000000 4019479.000000 3534.197021 16 45
4249613.000000 4019479.000000 3911.722900 17 45
4249713.000000 4019479.000000 4298.355957 18 45
4249813.000000 4019479.000000 4701.889160 19 45
4249913.000000 4019479.000000 5136.318848 20 45
4250013.000000 4019479.000000 5601.695801 21 45
4250113.000000 4019479.000000 6063.649902 22 45
4250213.000000 4019479.000000 6485.267090 23 45
4250313.000000 4019479.000000 6891.916016 24 45
4250413.000000 4019479.000000 7300.507813 25 45
4250513.000000 4019479.000000 7711.433105 26 45
4250613.000000 4019479.000000 8124.229004 27 45
4250713.000000 4019479.000000 8540.509766 28 45
4250813.000000 4019479.000000 8958.839844 29 45
4250913.000000 4019479.000000 9384.332031 30 45
4248913.000000 4019579.000000 900.551270 10 46
4249013.000000 4019579.000000 1335.505981 11 46
4249113.000000 4019579.000000 1760.404053 12 46
4249213.000000 4019579.000000 2179.623047 13 46
4249313.000000 4019579.000000 2593.201904 14 46
4249413.000000 4019579.000000 2992.500000 15 46
4249513.000000 4019579.000000 3375.104004 16 46
4249613.000000 4019579.000000 3747.677002 17 46
4249713.000000 4019579.000000 4129.594238 18 46
4249813.000000 4019579.000000 4526.475098 19 46
4249913.000000 4019579.000000 4952.359863 20 46
4250013.000000 4019579.000000 5415.918945 21 46
4250113.000000 4019579.000000 5897.171875 22 46
4250213.000000 4019579.000000 6333.880859 23 46
4250313.000000 4019579.000000 6747.932129 24 46
4250413.000000 4019579.000000 7157.647949 25 46
4250513.000000 4019579.000000 7565.150879 26 46
4250613.000000 4019579.000000 7969.941895 27 46
4250713.000000 4019579.000000 8380.642578 28 46
4250813.000000 4019579.000000 8796.544922 29 46
4250913.000000 4019579.000000 9225.724609 30 46
4248913.000000 4019679.000000 729.861877 10 47
4249013.000000 4019679.000000 1171.400024 11 47
4249113.000000 4019679.000000 1597.097046 12 47
4249213.000000 4019679.000000 2015.259033 13 47
4249313.000000 4019679.000000 2430.936035 14 47
4249413.000000 4019679.000000 2833.644043 15 47
4249513.000000 4019679.000000 3219.843994 16 47
4249613.000000 4019679.000000 3590.383057 17 47
4249713.000000 4019679.000000 3962.367920 18 47
4249813.000000 4019679.000000 4345.875977 19 47
4249913.000000 4019679.000000 4752.278809 20 47
4250013.000000 4019679.000000 5201.263184 21 47
4250113.000000 4019679.000000 5692.272949 22 47
4250213.000000 4019679.000000 6159.684082 23 47
4250313.000000 4019679.000000 6595.389160 24 47
4250413.000000 4019679.000000 7014.377930 25 47
4250513.000000 4019679.000000 7422.486816 26 47
4250613.000000 4019679.000000 7821.290039 27 47
4250713.000000 4019679.000000 8224.855469 28 47
4250813.000000 4019679.000000 8636.470703 29 47
4250913.000000 4019679.000000 9060.802734 30 47
4251013.000000 4019679.000000 9486.699219 31 47
4248913.000000 4019779.000000 578.643188 10 48
4249013.000000 4019779.000000 1007.942017 11 48
4249113.000000 4019779.000000 1432.592041 12 48
4249213.000000 4019779.000000 1852.563965 13 48
4249313.000000 4019779.000000 2263.272949 14 48
4249413.000000 4019779.000000 2664.689941 15 48
4249513.000000 4019779.000000 3056.915039 16 48
4249613.000000 4019779.000000 3429.791016 17 48
4249713.000000 4019779.000000 3794.021973 18 48
4249813.000000 4019779.000000 4168.235840 19 48
4249913.000000 4019779.000000 4557.638184 20 48
4250013.000000 4019779.000000 4981.832031 21 48
4250113.000000 4019779.000000 5465.392090 22 48
4250213.000000 4019779.000000 5964.187988 23 48
4250313.000000 4019779.000000 6428.769043 24 48
4250413.000000 4019779.000000 6866.569824 25 48
4250513.000000 4019779.000000 7282.856934 26 48
4250613.000000 4019779.000000 7679.383789 27 48
4250713.000000 4019779.000000 8071.750977 28 48
4250813.000000 4019779.000000 8476.087891 29 48
4250913.000000 4019779.000000 8896.224609 30 48
4251013.000000 4019779.000000 9350.919922 31 48
4249013.000000 4019879.000000 850.097778 11 49
4249113.000000 4019879.000000 1258.834961 12 49
4249213.000000 4019879.000000 1666.383057 13 49
4249313.000000 4019879.000000 2072.389893 14 49
4249413.000000 4019879.000000 2478.669922 15 49
4249513.000000 4019879.000000 2882.021973 16 49
4249613.000000 4019879.000000 3266.982910 17 49
4249713.000000 4019879.000000 3632.202881 18 49
4249813.000000 4019879.000000 3996.687012 19 49
4249913.000000 4019879.000000 4371.653809 20 49
4250013.000000 4019879.000000 4771.362793 21 49
4250113.000000 4019879.000000 5231.652832 22 49
4250213.000000 4019879.000000 5749.948242 23 49
4250313.000000 4019879.000000 6246.223145 24 49
4250413.000000 4019879.000000 6709.388184 25 49
4250513.000000 4019879.000000 7140.925781 26 49
4250613.000000 4019879.000000 7540.467773 27 49
4250713.000000 4019879.000000 7925.436035 28 49
4250813.000000 4019879.000000 8321.837891 29 49
4250913.000000 4019879.000000 8734.603516 30 49
4251013.000000 4019879.000000 9165.912109 31 49
4249013.000000 4019979.000000 671.633301 11 50
4249113.000000 4019979.000000 1070.956055 12 50
4249213.000000 4019979.000000 1470.181030 13 50
4249313.000000 4019979.000000 1872.394043 14 50
4249413.000000 4019979.000000 2280.169922 15 50
4249513.000000 4019979.000000 2694.750977 16 50
4249613.000000 4019979.000000 3097.200928 17 50
4249713.000000 4019979.000000 3470.000000 18 50
4249813.000000 4019979.000000 3831.905029 19 50
4249913.000000 4019979.000000 4199.096191 20 50
4250013.000000 4019979.000000 4577.542969 21 50
4250113.000000 4019979.000000 5003.250977 22 50
4250213.000000 4019979.000000 5509.097168 23 50
4250313.000000 4019979.000000 6041.217773 24 50
4250413.000000 4019979.000000 6536.312012 25 50
4250513.000000 4019979.000000 6993.186035 26 50
4250613.000000 4019979.000000 7403.033203 27 50
4250713.000000 4019979.000000 7782.754883 28 50
4250813.000000 4019979.000000 8170.586914 29 50
4250913.000000 4019979.000000 8574.103516 30 50
4251013.000000 4019979.000000 9000.597656 31 50
