# Type: scattered data
# Version: 6
# Description: No description
# Format: free
# Field: 1 x
# Field: 2 y
# Field: 3 z undefined
# Field: 4 column
# Field: 5 row
# Projection: Local Rectangular
# Units: undefined
# End:
# Information from grid:
# Grid_size: 64 x 81
# Grid_space: 4245167.000000,4251467.000000,4013133.000000,4021133.000000
# Scattered data: Not_available
# Z_field: z
# Vertical_faults: Not_available
# History: No history
# Z_units: undefined
4249067.000000 4013333.000000 1029.732056 40 3
4249167.000000 4013333.000000 1149.739014 41 3
4249267.000000 4013333.000000 1268.662964 42 3
4249067.000000 4013433.000000 1101.881958 40 4
4249167.000000 4013433.000000 1222.666992 41 4
4249267.000000 4013433.000000 1342.027954 42 4
4248967.000000 4013533.000000 1051.930054 39 5
4249067.000000 4013533.000000 1174.936035 40 5
4249167.000000 4013533.000000 1296.360962 41 5
4249267.000000 4013533.000000 1416.084961 42 5
4249367.000000 4013533.000000 1534.082031 43 5
4248867.000000 4013633.000000 1001.270996 38 6
4248967.000000 4013633.000000 1125.734009 39 6
4249067.000000 4013633.000000 1249.099976 40 6
4249167.000000 4013633.000000 1370.816040 41 6
4249267.000000 4013633.000000 1490.520020 42 6
4249367.000000 4013633.000000 1607.438965 43 6
4249467.000000 4013633.000000 1722.765991 44 6
4248867.000000 4013733.000000 1075.458984 38 7
4248967.000000 4013733.000000 1200.500000 39 7
4249067.000000 4013733.000000 1324.118042 40 7
4249167.000000 4013733.000000 1445.577026 41 7
4249267.000000 4013733.000000 1564.506958 42 7
4249367.000000 4013733.000000 1681.024048 43 7
4249467.000000 4013733.000000 1796.697021 44 7
4248767.000000 4013833.000000 1023.981018 37 8
4248867.000000 4013833.000000 1150.522949 38 8
4248967.000000 4013833.000000 1276.134033 39 8
4249067.000000 4013833.000000 1399.963989 40 8
4249167.000000 4013833.000000 1521.004028 41 8
4249267.000000 4013833.000000 1638.873047 42 8
4249367.000000 4013833.000000 1755.256958 43 8
4249467.000000 4013833.000000 1871.885010 44 8
4249567.000000 4013833.000000 1990.287964 45 8
4248667.000000 4013933.000000 972.743774 36 9
4248767.000000 4013933.000000 1099.145996 37 9
4248867.000000 4013933.000000 1226.561035 38 9
4248967.000000 4013933.000000 1352.521973 39 9
4249067.000000 4013933.000000 1476.217041 40 9
4249167.000000 4013933.000000 1596.286987 41 9
4249267.000000 4013933.000000 1714.130981 42 9
4249367.000000 4013933.000000 1831.526001 43 9
4249467.000000 4013933.000000 1950.302979 44 9
4249567.000000 4013933.000000 2072.839111 45 9
4249667.000000 4013933.000000 2200.395996 46 9
4248667.000000 4014033.000000 1051.553955 36 10
4248767.000000 4014033.000000 1178.311035 37 10
4248867.000000 4014033.000000 1304.857056 38 10
4248967.000000 4014033.000000 1429.800049 39 10
4249067.000000 4014033.000000 1552.411011 40 10
4249167.000000 4014033.000000 1672.280029 41 10
4249267.000000 4014033.000000 1791.008057 42 10
4249367.000000 4014033.000000 1910.362061 43 10
4249467.000000 4014033.000000 2031.912964 44 10
4249567.000000 4014033.000000 2157.562012 45 10
4249667.000000 4014033.000000 2290.232910 46 10
4248567.000000 4014133.000000 1003.210022 35 11
4248667.000000 4014133.000000 1131.578979 36 11
4248767.000000 4014133.000000 1258.771973 37 11
4248867.000000 4014133.000000 1384.547974 38 11
4248967.000000 4014133.000000 1507.847046 39 11
4249067.000000 4014133.000000 1629.407959 40 11
4249167.000000 4014133.000000 1749.652954 41 11
4249267.000000 4014133.000000 1869.906006 42 11
4249367.000000 4014133.000000 1991.453979 43 11
4249467.000000 4014133.000000 2115.711914 44 11
4249567.000000 4014133.000000 2245.985107 45 11
4249667.000000 4014133.000000 2386.487061 46 11
4249767.000000 4014133.000000 2542.540039 47 11
4248467.000000 4014233.000000 953.840698 34 12
4248567.000000 4014233.000000 1083.675049 35 12
4248667.000000 4014233.000000 1212.689941 36 12
4248767.000000 4014233.000000 1340.144043 37 12
4248867.000000 4014233.000000 1465.384033 38 12
4248967.000000 4014233.000000 1587.155029 39 12
4249067.000000 4014233.000000 1707.970947 40 12
4249167.000000 4014233.000000 1828.995972 41 12
4249267.000000 4014233.000000 1951.151978 42 12
4249367.000000 4014233.000000 2075.440918 43 12
4249467.000000 4014233.000000 2202.934082 44 12
4249567.000000 4014233.000000 2339.537109 45 12
4249667.000000 4014233.000000 2491.233887 46 12
4249767.000000 4014233.000000 2662.987061 47 12
4249867.000000 4014233.000000 2842.395020 48 12
4248467.000000 4014333.000000 1034.758057 34 13
4248567.000000 4014333.000000 1165.380981 35 13
4248667.000000 4014333.000000 1294.612061 36 13
4248767.000000 4014333.000000 1421.572021 37 13
4248867.000000 4014333.000000 1545.468994 38 13
4248967.000000 4014333.000000 1666.644043 39 13
4249067.000000 4014333.000000 1787.682007 40 13
4249167.000000 4014333.000000 1910.098022 41 13
4249267.000000 4014333.000000 2034.327026 42 13
4249367.000000 4014333.000000 2160.961914 43 13
4249467.000000 4014333.000000 2294.240967 44 13
4249567.000000 4014333.000000 2440.947021 45 13
4249667.000000 4014333.000000 2606.892090 46 13
4249767.000000 4014333.000000 2788.710938 47 13
4249867.000000 4014333.000000 2966.393066 48 13
4248367.000000 4014433.000000 984.671082 33 14
4248467.000000 4014433.000000 1116.964966 34 14
4248567.000000 4014433.000000 1248.051025 35 14
4248667.000000 4014433.000000 1376.963989 36 14
4248767.000000 4014433.000000 1502.948975 37 14
4248867.000000 4014433.000000 1625.328003 38 14
4248967.000000 4014433.000000 1746.366943 39 14
4249067.000000 4014433.000000 1868.333984 40 14
4249167.000000 4014433.000000 1992.375977 41 14
4249267.000000 4014433.000000 2118.632080 42 14
4249367.000000 4014433.000000 2250.197021 43 14
4249467.000000 4014433.000000 2392.760010 44 14
4249567.000000 4014433.000000 2553.722900 45 14
4249667.000000 4014433.000000 2733.386963 46 14
4249767.000000 4014433.000000 2915.635986 47 14
4249867.000000 4014433.000000 3081.479004 48 14
4249967.000000 4014433.000000 3231.263916 49 14
4248367.000000 4014533.000000 1067.375000 33 15
4248467.000000 4014533.000000 1200.272949 34 15
4248567.000000 4014533.000000 1331.300049 35 15
4248667.000000 4014533.000000 1459.284058 36 15
4248767.000000 4014533.000000 1583.545044 37 15
4248867.000000 4014533.000000 1705.144043 38 15
4248967.000000 4014533.000000 1826.663940 39 15
4249067.000000 4014533.000000 1949.942017 40 15
4249167.000000 4014533.000000 2076.143066 41 15
4249267.000000 4014533.000000 2206.281006 42 15
4249367.000000 4014533.000000 2345.492920 43 15
4249467.000000 4014533.000000 2500.758057 44 15
4249567.000000 4014533.000000 2677.845947 45 15
4249667.000000 4014533.000000 2861.757080 46 15
4249767.000000 4014533.000000 3035.072021 47 15
4249867.000000 4014533.000000 3187.417969 48 15
4249967.000000 4014533.000000 3331.259033 49 15
4250067.000000 4014533.000000 3477.377930 50 15
4248267.000000 4014633.000000 1019.153992 32 16
4248367.000000 4014633.000000 1152.277954 33 16
4248467.000000 4014633.000000 1284.737061 34 16
4248567.000000 4014633.000000 1414.860962 35 16
4248667.000000 4014633.000000 1541.181030 36 16
4248767.000000 4014633.000000 1663.698975 37 16
4248867.000000 4014633.000000 1785.213013 38 16
4248967.000000 4014633.000000 1908.212036 39 16
4249067.000000 4014633.000000 2033.590942 40 16
4249167.000000 4014633.000000 2162.519043 41 16
4249267.000000 4014633.000000 2298.593018 42 16
4249367.000000 4014633.000000 2448.054932 43 16
4249467.000000 4014633.000000 2617.947021 44 16
4249567.000000 4014633.000000 2804.919922 45 16
4249667.000000 4014633.000000 2986.803955 46 16
4249767.000000 4014633.000000 3143.699951 47 16
4249867.000000 4014633.000000 3287.346924 48 16
4249967.000000 4014633.000000 3429.327881 49 16
4250067.000000 4014633.000000 3580.711914 50 16
4248167.000000 4014733.000000 979.297485 31 17
4248267.000000 4014733.000000 1108.610962 32 17
4248367.000000 4014733.000000 1239.821045 33 17
4248467.000000 4014733.000000 1370.165039 34 17
4248567.000000 4014733.000000 1497.517944 35 17
4248667.000000 4014733.000000 1621.557983 36 17
4248767.000000 4014733.000000 1743.494019 37 17
4248867.000000 4014733.000000 1866.068970 38 17
4248967.000000 4014733.000000 1991.037964 39 17
4249067.000000 4014733.000000 2119.146973 40 17
4249167.000000 4014733.000000 2253.158936 41 17
4249267.000000 4014733.000000 2398.084961 42 17
4249367.000000 4014733.000000 2560.798096 43 17
4249467.000000 4014733.000000 2742.507080 44 17
4249567.000000 4014733.000000 2928.975098 45 17
4249667.000000 4014733.000000 3098.503906 46 17
4249767.000000 4014733.000000 3244.556885 47 17
4249867.000000 4014733.000000 3384.773926 48 17
4249967.000000 4014733.000000 3530.316895 49 17
4250067.000000 4014733.000000 3687.842041 50 17
4250167.000000 4014733.000000 3848.595947 51 17
4248167.000000 4014833.000000 1068.511963 31 18
4248267.000000 4014833.000000 1198.166992 32 18
4248367.000000 4014833.000000 1328.109009 33 18
4248467.000000 4014833.000000 1456.043945 34 18
4248567.000000 4014833.000000 1580.015015 35 18
4248667.000000 4014833.000000 1702.130981 36 18
4248767.000000 4014833.000000 1824.125977 37 18
4248867.000000 4014833.000000 1948.136963 38 18
4248967.000000 4014833.000000 2075.936035 39 18
4249067.000000 4014833.000000 2208.385986 40 18
4249167.000000 4014833.000000 2349.624023 41 18
4249267.000000 4014833.000000 2505.995117 42 18
4249367.000000 4014833.000000 2681.806885 43 18
4249467.000000 4014833.000000 2865.237061 44 18
4249567.000000 4014833.000000 3041.852051 45 18
4249667.000000 4014833.000000 3197.104004 46 18
4249767.000000 4014833.000000 3339.001953 47 18
4249867.000000 4014833.000000 3481.315918 48 18
4249967.000000 4014833.000000 3636.178955 49 18
4250067.000000 4014833.000000 3796.969971 50 18
4250167.000000 4014833.000000 3956.319092 51 18
4250267.000000 4014833.000000 4109.169922 52 18
4248067.000000 4014933.000000 1027.859009 30 19
4248167.000000 4014933.000000 1157.378052 31 19
4248267.000000 4014933.000000 1286.970947 32 19
4248367.000000 4014933.000000 1415.629028 33 19
4248467.000000 4014933.000000 1540.819946 34 19
4248567.000000 4014933.000000 1662.543945 35 19
4248667.000000 4014933.000000 1783.649048 36 19
4248767.000000 4014933.000000 1906.266968 37 19
4248867.000000 4014933.000000 2032.806030 38 19
4248967.000000 4014933.000000 2164.094971 39 19
4249067.000000 4014933.000000 2302.437988 40 19
4249167.000000 4014933.000000 2453.154053 41 19
4249267.000000 4014933.000000 2623.479004 42 19
4249367.000000 4014933.000000 2804.680908 43 19
4249467.000000 4014933.000000 2982.990967 44 19
4249567.000000 4014933.000000 3144.164063 45 19
4249667.000000 4014933.000000 3291.650879 46 19
4249767.000000 4014933.000000 3433.642090 47 19
4249867.000000 4014933.000000 3584.110107 48 19
4249967.000000 4014933.000000 3744.047119 49 19
4250067.000000 4014933.000000 3905.525879 50 19
4250167.000000 4014933.000000 4060.040039 51 19
4250267.000000 4014933.000000 4208.167969 52 19
4247967.000000 4015033.000000 987.717773 29 20
4248067.000000 4015033.000000 1116.735962 30 20
4248167.000000 4015033.000000 1245.901001 31 20
4248267.000000 4015033.000000 1374.541992 32 20
4248367.000000 4015033.000000 1501.142944 33 20
4248467.000000 4015033.000000 1624.129028 34 20
4248567.000000 4015033.000000 1745.083984 35 20
4248667.000000 4015033.000000 1866.326050 36 20
4248767.000000 4015033.000000 1990.484009 37 20
4248867.000000 4015033.000000 2120.424072 38 20
4248967.000000 4015033.000000 2256.841064 39 20
4249067.000000 4015033.000000 2403.242920 40 20
4249167.000000 4015033.000000 2565.157959 41 20
4249267.000000 4015033.000000 2743.126953 42 20
4249367.000000 4015033.000000 2923.673096 43 20
4249467.000000 4015033.000000 3090.601074 44 20
4249567.000000 4015033.000000 3242.540039 45 20
4249667.000000 4015033.000000 3387.618896 46 20
4249767.000000 4015033.000000 3533.905029 47 20
4249867.000000 4015033.000000 3690.300049 48 20
4249967.000000 4015033.000000 3851.096924 49 20
4250067.000000 4015033.000000 4010.062988 50 20
4250167.000000 4015033.000000 4159.110840 51 20
4250267.000000 4015033.000000 4303.791992 52 20
4250367.000000 4015033.000000 4447.008789 53 20
4247967.000000 4015133.000000 1077.134033 29 21
4248067.000000 4015133.000000 1205.296997 30 21
4248167.000000 4015133.000000 1333.760010 31 21
4248267.000000 4015133.000000 1461.074951 32 21
4248367.000000 4015133.000000 1585.546021 33 21
4248467.000000 4015133.000000 1707.300049 34 21
4248567.000000 4015133.000000 1828.413940 35 21
4248667.000000 4015133.000000 1951.432983 36 21
4248767.000000 4015133.000000 2079.060059 37 21
4248867.000000 4015133.000000 2212.392090 38 21
4248967.000000 4015133.000000 2354.968018 39 21
4249067.000000 4015133.000000 2510.768066 40 21
4249167.000000 4015133.000000 2682.472900 41 21
4249267.000000 4015133.000000 2861.105957 42 21
4249367.000000 4015133.000000 3034.204102 43 21
4249467.000000 4015133.000000 3191.552002 44 21
4249567.000000 4015133.000000 3339.245117 45 21
4249667.000000 4015133.000000 3485.229004 46 21
4249767.000000 4015133.000000 3638.185059 47 21
4249867.000000 4015133.000000 3796.443115 48 21
4249967.000000 4015133.000000 3954.993896 49 21
4250067.000000 4015133.000000 4107.854980 50 21
4250167.000000 4015133.000000 4254.144043 51 21
4250267.000000 4015133.000000 4397.253906 52 21
4250367.000000 4015133.000000 4540.095215 53 21
4250467.000000 4015133.000000 4683.070801 54 21
4247867.000000 4015233.000000 1037.220947 28 22
4247967.000000 4015233.000000 1165.568970 29 22
4248067.000000 4015233.000000 1292.598022 30 22
4248167.000000 4015233.000000 1420.475952 31 22
4248267.000000 4015233.000000 1546.208984 32 22
4248367.000000 4015233.000000 1669.038940 33 22
4248467.000000 4015233.000000 1790.542969 34 22
4248567.000000 4015233.000000 1913.047974 35 22
4248667.000000 4015233.000000 2038.640015 36 22
4248767.000000 4015233.000000 2169.123047 37 22
4248867.000000 4015233.000000 2307.415039 38 22
4248967.000000 4015233.000000 2457.635010 39 22
4249067.000000 4015233.000000 2623.802002 40 22
4249167.000000 4015233.000000 2800.597900 41 22
4249267.000000 4015233.000000 2976.196045 42 22
4249367.000000 4015233.000000 3138.625977 43 22
4249467.000000 4015233.000000 3290.449951 44 22
4249567.000000 4015233.000000 3436.969971 45 22
4249667.000000 4015233.000000 3587.073975 46 22
4249767.000000 4015233.000000 3742.625977 47 22
4249867.000000 4015233.000000 3900.570068 48 22
4249967.000000 4015233.000000 4055.003906 49 22
4250067.000000 4015233.000000 4203.878906 50 22
4250167.000000 4015233.000000 4348.297852 51 22
4250267.000000 4015233.000000 4490.408203 52 22
4250367.000000 4015233.000000 4634.100098 53 22
4250467.000000 4015233.000000 4777.043945 54 22
4247867.000000 4015333.000000 1132.642944 28 23
4247967.000000 4015333.000000 1255.697021 29 23
4248067.000000 4015333.000000 1379.006958 30 23
4248167.000000 4015333.000000 1506.333008 31 23
4248267.000000 4015333.000000 1630.504028 32 23
4248367.000000 4015333.000000 1752.474976 33 23
4248467.000000 4015333.000000 1874.740967 34 23
4248567.000000 4015333.000000 1998.829956 35 23
4248667.000000 4015333.000000 2126.812012 36 23
4248767.000000 4015333.000000 2261.377930 37 23
4248867.000000 4015333.000000 2406.197998 38 23
4248967.000000 4015333.000000 2565.573975 39 23
4249067.000000 4015333.000000 2739.386963 40 23
4249167.000000 4015333.000000 2916.506104 41 23
4249267.000000 4015333.000000 3083.958008 42 23
4249367.000000 4015333.000000 3240.341064 43 23
4249467.000000 4015333.000000 3390.055908 44 23
4249567.000000 4015333.000000 3538.096924 45 23
4249667.000000 4015333.000000 3690.096924 46 23
4249767.000000 4015333.000000 3845.198975 47 23
4249867.000000 4015333.000000 4000.614014 48 23
4249967.000000 4015333.000000 4152.312012 49 23
4250067.000000 4015333.000000 4299.853027 50 23
4250167.000000 4015333.000000 4444.057129 51 23
4250267.000000 4015333.000000 4587.326172 52 23
4250367.000000 4015333.000000 4730.256836 53 23
4250467.000000 4015333.000000 4872.320801 54 23
4250567.000000 4015333.000000 5013.098145 55 23
4247867.000000 4015433.000000 1228.895020 28 24
4247967.000000 4015433.000000 1348.484009 29 24
4248067.000000 4015433.000000 1467.093994 30 24
4248167.000000 4015433.000000 1593.876953 31 24
4248267.000000 4015433.000000 1717.135010 32 24
4248367.000000 4015433.000000 1837.587036 33 24
4248467.000000 4015433.000000 1960.146973 34 24
4248567.000000 4015433.000000 2085.930908 35 24
4248667.000000 4015433.000000 2216.647949 36 24
4248767.000000 4015433.000000 2356.402100 37 24
4248867.000000 4015433.000000 2509.745117 38 24
4248967.000000 4015433.000000 2679.136963 39 24
4249067.000000 4015433.000000 2855.405029 40 24
4249167.000000 4015433.000000 3028.178955 41 24
4249267.000000 4015433.000000 3188.570068 42 24
4249367.000000 4015433.000000 3340.991943 43 24
4249467.000000 4015433.000000 3489.681885 44 24
4249567.000000 4015433.000000 3639.674072 45 24
4249667.000000 4015433.000000 3792.017090 46 24
4249767.000000 4015433.000000 3946.164063 47 24
4249867.000000 4015433.000000 4099.155762 48 24
4249967.000000 4015433.000000 4249.617188 49 24
4250067.000000 4015433.000000 4396.956055 50 24
4250167.000000 4015433.000000 4541.757813 51 24
4250267.000000 4015433.000000 4685.217773 52 24
4250367.000000 4015433.000000 4827.584961 53 24
4250467.000000 4015433.000000 4968.579102 54 24
4250567.000000 4015433.000000 5107.965820 55 24
4250667.000000 4015433.000000 5246.986816 56 24
4247867.000000 4015533.000000 1327.714966 28 25
4247967.000000 4015533.000000 1448.156982 29 25
4248067.000000 4015533.000000 1568.918945 30 25
4248167.000000 4015533.000000 1690.866943 31 25
4248267.000000 4015533.000000 1807.406006 32 25
4248367.000000 4015533.000000 1923.229980 33 25
4248467.000000 4015533.000000 2045.711060 34 25
4248567.000000 4015533.000000 2172.647949 35 25
4248667.000000 4015533.000000 2308.035889 36 25
4248767.000000 4015533.000000 2455.884033 37 25
4248867.000000 4015533.000000 2620.694092 38 25
4248967.000000 4015533.000000 2795.513916 39 25
4249067.000000 4015533.000000 2970.190918 40 25
4249167.000000 4015533.000000 3135.152100 41 25
4249267.000000 4015533.000000 3291.048096 42 25
4249367.000000 4015533.000000 3441.155029 43 25
4249467.000000 4015533.000000 3590.320068 44 25
4249567.000000 4015533.000000 3740.239990 45 25
4249667.000000 4015533.000000 3892.180908 46 25
4249767.000000 4015533.000000 4045.219971 47 25
4249867.000000 4015533.000000 4197.719238 48 25
4249967.000000 4015533.000000 4347.826172 49 25
4250067.000000 4015533.000000 4495.102051 50 25
4250167.000000 4015533.000000 4640.342773 51 25
4250267.000000 4015533.000000 4783.972168 52 25
4250367.000000 4015533.000000 4926.416016 53 25
4250467.000000 4015533.000000 5067.564941 54 25
4250567.000000 4015533.000000 5207.098145 55 25
4250667.000000 4015533.000000 5345.646973 56 25
4247767.000000 4015633.000000 1297.232056 27 26
4247867.000000 4015633.000000 1424.463989 28 26
4247967.000000 4015633.000000 1549.063965 29 26
4248067.000000 4015633.000000 1671.062988 30 26
4248167.000000 4015633.000000 1789.468018 31 26
4248267.000000 4015633.000000 1900.921021 32 26
4248367.000000 4015633.000000 2007.473999 33 26
4248467.000000 4015633.000000 2132.808105 34 26
4248567.000000 4015633.000000 2262.085938 35 26
4248667.000000 4015633.000000 2404.268066 36 26
4248767.000000 4015633.000000 2561.815918 37 26
4248867.000000 4015633.000000 2734.628906 38 26
4248967.000000 4015633.000000 2911.020996 39 26
4249067.000000 4015633.000000 3079.881104 40 26
4249167.000000 4015633.000000 3239.700928 41 26
4249267.000000 4015633.000000 3392.652100 42 26
4249367.000000 4015633.000000 3541.513916 43 26
4249467.000000 4015633.000000 3689.610107 44 26
4249567.000000 4015633.000000 3839.032959 45 26
4249667.000000 4015633.000000 3990.974121 46 26
4249767.000000 4015633.000000 4144.625977 47 26
4249867.000000 4015633.000000 4297.395996 48 26
4249967.000000 4015633.000000 4447.416992 49 26
4250067.000000 4015633.000000 4594.765137 50 26
4250167.000000 4015633.000000 4739.812988 51 26
4250267.000000 4015633.000000 4883.315918 52 26
4250367.000000 4015633.000000 5025.633789 53 26
4250467.000000 4015633.000000 5167.253906 54 26
4250567.000000 4015633.000000 5307.081055 55 26
4250667.000000 4015633.000000 5444.832031 56 26
4250767.000000 4015633.000000 5580.265137 57 26
4247667.000000 4015733.000000 1266.816040 26 27
4247767.000000 4015733.000000 1396.260010 27 27
4247867.000000 4015733.000000 1523.192993 28 27
4247967.000000 4015733.000000 1646.640015 29 27
4248067.000000 4015733.000000 1770.048950 30 27
4248167.000000 4015733.000000 1890.729980 31 27
4248267.000000 4015733.000000 2004.202026 32 27
4248367.000000 4015733.000000 2115.558105 33 27
4248467.000000 4015733.000000 2232.428955 34 27
4248567.000000 4015733.000000 2358.927002 35 27
4248667.000000 4015733.000000 2506.739014 36 27
4248767.000000 4015733.000000 2673.048096 37 27
4248867.000000 4015733.000000 2849.387939 38 27
4248967.000000 4015733.000000 3023.020020 39 27
4249067.000000 4015733.000000 3186.706055 40 27
4249167.000000 4015733.000000 3342.646973 41 27
4249267.000000 4015733.000000 3492.697021 42 27
4249367.000000 4015733.000000 3639.905029 43 27
4249467.000000 4015733.000000 3787.054932 44 27
4249567.000000 4015733.000000 3936.715088 45 27
4249667.000000 4015733.000000 4089.907959 46 27
4249767.000000 4015733.000000 4244.973145 47 27
4249867.000000 4015733.000000 4398.395020 48 27
4249967.000000 4015733.000000 4548.312012 49 27
4250067.000000 4015733.000000 4695.215820 50 27
4250167.000000 4015733.000000 4839.928223 51 27
4250267.000000 4015733.000000 4983.495117 52 27
4250367.000000 4015733.000000 5126.104004 53 27
4250467.000000 4015733.000000 5267.551758 54 27
4250567.000000 4015733.000000 5406.897949 55 27
4250667.000000 4015733.000000 5543.236816 56 27
4250767.000000 4015733.000000 5677.104980 57 27
4250867.000000 4015733.000000 5809.724121 58 27
4247567.000000 4015833.000000 1234.571045 25 28
4247667.000000 4015833.000000 1369.001953 26 28
4247767.000000 4015833.000000 1498.119995 27 28
4247867.000000 4015833.000000 1619.485962 28 28
4247967.000000 4015833.000000 1741.640991 29 28
4248067.000000 4015833.000000 1865.808960 30 28
4248167.000000 4015833.000000 1988.916992 31 28
4248267.000000 4015833.000000 2108.783936 32 28
4248367.000000 4015833.000000 2224.284912 33 28
4248467.000000 4015833.000000 2339.743896 34 28
4248567.000000 4015833.000000 2459.775879 35 28
4248667.000000 4015833.000000 2610.269043 36 28
4248767.000000 4015833.000000 2786.493896 37 28
4248867.000000 4015833.000000 2964.533936 38 28
4248967.000000 4015833.000000 3132.172119 39 28
4249067.000000 4015833.000000 3291.562012 40 28
4249167.000000 4015833.000000 3444.089111 41 28
4249267.000000 4015833.000000 3591.865967 42 28
4249367.000000 4015833.000000 3736.626953 43 28
4249467.000000 4015833.000000 3883.344971 44 28
4249567.000000 4015833.000000 4034.476074 45 28
4249667.000000 4015833.000000 4190.293945 46 28
4249767.000000 4015833.000000 4346.494141 47 28
4249867.000000 4015833.000000 4500.105957 48 28
4249967.000000 4015833.000000 4649.559082 49 28
4250067.000000 4015833.000000 4796.182129 50 28
4250167.000000 4015833.000000 4940.442871 51 28
4250267.000000 4015833.000000 5083.920898 52 28
4250367.000000 4015833.000000 5226.728027 53 28
4250467.000000 4015833.000000 5367.456055 54 28
4250567.000000 4015833.000000 5505.417969 55 28
4250667.000000 4015833.000000 5640.111816 56 28
4250767.000000 4015833.000000 5773.018066 57 28
4250867.000000 4015833.000000 5905.137207 58 28
4247467.000000 4015933.000000 1198.406982 24 29
4247567.000000 4015933.000000 1337.318970 25 29
4247667.000000 4015933.000000 1471.943970 26 29
4247767.000000 4015933.000000 1594.937988 27 29
4247867.000000 4015933.000000 1714.147949 28 29
4247967.000000 4015933.000000 1834.923950 29 29
4248067.000000 4015933.000000 1958.761963 30 29
4248167.000000 4015933.000000 2085.892090 31 29
4248267.000000 4015933.000000 2211.403076 32 29
4248367.000000 4015933.000000 2333.993896 33 29
4248467.000000 4015933.000000 2455.624023 34 29
4248567.000000 4015933.000000 2585.379883 35 29
4248667.000000 4015933.000000 2735.391113 36 29
4248767.000000 4015933.000000 2906.176025 37 29
4248867.000000 4015933.000000 3075.524902 38 29
4248967.000000 4015933.000000 3238.722900 39 29
4249067.000000 4015933.000000 3394.363037 40 29
4249167.000000 4015933.000000 3543.310059 41 29
4249267.000000 4015933.000000 3687.305908 42 29
4249367.000000 4015933.000000 3831.101074 43 29
4249467.000000 4015933.000000 3979.351074 44 29
4249567.000000 4015933.000000 4134.335938 45 29
4249667.000000 4015933.000000 4292.024902 46 29
4249767.000000 4015933.000000 4448.433105 47 29
4249867.000000 4015933.000000 4601.118164 48 29
4249967.000000 4015933.000000 4750.479004 49 29
4250067.000000 4015933.000000 4897.576172 50 29
4250167.000000 4015933.000000 5041.865234 51 29
4250267.000000 4015933.000000 5185.601074 52 29
4250367.000000 4015933.000000 5327.740234 53 29
4250467.000000 4015933.000000 5467.121094 54 29
4250567.000000 4015933.000000 5603.013184 55 29
4250667.000000 4015933.000000 5736.305176 56 29
4250767.000000 4015933.000000 5868.152832 57 29
4250867.000000 4015933.000000 5999.429199 58 29
4247367.000000 4016033.000000 1158.186035 23 30
4247467.000000 4016033.000000 1297.483032 24 30
4247567.000000 4016033.000000 1436.386963 25 30
4247667.000000 4016033.000000 1565.477051 26 30
4247767.000000 4016033.000000 1687.237061 27 30
4247867.000000 4016033.000000 1806.706055 28 30
4247967.000000 4016033.000000 1927.737061 29 30
4248067.000000 4016033.000000 2054.678955 30 30
4248167.000000 4016033.000000 2183.769043 31 30
4248267.000000 4016033.000000 2313.031006 32 30
4248367.000000 4016033.000000 2440.873047 33 30
4248467.000000 4016033.000000 2569.344971 34 30
4248567.000000 4016033.000000 2703.563965 35 30
4248667.000000 4016033.000000 2853.252930 36 30
4248767.000000 4016033.000000 3017.583008 37 30
4248867.000000 4016033.000000 3183.269043 38 30
4248967.000000 4016033.000000 3343.615967 39 30
4249067.000000 4016033.000000 3495.512939 40 30
4249167.000000 4016033.000000 3639.164063 41 30
4249267.000000 4016033.000000 3780.591064 42 30
4249367.000000 4016033.000000 3925.080078 43 30
4249467.000000 4016033.000000 4076.941895 44 30
4249567.000000 4016033.000000 4235.532227 45 30
4249667.000000 4016033.000000 4394.172852 46 30
4249767.000000 4016033.000000 4549.139160 47 30
4249867.000000 4016033.000000 4700.441895 48 30
4249967.000000 4016033.000000 4850.022949 49 30
4250067.000000 4016033.000000 4998.592773 50 30
4250167.000000 4016033.000000 5143.701172 51 30
4250267.000000 4016033.000000 5287.356934 52 30
4250367.000000 4016033.000000 5428.602051 53 30
4250467.000000 4016033.000000 5566.350098 54 30
4250567.000000 4016033.000000 5700.537109 55 30
4250667.000000 4016033.000000 5832.453125 56 30
4250767.000000 4016033.000000 5962.564941 57 30
4247167.000000 4016133.000000 981.586792 21 31
4247267.000000 4016133.000000 1116.240967 22 31
4247367.000000 4016133.000000 1252.086060 23 31
4247467.000000 4016133.000000 1390.654053 24 31
4247567.000000 4016133.000000 1525.324951 25 31
4247667.000000 4016133.000000 1653.941040 26 31
4247767.000000 4016133.000000 1777.144043 27 31
4247867.000000 4016133.000000 1898.114014 28 31
4247967.000000 4016133.000000 2023.671021 29 31
4248067.000000 4016133.000000 2153.020020 30 31
4248167.000000 4016133.000000 2284.065918 31 31
4248267.000000 4016133.000000 2414.089111 32 31
4248367.000000 4016133.000000 2543.686035 33 31
4248467.000000 4016133.000000 2674.281982 34 31
4248567.000000 4016133.000000 2811.835938 35 31
4248667.000000 4016133.000000 2962.638916 36 31
4248767.000000 4016133.000000 3125.452881 37 31
4248867.000000 4016133.000000 3289.534912 38 31
4248967.000000 4016133.000000 3446.311035 39 31
4249067.000000 4016133.000000 3592.795898 40 31
4249167.000000 4016133.000000 3732.313965 41 31
4249267.000000 4016133.000000 3873.368896 42 31
4249367.000000 4016133.000000 4021.483887 43 31
4249467.000000 4016133.000000 4178.598145 44 31
4249567.000000 4016133.000000 4338.700195 45 31
4249667.000000 4016133.000000 4496.134766 46 31
4249767.000000 4016133.000000 4648.068848 47 31
4249867.000000 4016133.000000 4797.735840 48 31
4249967.000000 4016133.000000 4946.934082 49 31
4250067.000000 4016133.000000 5096.117188 50 31
4250167.000000 4016133.000000 5243.533203 51 31
4250267.000000 4016133.000000 5387.982910 52 31
4250367.000000 4016133.000000 5528.399902 53 31
4250467.000000 4016133.000000 5664.751953 54 31
4250567.000000 4016133.000000 5798.068848 55 31
4250667.000000 4016133.000000 5928.976074 56 31
4247167.000000 4016233.000000 1078.588013 21 32
4247267.000000 4016233.000000 1208.063965 22 32
4247367.000000 4016233.000000 1341.088989 23 32
4247467.000000 4016233.000000 1476.213013 24 32
4247567.000000 4016233.000000 1610.053955 25 32
4247667.000000 4016233.000000 1739.219971 26 32
4247767.000000 4016233.000000 1864.348022 27 32
4247867.000000 4016233.000000 1990.909058 28 32
4247967.000000 4016233.000000 2120.227051 29 32
4248067.000000 4016233.000000 2251.568115 30 32
4248167.000000 4016233.000000 2382.512939 31 32
4248267.000000 4016233.000000 2512.043945 32 32
4248367.000000 4016233.000000 2640.575928 33 32
4248467.000000 4016233.000000 2772.604004 34 32
4248567.000000 4016233.000000 2913.282959 35 32
4248667.000000 4016233.000000 3067.115967 36 32
4248767.000000 4016233.000000 3231.642090 37 32
4248867.000000 4016233.000000 3394.075928 38 32
4248967.000000 4016233.000000 3545.604004 39 32
4249067.000000 4016233.000000 3685.625977 40 32
4249167.000000 4016233.000000 3823.250000 41 32
4249267.000000 4016233.000000 3966.811035 42 32
4249367.000000 4016233.000000 4121.971191 43 32
4249467.000000 4016233.000000 4282.486816 44 32
4249567.000000 4016233.000000 4442.434082 45 32
4249667.000000 4016233.000000 4596.241211 46 32
4249767.000000 4016233.000000 4745.373047 47 32
4249867.000000 4016233.000000 4894.003906 48 32
4249967.000000 4016233.000000 5043.654785 49 32
4250067.000000 4016233.000000 5194.418945 50 32
4250167.000000 4016233.000000 5343.069824 51 32
4250267.000000 4016233.000000 5487.977051 52 32
4250367.000000 4016233.000000 5627.316895 53 32
4250467.000000 4016233.000000 5762.931152 54 32
4250567.000000 4016233.000000 5895.714844 55 32
4247067.000000 4016333.000000 1049.241943 20 33
4247167.000000 4016333.000000 1172.484009 21 33
4247267.000000 4016333.000000 1297.267944 22 33
4247367.000000 4016333.000000 1423.541992 23 33
4247467.000000 4016333.000000 1556.506958 24 33
4247567.000000 4016333.000000 1689.077026 25 33
4247667.000000 4016333.000000 1819.165039 26 33
4247767.000000 4016333.000000 1949.170044 27 33
4247867.000000 4016333.000000 2080.281006 28 33
4247967.000000 4016333.000000 2212.968994 29 33
4248067.000000 4016333.000000 2345.717041 30 33
4248167.000000 4016333.000000 2476.393066 31 33
4248267.000000 4016333.000000 2604.218018 32 33
4248367.000000 4016333.000000 2732.697998 33 33
4248467.000000 4016333.000000 2866.677979 34 33
4248567.000000 4016333.000000 3013.048096 35 33
4248667.000000 4016333.000000 3173.208984 36 33
4248767.000000 4016333.000000 3337.531982 37 33
4248867.000000 4016333.000000 3494.831055 38 33
4248967.000000 4016333.000000 3638.752930 39 33
4249067.000000 4016333.000000 3775.760986 40 33
4249167.000000 4016333.000000 3914.654053 41 33
4249267.000000 4016333.000000 4064.386963 42 33
4249367.000000 4016333.000000 4225.089844 43 33
4249467.000000 4016333.000000 4386.761230 44 33
4249567.000000 4016333.000000 4543.917969 45 33
4249667.000000 4016333.000000 4693.604980 46 33
4249767.000000 4016333.000000 4841.236816 47 33
4249867.000000 4016333.000000 4990.160156 48 33
4249967.000000 4016333.000000 5142.104004 49 33
4250067.000000 4016333.000000 5293.848145 50 33
4250167.000000 4016333.000000 5442.618164 51 33
4250267.000000 4016333.000000 5586.583008 52 33
4250367.000000 4016333.000000 5725.937988 53 33
4250467.000000 4016333.000000 5861.424805 54 33
4246967.000000 4016433.000000 1020.883972 19 34
4247067.000000 4016433.000000 1143.422974 20 34
4247167.000000 4016433.000000 1264.937012 21 34
4247267.000000 4016433.000000 1384.590942 22 34
4247367.000000 4016433.000000 1503.124023 23 34
4247467.000000 4016433.000000 1632.229004 24 34
4247567.000000 4016433.000000 1761.943970 25 34
4247667.000000 4016433.000000 1891.042969 26 34
4247767.000000 4016433.000000 2025.209961 27 34
4247867.000000 4016433.000000 2161.962891 28 34
4247967.000000 4016433.000000 2298.949951 29 34
4248067.000000 4016433.000000 2433.961914 30 34
4248167.000000 4016433.000000 2564.747070 31 34
4248267.000000 4016433.000000 2692.803955 32 34
4248367.000000 4016433.000000 2822.393066 33 34
4248467.000000 4016433.000000 2961.406982 34 34
4248567.000000 4016433.000000 3116.950928 35 34
4248667.000000 4016433.000000 3280.541992 36 34
4248767.000000 4016433.000000 3442.395020 37 34
4248867.000000 4016433.000000 3591.885010 38 34
4248967.000000 4016433.000000 3730.102051 39 34
4249067.000000 4016433.000000 3866.781006 40 34
4249167.000000 4016433.000000 4010.392090 41 34
4249267.000000 4016433.000000 4167.645020 42 34
4249367.000000 4016433.000000 4330.829102 43 34
4249467.000000 4016433.000000 4490.693848 44 34
4249567.000000 4016433.000000 4641.866211 45 34
4249667.000000 4016433.000000 4789.004883 46 34
4249767.000000 4016433.000000 4936.766113 47 34
4249867.000000 4016433.000000 5088.271973 48 34
4249967.000000 4016433.000000 5242.328125 49 34
4250067.000000 4016433.000000 5394.862793 50 34
4250167.000000 4016433.000000 5543.389160 51 34
4250267.000000 4016433.000000 5686.855957 52 34
4250367.000000 4016433.000000 5826.051758 53 34
4250467.000000 4016433.000000 5960.877930 54 34
4246867.000000 4016533.000000 992.998718 18 35
4246967.000000 4016533.000000 1114.991943 19 35
4247067.000000 4016533.000000 1237.624023 20 35
4247167.000000 4016533.000000 1358.641968 21 35
4247267.000000 4016533.000000 1476.810059 22 35
4247367.000000 4016533.000000 1590.859985 23 35
4247467.000000 4016533.000000 1710.228027 24 35
4247567.000000 4016533.000000 1830.546997 25 35
4247667.000000 4016533.000000 1954.452026 26 35
4247767.000000 4016533.000000 2092.169922 27 35
4247867.000000 4016533.000000 2234.285889 28 35
4247967.000000 4016533.000000 2376.648926 29 35
4248067.000000 4016533.000000 2515.528076 30 35
4248167.000000 4016533.000000 2649.677002 31 35
4248267.000000 4016533.000000 2780.592041 32 35
4248367.000000 4016533.000000 2914.851074 33 35
4248467.000000 4016533.000000 3062.333008 34 35
4248567.000000 4016533.000000 3223.688965 35 35
4248667.000000 4016533.000000 3386.972900 36 35
4248767.000000 4016533.000000 3542.708008 37 35
4248867.000000 4016533.000000 3684.406982 38 35
4248967.000000 4016533.000000 3820.402100 39 35
4249067.000000 4016533.000000 3959.802979 40 35
4249167.000000 4016533.000000 4111.523926 41 35
4249267.000000 4016533.000000 4272.416992 42 35
4249367.000000 4016533.000000 4435.805176 43 35
4249467.000000 4016533.000000 4590.978027 44 35
4249567.000000 4016533.000000 4737.587891 45 35
4249667.000000 4016533.000000 4883.853027 46 35
4249767.000000 4016533.000000 5033.755859 47 35
4249867.000000 4016533.000000 5189.162109 48 35
4249967.000000 4016533.000000 5344.916992 49 35
4250067.000000 4016533.000000 5497.814941 50 35
4250167.000000 4016533.000000 5645.749023 51 35
4250267.000000 4016533.000000 5789.030762 52 35
4250367.000000 4016533.000000 5927.767090 53 35
4246867.000000 4016633.000000 1086.947998 18 36
4246967.000000 4016633.000000 1209.349976 19 36
4247067.000000 4016633.000000 1331.529053 20 36
4247167.000000 4016633.000000 1451.067017 21 36
4247267.000000 4016633.000000 1566.163940 22 36
4247367.000000 4016633.000000 1677.441040 23 36
4247467.000000 4016633.000000 1790.199951 24 36
4247567.000000 4016633.000000 1903.177979 25 36
4247667.000000 4016633.000000 2018.016968 26 36
4247767.000000 4016633.000000 2157.841064 27 36
4247867.000000 4016633.000000 2302.710938 28 36
4247967.000000 4016633.000000 2447.149902 29 36
4248067.000000 4016633.000000 2592.239014 30 36
4248167.000000 4016633.000000 2732.830078 31 36
4248267.000000 4016633.000000 2870.657959 32 36
4248367.000000 4016633.000000 3013.659912 33 36
4248467.000000 4016633.000000 3169.791016 34 36
4248567.000000 4016633.000000 3332.510986 35 36
4248667.000000 4016633.000000 3491.413086 36 36
4248767.000000 4016633.000000 3637.323975 37 36
4248867.000000 4016633.000000 3774.940918 38 36
4248967.000000 4016633.000000 3911.801025 39 36
4249067.000000 4016633.000000 4057.147949 40 36
4249167.000000 4016633.000000 4213.096191 41 36
4249267.000000 4016633.000000 4374.071777 42 36
4249367.000000 4016633.000000 4533.607910 43 36
4249467.000000 4016633.000000 4684.485840 44 36
4249567.000000 4016633.000000 4830.770020 45 36
4249667.000000 4016633.000000 4979.440918 46 36
4249767.000000 4016633.000000 5135.032227 47 36
4249867.000000 4016633.000000 5293.276855 48 36
4249967.000000 4016633.000000 5450.000977 49 36
4250067.000000 4016633.000000 5602.376953 50 36
4250167.000000 4016633.000000 5750.166992 51 36
4250267.000000 4016633.000000 5892.971191 52 36
4246767.000000 4016733.000000 1072.756958 17 37
4246867.000000 4016733.000000 1188.057983 18 37
4246967.000000 4016733.000000 1306.413940 19 37
4247067.000000 4016733.000000 1424.817017 20 37
4247167.000000 4016733.000000 1540.536011 21 37
4247267.000000 4016733.000000 1652.640991 22 37
4247367.000000 4016733.000000 1763.943970 23 37
4247467.000000 4016733.000000 1877.050049 24 37
4247567.000000 4016733.000000 1992.275024 25 37
4247667.000000 4016733.000000 2107.520996 26 37
4247767.000000 4016733.000000 2237.743896 27 37
4247867.000000 4016733.000000 2373.452881 28 37
4247967.000000 4016733.000000 2517.121094 29 37
4248067.000000 4016733.000000 2668.676025 30 37
4248167.000000 4016733.000000 2818.038086 31 37
4248267.000000 4016733.000000 2965.774902 32 37
4248367.000000 4016733.000000 3119.089111 33 37
4248467.000000 4016733.000000 3278.736084 34 37
4248567.000000 4016733.000000 3439.094971 35 37
4248667.000000 4016733.000000 3589.575928 36 37
4248767.000000 4016733.000000 3729.395020 37 37
4248867.000000 4016733.000000 3865.895020 38 37
4248967.000000 4016733.000000 4005.937012 39 37
4249067.000000 4016733.000000 4156.331055 40 37
4249167.000000 4016733.000000 4313.901855 41 37
4249267.000000 4016733.000000 4473.150879 42 37
4249367.000000 4016733.000000 4627.798828 43 37
4249467.000000 4016733.000000 4777.486816 44 37
4249567.000000 4016733.000000 4925.507813 45 37
4249667.000000 4016733.000000 5079.500977 46 37
4249767.000000 4016733.000000 5239.710938 47 37
4249867.000000 4016733.000000 5400.058105 48 37
4249967.000000 4016733.000000 5556.746094 49 37
4250067.000000 4016733.000000 5709.389160 50 37
4250167.000000 4016733.000000 5856.976074 51 37
4246667.000000 4016833.000000 1058.083008 16 38
4246767.000000 4016833.000000 1174.230957 17 38
4246867.000000 4016833.000000 1288.989014 18 38
4246967.000000 4016833.000000 1402.868042 19 38
4247067.000000 4016833.000000 1514.604004 20 38
4247167.000000 4016833.000000 1626.723999 21 38
4247267.000000 4016833.000000 1737.626953 22 38
4247367.000000 4016833.000000 1850.655029 23 38
4247467.000000 4016833.000000 1966.131958 24 38
4247567.000000 4016833.000000 2083.853027 25 38
4247667.000000 4016833.000000 2202.670898 26 38
4247767.000000 4016833.000000 2327.361084 27 38
4247867.000000 4016833.000000 2456.456055 28 38
4247967.000000 4016833.000000 2597.229004 29 38
4248067.000000 4016833.000000 2756.340088 30 38
4248167.000000 4016833.000000 2914.075928 31 38
4248267.000000 4016833.000000 3069.907959 32 38
4248367.000000 4016833.000000 3226.769043 33 38
4248467.000000 4016833.000000 3385.058105 34 38
4248567.000000 4016833.000000 3539.001953 35 38
4248667.000000 4016833.000000 3682.531982 36 38
4248767.000000 4016833.000000 3819.929932 37 38
4248867.000000 4016833.000000 3957.522949 38 38
4248967.000000 4016833.000000 4102.222168 39 38
4249067.000000 4016833.000000 4255.056152 40 38
4249167.000000 4016833.000000 4412.868164 41 38
4249267.000000 4016833.000000 4569.229004 42 38
4249367.000000 4016833.000000 4722.809082 43 38
4249467.000000 4016833.000000 4874.315918 44 38
4249567.000000 4016833.000000 5027.123047 45 38
4249667.000000 4016833.000000 5185.709961 46 38
4249767.000000 4016833.000000 5347.674805 47 38
4249867.000000 4016833.000000 5508.626953 48 38
4249967.000000 4016833.000000 5665.013184 49 38
4250067.000000 4016833.000000 5817.909180 50 38
4250167.000000 4016833.000000 5964.632813 51 38
4246567.000000 4016933.000000 1043.714966 15 39
4246667.000000 4016933.000000 1160.598999 16 39
4246767.000000 4016933.000000 1276.425049 17 39
4246867.000000 4016933.000000 1390.090942 18 39
4246967.000000 4016933.000000 1501.098999 19 39
4247067.000000 4016933.000000 1608.177979 20 39
4247167.000000 4016933.000000 1715.135986 21 39
4247267.000000 4016933.000000 1823.729980 22 39
4247367.000000 4016933.000000 1939.543945 23 39
4247467.000000 4016933.000000 2058.823975 24 39
4247567.000000 4016933.000000 2180.498047 25 39
4247667.000000 4016933.000000 2304.051025 26 39
4247767.000000 4016933.000000 2433.001953 27 39
4247867.000000 4016933.000000 2566.928955 28 39
4247967.000000 4016933.000000 2710.458984 29 39
4248067.000000 4016933.000000 2865.711914 30 39
4248167.000000 4016933.000000 3021.246094 31 39
4248267.000000 4016933.000000 3177.237061 32 39
4248367.000000 4016933.000000 3333.375000 33 39
4248467.000000 4016933.000000 3487.934082 34 39
4248567.000000 4016933.000000 3634.070068 35 39
4248667.000000 4016933.000000 3773.889893 36 39
4248767.000000 4016933.000000 3911.093994 37 39
4248867.000000 4016933.000000 4052.012939 38 39
4248967.000000 4016933.000000 4199.068848 39 39
4249067.000000 4016933.000000 4352.303223 40 39
4249167.000000 4016933.000000 4509.270020 41 39
4249267.000000 4016933.000000 4665.590820 42 39
4249367.000000 4016933.000000 4820.295898 43 39
4249467.000000 4016933.000000 4974.563965 44 39
4249567.000000 4016933.000000 5132.183105 45 39
4249667.000000 4016933.000000 5293.181152 46 39
4249767.000000 4016933.000000 5455.596191 47 39
4249867.000000 4016933.000000 5614.952148 48 39
4249967.000000 4016933.000000 5771.413086 49 39
4250067.000000 4016933.000000 5924.547852 50 39
4246467.000000 4017033.000000 1028.817993 14 40
4246567.000000 4017033.000000 1146.558960 15 40
4246667.000000 4017033.000000 1263.604004 16 40
4246767.000000 4017033.000000 1378.607056 17 40
4246867.000000 4017033.000000 1490.574951 18 40
4246967.000000 4017033.000000 1598.342041 19 40
4247067.000000 4017033.000000 1703.046021 20 40
4247167.000000 4017033.000000 1807.125000 21 40
4247267.000000 4017033.000000 1913.363037 22 40
4247367.000000 4017033.000000 2031.941040 23 40
4247467.000000 4017033.000000 2155.955078 24 40
4247567.000000 4017033.000000 2281.496094 25 40
4247667.000000 4017033.000000 2409.690918 26 40
4247767.000000 4017033.000000 2543.610107 27 40
4247867.000000 4017033.000000 2684.229004 28 40
4247967.000000 4017033.000000 2832.008057 29 40
4248067.000000 4017033.000000 2985.368896 30 40
4248167.000000 4017033.000000 3135.144043 31 40
4248267.000000 4017033.000000 3286.050049 32 40
4248367.000000 4017033.000000 3436.805908 33 40
4248467.000000 4017033.000000 3585.058105 34 40
4248567.000000 4017033.000000 3726.811035 35 40
4248667.000000 4017033.000000 3865.615967 36 40
4248767.000000 4017033.000000 4004.228027 37 40
4248867.000000 4017033.000000 4147.109863 38 40
4248967.000000 4017033.000000 4295.411133 39 40
4249067.000000 4017033.000000 4449.238770 40 40
4249167.000000 4017033.000000 4606.229004 41 40
4249267.000000 4017033.000000 4764.431152 42 40
4249367.000000 4017033.000000 4921.387207 43 40
4249467.000000 4017033.000000 5078.929199 44 40
4249567.000000 4017033.000000 5238.071777 45 40
4249667.000000 4017033.000000 5399.376953 46 40
4249767.000000 4017033.000000 5560.157227 47 40
4249867.000000 4017033.000000 5718.762207 48 40
4249967.000000 4017033.000000 5874.270996 49 40
4246367.000000 4017133.000000 1015.768982 13 41
4246467.000000 4017133.000000 1132.802002 14 41
4246567.000000 4017133.000000 1250.342041 15 41
4246667.000000 4017133.000000 1366.703979 16 41
4246767.000000 4017133.000000 1479.962036 17 41
4246867.000000 4017133.000000 1589.383057 18 41
4246967.000000 4017133.000000 1695.822021 19 41
4247067.000000 4017133.000000 1800.886963 20 41
4247167.000000 4017133.000000 1907.034058 21 41
4247267.000000 4017133.000000 2018.203979 22 41
4247367.000000 4017133.000000 2136.612061 23 41
4247467.000000 4017133.000000 2260.496094 24 41
4247567.000000 4017133.000000 2387.510010 25 41
4247667.000000 4017133.000000 2520.251953 26 41
4247767.000000 4017133.000000 2658.520996 27 41
4247867.000000 4017133.000000 2802.908936 28 41
4247967.000000 4017133.000000 2951.552002 29 41
4248067.000000 4017133.000000 3100.008057 30 41
4248167.000000 4017133.000000 3246.779053 31 41
4248267.000000 4017133.000000 3392.843018 32 41
4248367.000000 4017133.000000 3536.502930 33 41
4248467.000000 4017133.000000 3679.277100 34 41
4248567.000000 4017133.000000 3818.660889 35 41
4248667.000000 4017133.000000 3957.593018 36 41
4248767.000000 4017133.000000 4097.838867 37 41
4248867.000000 4017133.000000 4241.908203 38 41
4248967.000000 4017133.000000 4391.693848 39 41
4249067.000000 4017133.000000 4547.300781 40 41
4249167.000000 4017133.000000 4707.014160 41 41
4249267.000000 4017133.000000 4867.256836 42 41
4249367.000000 4017133.000000 5025.814941 43 41
4249467.000000 4017133.000000 5183.659180 44 41
4249567.000000 4017133.000000 5342.936035 45 41
4249667.000000 4017133.000000 5503.824219 46 41
4249767.000000 4017133.000000 5664.237793 47 41
4249867.000000 4017133.000000 5822.452148 48 41
4249967.000000 4017133.000000 5977.268066 49 41
4246367.000000 4017233.000000 1119.852051 13 42
4246467.000000 4017233.000000 1236.948975 14 42
4246567.000000 4017233.000000 1353.875000 15 42
4246667.000000 4017233.000000 1468.853027 16 42
4246767.000000 4017233.000000 1579.496948 17 42
4246867.000000 4017233.000000 1687.413940 18 42
4246967.000000 4017233.000000 1793.922974 19 42
4247067.000000 4017233.000000 1900.510986 20 42
4247167.000000 4017233.000000 2010.305054 21 42
4247267.000000 4017233.000000 2125.509033 22 42
4247367.000000 4017233.000000 2245.533936 23 42
4247467.000000 4017233.000000 2369.312012 24 42
4247567.000000 4017233.000000 2497.133057 25 42
4247667.000000 4017233.000000 2632.520996 26 42
4247767.000000 4017233.000000 2773.420898 27 42
4247867.000000 4017233.000000 2918.791992 28 42
4247967.000000 4017233.000000 3065.282959 29 42
4248067.000000 4017233.000000 3211.089111 30 42
4248167.000000 4017233.000000 3355.757080 31 42
4248267.000000 4017233.000000 3498.727051 32 42
4248367.000000 4017233.000000 3637.654053 33 42
4248467.000000 4017233.000000 3775.339111 34 42
4248567.000000 4017233.000000 3911.641113 35 42
4248667.000000 4017233.000000 4050.377930 36 42
4248767.000000 4017233.000000 4190.916992 37 42
4248867.000000 4017233.000000 4336.448242 38 42
4248967.000000 4017233.000000 4489.004883 39 42
4249067.000000 4017233.000000 4648.538086 40 42
4249167.000000 4017233.000000 4810.833008 41 42
4249267.000000 4017233.000000 4972.043945 42 42
4249367.000000 4017233.000000 5129.977051 43 42
4249467.000000 4017233.000000 5287.629883 44 42
4249567.000000 4017233.000000 5447.009766 45 42
4249667.000000 4017233.000000 5607.970215 46 42
4249767.000000 4017233.000000 5769.011230 47 42
4249867.000000 4017233.000000 5927.021973 48 42
4246367.000000 4017333.000000 1223.879028 13 43
4246467.000000 4017333.000000 1340.395996 14 43
4246567.000000 4017333.000000 1455.749023 15 43
4246667.000000 4017333.000000 1568.219971 16 43
4246767.000000 4017333.000000 1677.610962 17 43
4246867.000000 4017333.000000 1785.526978 18 43
4246967.000000 4017333.000000 1893.302979 19 43
4247067.000000 4017333.000000 2002.732056 20 43
4247167.000000 4017333.000000 2116.877930 21 43
4247267.000000 4017333.000000 2235.164063 22 43
4247367.000000 4017333.000000 2356.954102 23 43
4247467.000000 4017333.000000 2482.169922 24 43
4247567.000000 4017333.000000 2611.072998 25 43
4247667.000000 4017333.000000 2746.381104 26 43
4247767.000000 4017333.000000 2887.125000 27 43
4247867.000000 4017333.000000 3031.571045 28 43
4247967.000000 4017333.000000 3175.465088 29 43
4248067.000000 4017333.000000 3318.956055 30 43
4248167.000000 4017333.000000 3461.280029 31 43
4248267.000000 4017333.000000 3601.226074 32 43
4248367.000000 4017333.000000 3738.344971 33 43
4248467.000000 4017333.000000 3873.895996 34 43
4248567.000000 4017333.000000 4007.974121 35 43
4248667.000000 4017333.000000 4144.515137 36 43
4248767.000000 4017333.000000 4284.518066 37 43
4248867.000000 4017333.000000 4431.964844 38 43
4248967.000000 4017333.000000 4588.693848 39 43
4249067.000000 4017333.000000 4752.291992 40 43
4249167.000000 4017333.000000 4916.173828 41 43
4249267.000000 4017333.000000 5076.464844 42 43
4249367.000000 4017333.000000 5233.495117 43 43
4249467.000000 4017333.000000 5391.174805 44 43
4249567.000000 4017333.000000 5551.723145 45 43
4249667.000000 4017333.000000 5714.381836 46 43
4249767.000000 4017333.000000 5875.775879 47 43
4246367.000000 4017433.000000 1327.365967 13 44
4246467.000000 4017433.000000 1442.541016 14 44
4246567.000000 4017433.000000 1555.823975 15 44
4246667.000000 4017433.000000 1666.501953 16 44
4246767.000000 4017433.000000 1775.649048 17 44
4246867.000000 4017433.000000 1884.552002 18 44
4246967.000000 4017433.000000 1995.052002 19 44
4247067.000000 4017433.000000 2108.438965 20 44
4247167.000000 4017433.000000 2225.599121 21 44
4247267.000000 4017433.000000 2345.873047 22 44
4247367.000000 4017433.000000 2469.322021 23 44
4247467.000000 4017433.000000 2595.233887 24 44
4247567.000000 4017433.000000 2724.976074 25 44
4247667.000000 4017433.000000 2859.762939 26 44
4247767.000000 4017433.000000 2998.623047 27 44
4247867.000000 4017433.000000 3140.709961 28 44
4247967.000000 4017433.000000 3282.687012 29 44
4248067.000000 4017433.000000 3424.064941 30 44
4248167.000000 4017433.000000 3564.367920 31 44
4248267.000000 4017433.000000 3702.656982 32 44
4248367.000000 4017433.000000 3839.350098 33 44
4248467.000000 4017433.000000 3974.525879 34 44
4248567.000000 4017433.000000 4107.254883 35 44
4248667.000000 4017433.000000 4241.645996 36 44
4248767.000000 4017433.000000 4380.516113 37 44
4248867.000000 4017433.000000 4529.524902 38 44
4248967.000000 4017433.000000 4692.213867 39 44
4249067.000000 4017433.000000 4858.669922 40 44
4249167.000000 4017433.000000 5022.242188 41 44
4249267.000000 4017433.000000 5179.956055 42 44
4249367.000000 4017433.000000 5336.430176 43 44
4249467.000000 4017433.000000 5495.137207 44 44
4249567.000000 4017433.000000 5658.200195 45 44
4249667.000000 4017433.000000 5822.245117 46 44
4249767.000000 4017433.000000 5983.388184 47 44
4246467.000000 4017533.000000 1543.558960 14 45
4246567.000000 4017533.000000 1654.943970 15 45
4246667.000000 4017533.000000 1764.909058 16 45
4246767.000000 4017533.000000 1874.510986 17 45
4246867.000000 4017533.000000 1984.956055 18 45
4246967.000000 4017533.000000 2098.602051 19 45
4247067.000000 4017533.000000 2215.229004 20 45
4247167.000000 4017533.000000 2334.770996 21 45
4247267.000000 4017533.000000 2456.387939 22 45
4247367.000000 4017533.000000 2580.385010 23 45
4247467.000000 4017533.000000 2707.480957 24 45
4247567.000000 4017533.000000 2837.996094 25 45
4247667.000000 4017533.000000 2972.227051 26 45
4247767.000000 4017533.000000 3109.664063 27 45
4247867.000000 4017533.000000 3249.237061 28 45
4247967.000000 4017533.000000 3388.737061 29 45
4248067.000000 4017533.000000 3527.414063 30 45
4248167.000000 4017533.000000 3666.017090 31 45
4248267.000000 4017533.000000 3803.641113 32 45
4248367.000000 4017533.000000 3940.352051 33 45
4248467.000000 4017533.000000 4075.438965 34 45
4248567.000000 4017533.000000 4208.875977 35 45
4248667.000000 4017533.000000 4343.798828 36 45
4248767.000000 4017533.000000 4484.152832 37 45
4248867.000000 4017533.000000 4638.441895 38 45
4248967.000000 4017533.000000 4801.669922 39 45
4249067.000000 4017533.000000 4966.835938 40 45
4249167.000000 4017533.000000 5125.918945 41 45
4249267.000000 4017533.000000 5282.258789 42 45
4249367.000000 4017533.000000 5439.292969 43 45
4249467.000000 4017533.000000 5600.402832 44 45
4249567.000000 4017533.000000 5765.191895 45 45
4249667.000000 4017533.000000 5929.703125 46 45
4246467.000000 4017633.000000 1643.692017 14 46
4246567.000000 4017633.000000 1754.307983 15 46
4246667.000000 4017633.000000 1864.270996 16 46
4246767.000000 4017633.000000 1974.918945 17 46
4246867.000000 4017633.000000 2087.510986 18 46
4246967.000000 4017633.000000 2203.113037 19 46
4247067.000000 4017633.000000 2321.843018 20 46
4247167.000000 4017633.000000 2443.457031 21 46
4247267.000000 4017633.000000 2566.297119 22 46
4247367.000000 4017633.000000 2691.010010 23 46
4247467.000000 4017633.000000 2818.759033 24 46
4247567.000000 4017633.000000 2949.520996 25 46
4247667.000000 4017633.000000 3083.298096 26 46
4247767.000000 4017633.000000 3219.905029 27 46
4247867.000000 4017633.000000 3357.894043 28 46
4247967.000000 4017633.000000 3495.326904 29 46
4248067.000000 4017633.000000 3631.927002 30 46
4248167.000000 4017633.000000 3768.569092 31 46
4248267.000000 4017633.000000 3905.416992 32 46
4248367.000000 4017633.000000 4042.500977 33 46
4248467.000000 4017633.000000 4178.558105 34 46
4248567.000000 4017633.000000 4314.409180 35 46
4248667.000000 4017633.000000 4453.435059 36 46
4248767.000000 4017633.000000 4599.314941 37 46
4248867.000000 4017633.000000 4753.818848 38 46
4248967.000000 4017633.000000 4913.304199 39 46
4249067.000000 4017633.000000 5072.289063 40 46
4249167.000000 4017633.000000 5228.340820 41 46
4249267.000000 4017633.000000 5384.494141 42 46
4249367.000000 4017633.000000 5543.392090 43 46
4249467.000000 4017633.000000 5706.694824 44 46
4249567.000000 4017633.000000 5871.348145 45 46
4246467.000000 4017733.000000 1745.071045 14 47
4246567.000000 4017733.000000 1854.717041 15 47
4246667.000000 4017733.000000 1964.581055 16 47
4246767.000000 4017733.000000 2076.281006 17 47
4246867.000000 4017733.000000 2190.310059 18 47
4246967.000000 4017733.000000 2306.928955 19 47
4247067.000000 4017733.000000 2426.444092 20 47
4247167.000000 4017733.000000 2548.496094 21 47
4247267.000000 4017733.000000 2672.628906 22 47
4247367.000000 4017733.000000 2799.058105 23 47
4247467.000000 4017733.000000 2928.125000 24 47
4247567.000000 4017733.000000 3059.404053 25 47
4247667.000000 4017733.000000 3193.222900 26 47
4247767.000000 4017733.000000 3329.433105 27 47
4247867.000000 4017733.000000 3466.627930 28 47
4247967.000000 4017733.000000 3602.438965 29 47
4248067.000000 4017733.000000 3737.509033 30 47
4248167.000000 4017733.000000 3872.582031 31 47
4248267.000000 4017733.000000 4008.823975 32 47
4248367.000000 4017733.000000 4146.767090 33 47
4248467.000000 4017733.000000 4284.507813 34 47
4248567.000000 4017733.000000 4423.270996 35 47
4248667.000000 4017733.000000 4566.540039 36 47
4248767.000000 4017733.000000 4715.961914 37 47
4248867.000000 4017733.000000 4870.208008 38 47
4248967.000000 4017733.000000 5025.775879 39 47
4249067.000000 4017733.000000 5178.242188 40 47
4249167.000000 4017733.000000 5331.047852 41 47
4249267.000000 4017733.000000 5487.307129 42 47
4249367.000000 4017733.000000 5648.928223 43 47
4249467.000000 4017733.000000 5813.366211 44 47
4249567.000000 4017733.000000 5977.129883 45 47
4246467.000000 4017833.000000 1845.458984 14 48
4246567.000000 4017833.000000 1954.857056 15 48
4246667.000000 4017833.000000 2065.711914 16 48
4246767.000000 4017833.000000 2178.392090 17 48
4246867.000000 4017833.000000 2292.576904 18 48
4246967.000000 4017833.000000 2409.350098 19 48
4247067.000000 4017833.000000 2528.793945 20 48
4247167.000000 4017833.000000 2650.987061 21 48
4247267.000000 4017833.000000 2776.190918 22 48
4247367.000000 4017833.000000 2904.519043 23 48
4247467.000000 4017833.000000 3035.910889 24 48
4247567.000000 4017833.000000 3167.739014 25 48
4247667.000000 4017833.000000 3301.720947 26 48
4247767.000000 4017833.000000 3437.909912 27 48
4247867.000000 4017833.000000 3574.580078 28 48
4247967.000000 4017833.000000 3710.229980 29 48
4248067.000000 4017833.000000 3844.825928 30 48
4248167.000000 4017833.000000 3979.291992 31 48
4248267.000000 4017833.000000 4116.175781 32 48
4248367.000000 4017833.000000 4254.424805 33 48
4248467.000000 4017833.000000 4393.477051 34 48
4248567.000000 4017833.000000 4534.902832 35 48
4248667.000000 4017833.000000 4681.066895 36 48
4248767.000000 4017833.000000 4831.451172 37 48
4248867.000000 4017833.000000 4983.854004 38 48
4248967.000000 4017833.000000 5133.880859 39 48
4249067.000000 4017833.000000 5283.159180 40 48
4249167.000000 4017833.000000 5434.333984 41 48
4249267.000000 4017833.000000 5591.366211 42 48
4249367.000000 4017833.000000 5754.991211 43 48
4249467.000000 4017833.000000 5919.514160 44 48
4246467.000000 4017933.000000 1943.439941 14 49
4246567.000000 4017933.000000 2054.577881 15 49
4246667.000000 4017933.000000 2166.363037 16 49
4246767.000000 4017933.000000 2279.586914 17 49
4246867.000000 4017933.000000 2393.475098 18 49
4246967.000000 4017933.000000 2509.830078 19 49
4247067.000000 4017933.000000 2628.774902 20 49
4247167.000000 4017933.000000 2751.167969 21 49
4247267.000000 4017933.000000 2877.324951 22 49
4247367.000000 4017933.000000 3007.362061 23 49
4247467.000000 4017933.000000 3140.455078 24 49
4247567.000000 4017933.000000 3274.189941 25 49
4247667.000000 4017933.000000 3409.157959 26 49
4247767.000000 4017933.000000 3546.219971 27 49
4247867.000000 4017933.000000 3683.602051 28 49
4247967.000000 4017933.000000 3819.664063 29 49
4248067.000000 4017933.000000 3954.721924 30 49
4248167.000000 4017933.000000 4089.981934 31 49
4248267.000000 4017933.000000 4226.299805 32 49
4248367.000000 4017933.000000 4364.344238 33 49
4248467.000000 4017933.000000 4504.201172 34 49
4248567.000000 4017933.000000 4647.224121 35 49
4248667.000000 4017933.000000 4794.145996 36 49
4248767.000000 4017933.000000 4943.273926 37 49
4248867.000000 4017933.000000 5091.990234 38 49
4248967.000000 4017933.000000 5239.532227 39 49
4249067.000000 4017933.000000 5388.627930 40 49
4249167.000000 4017933.000000 5541.865234 41 49
4249267.000000 4017933.000000 5700.366211 42 49
4249367.000000 4017933.000000 5862.402832 43 49
4246467.000000 4018033.000000 2024.197998 14 50
4246567.000000 4018033.000000 2143.839111 15 50
4246667.000000 4018033.000000 2261.518066 16 50
4246767.000000 4018033.000000 2378.516113 17 50
4246867.000000 4018033.000000 2491.886963 18 50
4246967.000000 4018033.000000 2607.829102 19 50
4247067.000000 4018033.000000 2726.815918 20 50
4247167.000000 4018033.000000 2849.939941 21 50
4247267.000000 4018033.000000 2977.872070 22 50
4247367.000000 4018033.000000 3110.561035 23 50
4247467.000000 4018033.000000 3245.479004 24 50
4247567.000000 4018033.000000 3381.006104 25 50
4247667.000000 4018033.000000 3517.673096 26 50
4247767.000000 4018033.000000 3656.069092 27 50
4247867.000000 4018033.000000 3794.157959 28 50
4247967.000000 4018033.000000 3930.299072 29 50
4248067.000000 4018033.000000 4065.363037 30 50
4248167.000000 4018033.000000 4200.451172 31 50
4248267.000000 4018033.000000 4336.668945 32 50
4248367.000000 4018033.000000 4474.827148 33 50
4248467.000000 4018033.000000 4614.750000 34 50
4248567.000000 4018033.000000 4757.758789 35 50
4248667.000000 4018033.000000 4904.045898 36 50
4248767.000000 4018033.000000 5050.416016 37 50
4248867.000000 4018033.000000 5196.329102 38 50
4248967.000000 4018033.000000 5343.338867 39 50
4249067.000000 4018033.000000 5493.916992 40 50
4249167.000000 4018033.000000 5650.405762 41 50
4249267.000000 4018033.000000 5809.888184 42 50
4249367.000000 4018033.000000 5969.273926 43 50
4246467.000000 4018133.000000 2104.274902 14 51
4246567.000000 4018133.000000 2228.853027 15 51
4246667.000000 4018133.000000 2352.675049 16 51
4246767.000000 4018133.000000 2474.687988 17 51
4246867.000000 4018133.000000 2588.450928 18 51
4246967.000000 4018133.000000 2704.100098 19 51
4247067.000000 4018133.000000 2823.757080 20 51
4247167.000000 4018133.000000 2948.947998 21 51
4247267.000000 4018133.000000 3079.886963 22 51
4247367.000000 4018133.000000 3215.438965 23 51
4247467.000000 4018133.000000 3352.120117 24 51
4247567.000000 4018133.000000 3489.072021 25 51
4247667.000000 4018133.000000 3627.385986 26 51
4247767.000000 4018133.000000 3766.725098 27 51
4247867.000000 4018133.000000 3905.413086 28 51
4247967.000000 4018133.000000 4040.972900 29 51
4248067.000000 4018133.000000 4175.373047 30 51
4248167.000000 4018133.000000 4310.190918 31 51
4248267.000000 4018133.000000 4446.309082 32 51
4248367.000000 4018133.000000 4584.334961 33 51
4248467.000000 4018133.000000 4723.680176 34 51
4248567.000000 4018133.000000 4865.375977 35 51
4248667.000000 4018133.000000 5010.110840 36 51
4248767.000000 4018133.000000 5153.961914 37 51
4248867.000000 4018133.000000 5298.888184 38 51
4248967.000000 4018133.000000 5447.028809 39 51
4249067.000000 4018133.000000 5600.539063 40 51
4249167.000000 4018133.000000 5759.338867 41 51
4249267.000000 4018133.000000 5918.511230 42 51
4246467.000000 4018233.000000 2185.052002 14 52
4246567.000000 4018233.000000 2311.889893 15 52
4246667.000000 4018233.000000 2437.699951 16 52
4246767.000000 4018233.000000 2560.053955 17 52
4246867.000000 4018233.000000 2678.010986 18 52
4246967.000000 4018233.000000 2797.142090 19 52
4247067.000000 4018233.000000 2920.558105 20 52
4247167.000000 4018233.000000 3050.207031 21 52
4247267.000000 4018233.000000 3185.531982 22 52
4247367.000000 4018233.000000 3323.093018 23 52
4247467.000000 4018233.000000 3460.775879 24 52
4247567.000000 4018233.000000 3598.292969 25 52
4247667.000000 4018233.000000 3736.825928 26 52
4247767.000000 4018233.000000 3876.202881 27 52
4247867.000000 4018233.000000 4015.105957 28 52
4247967.000000 4018233.000000 4149.640137 29 52
4248067.000000 4018233.000000 4283.844238 30 52
4248167.000000 4018233.000000 4418.949219 31 52
4248267.000000 4018233.000000 4555.434082 32 52
4248367.000000 4018233.000000 4693.350098 33 52
4248467.000000 4018233.000000 4831.759766 34 52
4248567.000000 4018233.000000 4970.957031 35 52
4248667.000000 4018233.000000 5113.416016 36 52
4248767.000000 4018233.000000 5256.198242 37 52
4248867.000000 4018233.000000 5401.599121 38 52
4248967.000000 4018233.000000 5552.780762 39 52
4249067.000000 4018233.000000 5709.186035 40 52
4249167.000000 4018233.000000 5867.662109 41 52
4246467.000000 4018333.000000 2267.517090 14 53
4246567.000000 4018333.000000 2395.555908 15 53
4246667.000000 4018333.000000 2520.418945 16 53
4246767.000000 4018333.000000 2642.627930 17 53
4246867.000000 4018333.000000 2763.827881 18 53
4246967.000000 4018333.000000 2888.855957 19 53
4247067.000000 4018333.000000 3020.291016 20 53
4247167.000000 4018333.000000 3155.648926 21 53
4247267.000000 4018333.000000 3294.004883 22 53
4247367.000000 4018333.000000 3432.485107 23 53
4247467.000000 4018333.000000 3569.864990 24 53
4247567.000000 4018333.000000 3706.812988 25 53
4247667.000000 4018333.000000 3844.351074 26 53
4247767.000000 4018333.000000 3982.175049 27 53
4247867.000000 4018333.000000 4119.359863 28 53
4247967.000000 4018333.000000 4254.745117 29 53
4248067.000000 4018333.000000 4390.353027 30 53
4248167.000000 4018333.000000 4526.710938 31 53
4248267.000000 4018333.000000 4664.588867 32 53
4248367.000000 4018333.000000 4802.952148 33 53
4248467.000000 4018333.000000 4941.159180 34 53
4248567.000000 4018333.000000 5079.576172 35 53
4248667.000000 4018333.000000 5218.829102 36 53
4248767.000000 4018333.000000 5360.083984 37 53
4248867.000000 4018333.000000 5505.409180 38 53
4248967.000000 4018333.000000 5659.922852 39 53
4249067.000000 4018333.000000 5817.475098 40 53
4249167.000000 4018333.000000 5973.946777 41 53
4246467.000000 4018433.000000 2352.642090 14 54
4246567.000000 4018433.000000 2479.477051 15 54
4246667.000000 4018433.000000 2602.362061 16 54
4246767.000000 4018433.000000 2723.552002 17 54
4246867.000000 4018433.000000 2847.215088 18 54
4246967.000000 4018433.000000 2978.142090 19 54
4247067.000000 4018433.000000 3118.051025 20 54
4247167.000000 4018433.000000 3260.889893 21 54
4247267.000000 4018433.000000 3402.982910 22 54
4247367.000000 4018433.000000 3541.325928 23 54
4247467.000000 4018433.000000 3677.916992 24 54
4247567.000000 4018433.000000 3813.737061 25 54
4247667.000000 4018433.000000 3949.753906 26 54
4247767.000000 4018433.000000 4085.634033 27 54
4247867.000000 4018433.000000 4221.658203 28 54
4247967.000000 4018433.000000 4358.024902 29 54
4248067.000000 4018433.000000 4495.820801 30 54
4248167.000000 4018433.000000 4634.466797 31 54
4248267.000000 4018433.000000 4773.673828 32 54
4248367.000000 4018433.000000 4912.478027 33 54
4248467.000000 4018433.000000 5050.054199 34 54
4248567.000000 4018433.000000 5187.315918 35 54
4248667.000000 4018433.000000 5326.016113 36 54
4248767.000000 4018433.000000 5468.075195 37 54
4248867.000000 4018433.000000 5615.836914 38 54
4248967.000000 4018433.000000 5769.248047 39 54
4249067.000000 4018433.000000 5924.298828 40 54
4246567.000000 4018533.000000 2562.701904 15 55
4246667.000000 4018533.000000 2683.021973 16 55
4246767.000000 4018533.000000 2803.844971 17 55
4246867.000000 4018533.000000 2930.593994 18 55
4246967.000000 4018533.000000 3068.309082 19 55
4247067.000000 4018533.000000 3216.194092 20 55
4247167.000000 4018533.000000 3365.475098 21 55
4247267.000000 4018533.000000 3512.864014 22 55
4247367.000000 4018533.000000 3649.448975 23 55
4247467.000000 4018533.000000 3784.474121 24 55
4247567.000000 4018533.000000 3918.625977 25 55
4247667.000000 4018533.000000 4053.224121 26 55
4247767.000000 4018533.000000 4187.780762 27 55
4247867.000000 4018533.000000 4323.209961 28 55
4247967.000000 4018533.000000 4460.512207 29 55
4248067.000000 4018533.000000 4600.804199 30 55
4248167.000000 4018533.000000 4741.617188 31 55
4248267.000000 4018533.000000 4882.020020 32 55
4248367.000000 4018533.000000 5021.016113 33 55
4248467.000000 4018533.000000 5157.783203 34 55
4248567.000000 4018533.000000 5295.061035 35 55
4248667.000000 4018533.000000 5434.878906 36 55
4248767.000000 4018533.000000 5579.194824 37 55
4248867.000000 4018533.000000 5727.604004 38 55
4248967.000000 4018533.000000 5877.913086 39 55
4246567.000000 4018633.000000 2643.395020 15 56
4246667.000000 4018633.000000 2762.540039 16 56
4246767.000000 4018633.000000 2885.601074 17 56
4246867.000000 4018633.000000 3018.711914 18 56
4246967.000000 4018633.000000 3164.303955 19 56
4247067.000000 4018633.000000 3315.370117 20 56
4247167.000000 4018633.000000 3465.257080 21 56
4247267.000000 4018633.000000 3611.091064 22 56
4247367.000000 4018633.000000 3750.450928 23 56
4247467.000000 4018633.000000 3887.250000 24 56
4247567.000000 4018633.000000 4020.774902 25 56
4247667.000000 4018633.000000 4154.814941 26 56
4247767.000000 4018633.000000 4289.270020 27 56
4247867.000000 4018633.000000 4425.251953 28 56
4247967.000000 4018633.000000 4564.576172 29 56
4248067.000000 4018633.000000 4706.464844 30 56
4248167.000000 4018633.000000 4848.324219 31 56
4248267.000000 4018633.000000 4988.972168 32 56
4248367.000000 4018633.000000 5127.088867 33 56
4248467.000000 4018633.000000 5264.309082 34 56
4248567.000000 4018633.000000 5402.974121 35 56
4248667.000000 4018633.000000 5545.237793 36 56
4248767.000000 4018633.000000 5691.791992 37 56
4248867.000000 4018633.000000 5839.918945 38 56
4246567.000000 4018733.000000 2717.569092 15 57
4246667.000000 4018733.000000 2840.818115 16 57
4246767.000000 4018733.000000 2969.758057 17 57
4246867.000000 4018733.000000 3112.983887 18 57
4246967.000000 4018733.000000 3263.534912 19 57
4247067.000000 4018733.000000 3415.403076 20 57
4247167.000000 4018733.000000 3562.645996 21 57
4247267.000000 4018733.000000 3705.972900 22 57
4247367.000000 4018733.000000 3846.704102 23 57
4247467.000000 4018733.000000 3986.402100 24 57
4247567.000000 4018733.000000 4120.779785 25 57
4247667.000000 4018733.000000 4255.402832 26 57
4247767.000000 4018733.000000 4391.161133 27 57
4247867.000000 4018733.000000 4529.175781 28 57
4247967.000000 4018733.000000 4670.532227 29 57
4248067.000000 4018733.000000 4812.958008 30 57
4248167.000000 4018733.000000 4954.474121 31 57
4248267.000000 4018733.000000 5093.984863 32 57
4248367.000000 4018733.000000 5231.955078 33 57
4248467.000000 4018733.000000 5370.334961 34 57
4248567.000000 4018733.000000 5511.474121 35 57
4248667.000000 4018733.000000 5656.892090 36 57
4248767.000000 4018733.000000 5804.432129 37 57
4248867.000000 4018733.000000 5950.966797 38 57
4246567.000000 4018833.000000 2789.141113 15 58
4246667.000000 4018833.000000 2920.507080 16 58
4246767.000000 4018833.000000 3060.290039 17 58
4246867.000000 4018833.000000 3210.946045 18 58
4246967.000000 4018833.000000 3363.835938 19 58
4247067.000000 4018833.000000 3513.712891 20 58
4247167.000000 4018833.000000 3657.013916 21 58
4247267.000000 4018833.000000 3797.822998 22 58
4247367.000000 4018833.000000 3937.680908 23 58
4247467.000000 4018833.000000 4077.754883 24 58
4247567.000000 4018833.000000 4216.541992 25 58
4247667.000000 4018833.000000 4354.749023 26 58
4247767.000000 4018833.000000 4493.648926 27 58
4247867.000000 4018833.000000 4634.977051 28 58
4247967.000000 4018833.000000 4777.582031 29 58
4248067.000000 4018833.000000 4919.771973 30 58
4248167.000000 4018833.000000 5060.032227 31 58
4248267.000000 4018833.000000 5198.306152 32 58
4248367.000000 4018833.000000 5336.475098 33 58
4248467.000000 4018833.000000 5476.528809 34 58
4248567.000000 4018833.000000 5620.848145 35 58
4248667.000000 4018833.000000 5767.886230 36 58
4248767.000000 4018833.000000 5915.006836 37 58
4246567.000000 4018933.000000 2858.959961 15 59
4246667.000000 4018933.000000 2998.739014 16 59
4246767.000000 4018933.000000 3152.125977 17 59
4246867.000000 4018933.000000 3310.303955 18 59
4246967.000000 4018933.000000 3463.778076 19 59
4247067.000000 4018933.000000 3608.947998 20 59
4247167.000000 4018933.000000 3749.305908 21 59
4247267.000000 4018933.000000 3889.058105 22 59
4247367.000000 4018933.000000 4029.634033 23 59
4247467.000000 4018933.000000 4171.325195 24 59
4247567.000000 4018933.000000 4312.790039 25 59
4247667.000000 4018933.000000 4454.820801 26 59
4247767.000000 4018933.000000 4598.022949 27 59
4247867.000000 4018933.000000 4741.502930 28 59
4247967.000000 4018933.000000 4884.674805 29 59
4248067.000000 4018933.000000 5025.768066 30 59
4248167.000000 4018933.000000 5164.530762 31 59
4248267.000000 4018933.000000 5302.259766 32 59
4248367.000000 4018933.000000 5441.332031 33 59
4248467.000000 4018933.000000 5583.729980 34 59
4248567.000000 4018933.000000 5729.463867 35 59
4248667.000000 4018933.000000 5876.515137 36 59
4246567.000000 4019033.000000 2930.593994 15 60
4246667.000000 4019033.000000 3081.180908 16 60
4246767.000000 4019033.000000 3245.837891 17 60
4246867.000000 4019033.000000 3410.030029 18 60
4246967.000000 4019033.000000 3561.914063 19 60
4247067.000000 4019033.000000 3702.569092 20 60
4247167.000000 4019033.000000 3840.707031 21 60
4247267.000000 4019033.000000 3980.394043 22 60
4247367.000000 4019033.000000 4123.341797 23 60
4247467.000000 4019033.000000 4266.969238 24 60
4247567.000000 4019033.000000 4410.466797 25 60
4247667.000000 4019033.000000 4555.290039 26 60
4247767.000000 4019033.000000 4701.571777 27 60
4247867.000000 4019033.000000 4847.183105 28 60
4247967.000000 4019033.000000 4991.029785 29 60
4248067.000000 4019033.000000 5130.841797 30 60
4248167.000000 4019033.000000 5268.765137 31 60
4248267.000000 4019033.000000 5406.341797 32 60
4248367.000000 4019033.000000 5546.734863 33 60
4248467.000000 4019033.000000 5690.559082 34 60
4248567.000000 4019033.000000 5836.173828 35 60
4248667.000000 4019033.000000 5981.270996 36 60
4246567.000000 4019133.000000 3009.279053 15 61
4246667.000000 4019133.000000 3172.121094 16 61
4246767.000000 4019133.000000 3341.826904 17 61
4246867.000000 4019133.000000 3504.787109 18 61
4246967.000000 4019133.000000 3653.444092 19 61
4247067.000000 4019133.000000 3793.246094 20 61
4247167.000000 4019133.000000 3931.528076 21 61
4247267.000000 4019133.000000 4073.812988 22 61
4247367.000000 4019133.000000 4219.587891 23 61
4247467.000000 4019133.000000 4365.589844 24 61
4247567.000000 4019133.000000 4511.585938 25 61
4247667.000000 4019133.000000 4658.277832 26 61
4247767.000000 4019133.000000 4805.422852 27 61
4247867.000000 4019133.000000 4951.376953 28 61
4247967.000000 4019133.000000 5094.863770 29 61
4248067.000000 4019133.000000 5234.523926 30 61
4248167.000000 4019133.000000 5372.952148 31 61
4248267.000000 4019133.000000 5511.250977 32 61
4248367.000000 4019133.000000 5652.709961 33 61
4248467.000000 4019133.000000 5796.435059 34 61
4248567.000000 4019133.000000 5940.658203 35 61
4246667.000000 4019233.000000 3268.510986 16 62
4246767.000000 4019233.000000 3441.185059 17 62
4246867.000000 4019233.000000 3599.730957 18 62
4246967.000000 4019233.000000 3744.997070 19 62
4247067.000000 4019233.000000 3884.541016 20 62
4247167.000000 4019233.000000 4024.434082 21 62
4247267.000000 4019233.000000 4170.670898 22 62
4247367.000000 4019233.000000 4318.900879 23 62
4247467.000000 4019233.000000 4466.867188 24 62
4247567.000000 4019233.000000 4614.441895 25 62
4247667.000000 4019233.000000 4761.813965 26 62
4247767.000000 4019233.000000 4908.585938 27 62
4247867.000000 4019233.000000 5053.207031 28 62
4247967.000000 4019233.000000 5195.833008 29 62
4248067.000000 4019233.000000 5336.282227 30 62
4248167.000000 4019233.000000 5476.276855 31 62
4248267.000000 4019233.000000 5615.911133 32 62
4248367.000000 4019233.000000 5757.577148 33 62
4248467.000000 4019233.000000 5900.462891 34 62
4246667.000000 4019333.000000 3370.230957 16 63
4246767.000000 4019333.000000 3540.728027 17 63
4246867.000000 4019333.000000 3694.132080 18 63
4246967.000000 4019333.000000 3837.801025 19 63
4247067.000000 4019333.000000 3978.625000 20 63
4247167.000000 4019333.000000 4122.814941 21 63
4247267.000000 4019333.000000 4270.976074 22 63
4247367.000000 4019333.000000 4420.953125 23 63
4247467.000000 4019333.000000 4569.851074 24 63
4247567.000000 4019333.000000 4718.079102 25 63
4247667.000000 4019333.000000 4865.127930 26 63
4247767.000000 4019333.000000 5010.772949 27 63
4247867.000000 4019333.000000 5154.165039 28 63
4247967.000000 4019333.000000 5295.813965 29 63
4248067.000000 4019333.000000 5436.125000 30 63
4248167.000000 4019333.000000 5576.761230 31 63
4248267.000000 4019333.000000 5717.980957 32 63
4248367.000000 4019333.000000 5860.311035 33 63
4248467.000000 4019333.000000 6002.658203 34 63
4246667.000000 4019433.000000 3475.898926 16 64
4246767.000000 4019433.000000 3638.968994 17 64
4246867.000000 4019433.000000 3789.186035 18 64
4246967.000000 4019433.000000 3932.508057 19 64
4247067.000000 4019433.000000 4076.584961 20 64
4247167.000000 4019433.000000 4222.672852 21 64
4247267.000000 4019433.000000 4371.878906 22 64
4247367.000000 4019433.000000 4523.484863 23 64
4247467.000000 4019433.000000 4672.942871 24 64
4247567.000000 4019433.000000 4821.666016 25 64
4247667.000000 4019433.000000 4968.020996 26 64
4247767.000000 4019433.000000 5112.463867 27 64
4247867.000000 4019433.000000 5254.806152 28 64
4247967.000000 4019433.000000 5395.687012 29 64
4248067.000000 4019433.000000 5535.814941 30 64
4248167.000000 4019433.000000 5676.520996 31 64
4248267.000000 4019433.000000 5818.110840 32 64
4248367.000000 4019433.000000 5960.716797 33 64
4246667.000000 4019533.000000 3579.081055 16 65
4246767.000000 4019533.000000 3737.266113 17 65
4246867.000000 4019533.000000 3885.813965 18 65
4246967.000000 4019533.000000 4029.574951 19 65
4247067.000000 4019533.000000 4174.630859 20 65
4247167.000000 4019533.000000 4321.317871 21 65
4247267.000000 4019533.000000 4470.516113 22 65
4247367.000000 4019533.000000 4622.236816 23 65
4247467.000000 4019533.000000 4773.540039 24 65
4247567.000000 4019533.000000 4923.944824 25 65
4247667.000000 4019533.000000 5070.395996 26 65
4247767.000000 4019533.000000 5213.792969 27 65
4247867.000000 4019533.000000 5355.148926 28 65
4247967.000000 4019533.000000 5495.200195 29 65
4248067.000000 4019533.000000 5634.943848 30 65
4248167.000000 4019533.000000 5775.122070 31 65
4248267.000000 4019533.000000 5916.210938 32 65
4246767.000000 4019633.000000 3835.791992 17 66
4246867.000000 4019633.000000 3983.324951 18 66
4246967.000000 4019633.000000 4127.745117 19 66
4247067.000000 4019633.000000 4272.420898 20 66
4247167.000000 4019633.000000 4419.061035 21 66
4247267.000000 4019633.000000 4568.069824 22 66
4247367.000000 4019633.000000 4719.622070 23 66
4247467.000000 4019633.000000 4871.519043 24 66
4247567.000000 4019633.000000 5022.532227 25 66
4247667.000000 4019633.000000 5170.027832 26 66
4247767.000000 4019633.000000 5313.812988 27 66
4247867.000000 4019633.000000 5454.704102 28 66
4247967.000000 4019633.000000 5594.070801 29 66
4248067.000000 4019633.000000 5733.170898 30 66
4248167.000000 4019633.000000 5872.750000 31 66
4246767.000000 4019733.000000 3933.600098 17 67
4246867.000000 4019733.000000 4081.705078 18 67
4246967.000000 4019733.000000 4225.020020 19 67
4247067.000000 4019733.000000 4369.043945 20 67
4247167.000000 4019733.000000 4515.479004 21 67
4247267.000000 4019733.000000 4665.022949 22 67
4247367.000000 4019733.000000 4816.633789 23 67
4247467.000000 4019733.000000 4968.737793 24 67
4247567.000000 4019733.000000 5120.689941 25 67
4247667.000000 4019733.000000 5269.088867 26 67
4247767.000000 4019733.000000 5413.125000 27 67
4247867.000000 4019733.000000 5553.745117 28 67
4247967.000000 4019733.000000 5692.029785 29 67
4248067.000000 4019733.000000 5830.312012 30 67
4248167.000000 4019733.000000 5969.204102 31 67
4246767.000000 4019833.000000 4028.836914 17 68
4246867.000000 4019833.000000 4175.392090 18 68
4246967.000000 4019833.000000 4319.285156 19 68
4247067.000000 4019833.000000 4464.185059 20 68
4247167.000000 4019833.000000 4611.696777 21 68
4247267.000000 4019833.000000 4761.945801 22 68
4247367.000000 4019833.000000 4914.340820 23 68
4247467.000000 4019833.000000 5067.384766 24 68
4247567.000000 4019833.000000 5220.112793 25 68
4247667.000000 4019833.000000 5368.348145 26 68
4247767.000000 4019833.000000 5511.327148 27 68
4247867.000000 4019833.000000 5650.132813 28 68
4247967.000000 4019833.000000 5787.761230 29 68
4248067.000000 4019833.000000 5925.919922 30 68
4246867.000000 4019933.000000 4267.979004 18 69
4246967.000000 4019933.000000 4412.348145 19 69
4247067.000000 4019933.000000 4559.022949 20 69
4247167.000000 4019933.000000 4707.711914 21 69
4247267.000000 4019933.000000 4859.171875 22 69
4247367.000000 4019933.000000 5013.277832 23 69
4247467.000000 4019933.000000 5168.830078 24 69
4247567.000000 4019933.000000 5321.251953 25 69
4247667.000000 4019933.000000 5467.448242 26 69
4247767.000000 4019933.000000 5607.013184 27 69
4247867.000000 4019933.000000 5743.713867 28 69
4247967.000000 4019933.000000 5880.812988 29 69
4246867.000000 4020033.000000 4360.507813 18 70
4246967.000000 4020033.000000 4505.875000 19 70
4247067.000000 4020033.000000 4653.728027 20 70
4247167.000000 4020033.000000 4804.017090 21 70
4247267.000000 4020033.000000 4957.913086 22 70
4247367.000000 4020033.000000 5115.673828 23 70
4247467.000000 4020033.000000 5272.294922 24 70
4247567.000000 4020033.000000 5422.850098 25 70
4247667.000000 4020033.000000 5564.999023 26 70
4247767.000000 4020033.000000 5700.180176 27 70
4247867.000000 4020033.000000 5834.289063 28 70
4247967.000000 4020033.000000 5970.277832 29 70
4246867.000000 4020133.000000 4453.169922 18 71
4246967.000000 4020133.000000 4600.174805 19 71
4247067.000000 4020133.000000 4749.342773 20 71
4247167.000000 4020133.000000 4901.638184 21 71
4247267.000000 4020133.000000 5058.813965 22 71
4247367.000000 4020133.000000 5219.530762 23 71
4247467.000000 4020133.000000 5375.876953 24 71
4247567.000000 4020133.000000 5521.854004 25 71
4247667.000000 4020133.000000 5657.900879 26 71
4247767.000000 4020133.000000 5789.833984 27 71
4247867.000000 4020133.000000 5922.298828 28 71
4246967.000000 4020233.000000 4695.145996 19 72
4247067.000000 4020233.000000 4846.382813 20 72
4247167.000000 4020233.000000 5001.709961 21 72
4247267.000000 4020233.000000 5162.591797 22 72
4247367.000000 4020233.000000 5323.679199 23 72
4247467.000000 4020233.000000 5477.414063 24 72
4247567.000000 4020233.000000 5615.666992 25 72
4247667.000000 4020233.000000 5746.904785 26 72
4247767.000000 4020233.000000 5876.987793 27 72
4246967.000000 4020333.000000 4791.384766 19 73
4247067.000000 4020333.000000 4945.086914 20 73
4247167.000000 4020333.000000 5103.578125 21 73
4247267.000000 4020333.000000 5265.633789 22 73
4247367.000000 4020333.000000 5423.775879 23 73
4247467.000000 4020333.000000 5570.049805 24 73
4247567.000000 4020333.000000 5703.868164 25 73
4247667.000000 4020333.000000 5832.595215 26 73
4247767.000000 4020333.000000 5962.179199 27 73
4246967.000000 4020433.000000 4889.103027 19 74
4247067.000000 4020433.000000 5045.991211 20 74
4247167.000000 4020433.000000 5207.137207 21 74
4247267.000000 4020433.000000 5367.155762 22 74
4247367.000000 4020433.000000 5519.604004 23 74
4247467.000000 4020433.000000 5658.952148 24 74
4247567.000000 4020433.000000 5789.826172 25 74
4247667.000000 4020433.000000 5917.503906 26 74
4247067.000000 4020533.000000 5149.294922 20 75
4247167.000000 4020533.000000 5310.491211 21 75
4247267.000000 4020533.000000 5466.393066 22 75
4247367.000000 4020533.000000 5611.038086 23 75
4247467.000000 4020533.000000 5746.380859 24 75
4247567.000000 4020533.000000 5876.621094 25 75
4247067.000000 4020633.000000 5252.644043 20 76
4247167.000000 4020633.000000 5411.853027 21 76
4247267.000000 4020633.000000 5561.599121 22 76
4247367.000000 4020633.000000 5700.766113 23 76
4247467.000000 4020633.000000 5833.632813 24 76
4247567.000000 4020633.000000 5964.003906 25 76
4247167.000000 4020733.000000 5509.631836 21 77
4247267.000000 4020733.000000 5653.471191 22 77
4247367.000000 4020733.000000 5789.547852 23 77
4247467.000000 4020733.000000 5921.549805 24 77
4247167.000000 4020833.000000 5604.154785 21 78
4247267.000000 4020833.000000 5743.971191 22 78
4247367.000000 4020833.000000 5878.704102 23 78
4247267.000000 4020933.000000 5833.903809 22 79
4247367.000000 4020933.000000 5968.317871 23 79
