# Type: scattered data
# Version: 6
# Description: No description
# Format: free
# Field: 1 x
# Field: 2 y
# Field: 3 z undefined
# Field: 4 column
# Field: 5 row
# Projection: Local Rectangular
# Units: undefined
# End:
# Information from grid:
# Grid_size: 42 x 33
# Grid_space: 4212000.000000,4220200.000000,4021100.000000,4033000.000000
# Scattered data: Not_available
# Z_field: z
# Vertical_faults: Not_available
# History: No history
# Z_units: undefined
4212000.000000 4021100.000000 14064.927734 1 1
4212200.000000 4021100.000000 13907.737305 2 1
4212400.000000 4021100.000000 13751.054688 3 1
4212600.000000 4021100.000000 13593.865234 4 1
4212800.000000 4021100.000000 13436.674805 5 1
4213000.000000 4021100.000000 13279.993164 6 1
4213200.000000 4021100.000000 13122.802734 7 1
4213400.000000 4021100.000000 12965.613281 8 1
4213600.000000 4021100.000000 12808.431641 9 1
4213800.000000 4021100.000000 12651.241211 10 1
4214000.000000 4021100.000000 12494.059570 11 1
4214200.000000 4021100.000000 12336.870117 12 1
4214400.000000 4021100.000000 12180.179688 13 1
4214600.000000 4021100.000000 12022.998047 14 1
4214800.000000 4021100.000000 11865.308594 15 1
4215000.000000 4021100.000000 11708.118164 16 1
4215200.000000 4021100.000000 11550.936523 17 1
4215400.000000 4021100.000000 11393.247070 18 1
4215600.000000 4021100.000000 11236.056641 19 1
4215800.000000 4021100.000000 11078.874023 20 1
4216000.000000 4021100.000000 10921.683594 21 1
4216200.000000 4021100.000000 10764.500977 22 1
4216400.000000 4021100.000000 10607.807617 23 1
4216600.000000 4021100.000000 10450.615234 24 1
4216800.000000 4021100.000000 10293.430664 25 1
4217000.000000 4021100.000000 10136.237305 26 1
4217200.000000 4021100.000000 9979.042969 27 1
4217400.000000 4021100.000000 9821.856445 28 1
4217600.000000 4021100.000000 9664.661133 29 1
4217800.000000 4021100.000000 9507.473633 30 1
4218000.000000 4021100.000000 9350.277344 31 1
4218200.000000 4021100.000000 9193.079102 32 1
4218400.000000 4021100.000000 9035.888672 33 1
4218600.000000 4021100.000000 8878.689453 34 1
4218800.000000 4021100.000000 8720.989258 35 1
4219000.000000 4021100.000000 8563.795898 36 1
4219200.000000 4021100.000000 8406.593750 37 1
4219400.000000 4021100.000000 8249.390625 38 1
4219600.000000 4021100.000000 8092.195801 39 1
4219800.000000 4021100.000000 7934.992188 40 1
4220000.000000 4021100.000000 7777.788086 41 1
4220200.000000 4021100.000000 7620.592285 42 1
4212000.000000 4021471.875000 13904.233398 1 2
4212200.000000 4021471.875000 13747.043945 2 2
4212400.000000 4021471.875000 13590.361328 3 2
4212600.000000 4021471.875000 13433.171875 4 2
4212800.000000 4021471.875000 13276.489258 5 2
4213000.000000 4021471.875000 13119.798828 6 2
4213200.000000 4021471.875000 12962.609375 7 2
4213400.000000 4021471.875000 12805.427734 8 2
4213600.000000 4021471.875000 12648.237305 9 2
4213800.000000 4021471.875000 12491.047852 10 2
4214000.000000 4021471.875000 12333.866211 11 2
4214200.000000 4021471.875000 12176.676758 12 2
4214400.000000 4021471.875000 12019.995117 13 2
4214600.000000 4021471.875000 11862.804688 14 2
4214800.000000 4021471.875000 11705.615234 15 2
4215000.000000 4021471.875000 11548.433594 16 2
4215200.000000 4021471.875000 11391.244141 17 2
4215400.000000 4021471.875000 11233.554688 18 2
4215600.000000 4021471.875000 11076.373047 19 2
4215800.000000 4021471.875000 10919.182617 20 2
4216000.000000 4021471.875000 10761.992188 21 2
4216200.000000 4021471.875000 10604.808594 22 2
4216400.000000 4021471.875000 10448.116211 23 2
4216600.000000 4021471.875000 10290.932617 24 2
4216800.000000 4021471.875000 10133.739258 25 2
4217000.000000 4021471.875000 9976.545898 26 2
4217200.000000 4021471.875000 9819.360352 27 2
4217400.000000 4021471.875000 9662.165039 28 2
4217600.000000 4021471.875000 9504.969727 29 2
4217800.000000 4021471.875000 9347.781250 30 2
4218000.000000 4021471.875000 9190.583984 31 2
4218200.000000 4021471.875000 9033.392578 32 2
4218400.000000 4021471.875000 8876.192383 33 2
4218600.000000 4021471.875000 8718.990234 34 2
4218800.000000 4021471.875000 8561.794922 35 2
4219000.000000 4021471.875000 8404.589844 36 2
4219200.000000 4021471.875000 8247.382813 37 2
4219400.000000 4021471.875000 8090.183594 38 2
4219600.000000 4021471.875000 7932.974121 39 2
4219800.000000 4021471.875000 7775.764648 40 2
4220000.000000 4021471.875000 7619.062012 41 2
4220200.000000 4021471.875000 7461.851074 42 2
4212000.000000 4021843.750000 13744.039063 1 3
4212200.000000 4021843.750000 13586.849609 2 3
4212400.000000 4021843.750000 13429.667969 3 3
4212600.000000 4021843.750000 13272.977539 4 3
4212800.000000 4021843.750000 13116.294922 5 3
4213000.000000 4021843.750000 12959.604492 6 3
4213200.000000 4021843.750000 12802.415039 7 3
4213400.000000 4021843.750000 12645.233398 8 3
4213600.000000 4021843.750000 12488.043945 9 3
4213800.000000 4021843.750000 12330.863281 10 3
4214000.000000 4021843.750000 12173.672852 11 3
4214200.000000 4021843.750000 12016.483398 12 3
4214400.000000 4021843.750000 11859.801758 13 3
4214600.000000 4021843.750000 11702.612305 14 3
4214800.000000 4021843.750000 11545.422852 15 3
4215000.000000 4021843.750000 11388.241211 16 3
4215200.000000 4021843.750000 11231.550781 17 3
4215400.000000 4021843.750000 11074.369141 18 3
4215600.000000 4021843.750000 10917.179688 19 3
4215800.000000 4021843.750000 10759.990234 20 3
4216000.000000 4021843.750000 10602.807617 21 3
4216200.000000 4021843.750000 10445.617188 22 3
4216400.000000 4021843.750000 10288.425781 23 3
4216600.000000 4021843.750000 10131.741211 24 3
4216800.000000 4021843.750000 9974.547852 25 3
4217000.000000 4021843.750000 9817.363281 26 3
4217200.000000 4021843.750000 9660.168945 27 3
4217400.000000 4021843.750000 9502.973633 28 3
4217600.000000 4021843.750000 9345.786133 29 3
4217800.000000 4021843.750000 9188.588867 30 3
4218000.000000 4021843.750000 9031.390625 31 3
4218200.000000 4021843.750000 8874.198242 32 3
4218400.000000 4021843.750000 8716.996094 33 3
4218600.000000 4021843.750000 8559.799805 34 3
4218800.000000 4021843.750000 8402.593750 35 3
4219000.000000 4021843.750000 8245.384766 36 3
4219200.000000 4021843.750000 8088.181641 37 3
4219400.000000 4021843.750000 7930.968750 38 3
4219600.000000 4021843.750000 7773.753906 39 3
4219800.000000 4021843.750000 7617.045410 40 3
4220000.000000 4021843.750000 7459.828613 41 3
4220200.000000 4021843.750000 7302.619629 42 3
4212000.000000 4022215.625000 13583.844727 1 4
4212200.000000 4022215.625000 13426.663086 2 4
4212400.000000 4022215.625000 13269.473633 3 4
4212600.000000 4022215.625000 13112.783203 4 4
4212800.000000 4022215.625000 12956.101563 5 4
4213000.000000 4022215.625000 12798.911133 6 4
4213200.000000 4022215.625000 12642.229492 7 4
4213400.000000 4022215.625000 12485.040039 8 4
4213600.000000 4022215.625000 12328.349609 9 4
4213800.000000 4022215.625000 12171.168945 10 4
4214000.000000 4022215.625000 12013.979492 11 4
4214200.000000 4022215.625000 11856.790039 12 4
4214400.000000 4022215.625000 11700.108398 13 4
4214600.000000 4022215.625000 11542.918945 14 4
4214800.000000 4022215.625000 11385.738281 15 4
4215000.000000 4022215.625000 11228.548828 16 4
4215200.000000 4022215.625000 11071.858398 17 4
4215400.000000 4022215.625000 10914.677734 18 4
4215600.000000 4022215.625000 10757.488281 19 4
4215800.000000 4022215.625000 10600.306641 20 4
4216000.000000 4022215.625000 10443.616211 21 4
4216200.000000 4022215.625000 10286.425781 22 4
4216400.000000 4022215.625000 10129.242188 23 4
4216600.000000 4022215.625000 9972.050781 24 4
4216800.000000 4022215.625000 9815.365234 25 4
4217000.000000 4022215.625000 9658.172852 26 4
4217200.000000 4022215.625000 9500.978516 27 4
4217400.000000 4022215.625000 9343.791992 28 4
4217600.000000 4022215.625000 9186.595703 29 4
4217800.000000 4022215.625000 9029.397461 30 4
4218000.000000 4022215.625000 8872.207031 31 4
4218200.000000 4022215.625000 8715.005859 32 4
4218400.000000 4022215.625000 8557.801758 33 4
4218600.000000 4022215.625000 8400.603516 34 4
4218800.000000 4022215.625000 8243.394531 35 4
4219000.000000 4022215.625000 8086.189453 36 4
4219200.000000 4022215.625000 7928.973633 37 4
4219400.000000 4022215.625000 7771.755371 38 4
4219600.000000 4022215.625000 7615.042480 39 4
4219800.000000 4022215.625000 7457.820313 40 4
4220000.000000 4022215.625000 7300.597168 41 4
4220200.000000 4022215.625000 7143.382324 42 4
4212000.000000 4022587.500000 13423.650391 1 5
4212200.000000 4022587.500000 13266.468750 2 5
4212400.000000 4022587.500000 13109.279297 3 5
4212600.000000 4022587.500000 12952.588867 4 5
4212800.000000 4022587.500000 12795.407227 5 5
4213000.000000 4022587.500000 12638.717773 6 5
4213200.000000 4022587.500000 12481.536133 7 5
4213400.000000 4022587.500000 12324.346680 8 5
4213600.000000 4022587.500000 12167.657227 9 5
4213800.000000 4022587.500000 12010.975586 10 5
4214000.000000 4022587.500000 11853.786133 11 5
4214200.000000 4022587.500000 11696.605469 12 5
4214400.000000 4022587.500000 11539.416016 13 5
4214600.000000 4022587.500000 11382.726563 14 5
4214800.000000 4022587.500000 11225.545898 15 5
4215000.000000 4022587.500000 11068.856445 16 5
4215200.000000 4022587.500000 10912.174805 17 5
4215400.000000 4022587.500000 10754.985352 18 5
4215600.000000 4022587.500000 10597.795898 19 5
4215800.000000 4022587.500000 10440.615234 20 5
4216000.000000 4022587.500000 10283.924805 21 5
4216200.000000 4022587.500000 10126.743164 22 5
4216400.000000 4022587.500000 9969.552734 23 5
4216600.000000 4022587.500000 9812.361328 24 5
4216800.000000 4022587.500000 9655.676758 25 5
4217000.000000 4022587.500000 9498.483398 26 5
4217200.000000 4022587.500000 9341.797852 27 5
4217400.000000 4022587.500000 9184.602539 28 5
4217600.000000 4022587.500000 9027.406250 29 5
4217800.000000 4022587.500000 8870.216797 30 5
4218000.000000 4022587.500000 8713.017578 31 5
4218200.000000 4022587.500000 8555.815430 32 5
4218400.000000 4022587.500000 8398.618164 33 5
4218600.000000 4022587.500000 8241.409180 34 5
4218800.000000 4022587.500000 8084.197266 35 5
4219000.000000 4022587.500000 7926.989258 36 5
4219200.000000 4022587.500000 7769.769043 37 5
4219400.000000 4022587.500000 7613.053223 38 5
4219600.000000 4022587.500000 7456.325684 39 5
4219800.000000 4022587.500000 7299.097168 40 5
4220000.000000 4022587.500000 7141.876465 41 5
4220200.000000 4022587.500000 6984.648926 42 5
4212000.000000 4022959.375000 13262.957031 1 6
4212200.000000 4022959.375000 13105.775391 2 6
4212400.000000 4022959.375000 12948.585938 3 6
4212600.000000 4022959.375000 12791.895508 4 6
4212800.000000 4022959.375000 12635.213867 5 6
4213000.000000 4022959.375000 12478.523438 6 6
4213200.000000 4022959.375000 12321.342773 7 6
4213400.000000 4022959.375000 12164.652344 8 6
4213600.000000 4022959.375000 12007.971680 9 6
4213800.000000 4022959.375000 11850.782227 10 6
4214000.000000 4022959.375000 11693.592773 11 6
4214200.000000 4022959.375000 11536.412109 12 6
4214400.000000 4022959.375000 11379.722656 13 6
4214600.000000 4022959.375000 11222.542969 14 6
4214800.000000 4022959.375000 11065.853516 15 6
4215000.000000 4022959.375000 10909.164063 16 6
4215200.000000 4022959.375000 10751.983398 17 6
4215400.000000 4022959.375000 10595.293945 18 6
4215600.000000 4022959.375000 10438.113281 19 6
4215800.000000 4022959.375000 10280.924805 20 6
4216000.000000 4022959.375000 10124.235352 21 6
4216200.000000 4022959.375000 9967.053711 22 6
4216400.000000 4022959.375000 9809.863281 23 6
4216600.000000 4022959.375000 9653.179688 24 6
4216800.000000 4022959.375000 9495.988281 25 6
4217000.000000 4022959.375000 9339.294922 26 6
4217200.000000 4022959.375000 9182.110352 27 6
4217400.000000 4022959.375000 9024.916016 28 6
4217600.000000 4022959.375000 8868.227539 29 6
4217800.000000 4022959.375000 8711.029297 30 6
4218000.000000 4022959.375000 8553.830078 31 6
4218200.000000 4022959.375000 8396.635742 32 6
4218400.000000 4022959.375000 8239.428711 33 6
4218600.000000 4022959.375000 8082.218750 34 6
4218800.000000 4022959.375000 7925.013184 35 6
4219000.000000 4022959.375000 7767.793457 36 6
4219200.000000 4022959.375000 7610.568359 37 6
4219400.000000 4022959.375000 7453.846191 38 6
4219600.000000 4022959.375000 7296.612305 39 6
4219800.000000 4022959.375000 7139.384277 40 6
4220000.000000 4022959.375000 6982.148926 41 6
4220200.000000 4022959.375000 6824.916016 42 6
4212000.000000 4023331.250000 13102.262695 1 7
4212200.000000 4023331.250000 12945.082031 2 7
4212400.000000 4023331.250000 12788.391602 3 7
4212600.000000 4023331.250000 12631.709961 4 7
4212800.000000 4023331.250000 12475.019531 5 7
4213000.000000 4023331.250000 12317.831055 6 7
4213200.000000 4023331.250000 12161.149414 7 7
4213400.000000 4023331.250000 12004.458984 8 7
4213600.000000 4023331.250000 11847.778320 9 7
4213800.000000 4023331.250000 11690.588867 10 7
4214000.000000 4023331.250000 11533.408203 11 7
4214200.000000 4023331.250000 11376.219727 12 7
4214400.000000 4023331.250000 11219.530273 13 7
4214600.000000 4023331.250000 11062.849609 14 7
4214800.000000 4023331.250000 10906.161133 15 7
4215000.000000 4023331.250000 10749.479492 16 7
4215200.000000 4023331.250000 10592.291992 17 7
4215400.000000 4023331.250000 10435.602539 18 7
4215600.000000 4023331.250000 10278.422852 19 7
4215800.000000 4023331.250000 10121.733398 20 7
4216000.000000 4023331.250000 9964.553711 21 7
4216200.000000 4023331.250000 9807.863281 22 7
4216400.000000 4023331.250000 9650.673828 23 7
4216600.000000 4023331.250000 9493.991211 24 7
4216800.000000 4023331.250000 9336.799805 25 7
4217000.000000 4023331.250000 9179.617188 26 7
4217200.000000 4023331.250000 9022.923828 27 7
4217400.000000 4023331.250000 8865.729492 28 7
4217600.000000 4023331.250000 8709.041992 29 7
4217800.000000 4023331.250000 8551.844727 30 7
4218000.000000 4023331.250000 8394.653320 31 7
4218200.000000 4023331.250000 8237.451172 32 7
4218400.000000 4023331.250000 8080.244141 33 7
4218600.000000 4023331.250000 7923.041504 34 7
4218800.000000 4023331.250000 7765.826172 35 7
4219000.000000 4023331.250000 7608.603516 36 7
4219200.000000 4023331.250000 7451.379883 37 7
4219400.000000 4023331.250000 7294.640137 38 7
4219600.000000 4023331.250000 7137.403809 39 7
4219800.000000 4023331.250000 6980.156738 40 7
4220000.000000 4023331.250000 6822.411621 41 7
4220200.000000 4023331.250000 6665.178711 42 7
4212000.000000 4023703.125000 12941.569336 1 8
4212200.000000 4023703.125000 12784.887695 2 8
4212400.000000 4023703.125000 12628.197266 3 8
4212600.000000 4023703.125000 12471.515625 4 8
4212800.000000 4023703.125000 12314.327148 5 8
4213000.000000 4023703.125000 12157.645508 6 8
4213200.000000 4023703.125000 12000.955078 7 8
4213400.000000 4023703.125000 11844.265625 8 8
4213600.000000 4023703.125000 11687.085938 9 8
4213800.000000 4023703.125000 11530.396484 10 8
4214000.000000 4023703.125000 11373.714844 11 8
4214200.000000 4023703.125000 11216.526367 12 8
4214400.000000 4023703.125000 11059.338867 13 8
4214600.000000 4023703.125000 10902.658203 14 8
4214800.000000 4023703.125000 10745.968750 15 8
4215000.000000 4023703.125000 10589.788086 16 8
4215200.000000 4023703.125000 10432.600586 17 8
4215400.000000 4023703.125000 10275.420898 18 8
4215600.000000 4023703.125000 10118.732422 19 8
4215800.000000 4023703.125000 9962.051758 20 8
4216000.000000 4023703.125000 9805.363281 21 8
4216200.000000 4023703.125000 9648.174805 22 8
4216400.000000 4023703.125000 9490.995117 23 8
4216600.000000 4023703.125000 9334.304688 24 8
4216800.000000 4023703.125000 9177.114258 25 8
4217000.000000 4023703.125000 9019.932617 26 8
4217200.000000 4023703.125000 8863.240234 27 8
4217400.000000 4023703.125000 8706.554688 28 8
4217600.000000 4023703.125000 8549.859375 29 8
4217800.000000 4023703.125000 8392.671875 30 8
4218000.000000 4023703.125000 8235.472656 31 8
4218200.000000 4023703.125000 8078.271484 32 8
4218400.000000 4023703.125000 7921.073730 33 8
4218600.000000 4023703.125000 7763.863281 34 8
4218800.000000 4023703.125000 7606.648438 35 8
4219000.000000 4023703.125000 7449.428223 36 8
4219200.000000 4023703.125000 7292.184082 37 8
4219400.000000 4023703.125000 7134.927734 38 8
4219600.000000 4023703.125000 6978.169922 39 8
4219800.000000 4023703.125000 6820.402344 40 8
4220000.000000 4023703.125000 6662.636719 41 8
4220200.000000 4023703.125000 6504.886719 42 8
4212000.000000 4024075.000000 12780.883789 1 9
4212200.000000 4024075.000000 12624.194336 2 9
4212400.000000 4024075.000000 12467.503906 3 9
4212600.000000 4024075.000000 12310.822266 4 9
4212800.000000 4024075.000000 12153.633789 5 9
4213000.000000 4024075.000000 11996.952148 6 9
4213200.000000 4024075.000000 11840.262695 7 9
4213400.000000 4024075.000000 11683.573242 8 9
4213600.000000 4024075.000000 11526.892578 9 9
4213800.000000 4024075.000000 11370.203125 10 9
4214000.000000 4024075.000000 11213.522461 11 9
4214200.000000 4024075.000000 11056.333984 12 9
4214400.000000 4024075.000000 10899.654297 13 9
4214600.000000 4024075.000000 10742.965820 14 9
4214800.000000 4024075.000000 10586.285156 15 9
4215000.000000 4024075.000000 10429.597656 16 9
4215200.000000 4024075.000000 10272.410156 17 9
4215400.000000 4024075.000000 10115.730469 18 9
4215600.000000 4024075.000000 9958.542969 19 9
4215800.000000 4024075.000000 9802.362305 20 9
4216000.000000 4024075.000000 9645.674805 21 9
4216200.000000 4024075.000000 9488.495117 22 9
4216400.000000 4024075.000000 9331.307617 23 9
4216600.000000 4024075.000000 9174.619141 24 9
4216800.000000 4024075.000000 9017.937500 25 9
4217000.000000 4024075.000000 8860.749023 26 9
4217200.000000 4024075.000000 8704.066406 27 9
4217400.000000 4024075.000000 8547.374023 28 9
4217600.000000 4024075.000000 8390.680664 29 9
4217800.000000 4024075.000000 8233.494141 30 9
4218000.000000 4024075.000000 8076.297363 31 9
4218200.000000 4024075.000000 7919.106445 32 9
4218400.000000 4024075.000000 7761.902344 33 9
4218600.000000 4024075.000000 7604.693359 34 9
4218800.000000 4024075.000000 7446.985840 35 9
4219000.000000 4024075.000000 7289.746582 36 9
4219200.000000 4024075.000000 7132.979004 37 9
4219400.000000 4024075.000000 6975.700195 38 9
4219600.000000 4024075.000000 6818.896484 39 9
4219800.000000 4024075.000000 6661.090820 40 9
4220000.000000 4024075.000000 6502.298340 41 9
4220200.000000 4024075.000000 6343.510254 42 9
4212000.000000 4024446.875000 12620.190430 1 10
4212200.000000 4024446.875000 12463.500977 2 10
4212400.000000 4024446.875000 12307.318359 3 10
4212600.000000 4024446.875000 12150.628906 4 10
4212800.000000 4024446.875000 11993.439453 5 10
4213000.000000 4024446.875000 11836.758789 6 10
4213200.000000 4024446.875000 11680.069336 7 10
4213400.000000 4024446.875000 11523.388672 8 10
4213600.000000 4024446.875000 11366.699219 9 10
4213800.000000 4024446.875000 11210.018555 10 10
4214000.000000 4024446.875000 11053.330078 11 10
4214200.000000 4024446.875000 10896.641602 12 10
4214400.000000 4024446.875000 10739.961914 13 10
4214600.000000 4024446.875000 10583.273438 14 10
4214800.000000 4024446.875000 10426.593750 15 10
4215000.000000 4024446.875000 10269.906250 16 10
4215200.000000 4024446.875000 10112.727539 17 10
4215400.000000 4024446.875000 9956.040039 18 10
4215600.000000 4024446.875000 9799.352539 19 10
4215800.000000 4024446.875000 9642.673828 20 10
4216000.000000 4024446.875000 9485.986328 21 10
4216200.000000 4024446.875000 9329.307617 22 10
4216400.000000 4024446.875000 9172.121094 23 10
4216600.000000 4024446.875000 9015.442383 24 10
4216800.000000 4024446.875000 8858.753906 25 10
4217000.000000 4024446.875000 8701.566406 26 10
4217200.000000 4024446.875000 8544.885742 27 10
4217400.000000 4024446.875000 8388.196289 28 10
4217600.000000 4024446.875000 8231.012695 29 10
4217800.000000 4024446.875000 8074.319824 30 10
4218000.000000 4024446.875000 7917.125977 31 10
4218200.000000 4024446.875000 7759.938477 32 10
4218400.000000 4024446.875000 7602.737305 33 10
4218600.000000 4024446.875000 7445.037598 34 10
4218800.000000 4024446.875000 7287.316895 35 10
4219000.000000 4024446.875000 7130.060547 36 10
4219200.000000 4024446.875000 6973.770020 37 10
4219400.000000 4024446.875000 6816.937988 38 10
4219600.000000 4024446.875000 6660.087891 39 10
4219800.000000 4024446.875000 6501.230957 40 10
4220000.000000 4024446.875000 6341.384277 41 10
4220200.000000 4024446.875000 6180.560547 42 10
4212000.000000 4024818.750000 12459.497070 1 11
4212200.000000 4024818.750000 12302.807617 2 11
4212400.000000 4024818.750000 12146.625000 3 11
4212600.000000 4024818.750000 11989.935547 4 11
4212800.000000 4024818.750000 11833.246094 5 11
4213000.000000 4024818.750000 11676.565430 6 11
4213200.000000 4024818.750000 11520.375000 7 11
4213400.000000 4024818.750000 11363.694336 8 11
4213600.000000 4024818.750000 11207.005859 9 11
4213800.000000 4024818.750000 11050.325195 10 11
4214000.000000 4024818.750000 10893.137695 11 11
4214200.000000 4024818.750000 10736.458008 12 11
4214400.000000 4024818.750000 10580.269531 13 11
4214600.000000 4024818.750000 10423.589844 14 11
4214800.000000 4024818.750000 10266.403320 15 11
4215000.000000 4024818.750000 10109.715820 16 11
4215200.000000 4024818.750000 9953.037109 17 11
4215400.000000 4024818.750000 9796.349609 18 11
4215600.000000 4024818.750000 9639.671875 19 11
4215800.000000 4024818.750000 9482.985352 20 11
4216000.000000 4024818.750000 9326.306641 21 11
4216200.000000 4024818.750000 9169.621094 22 11
4216400.000000 4024818.750000 9012.935547 23 11
4216600.000000 4024818.750000 8856.257813 24 11
4216800.000000 4024818.750000 8699.073242 25 11
4217000.000000 4024818.750000 8542.394531 26 11
4217200.000000 4024818.750000 8385.708008 27 11
4217400.000000 4024818.750000 8228.520508 28 11
4217600.000000 4024818.750000 8071.839844 29 11
4217800.000000 4024818.750000 7914.650391 30 11
4218000.000000 4024818.750000 7757.968262 31 11
4218200.000000 4024818.750000 7600.776855 32 11
4218400.000000 4024818.750000 7443.078613 33 11
4218600.000000 4024818.750000 7285.375488 34 11
4218800.000000 4024818.750000 7128.143555 35 11
4219000.000000 4024818.750000 6971.361816 36 11
4219200.000000 4024818.750000 6815.033691 37 11
4219400.000000 4024818.750000 6658.654297 38 11
4219600.000000 4024818.750000 6501.722656 39 11
4219800.000000 4024818.750000 6341.795410 40 11
4220000.000000 4024818.750000 6179.887695 41 11
4220200.000000 4024818.750000 6016.508789 42 11
4212000.000000 4025190.625000 12298.803711 1 12
4212200.000000 4025190.625000 12142.114258 2 12
4212400.000000 4025190.625000 11985.931641 3 12
4212600.000000 4025190.625000 11829.242188 4 12
4212800.000000 4025190.625000 11673.060547 5 12
4213000.000000 4025190.625000 11516.372070 6 12
4213200.000000 4025190.625000 11360.190430 7 12
4213400.000000 4025190.625000 11203.501953 8 12
4213600.000000 4025190.625000 11046.821289 9 12
4213800.000000 4025190.625000 10890.132813 10 12
4214000.000000 4025190.625000 10733.444336 11 12
4214200.000000 4025190.625000 10576.765625 12 12
4214400.000000 4025190.625000 10420.078125 13 12
4214600.000000 4025190.625000 10263.398438 14 12
4214800.000000 4025190.625000 10106.711914 15 12
4215000.000000 4025190.625000 9950.033203 16 12
4215200.000000 4025190.625000 9793.346680 17 12
4215400.000000 4025190.625000 9636.660156 18 12
4215600.000000 4025190.625000 9479.982422 19 12
4215800.000000 4025190.625000 9323.296875 20 12
4216000.000000 4025190.625000 9166.620117 21 12
4216200.000000 4025190.625000 9010.434570 22 12
4216400.000000 4025190.625000 8853.759766 23 12
4216600.000000 4025190.625000 8697.076172 24 12
4216800.000000 4025190.625000 8539.901367 25 12
4217000.000000 4025190.625000 8382.717773 26 12
4217200.000000 4025190.625000 8226.034180 27 12
4217400.000000 4025190.625000 8069.357910 28 12
4217600.000000 4025190.625000 7912.672852 29 12
4217800.000000 4025190.625000 7755.496582 30 12
4218000.000000 4025190.625000 7598.811523 31 12
4218200.000000 4025190.625000 7441.125488 32 12
4218400.000000 4025190.625000 7283.431641 33 12
4218600.000000 4025190.625000 7126.206055 34 12
4218800.000000 4025190.625000 6969.449707 35 12
4219000.000000 4025190.625000 6813.145508 36 12
4219200.000000 4025190.625000 6657.784180 37 12
4219400.000000 4025190.625000 6501.836426 38 12
4219600.000000 4025190.625000 6344.313965 39 12
4219800.000000 4025190.625000 6182.745117 40 12
4220000.000000 4025190.625000 6018.201660 41 12
4220200.000000 4025190.625000 5851.688965 42 12
4212000.000000 4025562.500000 12138.609375 1 13
4212200.000000 4025562.500000 11981.919922 2 13
4212400.000000 4025562.500000 11825.738281 3 13
4212600.000000 4025562.500000 11669.048828 4 13
4212800.000000 4025562.500000 11512.867188 5 13
4213000.000000 4025562.500000 11356.178711 6 13
4213200.000000 4025562.500000 11199.997070 7 13
4213400.000000 4025562.500000 11043.308594 8 13
4213600.000000 4025562.500000 10886.628906 9 13
4213800.000000 4025562.500000 10729.940430 10 13
4214000.000000 4025562.500000 10573.252930 11 13
4214200.000000 4025562.500000 10416.573242 12 13
4214400.000000 4025562.500000 10259.885742 13 13
4214600.000000 4025562.500000 10103.208008 14 13
4214800.000000 4025562.500000 9946.521484 15 13
4215000.000000 4025562.500000 9790.342773 16 13
4215200.000000 4025562.500000 9633.657227 17 13
4215400.000000 4025562.500000 9476.979492 18 13
4215600.000000 4025562.500000 9320.294922 19 13
4215800.000000 4025562.500000 9164.117188 20 13
4216000.000000 4025562.500000 9007.433594 21 13
4216200.000000 4025562.500000 8850.758789 22 13
4216400.000000 4025562.500000 8694.077148 23 13
4216600.000000 4025562.500000 8537.396484 24 13
4216800.000000 4025562.500000 8380.723633 25 13
4217000.000000 4025562.500000 8223.543945 26 13
4217200.000000 4025562.500000 8066.872070 27 13
4217400.000000 4025562.500000 7910.691406 28 13
4217600.000000 4025562.500000 7754.020020 29 13
4217800.000000 4025562.500000 7596.841797 30 13
4218000.000000 4025562.500000 7439.163086 31 13
4218200.000000 4025562.500000 7281.487305 32 13
4218400.000000 4025562.500000 7124.275391 33 13
4218600.000000 4025562.500000 6967.532715 34 13
4218800.000000 4025562.500000 6811.764648 35 13
4219000.000000 4025562.500000 6656.960938 36 13
4219200.000000 4025562.500000 6502.623535 37 13
4219400.000000 4025562.500000 6347.147949 38 13
4219600.000000 4025562.500000 6188.474121 39 13
4219800.000000 4025562.500000 6024.536621 40 13
4220000.000000 4025562.500000 5856.061035 41 13
4220200.000000 4025562.500000 5685.135254 42 13
4212000.000000 4025934.375000 11978.415039 1 14
4212200.000000 4025934.375000 11821.725586 2 14
4212400.000000 4025934.375000 11665.044922 3 14
4212600.000000 4025934.375000 11508.855469 4 14
4212800.000000 4025934.375000 11352.174805 5 14
4213000.000000 4025934.375000 11195.984375 6 14
4213200.000000 4025934.375000 11039.304688 7 14
4213400.000000 4025934.375000 10883.115234 8 14
4213600.000000 4025934.375000 10726.435547 9 14
4213800.000000 4025934.375000 10569.748047 10 14
4214000.000000 4025934.375000 10413.568359 11 14
4214200.000000 4025934.375000 10256.880859 12 14
4214400.000000 4025934.375000 10100.202148 13 14
4214600.000000 4025934.375000 9943.516602 14 14
4214800.000000 4025934.375000 9786.830078 15 14
4215000.000000 4025934.375000 9630.153320 16 14
4215200.000000 4025934.375000 9473.966797 17 14
4215400.000000 4025934.375000 9317.291016 18 14
4215600.000000 4025934.375000 9161.106445 19 14
4215800.000000 4025934.375000 9004.430664 20 14
4216000.000000 4025934.375000 8847.748047 21 14
4216200.000000 4025934.375000 8691.075195 22 14
4216400.000000 4025934.375000 8534.395508 23 14
4216600.000000 4025934.375000 8377.726563 24 14
4216800.000000 4025934.375000 8221.048828 25 14
4217000.000000 4025934.375000 8064.380371 26 14
4217200.000000 4025934.375000 7907.704590 27 14
4217400.000000 4025934.375000 7751.529297 28 14
4217600.000000 4025934.375000 7594.864746 29 14
4217800.000000 4025934.375000 7437.692871 30 14
4218000.000000 4025934.375000 7280.029785 31 14
4218200.000000 4025934.375000 7122.349121 32 14
4218400.000000 4025934.375000 6965.138184 33 14
4218600.000000 4025934.375000 6809.906250 34 14
4218800.000000 4025934.375000 6655.653809 35 14
4219000.000000 4025934.375000 6503.416504 36 14
4219200.000000 4025934.375000 6350.685059 37 14
4219400.000000 4025934.375000 6195.244629 38 14
4219600.000000 4025934.375000 6034.866699 39 14
4219800.000000 4025934.375000 5867.072266 40 14
4220000.000000 4025934.375000 5694.271973 41 14
4220200.000000 4025934.375000 5518.218750 42 14
4212000.000000 4026306.250000 11817.721680 1 15
4212200.000000 4026306.250000 11661.540039 2 15
4212400.000000 4026306.250000 11504.851563 3 15
4212600.000000 4026306.250000 11348.661133 4 15
4212800.000000 4026306.250000 11191.980469 5 15
4213000.000000 4026306.250000 11035.791016 6 15
4213200.000000 4026306.250000 10879.111328 7 15
4213400.000000 4026306.250000 10722.422852 8 15
4213600.000000 4026306.250000 10566.243164 9 15
4213800.000000 4026306.250000 10409.555664 10 15
4214000.000000 4026306.250000 10253.375977 11 15
4214200.000000 4026306.250000 10096.689453 12 15
4214400.000000 4026306.250000 9940.010742 13 15
4214600.000000 4026306.250000 9783.824219 14 15
4214800.000000 4026306.250000 9627.147461 15 15
4215000.000000 4026306.250000 9470.462891 16 15
4215200.000000 4026306.250000 9314.286133 17 15
4215400.000000 4026306.250000 9157.602539 18 15
4215600.000000 4026306.250000 9001.426758 19 15
4215800.000000 4026306.250000 8844.743164 20 15
4216000.000000 4026306.250000 8688.569336 21 15
4216200.000000 4026306.250000 8531.890625 22 15
4216400.000000 4026306.250000 8375.213867 23 15
4216600.000000 4026306.250000 8218.547852 24 15
4216800.000000 4026306.250000 8061.874023 25 15
4217000.000000 4026306.250000 7905.709473 26 15
4217200.000000 4026306.250000 7749.038086 27 15
4217400.000000 4026306.250000 7592.877441 28 15
4217600.000000 4026306.250000 7435.712402 29 15
4217800.000000 4026306.250000 7278.557617 30 15
4218000.000000 4026306.250000 7120.894043 31 15
4218200.000000 4026306.250000 6962.723633 32 15
4218400.000000 4026306.250000 6806.541992 33 15
4218600.000000 4026306.250000 6651.845703 34 15
4218800.000000 4026306.250000 6499.669922 35 15
4219000.000000 4026306.250000 6349.603516 36 15
4219200.000000 4026306.250000 6199.086914 37 15
4219400.000000 4026306.250000 6044.722168 38 15
4219600.000000 4026306.250000 5883.499512 39 15
4219800.000000 4026306.250000 5711.039063 40 15
4220000.000000 4026306.250000 5533.013184 41 15
4220200.000000 4026306.250000 5352.279785 42 15
4212000.000000 4026678.125000 11657.028320 1 16
4212200.000000 4026678.125000 11500.846680 2 16
4212400.000000 4026678.125000 11344.657227 3 16
4212600.000000 4026678.125000 11187.976563 4 16
4212800.000000 4026678.125000 11031.787109 5 16
4213000.000000 4026678.125000 10875.106445 6 16
4213200.000000 4026678.125000 10718.917969 7 16
4213400.000000 4026678.125000 10562.229492 8 16
4213600.000000 4026678.125000 10406.049805 9 16
4213800.000000 4026678.125000 10249.362305 10 16
4214000.000000 4026678.125000 10093.183594 11 16
4214200.000000 4026678.125000 9936.497070 12 16
4214400.000000 4026678.125000 9780.319336 13 16
4214600.000000 4026678.125000 9624.132813 14 16
4214800.000000 4026678.125000 9467.456055 15 16
4215000.000000 4026678.125000 9310.772461 16 16
4215200.000000 4026678.125000 9154.595703 17 16
4215400.000000 4026678.125000 8997.913086 18 16
4215600.000000 4026678.125000 8841.738281 19 16
4215800.000000 4026678.125000 8685.555664 20 16
4216000.000000 4026678.125000 8528.883789 21 16
4216200.000000 4026678.125000 8372.207031 22 16
4216400.000000 4026678.125000 8215.541016 23 16
4216600.000000 4026678.125000 8059.369141 24 16
4216800.000000 4026678.125000 7902.708008 25 16
4217000.000000 4026678.125000 7746.540039 26 16
4217200.000000 4026678.125000 7589.882324 27 16
4217400.000000 4026678.125000 7433.720215 28 16
4217600.000000 4026678.125000 7276.564453 29 16
4217800.000000 4026678.125000 7119.419434 30 16
4218000.000000 4026678.125000 6961.768066 31 16
4218200.000000 4026678.125000 6803.618652 32 16
4218400.000000 4026678.125000 6647.493652 33 16
4218600.000000 4026678.125000 6493.907227 34 16
4218800.000000 4026678.125000 6342.896484 35 16
4219000.000000 4026678.125000 6195.621582 36 16
4219200.000000 4026678.125000 6048.469238 37 16
4219400.000000 4026678.125000 5896.737793 38 16
4219600.000000 4026678.125000 5735.401367 39 16
4219800.000000 4026678.125000 5558.228516 40 16
4220000.000000 4026678.125000 5373.797852 41 16
4220200.000000 4026678.125000 5189.908691 42 16
4212000.000000 4027050.000000 11496.833984 1 17
4212200.000000 4027050.000000 11340.653320 2 17
4212400.000000 4027050.000000 11183.963867 3 17
4212600.000000 4027050.000000 11027.783203 4 17
4212800.000000 4027050.000000 10871.093750 5 17
4213000.000000 4027050.000000 10714.913086 6 17
4213200.000000 4027050.000000 10558.225586 7 17
4213400.000000 4027050.000000 10402.044922 8 17
4213600.000000 4027050.000000 10245.857422 9 17
4213800.000000 4027050.000000 10089.677734 10 17
4214000.000000 4027050.000000 9932.991211 11 17
4214200.000000 4027050.000000 9776.812500 12 17
4214400.000000 4027050.000000 9620.626953 13 17
4214600.000000 4027050.000000 9464.449219 14 17
4214800.000000 4027050.000000 9307.764648 15 17
4215000.000000 4027050.000000 9151.089844 16 17
4215200.000000 4027050.000000 8994.407227 17 17
4215400.000000 4027050.000000 8838.223633 18 17
4215600.000000 4027050.000000 8682.049805 19 17
4215800.000000 4027050.000000 8525.876953 20 17
4216000.000000 4027050.000000 8369.197266 21 17
4216200.000000 4027050.000000 8212.522461 22 17
4216400.000000 4027050.000000 8056.358887 23 17
4216600.000000 4027050.000000 7900.190430 24 17
4216800.000000 4027050.000000 7743.533691 25 17
4217000.000000 4027050.000000 7587.370605 26 17
4217200.000000 4027050.000000 7431.218262 27 17
4217400.000000 4027050.000000 7274.564453 28 17
4217600.000000 4027050.000000 7117.426270 29 17
4217800.000000 4027050.000000 6959.785645 30 17
4218000.000000 4027050.000000 6802.148438 31 17
4218200.000000 4027050.000000 6644.530273 32 17
4218400.000000 4027050.000000 6488.955566 33 17
4218600.000000 4027050.000000 6335.971191 34 17
4218800.000000 4027050.000000 6185.630859 35 17
4219000.000000 4027050.000000 6040.159668 36 17
4219200.000000 4027050.000000 5897.078613 37 17
4219400.000000 4027050.000000 5751.298828 38 17
4219600.000000 4027050.000000 5596.463379 39 17
4219800.000000 4027050.000000 5419.372070 40 17
4220000.000000 4027050.000000 5228.168945 41 17
4220200.000000 4027050.000000 5041.854004 42 17
4212000.000000 4027421.875000 11336.140625 1 18
4212200.000000 4027421.875000 11179.959961 2 18
4212400.000000 4027421.875000 11023.769531 3 18
4212600.000000 4027421.875000 10867.588867 4 18
4212800.000000 4027421.875000 10710.900391 5 18
4213000.000000 4027421.875000 10554.719727 6 18
4213200.000000 4027421.875000 10398.531250 7 18
4213400.000000 4027421.875000 10241.851563 8 18
4213600.000000 4027421.875000 10085.664063 9 18
4213800.000000 4027421.875000 9929.485352 10 18
4214000.000000 4027421.875000 9773.297852 11 18
4214200.000000 4027421.875000 9617.120117 12 18
4214400.000000 4027421.875000 9460.934570 13 18
4214600.000000 4027421.875000 9304.257813 14 18
4214800.000000 4027421.875000 9147.574219 15 18
4215000.000000 4027421.875000 8990.899414 16 18
4215200.000000 4027421.875000 8834.716797 17 18
4215400.000000 4027421.875000 8678.542969 18 18
4215600.000000 4027421.875000 8522.860352 19 18
4215800.000000 4027421.875000 8366.188477 20 18
4216000.000000 4027421.875000 8209.510742 21 18
4216200.000000 4027421.875000 8052.845703 22 18
4216400.000000 4027421.875000 7896.676758 23 18
4216600.000000 4027421.875000 7740.520508 24 18
4216800.000000 4027421.875000 7583.859863 25 18
4217000.000000 4027421.875000 7427.709961 26 18
4217200.000000 4027421.875000 7271.555664 27 18
4217400.000000 4027421.875000 7115.417480 28 18
4217600.000000 4027421.875000 6958.281738 29 18
4217800.000000 4027421.875000 6801.153320 30 18
4218000.000000 4027421.875000 6643.541016 31 18
4218200.000000 4027421.875000 6485.940918 32 18
4218400.000000 4027421.875000 6329.926758 33 18
4218600.000000 4027421.875000 6176.020996 34 18
4218800.000000 4027421.875000 6024.305176 35 18
4219000.000000 4027421.875000 5879.087402 36 18
4219200.000000 4027421.875000 5741.015625 37 18
4219400.000000 4027421.875000 5604.916504 38 18
4219600.000000 4027421.875000 5462.280762 39 18
4219800.000000 4027421.875000 5294.692871 40 18
4220000.000000 4027421.875000 5109.383301 41 18
4220200.000000 4027421.875000 4920.909668 42 18
4212000.000000 4027793.750000 11175.447266 1 19
4212200.000000 4027793.750000 11019.265625 2 19
4212400.000000 4027793.750000 10863.077148 3 19
4212600.000000 4027793.750000 10706.895508 4 19
4212800.000000 4027793.750000 10550.707031 5 19
4213000.000000 4027793.750000 10394.526367 6 19
4213200.000000 4027793.750000 10238.345703 7 19
4213400.000000 4027793.750000 10082.158203 8 19
4213600.000000 4027793.750000 9925.978516 9 19
4213800.000000 4027793.750000 9769.791992 10 19
4214000.000000 4027793.750000 9613.113281 11 19
4214200.000000 4027793.750000 9456.927734 12 19
4214400.000000 4027793.750000 9300.742188 13 19
4214600.000000 4027793.750000 9144.566406 14 19
4214800.000000 4027793.750000 8987.882813 15 19
4215000.000000 4027793.750000 8831.208008 16 19
4215200.000000 4027793.750000 8675.026367 17 19
4215400.000000 4027793.750000 8519.352539 18 19
4215600.000000 4027793.750000 8363.179688 19 19
4215800.000000 4027793.750000 8206.500977 20 19
4216000.000000 4027793.750000 8049.823730 21 19
4216200.000000 4027793.750000 7893.659668 22 19
4216400.000000 4027793.750000 7737.493652 23 19
4216600.000000 4027793.750000 7580.840820 24 19
4216800.000000 4027793.750000 7424.684082 25 19
4217000.000000 4027793.750000 7268.539063 26 19
4217200.000000 4027793.750000 7112.391113 27 19
4217400.000000 4027793.750000 6955.762207 28 19
4217600.000000 4027793.750000 6799.137207 29 19
4217800.000000 4027793.750000 6642.032227 30 19
4218000.000000 4027793.750000 6484.431152 31 19
4218200.000000 4027793.750000 6326.857422 32 19
4218400.000000 4027793.750000 6170.381836 33 19
4218600.000000 4027793.750000 6014.530273 34 19
4218800.000000 4027793.750000 5859.390625 35 19
4219000.000000 4027793.750000 5711.784180 36 19
4219200.000000 4027793.750000 5575.896484 37 19
4219400.000000 4027793.750000 5446.677734 38 19
4219600.000000 4027793.750000 5311.425781 39 19
4219800.000000 4027793.750000 5151.056641 40 19
4220000.000000 4027793.750000 4973.708008 41 19
4220200.000000 4027793.750000 4788.702148 42 19
4212000.000000 4028165.625000 11015.252930 1 20
4212200.000000 4028165.625000 10859.072266 2 20
4212400.000000 4028165.625000 10702.882813 3 20
4212600.000000 4028165.625000 10546.702148 4 20
4212800.000000 4028165.625000 10390.521484 5 20
4213000.000000 4028165.625000 10234.333008 6 20
4213200.000000 4028165.625000 10078.152344 7 20
4213400.000000 4028165.625000 9921.964844 8 20
4213600.000000 4028165.625000 9765.785156 9 20
4213800.000000 4028165.625000 9609.598633 10 20
4214000.000000 4028165.625000 9453.419922 11 20
4214200.000000 4028165.625000 9297.234375 12 20
4214400.000000 4028165.625000 9141.057617 13 20
4214600.000000 4028165.625000 8984.873047 14 20
4214800.000000 4028165.625000 8828.198242 15 20
4215000.000000 4028165.625000 8672.015625 16 20
4215200.000000 4028165.625000 8515.842773 17 20
4215400.000000 4028165.625000 8359.661133 18 20
4215600.000000 4028165.625000 8203.490234 19 20
4215800.000000 4028165.625000 8047.311035 20 20
4216000.000000 4028165.625000 7890.643066 21 20
4216200.000000 4028165.625000 7734.472656 22 20
4216400.000000 4028165.625000 7577.817383 23 20
4216600.000000 4028165.625000 7421.659180 24 20
4216800.000000 4028165.625000 7265.514160 25 20
4217000.000000 4028165.625000 7109.365723 26 20
4217200.000000 4028165.625000 6952.731934 27 20
4217400.000000 4028165.625000 6796.601563 28 20
4217600.000000 4028165.625000 6639.996094 29 20
4217800.000000 4028165.625000 6482.897461 30 20
4218000.000000 4028165.625000 6325.814453 31 20
4218200.000000 4028165.625000 6167.770508 32 20
4218400.000000 4028165.625000 6010.797852 33 20
4218600.000000 4028165.625000 5853.437988 34 20
4218800.000000 4028165.625000 5694.755371 35 20
4219000.000000 4028165.625000 5541.027832 36 20
4219200.000000 4028165.625000 5402.828613 37 20
4219400.000000 4028165.625000 5277.429688 38 20
4219600.000000 4028165.625000 5138.071777 39 20
4219800.000000 4028165.625000 4981.085449 40 20
4220000.000000 4028165.625000 4810.548828 41 20
4220200.000000 4028165.625000 4635.090332 42 20
4212000.000000 4028537.500000 10855.067383 1 21
4212200.000000 4028537.500000 10698.877930 2 21
4212400.000000 4028537.500000 10542.697266 3 21
4212600.000000 4028537.500000 10386.507813 4 21
4212800.000000 4028537.500000 10230.327148 5 21
4213000.000000 4028537.500000 10074.138672 6 21
4213200.000000 4028537.500000 9917.958984 7 21
4213400.000000 4028537.500000 9761.771484 8 21
4213600.000000 4028537.500000 9605.591797 9 21
4213800.000000 4028537.500000 9449.405273 10 21
4214000.000000 4028537.500000 9293.227539 11 21
4214200.000000 4028537.500000 9137.541016 12 21
4214400.000000 4028537.500000 8981.364258 13 21
4214600.000000 4028537.500000 8825.180664 14 21
4214800.000000 4028537.500000 8668.505859 15 21
4215000.000000 4028537.500000 8512.823242 16 21
4215200.000000 4028537.500000 8356.650391 17 21
4215400.000000 4028537.500000 8200.478516 18 21
4215600.000000 4028537.500000 8043.799316 19 21
4215800.000000 4028537.500000 7888.128418 20 21
4216000.000000 4028537.500000 7731.453125 21 21
4216200.000000 4028537.500000 7575.291992 22 21
4216400.000000 4028537.500000 7418.630371 23 21
4216600.000000 4028537.500000 7262.482910 24 21
4216800.000000 4028537.500000 7106.333008 25 21
4217000.000000 4028537.500000 6950.196289 26 21
4217200.000000 4028537.500000 6793.558594 27 21
4217400.000000 4028537.500000 6637.434570 28 21
4217600.000000 4028537.500000 6480.837891 29 21
4217800.000000 4028537.500000 6323.750977 30 21
4218000.000000 4028537.500000 6166.690430 31 21
4218200.000000 4028537.500000 6008.653320 32 21
4218400.000000 4028537.500000 5850.675781 33 21
4218600.000000 4028537.500000 5692.277344 34 21
4218800.000000 4028537.500000 5530.004883 35 21
4219000.000000 4028537.500000 5370.049805 36 21
4219200.000000 4028537.500000 5228.415527 37 21
4219400.000000 4028537.500000 5106.884277 38 21
4219600.000000 4028537.500000 4960.660156 39 21
4219800.000000 4028537.500000 4802.885254 40 21
4220000.000000 4028537.500000 4639.766113 41 21
4220200.000000 4028537.500000 4473.937012 42 21
4212000.000000 4028909.375000 10694.873047 1 22
4212200.000000 4028909.375000 10538.683594 2 22
4212400.000000 4028909.375000 10382.502930 3 22
4212600.000000 4028909.375000 10226.313477 4 22
4212800.000000 4028909.375000 10070.133789 5 22
4213000.000000 4028909.375000 9913.945313 6 22
4213200.000000 4028909.375000 9757.765625 7 22
4213400.000000 4028909.375000 9601.577148 8 22
4213600.000000 4028909.375000 9445.398438 9 22
4213800.000000 4028909.375000 9289.719727 10 22
4214000.000000 4028909.375000 9134.033203 11 22
4214200.000000 4028909.375000 8977.855469 12 22
4214400.000000 4028909.375000 8821.670898 13 22
4214600.000000 4028909.375000 8665.496094 14 22
4214800.000000 4028909.375000 8509.312500 15 22
4215000.000000 4028909.375000 8353.138672 16 22
4215200.000000 4028909.375000 8196.958008 17 22
4215400.000000 4028909.375000 8040.786133 18 22
4215600.000000 4028909.375000 7884.606934 19 22
4215800.000000 4028909.375000 7728.936523 20 22
4216000.000000 4028909.375000 7572.262207 21 22
4216200.000000 4028909.375000 7416.101563 22 22
4216400.000000 4028909.375000 7259.940918 23 22
4216600.000000 4028909.375000 7103.794434 24 22
4216800.000000 4028909.375000 6947.646484 25 22
4217000.000000 4028909.375000 6791.012695 26 22
4217200.000000 4028909.375000 6634.377441 27 22
4217400.000000 4028909.375000 6478.265137 28 22
4217600.000000 4028909.375000 6321.665039 29 22
4217800.000000 4028909.375000 6164.592285 30 22
4218000.000000 4028909.375000 6008.030273 31 22
4218200.000000 4028909.375000 5850.499023 32 22
4218400.000000 4028909.375000 5692.516602 33 22
4218600.000000 4028909.375000 5532.562988 34 22
4218800.000000 4028909.375000 5367.685059 35 22
4219000.000000 4028909.375000 5202.478027 36 22
4219200.000000 4028909.375000 5053.935059 37 22
4219400.000000 4028909.375000 4926.364746 38 22
4219600.000000 4028909.375000 4778.603516 39 22
4219800.000000 4028909.375000 4622.876465 40 22
4220000.000000 4028909.375000 4465.492676 41 22
4220200.000000 4028909.375000 4307.530273 42 22
4212000.000000 4029281.250000 10534.179688 1 23
4212200.000000 4029281.250000 10378.489258 2 23
4212400.000000 4029281.250000 10222.308594 3 23
4212600.000000 4029281.250000 10066.127930 4 23
4212800.000000 4029281.250000 9909.939453 5 23
4213000.000000 4029281.250000 9753.750977 6 23
4213200.000000 4029281.250000 9597.571289 7 23
4213400.000000 4029281.250000 9441.391602 8 23
4213600.000000 4029281.250000 9285.205078 9 23
4213800.000000 4029281.250000 9129.526367 10 23
4214000.000000 4029281.250000 8973.838867 11 23
4214200.000000 4029281.250000 8818.162109 12 23
4214400.000000 4029281.250000 8661.977539 13 23
4214600.000000 4029281.250000 8505.801758 14 23
4214800.000000 4029281.250000 8349.619141 15 23
4215000.000000 4029281.250000 8193.445313 16 23
4215200.000000 4029281.250000 8037.264648 17 23
4215400.000000 4029281.250000 7881.592285 18 23
4215600.000000 4029281.250000 7725.421387 19 23
4215800.000000 4029281.250000 7569.243652 20 23
4216000.000000 4029281.250000 7413.077148 21 23
4216200.000000 4029281.250000 7257.408203 22 23
4216400.000000 4029281.250000 7101.255371 23 23
4216600.000000 4029281.250000 6945.101074 24 23
4216800.000000 4029281.250000 6788.461914 25 23
4217000.000000 4029281.250000 6632.318848 26 23
4217200.000000 4029281.250000 6475.691406 27 23
4217400.000000 4029281.250000 6319.069824 28 23
4217600.000000 4029281.250000 6162.475098 29 23
4217800.000000 4029281.250000 6005.890137 30 23
4218000.000000 4029281.250000 5849.324219 31 23
4218200.000000 4029281.250000 5691.797363 32 23
4218400.000000 4029281.250000 5534.293945 33 23
4218600.000000 4029281.250000 5374.319336 34 23
4218800.000000 4029281.250000 5209.374023 35 23
4219000.000000 4029281.250000 5043.515625 36 23
4219200.000000 4029281.250000 4890.233887 37 23
4219400.000000 4029281.250000 4749.895020 38 23
4219600.000000 4029281.250000 4600.895996 39 23
4219800.000000 4029281.250000 4448.717285 40 23
4220000.000000 4029281.250000 4294.424316 41 23
4220200.000000 4029281.250000 4139.575684 42 23
4212000.000000 4029653.125000 10373.985352 1 24
4212200.000000 4029653.125000 10217.795898 2 24
4212400.000000 4029653.125000 10062.114258 3 24
4212600.000000 4029653.125000 9905.933594 4 24
4212800.000000 4029653.125000 9749.745117 5 24
4213000.000000 4029653.125000 9593.565430 6 24
4213200.000000 4029653.125000 9437.376953 7 24
4213400.000000 4029653.125000 9281.697266 8 24
4213600.000000 4029653.125000 9125.509766 9 24
4213800.000000 4029653.125000 8969.831055 10 24
4214000.000000 4029653.125000 8813.645508 11 24
4214200.000000 4029653.125000 8657.967773 12 24
4214400.000000 4029653.125000 8501.791992 13 24
4214600.000000 4029653.125000 8346.107422 14 24
4214800.000000 4029653.125000 8189.933105 15 24
4215000.000000 4029653.125000 8033.251465 16 24
4215200.000000 4029653.125000 7877.578613 17 24
4215400.000000 4029653.125000 7721.897949 18 24
4215600.000000 4029653.125000 7565.727539 19 24
4215800.000000 4029653.125000 7410.048828 20 24
4216000.000000 4029653.125000 7254.381348 21 24
4216200.000000 4029653.125000 7098.212402 22 24
4216400.000000 4029653.125000 6942.059082 23 24
4216600.000000 4029653.125000 6785.912109 24 24
4216800.000000 4029653.125000 6629.263184 25 24
4217000.000000 4029653.125000 6473.118164 26 24
4217200.000000 4029653.125000 6316.488281 27 24
4217400.000000 4029653.125000 6159.862305 28 24
4217600.000000 4029653.125000 6003.260742 29 24
4217800.000000 4029653.125000 5846.666504 30 24
4218000.000000 4029653.125000 5690.098145 31 24
4218200.000000 4029653.125000 5533.049316 32 24
4218400.000000 4029653.125000 5375.530273 33 24
4218600.000000 4029653.125000 5216.534180 34 24
4218800.000000 4029653.125000 5054.061523 35 24
4219000.000000 4029653.125000 4892.128906 36 24
4219200.000000 4029653.125000 4738.713867 37 24
4219400.000000 4029653.125000 4588.264160 38 24
4219600.000000 4029653.125000 4434.707520 39 24
4219800.000000 4029653.125000 4281.049805 40 24
4220000.000000 4029653.125000 4126.322754 41 24
4220200.000000 4029653.125000 3971.543457 42 24
4212000.000000 4030025.000000 10213.790039 1 25
4212200.000000 4030025.000000 10057.609375 2 25
4212400.000000 4030025.000000 9901.420898 3 25
4212600.000000 4030025.000000 9745.739258 4 25
4212800.000000 4030025.000000 9589.550781 5 25
4213000.000000 4030025.000000 9433.870117 6 25
4213200.000000 4030025.000000 9277.682617 7 25
4213400.000000 4030025.000000 9122.001953 8 25
4213600.000000 4030025.000000 8965.815430 9 25
4213800.000000 4030025.000000 8810.136719 10 25
4214000.000000 4030025.000000 8653.958984 11 25
4214200.000000 4030025.000000 8498.273438 12 25
4214400.000000 4030025.000000 8342.097656 13 25
4214600.000000 4030025.000000 8185.913574 14 25
4214800.000000 4030025.000000 8029.738770 15 25
4215000.000000 4030025.000000 7874.056152 16 25
4215200.000000 4030025.000000 7718.383301 17 25
4215400.000000 4030025.000000 7562.211426 18 25
4215600.000000 4030025.000000 7406.531738 19 25
4215800.000000 4030025.000000 7250.861328 20 25
4216000.000000 4030025.000000 7095.185547 21 25
4216200.000000 4030025.000000 6939.024414 22 25
4216400.000000 4030025.000000 6782.861816 23 25
4216600.000000 4030025.000000 6626.713379 24 25
4216800.000000 4030025.000000 6470.561523 25 25
4217000.000000 4030025.000000 6314.422363 26 25
4217200.000000 4030025.000000 6157.780762 27 25
4217400.000000 4030025.000000 6001.157715 28 25
4217600.000000 4030025.000000 5844.540527 29 25
4217800.000000 4030025.000000 5687.444824 30 25
4218000.000000 4030025.000000 5530.855469 31 25
4218200.000000 4030025.000000 5374.289063 32 25
4218400.000000 4030025.000000 5216.760254 33 25
4218600.000000 4030025.000000 5058.242676 34 25
4218800.000000 4030025.000000 4898.240234 35 25
4219000.000000 4030025.000000 4739.750000 36 25
4219200.000000 4030025.000000 4584.766602 37 25
4219400.000000 4030025.000000 4429.739746 38 25
4219600.000000 4030025.000000 4272.662109 39 25
4219800.000000 4030025.000000 4116.518066 40 25
4220000.000000 4030025.000000 3959.841797 41 25
4220200.000000 4030025.000000 3803.114014 42 25
4212000.000000 4030396.875000 10053.096680 1 26
4212200.000000 4030396.875000 9897.415039 2 26
4212400.000000 4030396.875000 9741.225586 3 26
4212600.000000 4030396.875000 9585.045898 4 26
4212800.000000 4030396.875000 9429.356445 5 26
4213000.000000 4030396.875000 9273.675781 6 26
4213200.000000 4030396.875000 9117.995117 7 26
4213400.000000 4030396.875000 8961.807617 8 26
4213600.000000 4030396.875000 8805.628906 9 26
4213800.000000 4030396.875000 8649.942383 10 26
4214000.000000 4030396.875000 8494.263672 11 26
4214200.000000 4030396.875000 8338.079102 12 26
4214400.000000 4030396.875000 8181.902832 13 26
4214600.000000 4030396.875000 8026.218262 14 26
4214800.000000 4030396.875000 7870.542969 15 26
4215000.000000 4030396.875000 7714.868652 16 26
4215200.000000 4030396.875000 7558.687988 17 26
4215400.000000 4030396.875000 7403.015625 18 26
4215600.000000 4030396.875000 7247.335449 19 26
4215800.000000 4030396.875000 7091.665039 20 26
4216000.000000 4030396.875000 6935.997070 21 26
4216200.000000 4030396.875000 6779.826660 22 26
4216400.000000 4030396.875000 6623.671387 23 26
4216600.000000 4030396.875000 6467.512695 24 26
4216800.000000 4030396.875000 6311.366699 25 26
4217000.000000 4030396.875000 6155.216309 26 26
4217200.000000 4030396.875000 5998.579590 27 26
4217400.000000 4030396.875000 5841.942871 28 26
4217600.000000 4030396.875000 5685.325684 29 26
4217800.000000 4030396.875000 5528.211426 30 26
4218000.000000 4030396.875000 5371.608398 31 26
4218200.000000 4030396.875000 5214.534180 32 26
4218400.000000 4030396.875000 5057.475586 33 26
4218600.000000 4030396.875000 4899.434082 34 26
4218800.000000 4030396.875000 4740.904785 35 26
4219000.000000 4030396.875000 4582.883789 36 26
4219200.000000 4030396.875000 4425.843750 37 26
4219400.000000 4030396.875000 4268.279785 38 26
4219600.000000 4030396.875000 4109.682129 39 26
4219800.000000 4030396.875000 3951.057861 40 26
4220000.000000 4030396.875000 3792.397461 41 26
4220200.000000 4030396.875000 3633.709473 42 26
4212000.000000 4030768.750000 9892.902344 1 27
4212200.000000 4030768.750000 9737.220703 2 27
4212400.000000 4030768.750000 9581.031250 3 27
4212600.000000 4030768.750000 9425.350586 4 27
4212800.000000 4030768.750000 9269.668945 5 27
4213000.000000 4030768.750000 9113.481445 6 27
4213200.000000 4030768.750000 8957.800781 7 27
4213400.000000 4030768.750000 8802.113281 8 27
4213600.000000 4030768.750000 8645.934570 9 27
4213800.000000 4030768.750000 8490.247070 10 27
4214000.000000 4030768.750000 8334.568359 11 27
4214200.000000 4030768.750000 8178.392090 12 27
4214400.000000 4030768.750000 8022.207520 13 27
4214600.000000 4030768.750000 7866.531250 14 27
4214800.000000 4030768.750000 7710.847656 15 27
4215000.000000 4030768.750000 7555.173340 16 27
4215200.000000 4030768.750000 7399.491699 17 27
4215400.000000 4030768.750000 7243.319336 18 27
4215600.000000 4030768.750000 7087.647461 19 27
4215800.000000 4030768.750000 6931.968750 20 27
4216000.000000 4030768.750000 6776.299805 21 27
4216200.000000 4030768.750000 6620.627930 22 27
4216400.000000 4030768.750000 6464.471191 23 27
4216600.000000 4030768.750000 6308.310547 24 27
4216800.000000 4030768.750000 6152.162109 25 27
4217000.000000 4030768.750000 5996.008301 26 27
4217200.000000 4030768.750000 5839.367676 27 27
4217400.000000 4030768.750000 5682.725586 28 27
4217600.000000 4030768.750000 5525.601563 29 27
4217800.000000 4030768.750000 5368.976563 30 27
4218000.000000 4030768.750000 5211.861816 31 27
4218200.000000 4030768.750000 5054.770020 32 27
4218400.000000 4030768.750000 4897.190430 33 27
4218600.000000 4030768.750000 4739.125000 34 27
4218800.000000 4030768.750000 4580.578613 35 27
4219000.000000 4030768.750000 4422.522461 36 27
4219200.000000 4030768.750000 4263.955078 37 27
4219400.000000 4030768.750000 4104.869141 38 27
4219600.000000 4030768.750000 3944.760986 39 27
4219800.000000 4030768.750000 3784.626221 40 27
4220000.000000 4030768.750000 3624.470703 41 27
4220200.000000 4030768.750000 3464.296143 42 27
4212000.000000 4031140.625000 9732.208008 1 28
4212200.000000 4031140.625000 9576.526367 2 28
4212400.000000 4031140.625000 9420.844727 3 28
4212600.000000 4031140.625000 9265.155273 4 28
4212800.000000 4031140.625000 9109.474609 5 28
4213000.000000 4031140.625000 8953.286133 6 28
4213200.000000 4031140.625000 8797.606445 7 28
4213400.000000 4031140.625000 8641.917969 8 28
4213600.000000 4031140.625000 8486.239258 9 28
4213800.000000 4031140.625000 8330.559570 10 28
4214000.000000 4031140.625000 8174.374023 11 28
4214200.000000 4031140.625000 8018.696289 12 28
4214400.000000 4031140.625000 7863.011230 13 28
4214600.000000 4031140.625000 7707.334961 14 28
4214800.000000 4031140.625000 7551.151855 15 28
4215000.000000 4031140.625000 7395.477051 16 28
4215200.000000 4031140.625000 7239.803711 17 28
4215400.000000 4031140.625000 7084.122070 18 28
4215600.000000 4031140.625000 6928.450195 19 28
4215800.000000 4031140.625000 6772.770508 20 28
4216000.000000 4031140.625000 6617.101563 21 28
4216200.000000 4031140.625000 6460.937500 22 28
4216400.000000 4031140.625000 6305.270020 23 28
4216600.000000 4031140.625000 6149.115234 24 28
4216800.000000 4031140.625000 5992.955566 25 28
4217000.000000 4031140.625000 5836.807129 26 28
4217200.000000 4031140.625000 5680.154297 27 28
4217400.000000 4031140.625000 5523.515625 28 28
4217600.000000 4031140.625000 5366.376465 29 28
4217800.000000 4031140.625000 5209.243164 30 28
4218000.000000 4031140.625000 5052.125977 31 28
4218200.000000 4031140.625000 4894.512207 32 28
4218400.000000 4031140.625000 4736.913086 33 28
4218600.000000 4031140.625000 4578.326172 34 28
4218800.000000 4031140.625000 4419.755371 35 28
4219000.000000 4031140.625000 4260.675781 36 28
4219200.000000 4031140.625000 4101.086914 37 28
4219400.000000 4031140.625000 3941.482910 38 28
4219600.000000 4031140.625000 3780.354004 39 28
4219800.000000 4031140.625000 3619.211914 40 28
4220000.000000 4031140.625000 3458.053955 41 28
4220200.000000 4031140.625000 3296.881592 42 28
4212000.000000 4031512.500000 9572.012695 1 29
4212200.000000 4031512.500000 9416.332031 2 29
4212400.000000 4031512.500000 9260.650391 3 29
4212600.000000 4031512.500000 9104.960938 4 29
4212800.000000 4031512.500000 8949.280273 5 29
4213000.000000 4031512.500000 8793.590820 6 29
4213200.000000 4031512.500000 8637.411133 7 29
4213400.000000 4031512.500000 8481.731445 8 29
4213600.000000 4031512.500000 8326.043945 9 29
4213800.000000 4031512.500000 8170.364746 10 29
4214000.000000 4031512.500000 8014.678223 11 29
4214200.000000 4031512.500000 7859.000488 12 29
4214400.000000 4031512.500000 7703.323730 13 29
4214600.000000 4031512.500000 7547.638672 14 29
4214800.000000 4031512.500000 7391.463867 15 29
4215000.000000 4031512.500000 7235.780762 16 29
4215200.000000 4031512.500000 7080.605957 17 29
4215400.000000 4031512.500000 6924.933105 18 29
4215600.000000 4031512.500000 6769.251953 19 29
4215800.000000 4031512.500000 6613.580566 20 29
4216000.000000 4031512.500000 6457.902344 21 29
4216200.000000 4031512.500000 6301.737793 22 29
4216400.000000 4031512.500000 6145.568848 23 29
4216600.000000 4031512.500000 5989.911621 24 29
4216800.000000 4031512.500000 5833.749023 25 29
4217000.000000 4031512.500000 5677.098145 26 29
4217200.000000 4031512.500000 5520.441406 27 29
4217400.000000 4031512.500000 5364.297363 28 29
4217600.000000 4031512.500000 5207.151855 29 29
4217800.000000 4031512.500000 5050.019531 30 29
4218000.000000 4031512.500000 4892.884277 31 29
4218200.000000 4031512.500000 4734.758789 32 29
4218400.000000 4031512.500000 4576.644043 33 29
4218600.000000 4031512.500000 4418.045410 34 29
4218800.000000 4031512.500000 4258.944824 35 29
4219000.000000 4031512.500000 4098.844727 36 29
4219200.000000 4031512.500000 3938.727783 37 29
4219400.000000 4031512.500000 3778.108398 38 29
4219600.000000 4031512.500000 3616.475098 39 29
4219800.000000 4031512.500000 3454.824707 40 29
4220000.000000 4031512.500000 3292.654297 41 29
4220200.000000 4031512.500000 3130.480469 42 29
4212000.000000 4031884.375000 9411.827148 1 30
4212200.000000 4031884.375000 9256.136719 2 30
4212400.000000 4031884.375000 9100.455078 3 30
4212600.000000 4031884.375000 8944.765625 4 30
4212800.000000 4031884.375000 8789.084961 5 30
4213000.000000 4031884.375000 8633.404297 6 30
4213200.000000 4031884.375000 8477.715820 7 30
4213400.000000 4031884.375000 8322.036133 8 30
4213600.000000 4031884.375000 8166.348145 9 30
4213800.000000 4031884.375000 8010.668945 10 30
4214000.000000 4031884.375000 7854.990723 11 30
4214200.000000 4031884.375000 7699.304199 12 30
4214400.000000 4031884.375000 7543.627441 13 30
4214600.000000 4031884.375000 7387.942383 14 30
4214800.000000 4031884.375000 7232.266602 15 30
4215000.000000 4031884.375000 7076.591309 16 30
4215200.000000 4031884.375000 6920.909180 17 30
4215400.000000 4031884.375000 6765.734863 18 30
4215600.000000 4031884.375000 6610.053711 19 30
4215800.000000 4031884.375000 6454.381836 20 30
4216000.000000 4031884.375000 6298.711426 21 30
4216200.000000 4031884.375000 6142.537109 22 30
4216400.000000 4031884.375000 5986.375488 23 30
4216600.000000 4031884.375000 5830.707520 24 30
4216800.000000 4031884.375000 5674.550781 25 30
4217000.000000 4031884.375000 5518.387695 26 30
4217200.000000 4031884.375000 5361.735840 27 30
4217400.000000 4031884.375000 5205.079590 28 30
4217600.000000 4031884.375000 5047.936523 29 30
4217800.000000 4031884.375000 4890.290039 30 30
4218000.000000 4031884.375000 4732.647461 31 30
4218200.000000 4031884.375000 4574.511230 32 30
4218400.000000 4031884.375000 4416.390625 33 30
4218600.000000 4031884.375000 4257.267578 34 30
4218800.000000 4031884.375000 4098.147949 35 30
4219000.000000 4031884.375000 3937.529053 36 30
4219200.000000 4031884.375000 3776.895264 37 30
4219400.000000 4031884.375000 3615.761230 38 30
4219600.000000 4031884.375000 3453.616699 39 30
4219800.000000 4031884.375000 3291.450439 40 30
4220000.000000 4031884.375000 3128.782959 41 30
4220200.000000 4031884.375000 2965.598145 42 30
4212000.000000 4032256.250000 9251.631836 1 31
4212200.000000 4032256.250000 9095.942383 2 31
4212400.000000 4032256.250000 8940.759766 3 31
4212600.000000 4032256.250000 8784.579102 4 31
4212800.000000 4032256.250000 8628.889648 5 31
4213000.000000 4032256.250000 8473.208984 6 31
4213200.000000 4032256.250000 8317.520508 7 31
4213400.000000 4032256.250000 8161.840820 8 31
4213600.000000 4032256.250000 8006.161133 9 31
4213800.000000 4032256.250000 7850.473633 10 31
4214000.000000 4032256.250000 7694.794922 11 31
4214200.000000 4032256.250000 7539.607910 12 31
4214400.000000 4032256.250000 7383.930664 13 31
4214600.000000 4032256.250000 7228.253906 14 31
4214800.000000 4032256.250000 7072.569824 15 31
4215000.000000 4032256.250000 6917.393555 16 31
4215200.000000 4032256.250000 6761.710938 17 31
4215400.000000 4032256.250000 6606.037109 18 31
4215600.000000 4032256.250000 6450.363770 19 31
4215800.000000 4032256.250000 6294.683105 20 31
4216000.000000 4032256.250000 6139.511719 21 31
4216200.000000 4032256.250000 5983.336426 22 31
4216400.000000 4032256.250000 5827.172852 23 31
4216600.000000 4032256.250000 5671.511719 24 31
4216800.000000 4032256.250000 5515.344238 25 31
4217000.000000 4032256.250000 5359.186523 26 31
4217200.000000 4032256.250000 5202.523438 27 31
4217400.000000 4032256.250000 5045.871094 28 31
4217600.000000 4032256.250000 4888.714844 29 31
4217800.000000 4032256.250000 4731.062012 30 31
4218000.000000 4032256.250000 4573.412109 31 31
4218200.000000 4032256.250000 4415.275391 32 31
4218400.000000 4032256.250000 4256.135742 33 31
4218600.000000 4032256.250000 4096.999023 34 31
4218800.000000 4032256.250000 3937.364746 35 31
4219000.000000 4032256.250000 3776.729492 36 31
4219200.000000 4032256.250000 3615.581299 37 31
4219400.000000 4032256.250000 3453.934814 38 31
4219600.000000 4032256.250000 3291.780029 39 31
4219800.000000 4032256.250000 3128.607910 40 31
4220000.000000 4032256.250000 2965.436035 41 31
4220200.000000 4032256.250000 2801.748291 42 31
4212000.000000 4032628.125000 9091.436523 1 32
4212200.000000 4032628.125000 8935.747070 2 32
4212400.000000 4032628.125000 8780.565430 3 32
4212600.000000 4032628.125000 8624.883789 4 32
4212800.000000 4032628.125000 8469.194336 5 32
4213000.000000 4032628.125000 8313.513672 6 32
4213200.000000 4032628.125000 8157.833008 7 32
4213400.000000 4032628.125000 8002.144531 8 32
4213600.000000 4032628.125000 7846.465332 9 32
4213800.000000 4032628.125000 7690.777344 10 32
4214000.000000 4032628.125000 7535.098633 11 32
4214200.000000 4032628.125000 7379.919922 12 32
4214400.000000 4032628.125000 7224.234375 13 32
4214600.000000 4032628.125000 7068.557129 14 32
4214800.000000 4032628.125000 6912.872559 15 32
4215000.000000 4032628.125000 6757.696289 16 32
4215200.000000 4032628.125000 6602.021484 17 32
4215400.000000 4032628.125000 6446.338867 18 32
4215600.000000 4032628.125000 6291.164551 19 32
4215800.000000 4032628.125000 6135.491699 20 32
4216000.000000 4032628.125000 5980.311523 21 32
4216200.000000 4032628.125000 5824.143555 22 32
4216400.000000 4032628.125000 5668.470215 23 32
4216600.000000 4032628.125000 5512.307129 24 32
4216800.000000 4032628.125000 5356.137695 25 32
4217000.000000 4032628.125000 5199.977539 26 32
4217200.000000 4032628.125000 5043.311035 27 32
4217400.000000 4032628.125000 4886.655762 28 32
4217600.000000 4032628.125000 4729.494629 29 32
4217800.000000 4032628.125000 4571.835938 30 32
4218000.000000 4032628.125000 4414.187988 31 32
4218200.000000 4032628.125000 4255.535156 32 32
4218400.000000 4032628.125000 4096.385742 33 32
4218600.000000 4032628.125000 3936.737549 34 32
4218800.000000 4032628.125000 3777.089600 35 32
4219000.000000 4032628.125000 3615.941406 36 32
4219200.000000 4032628.125000 3454.280762 37 32
4219400.000000 4032628.125000 3292.623291 38 32
4219600.000000 4032628.125000 3129.959961 39 32
4219800.000000 4032628.125000 2966.281982 40 32
4220000.000000 4032628.125000 2802.597412 41 32
4220200.000000 4032628.125000 2638.415527 42 32
4212000.000000 4033000.000000 8931.242188 1 33
4212200.000000 4033000.000000 8775.560547 2 33
4212400.000000 4033000.000000 8620.370117 3 33
4212600.000000 4033000.000000 8465.188477 4 33
4212800.000000 4033000.000000 8309.506836 5 33
4213000.000000 4033000.000000 8153.817871 6 33
4213200.000000 4033000.000000 7998.137207 7 33
4213400.000000 4033000.000000 7842.448730 8 33
4213600.000000 4033000.000000 7686.769043 9 33
4213800.000000 4033000.000000 7531.089355 10 33
4214000.000000 4033000.000000 7375.402344 11 33
4214200.000000 4033000.000000 7219.724121 12 33
4214400.000000 4033000.000000 7064.038086 13 33
4214600.000000 4033000.000000 6908.859863 14 33
4214800.000000 4033000.000000 6753.183594 15 33
4215000.000000 4033000.000000 6597.998535 16 33
4215200.000000 4033000.000000 6442.323242 17 33
4215400.000000 4033000.000000 6287.147949 18 33
4215600.000000 4033000.000000 6131.965332 19 33
4215800.000000 4033000.000000 5976.291992 20 33
4216000.000000 4033000.000000 5821.119629 21 33
4216200.000000 4033000.000000 5665.441895 22 33
4216400.000000 4033000.000000 5509.774902 23 33
4216600.000000 4033000.000000 5353.602051 24 33
4216800.000000 4033000.000000 5197.438965 25 33
4217000.000000 4033000.000000 5041.268066 26 33
4217200.000000 4033000.000000 4884.607422 27 33
4217400.000000 4033000.000000 4727.939941 28 33
4217600.000000 4033000.000000 4570.782715 29 33
4217800.000000 4033000.000000 4413.119141 30 33
4218000.000000 4033000.000000 4254.957520 31 33
4218200.000000 4033000.000000 4096.297363 32 33
4218400.000000 4033000.000000 3936.639160 33 33
4218600.000000 4033000.000000 3776.980713 34 33
4218800.000000 4033000.000000 3616.822021 35 33
4219000.000000 4033000.000000 3455.661865 36 33
4219200.000000 4033000.000000 3293.490967 37 33
4219400.000000 4033000.000000 3131.324219 38 33
4219600.000000 4033000.000000 2968.145264 39 33
4219800.000000 4033000.000000 2804.468994 40 33
4220000.000000 4033000.000000 2640.280273 41 33
4220200.000000 4033000.000000 2475.587158 42 33
