# Type: scattered data
# Version: 6
# Description: No description
# Format: free
# Field: 1 x
# Field: 2 y
# Field: 3 z undefined
# Field: 4 column
# Field: 5 row
# Projection: Local Rectangular
# Units: undefined
# End:
# Information from grid:
# Grid_size: 31 x 41
# Grid_space: 4215800.000000,4221400.000000,4019000.000000,4033000.000000
# Scattered data: Not_available
# Z_field: z
# Vertical_faults: Not_available
# History: No history
# Z_units: undefined
4215800.000000 4019000.000000 11406.774414 1 1
4215986.666667 4019000.000000 11188.251953 2 1
4216173.333333 4019000.000000 10969.708008 3 1
4216360.000000 4019000.000000 10750.626953 4 1
4216546.666667 4019000.000000 10531.996094 5 1
4216733.333333 4019000.000000 10313.331055 6 1
4216920.000000 4019000.000000 10094.627930 7 1
4217106.666667 4019000.000000 9876.396484 8 1
4217293.333333 4019000.000000 9658.139648 9 1
4217480.000000 4019000.000000 9439.885742 10 1
4217666.666667 4019000.000000 9222.138672 11 1
4217853.333333 4019000.000000 9004.907227 12 1
4218040.000000 4019000.000000 8788.198242 13 1
4218226.666667 4019000.000000 8571.514648 14 1
4218413.333333 4019000.000000 8354.852539 15 1
4218600.000000 4019000.000000 8138.205566 16 1
4218786.666667 4019000.000000 7921.066406 17 1
4218973.333333 4019000.000000 7702.927734 18 1
4219160.000000 4019000.000000 7483.286133 19 1
4219346.666667 4019000.000000 7261.137207 20 1
4219533.333333 4019000.000000 7036.494629 21 1
4219720.000000 4019000.000000 6807.893066 22 1
4219906.666667 4019000.000000 6574.862305 23 1
4220093.333333 4019000.000000 6336.943848 24 1
4220280.000000 4019000.000000 6094.164063 25 1
4220466.666667 4019000.000000 5846.558105 26 1
4220653.333333 4019000.000000 5594.112793 27 1
4220840.000000 4019000.000000 5337.298340 28 1
4221026.666667 4019000.000000 5078.076660 29 1
4221213.333333 4019000.000000 4816.895996 30 1
4221400.000000 4019000.000000 4555.235352 31 1
4215800.000000 4019350.000000 11382.856445 1 2
4215986.666667 4019350.000000 11164.350586 2 2
4216173.333333 4019350.000000 10945.806641 3 2
4216360.000000 4019350.000000 10726.734375 4 2
4216546.666667 4019350.000000 10507.622070 5 2
4216733.333333 4019350.000000 10288.963867 6 2
4216920.000000 4019350.000000 10070.278320 7 2
4217106.666667 4019350.000000 9852.064453 8 2
4217293.333333 4019350.000000 9633.333984 9 2
4217480.000000 4019350.000000 9415.086914 10 2
4217666.666667 4019350.000000 9197.345703 11 2
4217853.333333 4019350.000000 8979.609375 12 2
4218040.000000 4019350.000000 8761.881836 13 2
4218226.666667 4019350.000000 8544.657227 14 2
4218413.333333 4019350.000000 8326.932617 15 2
4218600.000000 4019350.000000 8109.195313 16 2
4218786.666667 4019350.000000 7890.937012 17 2
4218973.333333 4019350.000000 7672.141113 18 2
4219160.000000 4019350.000000 7451.322266 19 2
4219346.666667 4019350.000000 7229.470703 20 2
4219533.333333 4019350.000000 7005.110352 21 2
4219720.000000 4019350.000000 6777.791016 22 2
4219906.666667 4019350.000000 6546.570313 23 2
4220093.333333 4019350.000000 6311.497559 24 2
4220280.000000 4019350.000000 6072.145020 25 2
4220466.666667 4019350.000000 5829.028320 26 2
4220653.333333 4019350.000000 5581.656738 27 2
4220840.000000 4019350.000000 5330.477539 28 2
4221026.666667 4019350.000000 5077.921875 29 2
4221213.333333 4019350.000000 4823.904785 30 2
4221400.000000 4019350.000000 4569.388184 31 2
4215800.000000 4019700.000000 11358.971680 1 3
4215986.666667 4019700.000000 11140.471680 2 3
4216173.333333 4019700.000000 10921.946289 3 3
4216360.000000 4019700.000000 10702.875977 4 3
4216546.666667 4019700.000000 10483.775391 5 3
4216733.333333 4019700.000000 10265.136719 6 3
4216920.000000 4019700.000000 10045.958008 7 3
4217106.666667 4019700.000000 9827.258789 8 3
4217293.333333 4019700.000000 9608.541016 9 3
4217480.000000 4019700.000000 9390.310547 10 3
4217666.666667 4019700.000000 9172.571289 11 3
4217853.333333 4019700.000000 8954.321289 12 3
4218040.000000 4019700.000000 8736.072266 13 3
4218226.666667 4019700.000000 8517.810547 14 3
4218413.333333 4019700.000000 8299.025391 15 3
4218600.000000 4019700.000000 8080.692383 16 3
4218786.666667 4019700.000000 7861.813965 17 3
4218973.333333 4019700.000000 7641.871582 18 3
4219160.000000 4019700.000000 7420.853516 19 3
4219346.666667 4019700.000000 7198.776855 20 3
4219533.333333 4019700.000000 6975.174316 21 3
4219720.000000 4019700.000000 6749.098633 22 3
4219906.666667 4019700.000000 6520.144531 23 3
4220093.333333 4019700.000000 6287.402832 24 3
4220280.000000 4019700.000000 6051.458008 25 3
4220466.666667 4019700.000000 5812.363770 26 3
4220653.333333 4019700.000000 5570.093750 27 3
4220840.000000 4019700.000000 5324.093750 28 3
4221026.666667 4019700.000000 5077.742676 29 3
4221213.333333 4019700.000000 4830.413086 30 3
4221400.000000 4019700.000000 4583.508789 31 3
4215800.000000 4020050.000000 11335.610352 1 4
4215986.666667 4020050.000000 11116.632813 2 4
4216173.333333 4020050.000000 10897.613281 3 4
4216360.000000 4020050.000000 10678.562500 4 4
4216546.666667 4020050.000000 10459.465820 5 4
4216733.333333 4020050.000000 10240.838867 6 4
4216920.000000 4020050.000000 10021.680664 7 4
4217106.666667 4020050.000000 9802.986328 8 4
4217293.333333 4020050.000000 9583.780273 9 4
4217480.000000 4020050.000000 9365.557617 10 4
4217666.666667 4020050.000000 9147.321289 11 4
4217853.333333 4020050.000000 8929.064453 12 4
4218040.000000 4020050.000000 8710.296875 13 4
4218226.666667 4020050.000000 8491.000000 14 4
4218413.333333 4020050.000000 8271.648438 15 4
4218600.000000 4020050.000000 8052.235840 16 4
4218786.666667 4020050.000000 7832.727051 17 4
4218973.333333 4020050.000000 7612.121582 18 4
4219160.000000 4020050.000000 7391.393066 19 4
4219346.666667 4020050.000000 7169.560547 20 4
4219533.333333 4020050.000000 6946.167480 21 4
4219720.000000 4020050.000000 6721.796875 22 4
4219906.666667 4020050.000000 6495.067871 23 4
4220093.333333 4020050.000000 6265.130859 24 4
4220280.000000 4020050.000000 6032.101074 25 4
4220466.666667 4020050.000000 5797.041504 26 4
4220653.333333 4020050.000000 5558.940918 27 4
4220840.000000 4020050.000000 5318.181152 28 4
4221026.666667 4020050.000000 5077.586426 29 4
4221213.333333 4020050.000000 4837.456543 30 4
4221400.000000 4020050.000000 4597.133301 31 4
4215800.000000 4020400.000000 11311.784180 1 5
4215986.666667 4020400.000000 11092.822266 2 5
4216173.333333 4020400.000000 10873.823242 3 5
4216360.000000 4020400.000000 10654.278320 4 5
4216546.666667 4020400.000000 10435.202148 5 5
4216733.333333 4020400.000000 10216.082031 6 5
4216920.000000 4020400.000000 9997.437500 7 5
4217106.666667 4020400.000000 9778.265625 8 5
4217293.333333 4020400.000000 9559.063477 9 5
4217480.000000 4020400.000000 9340.350586 10 5
4217666.666667 4020400.000000 9122.119141 11 5
4217853.333333 4020400.000000 8903.359375 12 5
4218040.000000 4020400.000000 8684.077148 13 5
4218226.666667 4020400.000000 8464.748047 14 5
4218413.333333 4020400.000000 8244.840820 15 5
4218600.000000 4020400.000000 8024.842773 16 5
4218786.666667 4020400.000000 7804.209961 17 5
4218973.333333 4020400.000000 7583.422363 18 5
4219160.000000 4020400.000000 7362.470215 19 5
4219346.666667 4020400.000000 7140.344727 20 5
4219533.333333 4020400.000000 6918.105957 21 5
4219720.000000 4020400.000000 6695.369629 22 5
4219906.666667 4020400.000000 6470.812012 23 5
4220093.333333 4020400.000000 6243.127441 24 5
4220280.000000 4020400.000000 6013.994629 25 5
4220466.666667 4020400.000000 5782.004883 26 5
4220653.333333 4020400.000000 5547.631348 27 5
4220840.000000 4020400.000000 5312.214355 28 5
4221026.666667 4020400.000000 5076.978027 29 5
4221213.333333 4020400.000000 4842.618164 30 5
4221400.000000 4020400.000000 4608.890137 31 5
4215800.000000 4020750.000000 11288.002930 1 6
4215986.666667 4020750.000000 11069.047852 2 6
4216173.333333 4020750.000000 10849.564453 3 6
4216360.000000 4020750.000000 10630.533203 4 6
4216546.666667 4020750.000000 10410.973633 5 6
4216733.333333 4020750.000000 10191.876953 6 6
4216920.000000 4020750.000000 9972.740234 7 6
4217106.666667 4020750.000000 9754.083984 8 6
4217293.333333 4020750.000000 9534.897461 9 6
4217480.000000 4020750.000000 9315.698242 10 6
4217666.666667 4020750.000000 9096.477539 11 6
4217853.333333 4020750.000000 8877.719727 12 6
4218040.000000 4020750.000000 8657.929688 13 6
4218226.666667 4020750.000000 8438.566406 14 6
4218413.333333 4020750.000000 8218.118164 15 6
4218600.000000 4020750.000000 7997.532227 16 6
4218786.666667 4020750.000000 7776.283203 17 6
4218973.333333 4020750.000000 7555.312500 18 6
4219160.000000 4020750.000000 7334.093262 19 6
4219346.666667 4020750.000000 7112.630859 20 6
4219533.333333 4020750.000000 6890.471191 21 6
4219720.000000 4020750.000000 6668.271484 22 6
4219906.666667 4020750.000000 6445.773438 23 6
4220093.333333 4020750.000000 6221.228516 24 6
4220280.000000 4020750.000000 5994.915039 25 6
4220466.666667 4020750.000000 5766.481934 26 6
4220653.333333 4020750.000000 5535.446777 27 6
4220840.000000 4020750.000000 5304.570801 28 6
4221026.666667 4020750.000000 5074.923828 29 6
4221213.333333 4020750.000000 4846.534668 30 6
4221400.000000 4020750.000000 4619.519531 31 6
4215800.000000 4021100.000000 11264.251953 1 7
4215986.666667 4021100.000000 11045.320313 2 7
4216173.333333 4021100.000000 10825.843750 3 7
4216360.000000 4021100.000000 10606.336914 4 7
4216546.666667 4021100.000000 10386.787109 5 7
4216733.333333 4021100.000000 10167.708984 6 7
4216920.000000 4021100.000000 9948.599609 7 7
4217106.666667 4021100.000000 9729.457031 8 7
4217293.333333 4021100.000000 9510.297852 9 7
4217480.000000 4021100.000000 9291.110352 10 7
4217666.666667 4021100.000000 9071.406250 11 7
4217853.333333 4021100.000000 8852.159180 12 7
4218040.000000 4021100.000000 8632.368164 13 7
4218226.666667 4021100.000000 8412.489258 14 7
4218413.333333 4021100.000000 8192.000977 15 7
4218600.000000 4021100.000000 7970.843262 16 7
4218786.666667 4021100.000000 7748.966797 17 7
4218973.333333 4021100.000000 7527.811035 18 7
4219160.000000 4021100.000000 7306.300781 19 7
4219346.666667 4021100.000000 7084.925781 20 7
4219533.333333 4021100.000000 6863.233887 21 7
4219720.000000 4021100.000000 6641.422363 22 7
4219906.666667 4021100.000000 6419.763672 23 7
4220093.333333 4021100.000000 6197.627930 24 7
4220280.000000 4021100.000000 5973.906738 25 7
4220466.666667 4021100.000000 5748.447754 26 7
4220653.333333 4021100.000000 5520.904297 27 7
4220840.000000 4021100.000000 5294.445801 28 7
4221026.666667 4021100.000000 5070.368164 29 7
4221213.333333 4021100.000000 4848.895508 30 7
4221400.000000 4021100.000000 4628.911621 31 7
4215800.000000 4021450.000000 11240.039063 1 8
4215986.666667 4021450.000000 11020.622070 2 8
4216173.333333 4021450.000000 10801.163086 3 8
4216360.000000 4021450.000000 10581.674805 4 8
4216546.666667 4021450.000000 10362.651367 5 8
4216733.333333 4021450.000000 10143.586914 6 8
4216920.000000 4021450.000000 9924.501953 7 8
4217106.666667 4021450.000000 9704.884766 8 8
4217293.333333 4021450.000000 9485.252930 9 8
4217480.000000 4021450.000000 9266.089844 10 8
4217666.666667 4021450.000000 9046.409180 11 8
4217853.333333 4021450.000000 8826.681641 12 8
4218040.000000 4021450.000000 8606.400391 13 8
4218226.666667 4021450.000000 8386.516602 14 8
4218413.333333 4021450.000000 8166.003418 15 8
4218600.000000 4021450.000000 7944.788086 16 8
4218786.666667 4021450.000000 7723.299316 17 8
4218973.333333 4021450.000000 7501.447266 18 8
4219160.000000 4021450.000000 7279.611328 19 8
4219346.666667 4021450.000000 7057.742188 20 8
4219533.333333 4021450.000000 6835.398438 21 8
4219720.000000 4021450.000000 6613.264160 22 8
4219906.666667 4021450.000000 6391.652832 23 8
4220093.333333 4021450.000000 6170.019531 24 8
4220280.000000 4021450.000000 5948.448242 25 8
4220466.666667 4021450.000000 5724.717285 26 8
4220653.333333 4021450.000000 5499.388184 27 8
4220840.000000 4021450.000000 5278.048340 28 8
4221026.666667 4021450.000000 5061.376953 29 8
4221213.333333 4021450.000000 4848.037109 30 8
4221400.000000 4021450.000000 4636.577148 31 8
4215800.000000 4021800.000000 11215.869141 1 9
4215986.666667 4021800.000000 10996.459961 2 9
4216173.333333 4021800.000000 10777.026367 3 9
4216360.000000 4021800.000000 10557.550781 4 9
4216546.666667 4021800.000000 10338.050781 5 9
4216733.333333 4021800.000000 10119.011719 6 9
4216920.000000 4021800.000000 9899.954102 7 9
4217106.666667 4021800.000000 9680.367188 8 9
4217293.333333 4021800.000000 9460.767578 9 9
4217480.000000 4021800.000000 9241.138672 10 9
4217666.666667 4021800.000000 9020.990234 11 9
4217853.333333 4021800.000000 8801.290039 12 9
4218040.000000 4021800.000000 8581.029297 13 9
4218226.666667 4021800.000000 8361.154297 14 9
4218413.333333 4021800.000000 8140.133789 15 9
4218600.000000 4021800.000000 7919.379883 16 9
4218786.666667 4021800.000000 7697.798828 17 9
4218973.333333 4021800.000000 7475.757813 18 9
4219160.000000 4021800.000000 7254.086914 19 9
4219346.666667 4021800.000000 7031.706055 20 9
4219533.333333 4021800.000000 6808.625488 21 9
4219720.000000 4021800.000000 6585.531250 22 9
4219906.666667 4021800.000000 6361.694824 23 9
4220093.333333 4021800.000000 6139.065918 24 9
4220280.000000 4021800.000000 5918.475098 25 9
4220466.666667 4021800.000000 5692.954102 26 9
4220653.333333 4021800.000000 5467.162109 27 9
4220840.000000 4021800.000000 5252.062500 28 9
4221026.666667 4021800.000000 5045.998047 29 9
4221213.333333 4021800.000000 4843.677734 30 9
4221400.000000 4021800.000000 4643.729980 31 9
4215800.000000 4022150.000000 11191.224609 1 10
4215986.666667 4022150.000000 10971.832031 2 10
4216173.333333 4022150.000000 10752.416992 3 10
4216360.000000 4022150.000000 10532.963867 4 10
4216546.666667 4022150.000000 10313.489258 5 10
4216733.333333 4022150.000000 10094.487305 6 10
4216920.000000 4022150.000000 9874.956055 7 10
4217106.666667 4022150.000000 9655.412109 8 10
4217293.333333 4022150.000000 9435.842773 9 10
4217480.000000 4022150.000000 9216.260742 10 10
4217666.666667 4022150.000000 8996.143555 11 10
4217853.333333 4022150.000000 8775.979492 12 10
4218040.000000 4022150.000000 8556.248047 13 10
4218226.666667 4022150.000000 8335.896484 14 10
4218413.333333 4022150.000000 8115.388184 15 10
4218600.000000 4022150.000000 7894.125977 16 10
4218786.666667 4022150.000000 7672.488281 17 10
4218973.333333 4022150.000000 7450.805176 18 10
4219160.000000 4022150.000000 7229.370117 19 10
4219346.666667 4022150.000000 7007.077637 20 10
4219533.333333 4022150.000000 6783.425781 21 10
4219720.000000 4022150.000000 6558.551758 22 10
4219906.666667 4022150.000000 6332.075684 23 10
4220093.333333 4022150.000000 6108.718262 24 10
4220280.000000 4022150.000000 5886.365234 25 10
4220466.666667 4022150.000000 5651.661621 26 10
4220653.333333 4022150.000000 5420.258789 27 10
4220840.000000 4022150.000000 5214.502930 28 10
4221026.666667 4022150.000000 5024.861328 29 10
4221213.333333 4022150.000000 4838.186523 30 10
4221400.000000 4022150.000000 4651.907715 31 10
4215800.000000 4022500.000000 11166.610352 1 11
4215986.666667 4022500.000000 10947.242188 2 11
4216173.333333 4022500.000000 10727.840820 3 11
4216360.000000 4022500.000000 10508.419922 4 11
4216546.666667 4022500.000000 10288.965820 5 11
4216733.333333 4022500.000000 10069.996094 6 11
4216920.000000 4022500.000000 9850.500000 7 11
4217106.666667 4022500.000000 9630.497070 8 11
4217293.333333 4022500.000000 9410.970703 9 11
4217480.000000 4022500.000000 9191.433594 10 11
4217666.666667 4022500.000000 8971.359375 11 11
4217853.333333 4022500.000000 8751.237305 12 11
4218040.000000 4022500.000000 8531.044922 13 11
4218226.666667 4022500.000000 8310.730469 14 11
4218413.333333 4022500.000000 8090.257324 15 11
4218600.000000 4022500.000000 7869.522461 16 11
4218786.666667 4022500.000000 7647.893555 17 11
4218973.333333 4022500.000000 7426.686523 18 11
4219160.000000 4022500.000000 7205.201172 19 11
4219346.666667 4022500.000000 6983.367188 20 11
4219533.333333 4022500.000000 6760.236328 21 11
4219720.000000 4022500.000000 6534.395020 22 11
4219906.666667 4022500.000000 6306.237793 23 11
4220093.333333 4022500.000000 6079.404785 24 11
4220280.000000 4022500.000000 5849.659668 25 11
4220466.666667 4022500.000000 5594.408691 26 11
4220653.333333 4022500.000000 5354.592773 27 11
4220840.000000 4022500.000000 5167.568359 28 11
4221026.666667 4022500.000000 5001.431152 29 11
4221213.333333 4022500.000000 4833.586914 30 11
4221400.000000 4022500.000000 4661.153320 31 11
4215800.000000 4022850.000000 11142.021484 1 12
4215986.666667 4022850.000000 10922.671875 2 12
4216173.333333 4022850.000000 10703.292969 3 12
4216360.000000 4022850.000000 10483.897461 4 12
4216546.666667 4022850.000000 10264.474609 5 12
4216733.333333 4022850.000000 10045.540039 6 12
4216920.000000 4022850.000000 9826.083008 7 12
4217106.666667 4022850.000000 9606.623047 8 12
4217293.333333 4022850.000000 9386.643555 9 12
4217480.000000 4022850.000000 9167.154297 10 12
4217666.666667 4022850.000000 8946.626953 11 12
4217853.333333 4022850.000000 8726.555664 12 12
4218040.000000 4022850.000000 8506.398438 13 12
4218226.666667 4022850.000000 8286.130859 14 12
4218413.333333 4022850.000000 8065.714844 15 12
4218600.000000 4022850.000000 7845.055176 16 12
4218786.666667 4022850.000000 7624.043457 17 12
4218973.333333 4022850.000000 7403.011719 18 12
4219160.000000 4022850.000000 7181.876953 19 12
4219346.666667 4022850.000000 6961.174316 20 12
4219533.333333 4022850.000000 6739.633789 21 12
4219720.000000 4022850.000000 6514.919922 22 12
4219906.666667 4022850.000000 6283.277344 23 12
4220093.333333 4022850.000000 6045.196777 24 12
4220280.000000 4022850.000000 5794.399414 25 12
4220466.666667 4022850.000000 5515.986816 26 12
4220653.333333 4022850.000000 5282.231934 27 12
4220840.000000 4022850.000000 5125.823730 28 12
4221026.666667 4022850.000000 4985.519531 29 12
4221213.333333 4022850.000000 4834.088379 30 12
4221400.000000 4022850.000000 4673.329590 31 12
4215800.000000 4023200.000000 11117.463867 1 13
4215986.666667 4023200.000000 10898.125000 2 13
4216173.333333 4023200.000000 10678.776367 3 13
4216360.000000 4023200.000000 10459.402344 4 13
4216546.666667 4023200.000000 10240.018555 5 13
4216733.333333 4023200.000000 10021.113281 6 13
4216920.000000 4023200.000000 9801.207031 7 13
4217106.666667 4023200.000000 9581.785156 8 13
4217293.333333 4023200.000000 9361.853516 9 13
4217480.000000 4023200.000000 9142.411133 10 13
4217666.666667 4023200.000000 8921.929688 11 13
4217853.333333 4023200.000000 8701.900391 12 13
4218040.000000 4023200.000000 8481.784180 13 13
4218226.666667 4023200.000000 8261.566406 14 13
4218413.333333 4023200.000000 8041.224609 15 13
4218600.000000 4023200.000000 7821.192383 16 13
4218786.666667 4023200.000000 7600.420410 17 13
4218973.333333 4023200.000000 7379.354980 18 13
4219160.000000 4023200.000000 7159.592285 19 13
4219346.666667 4023200.000000 6939.913574 20 13
4219533.333333 4023200.000000 6720.265137 21 13
4219720.000000 4023200.000000 6498.538574 22 13
4219906.666667 4023200.000000 6267.168945 23 13
4220093.333333 4023200.000000 6024.403320 24 13
4220280.000000 4023200.000000 5769.968262 25 13
4220466.666667 4023200.000000 5503.892578 26 13
4220653.333333 4023200.000000 5283.530273 27 13
4220840.000000 4023200.000000 5130.043457 28 13
4221026.666667 4023200.000000 4991.022461 29 13
4221213.333333 4023200.000000 4843.314941 30 13
4221400.000000 4023200.000000 4689.372070 31 13
4215800.000000 4023550.000000 11092.916016 1 14
4215986.666667 4023550.000000 10873.597656 2 14
4216173.333333 4023550.000000 10653.773438 3 14
4216360.000000 4023550.000000 10434.926758 4 14
4216546.666667 4023550.000000 10215.577148 5 14
4216733.333333 4023550.000000 9996.210938 6 14
4216920.000000 4023550.000000 9776.347656 7 14
4217106.666667 4023550.000000 9556.971680 8 14
4217293.333333 4023550.000000 9337.094727 9 14
4217480.000000 4023550.000000 9117.690430 10 14
4217666.666667 4023550.000000 8897.249023 11 14
4217853.333333 4023550.000000 8677.253906 12 14
4218040.000000 4023550.000000 8457.172852 13 14
4218226.666667 4023550.000000 8237.008789 14 14
4218413.333333 4023550.000000 8017.242676 15 14
4218600.000000 4023550.000000 7796.888184 16 14
4218786.666667 4023550.000000 7576.495605 17 14
4218973.333333 4023550.000000 7356.200684 18 14
4219160.000000 4023550.000000 7137.360840 19 14
4219346.666667 4023550.000000 6919.508789 20 14
4219533.333333 4023550.000000 6702.763184 21 14
4219720.000000 4023550.000000 6486.478516 22 14
4219906.666667 4023550.000000 6263.081543 23 14
4220093.333333 4023550.000000 6032.733398 24 14
4220280.000000 4023550.000000 5801.148438 25 14
4220466.666667 4023550.000000 5570.499023 26 14
4220653.333333 4023550.000000 5346.801758 27 14
4220840.000000 4023550.000000 5157.395996 28 14
4221026.666667 4023550.000000 4998.745117 29 14
4221213.333333 4023550.000000 4855.332031 30 14
4221400.000000 4023550.000000 4709.643555 31 14
4215800.000000 4023900.000000 11067.882813 1 15
4215986.666667 4023900.000000 10848.583984 2 15
4216173.333333 4023900.000000 10629.284180 3 15
4216360.000000 4023900.000000 10409.967773 4 15
4216546.666667 4023900.000000 10190.651367 5 15
4216733.333333 4023900.000000 9971.324219 6 15
4216920.000000 4023900.000000 9751.503906 7 15
4217106.666667 4023900.000000 9532.172852 8 15
4217293.333333 4023900.000000 9312.340820 9 15
4217480.000000 4023900.000000 9092.977539 10 15
4217666.666667 4023900.000000 8872.569336 11 15
4217853.333333 4023900.000000 8652.599609 12 15
4218040.000000 4023900.000000 8432.540039 13 15
4218226.666667 4023900.000000 8212.411133 14 15
4218413.333333 4023900.000000 7992.728516 15 15
4218600.000000 4023900.000000 7772.593262 16 15
4218786.666667 4023900.000000 7552.687500 17 15
4218973.333333 4023900.000000 7333.919922 18 15
4219160.000000 4023900.000000 7115.939941 19 15
4219346.666667 4023900.000000 6899.477539 20 15
4219533.333333 4023900.000000 6686.025391 21 15
4219720.000000 4023900.000000 6475.293945 22 15
4219906.666667 4023900.000000 6263.425293 23 15
4220093.333333 4023900.000000 6047.948730 24 15
4220280.000000 4023900.000000 5826.977051 25 15
4220466.666667 4023900.000000 5593.945313 26 15
4220653.333333 4023900.000000 5334.362305 27 15
4220840.000000 4023900.000000 5104.121582 28 15
4221026.666667 4023900.000000 4946.649414 29 15
4221213.333333 4023900.000000 4853.033203 30 15
4221400.000000 4023900.000000 4733.458008 31 15
4215800.000000 4024250.000000 11042.858398 1 16
4215986.666667 4024250.000000 10823.580078 2 16
4216173.333333 4024250.000000 10604.303711 3 16
4216360.000000 4024250.000000 10385.016602 4 16
4216546.666667 4024250.000000 10165.735352 5 16
4216733.333333 4024250.000000 9946.446289 6 16
4216920.000000 4024250.000000 9726.666992 7 16
4217106.666667 4024250.000000 9507.378906 8 16
4217293.333333 4024250.000000 9287.588867 9 16
4217480.000000 4024250.000000 9068.260742 10 16
4217666.666667 4024250.000000 8847.885742 11 16
4217853.333333 4024250.000000 8627.922852 12 16
4218040.000000 4024250.000000 8407.871094 13 16
4218226.666667 4024250.000000 8188.261230 14 16
4218413.333333 4024250.000000 7968.151367 15 16
4218600.000000 4024250.000000 7748.236328 16 16
4218786.666667 4024250.000000 7528.383789 17 16
4218973.333333 4024250.000000 7310.779785 18 16
4219160.000000 4024250.000000 7093.875977 19 16
4219346.666667 4024250.000000 6879.518555 20 16
4219533.333333 4024250.000000 6668.861328 21 16
4219720.000000 4024250.000000 6463.150391 22 16
4219906.666667 4024250.000000 6262.790039 23 16
4220093.333333 4024250.000000 6060.495605 24 16
4220280.000000 4024250.000000 5840.888672 25 16
4220466.666667 4024250.000000 5584.998535 26 16
4220653.333333 4024250.000000 5280.949707 27 16
4220840.000000 4024250.000000 5031.677734 28 16
4221026.666667 4024250.000000 4897.131836 29 16
4221213.333333 4024250.000000 4863.045410 30 16
4221400.000000 4024250.000000 4765.194824 31 16
4215800.000000 4024600.000000 11018.336914 1 17
4215986.666667 4024600.000000 10799.085938 2 17
4216173.333333 4024600.000000 10579.328125 3 17
4216360.000000 4024600.000000 10360.078125 4 17
4216546.666667 4024600.000000 10140.821289 5 17
4216733.333333 4024600.000000 9921.577148 6 17
4216920.000000 4024600.000000 9701.830078 7 17
4217106.666667 4024600.000000 9482.582031 8 17
4217293.333333 4024600.000000 9262.830078 9 17
4217480.000000 4024600.000000 9043.533203 10 17
4217666.666667 4024600.000000 8823.676758 11 17
4217853.333333 4024600.000000 8603.719727 12 17
4218040.000000 4024600.000000 8383.672852 13 17
4218226.666667 4024600.000000 8163.558105 14 17
4218413.333333 4024600.000000 7943.499512 15 17
4218600.000000 4024600.000000 7723.779297 16 17
4218786.666667 4024600.000000 7504.946289 17 17
4218973.333333 4024600.000000 7287.964355 18 17
4219160.000000 4024600.000000 7073.020508 19 17
4219346.666667 4024600.000000 6860.040527 20 17
4219533.333333 4024600.000000 6650.775391 21 17
4219720.000000 4024600.000000 6448.171387 22 17
4219906.666667 4024600.000000 6257.530762 23 17
4220093.333333 4024600.000000 6071.884277 24 17
4220280.000000 4024600.000000 5875.998535 25 17
4220466.666667 4024600.000000 5647.541016 26 17
4220653.333333 4024600.000000 5359.033691 27 17
4220840.000000 4024600.000000 5123.912598 28 17
4221026.666667 4024600.000000 5011.351074 29 17
4221213.333333 4024600.000000 4966.737305 30 17
4221400.000000 4024600.000000 4806.985840 31 17
4215800.000000 4024950.000000 10993.316406 1 18
4215986.666667 4024950.000000 10774.084961 2 18
4216173.333333 4024950.000000 10554.351563 3 18
4216360.000000 4024950.000000 10335.128906 4 18
4216546.666667 4024950.000000 10115.904297 5 18
4216733.333333 4024950.000000 9896.695313 6 18
4216920.000000 4024950.000000 9676.986328 7 18
4217106.666667 4024950.000000 9457.784180 8 18
4217293.333333 4024950.000000 9238.059570 9 18
4217480.000000 4024950.000000 9018.790039 10 18
4217666.666667 4024950.000000 8798.950195 11 18
4217853.333333 4024950.000000 8578.996094 12 18
4218040.000000 4024950.000000 8358.939453 13 18
4218226.666667 4024950.000000 8138.814941 14 18
4218413.333333 4024950.000000 7918.780273 15 18
4218600.000000 4024950.000000 7699.195313 16 18
4218786.666667 4024950.000000 7480.753418 17 18
4218973.333333 4024950.000000 7265.125000 18 18
4219160.000000 4024950.000000 7051.179688 19 18
4219346.666667 4024950.000000 6838.800293 20 18
4219533.333333 4024950.000000 6630.777344 21 18
4219720.000000 4024950.000000 6430.024902 22 18
4219906.666667 4024950.000000 6242.677246 23 18
4220093.333333 4024950.000000 6060.531250 24 18
4220280.000000 4024950.000000 5867.205566 25 18
4220466.666667 4024950.000000 5637.284180 26 18
4220653.333333 4024950.000000 5319.937012 27 18
4220840.000000 4024950.000000 5025.662598 28 18
4221026.666667 4024950.000000 4912.872559 29 18
4221213.333333 4024950.000000 4919.174316 30 18
4221400.000000 4024950.000000 4756.567871 31 18
4215800.000000 4025300.000000 10968.291016 1 19
4215986.666667 4025300.000000 10749.079102 2 19
4216173.333333 4025300.000000 10529.368164 3 19
4216360.000000 4025300.000000 10309.673828 4 19
4216546.666667 4025300.000000 10090.479492 5 19
4216733.333333 4025300.000000 9871.304688 6 19
4216920.000000 4025300.000000 9652.130859 7 19
4217106.666667 4025300.000000 9432.964844 8 19
4217293.333333 4025300.000000 9213.274414 9 19
4217480.000000 4025300.000000 8994.041016 10 19
4217666.666667 4025300.000000 8774.211914 11 19
4217853.333333 4025300.000000 8554.262695 12 19
4218040.000000 4025300.000000 8334.198242 13 19
4218226.666667 4025300.000000 8114.058594 14 19
4218413.333333 4025300.000000 7894.027832 15 19
4218600.000000 4025300.000000 7674.488281 16 19
4218786.666667 4025300.000000 7456.737793 17 19
4218973.333333 4025300.000000 7241.553223 18 19
4219160.000000 4025300.000000 7027.894043 19 19
4219346.666667 4025300.000000 6816.574707 20 19
4219533.333333 4025300.000000 6608.958008 21 19
4219720.000000 4025300.000000 6406.893555 22 19
4219906.666667 4025300.000000 6215.446289 23 19
4220093.333333 4025300.000000 6023.039063 24 19
4220280.000000 4025300.000000 5808.689941 25 19
4220466.666667 4025300.000000 5569.198730 26 19
4220653.333333 4025300.000000 5334.083008 27 19
4220840.000000 4025300.000000 5094.438965 28 19
4221026.666667 4025300.000000 4773.779785 29 19
4221213.333333 4025300.000000 4634.968262 30 19
4221400.000000 4025300.000000 4531.687012 31 19
4215800.000000 4025650.000000 10942.757813 1 20
4215986.666667 4025650.000000 10723.564453 2 20
4216173.333333 4025650.000000 10504.375977 3 20
4216360.000000 4025650.000000 10284.707031 4 20
4216546.666667 4025650.000000 10065.541992 5 20
4216733.333333 4025650.000000 9846.399414 6 20
4216920.000000 4025650.000000 9627.259766 7 20
4217106.666667 4025650.000000 9407.630859 8 20
4217293.333333 4025650.000000 9188.473633 9 20
4217480.000000 4025650.000000 8969.272461 10 20
4217666.666667 4025650.000000 8749.467773 11 20
4217853.333333 4025650.000000 8529.541016 12 20
4218040.000000 4025650.000000 8309.470703 13 20
4218226.666667 4025650.000000 8089.320313 14 20
4218413.333333 4025650.000000 7869.267578 15 20
4218600.000000 4025650.000000 7649.698242 16 20
4218786.666667 4025650.000000 7431.925293 17 20
4218973.333333 4025650.000000 7216.711426 18 20
4219160.000000 4025650.000000 7003.057129 19 20
4219346.666667 4025650.000000 6792.804199 20 20
4219533.333333 4025650.000000 6585.833984 21 20
4219720.000000 4025650.000000 6383.451172 22 20
4219906.666667 4025650.000000 6188.574219 23 20
4220093.333333 4025650.000000 5988.637695 24 20
4220280.000000 4025650.000000 5757.245117 25 20
4220466.666667 4025650.000000 5497.854004 26 20
4220653.333333 4025650.000000 5302.005859 27 20
4220840.000000 4025650.000000 5119.423828 28 20
4221026.666667 4025650.000000 4676.640137 29 20
4221213.333333 4025650.000000 4432.113281 30 20
4221400.000000 4025650.000000 4368.832520 31 20
4215800.000000 4026000.000000 10917.212891 1 21
4215986.666667 4026000.000000 10698.038086 2 21
4216173.333333 4026000.000000 10478.871094 3 21
4216360.000000 4026000.000000 10259.725586 4 21
4216546.666667 4026000.000000 10040.589844 5 21
4216733.333333 4026000.000000 9821.477539 6 21
4216920.000000 4026000.000000 9601.872070 7 21
4217106.666667 4026000.000000 9382.778320 8 21
4217293.333333 4026000.000000 9163.658203 9 21
4217480.000000 4026000.000000 8944.494141 10 21
4217666.666667 4026000.000000 8724.724609 11 21
4217853.333333 4026000.000000 8504.828125 12 21
4218040.000000 4026000.000000 8284.780273 13 21
4218226.666667 4026000.000000 8064.633789 14 21
4218413.333333 4026000.000000 7844.554199 15 21
4218600.000000 4026000.000000 7625.390625 16 21
4218786.666667 4026000.000000 7406.886719 17 21
4218973.333333 4026000.000000 7191.200195 18 21
4219160.000000 4026000.000000 6977.253418 19 21
4219346.666667 4026000.000000 6766.996094 20 21
4219533.333333 4026000.000000 6561.393555 21 21
4219720.000000 4026000.000000 6360.680176 22 21
4219906.666667 4026000.000000 6167.474609 23 21
4220093.333333 4026000.000000 5977.937012 24 21
4220280.000000 4026000.000000 5768.350586 25 21
4220466.666667 4026000.000000 5496.225098 26 21
4220653.333333 4026000.000000 5215.615234 27 21
4220840.000000 4026000.000000 5020.163086 28 21
4221026.666667 4026000.000000 4756.231445 29 21
4221213.333333 4026000.000000 4577.474609 30 21
4221400.000000 4026000.000000 4425.837402 31 21
4215800.000000 4026350.000000 10892.151367 1 22
4215986.666667 4026350.000000 10672.995117 2 22
4216173.333333 4026350.000000 10453.848633 3 22
4216360.000000 4026350.000000 10234.728516 4 22
4216546.666667 4026350.000000 10015.619141 5 22
4216733.333333 4026350.000000 9796.537109 6 22
4216920.000000 4026350.000000 9576.964844 7 22
4217106.666667 4026350.000000 9357.907227 8 22
4217293.333333 4026350.000000 9138.828125 9 22
4217480.000000 4026350.000000 8919.708008 10 22
4217666.666667 4026350.000000 8699.988281 11 22
4217853.333333 4026350.000000 8480.142578 12 22
4218040.000000 4026350.000000 8260.140625 13 22
4218226.666667 4026350.000000 8040.024902 14 22
4218413.333333 4026350.000000 7820.431641 15 22
4218600.000000 4026350.000000 7600.645020 16 22
4218786.666667 4026350.000000 7381.768555 17 22
4218973.333333 4026350.000000 7165.234375 18 22
4219160.000000 4026350.000000 6950.721680 19 22
4219346.666667 4026350.000000 6739.582031 20 22
4219533.333333 4026350.000000 6532.216797 21 22
4219720.000000 4026350.000000 6328.805176 22 22
4219906.666667 4026350.000000 6132.608887 23 22
4220093.333333 4026350.000000 5949.701660 24 22
4220280.000000 4026350.000000 5758.333984 25 22
4220466.666667 4026350.000000 5477.269531 26 22
4220653.333333 4026350.000000 5141.705078 27 22
4220840.000000 4026350.000000 4900.923828 28 22
4221026.666667 4026350.000000 4755.655762 29 22
4221213.333333 4026350.000000 4638.094727 30 22
4221400.000000 4026350.000000 4467.940430 31 22
4215800.000000 4026700.000000 10867.081055 1 23
4215986.666667 4026700.000000 10647.934570 2 23
4216173.333333 4026700.000000 10428.309570 3 23
4216360.000000 4026700.000000 10209.211914 4 23
4216546.666667 4026700.000000 9990.635742 5 23
4216733.333333 4026700.000000 9771.576172 6 23
4216920.000000 4026700.000000 9552.037109 7 23
4217106.666667 4026700.000000 9333.017578 8 23
4217293.333333 4026700.000000 9113.982422 9 23
4217480.000000 4026700.000000 8894.916016 10 23
4217666.666667 4026700.000000 8675.259766 11 23
4217853.333333 4026700.000000 8455.485352 12 23
4218040.000000 4026700.000000 8235.558594 13 23
4218226.666667 4026700.000000 8015.516113 14 23
4218413.333333 4026700.000000 7795.935547 15 23
4218600.000000 4026700.000000 7576.043457 16 23
4218786.666667 4026700.000000 7356.757324 17 23
4218973.333333 4026700.000000 7139.198730 18 23
4219160.000000 4026700.000000 6923.618164 19 23
4219346.666667 4026700.000000 6710.423828 20 23
4219533.333333 4026700.000000 6499.178711 21 23
4219720.000000 4026700.000000 6287.262695 22 23
4219906.666667 4026700.000000 6068.990723 23 23
4220093.333333 4026700.000000 5847.497559 24 23
4220280.000000 4026700.000000 5620.941895 25 23
4220466.666667 4026700.000000 5356.326660 26 23
4220653.333333 4026700.000000 5090.174316 27 23
4220840.000000 4026700.000000 4889.759766 28 23
4221026.666667 4026700.000000 4758.078125 29 23
4221213.333333 4026700.000000 4635.924805 30 23
4221400.000000 4026700.000000 4469.645020 31 23
4215800.000000 4027050.000000 10841.483398 1 24
4215986.666667 4027050.000000 10622.354492 2 24
4216173.333333 4027050.000000 10403.255859 3 24
4216360.000000 4027050.000000 10184.173828 4 24
4216546.666667 4027050.000000 9965.124023 5 24
4216733.333333 4027050.000000 9746.093750 6 24
4216920.000000 4027050.000000 9527.094727 7 24
4217106.666667 4027050.000000 9308.107422 8 24
4217293.333333 4027050.000000 9088.621094 9 24
4217480.000000 4027050.000000 8869.615234 10 24
4217666.666667 4027050.000000 8650.534180 11 24
4217853.333333 4027050.000000 8430.853516 12 24
4218040.000000 4027050.000000 8211.531250 13 24
4218226.666667 4027050.000000 7991.592285 14 24
4218413.333333 4027050.000000 7771.583496 15 24
4218600.000000 4027050.000000 7551.662109 16 24
4218786.666667 4027050.000000 7332.056641 17 24
4218973.333333 4027050.000000 7113.115723 18 24
4219160.000000 4027050.000000 6896.145996 19 24
4219346.666667 4027050.000000 6680.048828 20 24
4219533.333333 4027050.000000 6463.280762 21 24
4219720.000000 4027050.000000 6241.780762 22 24
4219906.666667 4027050.000000 5995.506836 23 24
4220093.333333 4027050.000000 5716.621582 24 24
4220280.000000 4027050.000000 5437.393066 25 24
4220466.666667 4027050.000000 5221.601563 26 24
4220653.333333 4027050.000000 5127.124512 27 24
4220840.000000 4027050.000000 5027.856445 28 24
4221026.666667 4027050.000000 4845.971680 29 24
4221213.333333 4027050.000000 4650.958496 30 24
4221400.000000 4027050.000000 4458.645508 31 24
4215800.000000 4027400.000000 10815.864258 1 25
4215986.666667 4027400.000000 10596.751953 2 25
4216173.333333 4027400.000000 10377.672852 3 25
4216360.000000 4027400.000000 10158.612305 4 25
4216546.666667 4027400.000000 9939.587891 5 25
4216733.333333 4027400.000000 9721.085938 6 25
4216920.000000 4027400.000000 9502.121094 7 25
4217106.666667 4027400.000000 9283.172852 8 25
4217293.333333 4027400.000000 9063.746094 9 25
4217480.000000 4027400.000000 8844.798828 10 25
4217666.666667 4027400.000000 8625.811523 11 25
4217853.333333 4027400.000000 8406.233398 12 25
4218040.000000 4027400.000000 8187.041504 13 25
4218226.666667 4027400.000000 7967.244141 14 25
4218413.333333 4027400.000000 7747.364258 15 25
4218600.000000 4027400.000000 7527.505371 16 25
4218786.666667 4027400.000000 7307.786621 17 25
4218973.333333 4027400.000000 7088.367676 18 25
4219160.000000 4027400.000000 6870.315918 19 25
4219346.666667 4027400.000000 6651.881348 20 25
4219533.333333 4027400.000000 6432.224609 21 25
4219720.000000 4027400.000000 6208.818848 22 25
4219906.666667 4027400.000000 5962.490234 23 25
4220093.333333 4027400.000000 5695.262695 24 25
4220280.000000 4027400.000000 5438.676270 25 25
4220466.666667 4027400.000000 5222.123047 26 25
4220653.333333 4027400.000000 5126.679199 27 25
4220840.000000 4027400.000000 5029.168945 28 25
4221026.666667 4027400.000000 4842.945801 29 25
4221213.333333 4027400.000000 4635.048828 30 25
4221400.000000 4027400.000000 4427.750000 31 25
4215800.000000 4027750.000000 10790.221680 1 26
4215986.666667 4027750.000000 10571.125977 2 26
4216173.333333 4027750.000000 10352.564453 3 26
4216360.000000 4027750.000000 10133.524414 4 26
4216546.666667 4027750.000000 9914.525391 5 26
4216733.333333 4027750.000000 9695.551758 6 26
4216920.000000 4027750.000000 9476.620117 7 26
4217106.666667 4027750.000000 9257.712891 8 26
4217293.333333 4027750.000000 9038.836914 9 26
4217480.000000 4027750.000000 8819.958008 10 26
4217666.666667 4027750.000000 8601.062500 11 26
4217853.333333 4027750.000000 8381.604492 12 26
4218040.000000 4027750.000000 8162.568848 13 26
4218226.666667 4027750.000000 7942.934570 14 26
4218413.333333 4027750.000000 7723.232910 15 26
4218600.000000 4027750.000000 7503.531738 16 26
4218786.666667 4027750.000000 7283.901367 17 26
4218973.333333 4027750.000000 7064.438965 18 26
4219160.000000 4027750.000000 6845.650391 19 26
4219346.666667 4027750.000000 6625.933594 20 26
4219533.333333 4027750.000000 6405.537109 21 26
4219720.000000 4027750.000000 6185.273438 22 26
4219906.666667 4027750.000000 5958.386719 23 26
4220093.333333 4027750.000000 5731.459961 24 26
4220280.000000 4027750.000000 5523.072266 25 26
4220466.666667 4027750.000000 5306.179688 26 26
4220653.333333 4027750.000000 5145.749023 27 26
4220840.000000 4027750.000000 4993.040039 28 26
4221026.666667 4027750.000000 4803.276855 29 26
4221213.333333 4027750.000000 4593.621582 30 26
4221400.000000 4027750.000000 4379.961914 31 26
4215800.000000 4028100.000000 10765.052734 1 27
4215986.666667 4028100.000000 10545.973633 2 27
4216173.333333 4028100.000000 10327.428711 3 27
4216360.000000 4028100.000000 10108.410156 4 27
4216546.666667 4028100.000000 9889.433594 5 27
4216733.333333 4028100.000000 9670.487305 6 27
4216920.000000 4028100.000000 9451.588867 7 27
4217106.666667 4028100.000000 9232.720703 8 27
4217293.333333 4028100.000000 9013.894531 9 27
4217480.000000 4028100.000000 8795.082031 10 27
4217666.666667 4028100.000000 8576.278320 11 27
4217853.333333 4028100.000000 8357.441406 12 27
4218040.000000 4028100.000000 8138.061523 13 27
4218226.666667 4028100.000000 7918.612793 14 27
4218413.333333 4028100.000000 7699.118164 15 27
4218600.000000 4028100.000000 7479.634766 16 27
4218786.666667 4028100.000000 7260.219727 17 27
4218973.333333 4028100.000000 7040.969727 18 27
4219160.000000 4028100.000000 6821.435547 19 27
4219346.666667 4028100.000000 6600.673828 20 27
4219533.333333 4028100.000000 6380.770996 21 27
4219720.000000 4028100.000000 6165.025391 22 27
4219906.666667 4028100.000000 5960.109375 23 27
4220093.333333 4028100.000000 5767.593262 24 27
4220280.000000 4028100.000000 5583.138672 25 27
4220466.666667 4028100.000000 5367.587402 26 27
4220653.333333 4028100.000000 5157.319336 27 27
4220840.000000 4028100.000000 4959.234375 28 27
4221026.666667 4028100.000000 4754.971191 29 27
4221213.333333 4028100.000000 4541.285156 30 27
4221400.000000 4028100.000000 4323.319336 31 27
4215800.000000 4028450.000000 10739.360352 1 28
4215986.666667 4028450.000000 10520.294922 2 28
4216173.333333 4028450.000000 10301.767578 3 28
4216360.000000 4028450.000000 10083.266602 4 28
4216546.666667 4028450.000000 9864.312500 5 28
4216733.333333 4028450.000000 9645.391602 6 28
4216920.000000 4028450.000000 9426.522461 7 28
4217106.666667 4028450.000000 9207.691406 8 28
4217293.333333 4028450.000000 8988.911133 9 28
4217480.000000 4028450.000000 8770.161133 10 28
4217666.666667 4028450.000000 8551.441406 11 28
4217853.333333 4028450.000000 8332.717773 12 28
4218040.000000 4028450.000000 8113.487793 13 28
4218226.666667 4028450.000000 7894.221680 14 28
4218413.333333 4028450.000000 7674.946777 15 28
4218600.000000 4028450.000000 7455.688477 16 28
4218786.666667 4028450.000000 7236.528320 17 28
4218973.333333 4028450.000000 7017.567871 18 28
4219160.000000 4028450.000000 6797.899414 19 28
4219346.666667 4028450.000000 6576.652832 20 28
4219533.333333 4028450.000000 6355.991699 21 28
4219720.000000 4028450.000000 6141.627930 22 28
4219906.666667 4028450.000000 5946.694336 23 28
4220093.333333 4028450.000000 5768.492188 24 28
4220280.000000 4028450.000000 5589.230469 25 28
4220466.666667 4028450.000000 5374.455566 26 28
4220653.333333 4028450.000000 5143.410645 27 28
4220840.000000 4028450.000000 4920.705078 28 28
4221026.666667 4028450.000000 4704.034180 29 28
4221213.333333 4028450.000000 4485.104980 30 28
4221400.000000 4028450.000000 4263.913574 31 28
4215800.000000 4028800.000000 10714.139648 1 29
4215986.666667 4028800.000000 10495.087891 2 29
4216173.333333 4028800.000000 10276.575195 3 29
4216360.000000 4028800.000000 10057.592773 4 29
4216546.666667 4028800.000000 9838.658203 5 29
4216733.333333 4028800.000000 9620.260742 6 29
4216920.000000 4028800.000000 9401.418945 7 29
4217106.666667 4028800.000000 9182.620117 8 29
4217293.333333 4028800.000000 8963.880859 9 29
4217480.000000 4028800.000000 8745.183594 10 29
4217666.666667 4028800.000000 8526.537109 11 29
4217853.333333 4028800.000000 8307.913086 12 29
4218040.000000 4028800.000000 8088.812988 13 29
4218226.666667 4028800.000000 7869.711426 14 29
4218413.333333 4028800.000000 7650.629395 15 29
4218600.000000 4028800.000000 7431.585449 16 29
4218786.666667 4028800.000000 7212.655762 17 29
4218973.333333 4028800.000000 6993.945313 18 29
4219160.000000 4028800.000000 6774.557129 19 29
4219346.666667 4028800.000000 6553.125000 20 29
4219533.333333 4028800.000000 6332.260742 21 29
4219720.000000 4028800.000000 6117.499023 22 29
4219906.666667 4028800.000000 5919.129883 23 29
4220093.333333 4028800.000000 5732.780273 24 29
4220280.000000 4028800.000000 5540.211426 25 29
4220466.666667 4028800.000000 5324.002930 26 29
4220653.333333 4028800.000000 5095.186523 27 29
4220840.000000 4028800.000000 4870.378906 28 29
4221026.666667 4028800.000000 4650.033203 29 29
4221213.333333 4028800.000000 4429.016602 30 29
4221400.000000 4028800.000000 4205.706543 31 29
4215800.000000 4029150.000000 10688.891602 1 30
4215986.666667 4029150.000000 10469.852539 2 30
4216173.333333 4029150.000000 10251.354492 3 30
4216360.000000 4029150.000000 10032.386719 4 30
4216546.666667 4029150.000000 9813.469727 5 30
4216733.333333 4029150.000000 9594.600586 6 30
4216920.000000 4029150.000000 9376.274414 7 30
4217106.666667 4029150.000000 9157.511719 8 30
4217293.333333 4029150.000000 8938.797852 9 30
4217480.000000 4029150.000000 8720.152344 10 30
4217666.666667 4029150.000000 8501.554688 11 30
4217853.333333 4029150.000000 8283.016602 12 30
4218040.000000 4029150.000000 8064.014160 13 30
4218226.666667 4029150.000000 7845.045898 14 30
4218413.333333 4029150.000000 7626.121582 15 30
4218600.000000 4029150.000000 7407.251465 16 30
4218786.666667 4029150.000000 7188.506348 17 30
4218973.333333 4029150.000000 6969.957031 18 30
4219160.000000 4029150.000000 6750.715820 19 30
4219346.666667 4029150.000000 6530.380859 20 30
4219533.333333 4029150.000000 6309.503906 21 30
4219720.000000 4029150.000000 6093.015137 22 30
4219906.666667 4029150.000000 5887.629395 23 30
4220093.333333 4029150.000000 5686.700684 24 30
4220280.000000 4029150.000000 5478.443359 25 30
4220466.666667 4029150.000000 5259.554688 26 30
4220653.333333 4029150.000000 5037.445313 27 30
4220840.000000 4029150.000000 4816.269043 28 30
4221026.666667 4029150.000000 4596.031738 29 30
4221213.333333 4029150.000000 4375.413086 30 30
4221400.000000 4029150.000000 4151.473145 31 30
4215800.000000 4029500.000000 10663.117188 1 31
4215986.666667 4029500.000000 10444.089844 2 31
4216173.333333 4029500.000000 10225.603516 3 31
4216360.000000 4029500.000000 10006.649414 4 31
4216546.666667 4029500.000000 9788.247070 5 31
4216733.333333 4029500.000000 9569.394531 6 31
4216920.000000 4029500.000000 9351.087891 7 31
4217106.666667 4029500.000000 9132.346680 8 31
4217293.333333 4029500.000000 8913.660156 9 31
4217480.000000 4029500.000000 8695.045898 10 31
4217666.666667 4029500.000000 8476.491211 11 31
4217853.333333 4029500.000000 8258.008789 12 31
4218040.000000 4029500.000000 8039.081055 13 31
4218226.666667 4029500.000000 7820.208984 14 31
4218413.333333 4029500.000000 7601.899414 15 31
4218600.000000 4029500.000000 7383.153320 16 31
4218786.666667 4029500.000000 7164.524414 17 31
4218973.333333 4029500.000000 6946.062988 18 31
4219160.000000 4029500.000000 6726.856445 19 31
4219346.666667 4029500.000000 6507.471191 20 31
4219533.333333 4029500.000000 6287.919922 21 31
4219720.000000 4029500.000000 6070.114258 22 31
4219906.666667 4029500.000000 5857.291016 23 31
4220093.333333 4029500.000000 5645.564941 24 31
4220280.000000 4029500.000000 5428.585449 25 31
4220466.666667 4029500.000000 5208.099121 26 31
4220653.333333 4029500.000000 4988.222656 27 31
4220840.000000 4029500.000000 4769.867676 28 31
4221026.666667 4029500.000000 4551.064453 29 31
4221213.333333 4029500.000000 4329.616699 30 31
4221400.000000 4029500.000000 4104.273438 31 31
4215800.000000 4029850.000000 10637.315430 1 32
4215986.666667 4029850.000000 10418.797852 2 32
4216173.333333 4029850.000000 10199.822266 3 32
4216360.000000 4029850.000000 9981.385742 4 32
4216546.666667 4029850.000000 9762.489258 5 32
4216733.333333 4029850.000000 9544.150391 6 32
4216920.000000 4029850.000000 9325.359375 7 32
4217106.666667 4029850.000000 9107.134766 8 32
4217293.333333 4029850.000000 8888.466797 9 32
4217480.000000 4029850.000000 8669.874023 10 32
4217666.666667 4029850.000000 8451.345703 11 32
4217853.333333 4029850.000000 8232.899414 12 32
4218040.000000 4029850.000000 8014.017578 13 32
4218226.666667 4029850.000000 7795.212891 14 32
4218413.333333 4029850.000000 7576.467773 15 32
4218600.000000 4029850.000000 7358.295898 16 32
4218786.666667 4029850.000000 7139.728516 17 32
4218973.333333 4029850.000000 6921.291992 18 32
4219160.000000 4029850.000000 6702.555664 19 32
4219346.666667 4029850.000000 6483.542480 20 32
4219533.333333 4029850.000000 6264.754883 21 32
4219720.000000 4029850.000000 6046.606445 22 32
4219906.666667 4029850.000000 5829.922363 23 32
4220093.333333 4029850.000000 5612.949707 24 32
4220280.000000 4029850.000000 5394.541992 25 32
4220466.666667 4029850.000000 5174.298828 26 32
4220653.333333 4029850.000000 4954.628418 27 32
4220840.000000 4029850.000000 4736.671387 28 32
4221026.666667 4029850.000000 4517.996582 29 32
4221213.333333 4029850.000000 4294.512695 30 32
4221400.000000 4029850.000000 4066.219971 31 32
4215800.000000 4030200.000000 10611.487305 1 33
4215986.666667 4030200.000000 10392.977539 2 33
4216173.333333 4030200.000000 10174.011719 3 33
4216360.000000 4030200.000000 9955.584961 4 33
4216546.666667 4030200.000000 9736.698242 5 33
4216733.333333 4030200.000000 9518.370117 6 33
4216920.000000 4030200.000000 9300.089844 7 33
4217106.666667 4030200.000000 9081.876953 8 33
4217293.333333 4030200.000000 8863.220703 9 33
4217480.000000 4030200.000000 8644.640625 10 33
4217666.666667 4030200.000000 8425.626953 11 33
4217853.333333 4030200.000000 8207.196289 12 33
4218040.000000 4030200.000000 7988.835449 13 33
4218226.666667 4030200.000000 7770.059082 14 33
4218413.333333 4030200.000000 7551.347656 15 33
4218600.000000 4030200.000000 7332.709473 16 33
4218786.666667 4030200.000000 7114.160645 17 33
4218973.333333 4030200.000000 6895.708008 18 33
4219160.000000 4030200.000000 6676.895996 19 33
4219346.666667 4030200.000000 6458.229492 20 33
4219533.333333 4030200.000000 6239.701660 21 33
4219720.000000 4030200.000000 6021.246094 22 33
4219906.666667 4030200.000000 5802.248047 23 33
4220093.333333 4030200.000000 5582.545410 24 33
4220280.000000 4030200.000000 5364.044922 25 33
4220466.666667 4030200.000000 5144.281738 26 33
4220653.333333 4030200.000000 4924.393066 27 33
4220840.000000 4030200.000000 4705.886230 28 33
4221026.666667 4030200.000000 4486.075195 29 33
4221213.333333 4030200.000000 4261.152832 30 33
4221400.000000 4030200.000000 4031.806885 31 33
4215800.000000 4030550.000000 10585.132813 1 34
4215986.666667 4030550.000000 10366.631836 2 34
4216173.333333 4030550.000000 10148.171875 3 34
4216360.000000 4030550.000000 9929.753906 4 34
4216546.666667 4030550.000000 9711.374023 5 34
4216733.333333 4030550.000000 9492.553711 6 34
4216920.000000 4030550.000000 9274.281250 7 34
4217106.666667 4030550.000000 9056.076172 8 34
4217293.333333 4030550.000000 8837.924805 9 34
4217480.000000 4030550.000000 8619.350586 10 34
4217666.666667 4030550.000000 8400.339844 11 34
4217853.333333 4030550.000000 8181.412598 12 34
4218040.000000 4030550.000000 7963.054199 13 34
4218226.666667 4030550.000000 7744.280762 14 34
4218413.333333 4030550.000000 7525.573242 15 34
4218600.000000 4030550.000000 7306.935547 16 34
4218786.666667 4030550.000000 7088.374023 17 34
4218973.333333 4030550.000000 6869.880859 18 34
4219160.000000 4030550.000000 6650.981445 19 34
4219346.666667 4030550.000000 6431.666504 20 34
4219533.333333 4030550.000000 6212.427246 21 34
4219720.000000 4030550.000000 5992.714355 22 34
4219906.666667 4030550.000000 5772.446289 23 34
4220093.333333 4030550.000000 5551.530762 24 34
4220280.000000 4030550.000000 5331.399902 25 34
4220466.666667 4030550.000000 5111.548340 26 34
4220653.333333 4030550.000000 4892.016113 27 34
4220840.000000 4030550.000000 4672.279297 28 34
4221026.666667 4030550.000000 4451.243652 29 34
4221213.333333 4030550.000000 4226.238770 30 34
4221400.000000 4030550.000000 3998.098145 31 34
4215800.000000 4030900.000000 10559.251953 1 35
4215986.666667 4030900.000000 10340.757813 2 35
4216173.333333 4030900.000000 10122.305664 3 35
4216360.000000 4030900.000000 9903.892578 4 35
4216546.666667 4030900.000000 9685.519531 5 35
4216733.333333 4030900.000000 9467.205078 6 35
4216920.000000 4030900.000000 9248.936523 7 35
4217106.666667 4030900.000000 9030.735352 8 35
4217293.333333 4030900.000000 8812.086914 9 35
4217480.000000 4030900.000000 8593.510742 10 35
4217666.666667 4030900.000000 8374.996094 11 35
4217853.333333 4030900.000000 8156.061035 12 35
4218040.000000 4030900.000000 7937.191895 13 35
4218226.666667 4030900.000000 7717.905273 14 35
4218413.333333 4030900.000000 7499.180176 15 35
4218600.000000 4030900.000000 7280.519531 16 35
4218786.666667 4030900.000000 7061.924805 17 35
4218973.333333 4030900.000000 6842.878418 18 35
4219160.000000 4030900.000000 6622.885742 19 35
4219346.666667 4030900.000000 6403.440430 20 35
4219533.333333 4030900.000000 6183.028320 21 35
4219720.000000 4030900.000000 5962.111816 22 35
4219906.666667 4030900.000000 5741.137207 23 35
4220093.333333 4030900.000000 5519.544922 24 35
4220280.000000 4030900.000000 5298.788086 25 35
4220466.666667 4030900.000000 5077.852051 26 35
4220653.333333 4030900.000000 4857.734863 27 35
4220840.000000 4030900.000000 4637.422363 28 35
4221026.666667 4030900.000000 4415.359863 29 35
4221213.333333 4030900.000000 4191.460449 30 35
4221400.000000 4030900.000000 3965.138428 31 35
4215800.000000 4031250.000000 10533.345703 1 36
4215986.666667 4031250.000000 10314.859375 2 36
4216173.333333 4031250.000000 10096.412109 3 36
4216360.000000 4031250.000000 9878.504883 4 36
4216546.666667 4031250.000000 9660.135742 5 36
4216733.333333 4031250.000000 9441.824219 6 36
4216920.000000 4031250.000000 9223.567383 7 36
4217106.666667 4031250.000000 9005.358398 8 36
4217293.333333 4031250.000000 8786.209961 9 36
4217480.000000 4031250.000000 8567.628906 10 36
4217666.666667 4031250.000000 8349.104492 11 36
4217853.333333 4031250.000000 8130.156250 12 36
4218040.000000 4031250.000000 7910.768066 13 36
4218226.666667 4031250.000000 7691.448242 14 36
4218413.333333 4031250.000000 7472.200684 15 36
4218600.000000 4031250.000000 7253.002930 16 36
4218786.666667 4031250.000000 7033.855469 17 36
4218973.333333 4031250.000000 6814.256348 18 36
4219160.000000 4031250.000000 6594.181641 19 36
4219346.666667 4031250.000000 6373.627441 20 36
4219533.333333 4031250.000000 6152.577637 21 36
4219720.000000 4031250.000000 5930.997070 22 36
4219906.666667 4031250.000000 5708.865234 23 36
4220093.333333 4031250.000000 5487.133789 24 36
4220280.000000 4031250.000000 5265.273438 25 36
4220466.666667 4031250.000000 5044.266113 26 36
4220653.333333 4031250.000000 4823.604980 27 36
4220840.000000 4031250.000000 4602.277832 28 36
4221026.666667 4031250.000000 4380.255859 29 36
4221213.333333 4031250.000000 4156.994141 30 36
4221400.000000 4031250.000000 3932.493896 31 36
4215800.000000 4031600.000000 10507.416016 1 37
4215986.666667 4031600.000000 10288.935547 2 37
4216173.333333 4031600.000000 10070.993164 3 37
4216360.000000 4031600.000000 9852.589844 4 37
4216546.666667 4031600.000000 9634.224609 5 37
4216733.333333 4031600.000000 9415.916016 6 37
4216920.000000 4031600.000000 9197.652344 7 37
4217106.666667 4031600.000000 8979.451172 8 37
4217293.333333 4031600.000000 8760.805664 9 37
4217480.000000 4031600.000000 8542.209961 10 37
4217666.666667 4031600.000000 8323.182617 11 37
4217853.333333 4031600.000000 8103.709473 12 37
4218040.000000 4031600.000000 7884.297852 13 37
4218226.666667 4031600.000000 7664.947266 14 37
4218413.333333 4031600.000000 7445.162109 15 37
4218600.000000 4031600.000000 7225.419922 16 37
4218786.666667 4031600.000000 7005.719238 17 37
4218973.333333 4031600.000000 6785.549805 18 37
4219160.000000 4031600.000000 6564.399414 19 37
4219346.666667 4031600.000000 6343.251953 20 37
4219533.333333 4031600.000000 6121.592285 21 37
4219720.000000 4031600.000000 5898.891602 22 37
4219906.666667 4031600.000000 5676.138672 23 37
4220093.333333 4031600.000000 5453.799316 24 37
4220280.000000 4031600.000000 5231.845215 25 37
4220466.666667 4031600.000000 5010.278320 26 37
4220653.333333 4031600.000000 4789.083008 27 37
4220840.000000 4031600.000000 4567.752441 28 37
4221026.666667 4031600.000000 4345.775391 29 37
4221213.333333 4031600.000000 4123.645020 30 37
4221400.000000 4031600.000000 3900.385498 31 37
4215800.000000 4031950.000000 10481.961914 1 38
4215986.666667 4031950.000000 10263.486328 2 38
4216173.333333 4031950.000000 10045.049805 3 38
4216360.000000 4031950.000000 9826.650391 4 38
4216546.666667 4031950.000000 9608.786133 5 38
4216733.333333 4031950.000000 9390.479492 6 38
4216920.000000 4031950.000000 9172.223633 7 38
4217106.666667 4031950.000000 8953.512695 8 38
4217293.333333 4031950.000000 8735.362305 9 38
4217480.000000 4031950.000000 8516.259766 10 38
4217666.666667 4031950.000000 8296.712891 11 38
4217853.333333 4031950.000000 8077.229980 12 38
4218040.000000 4031950.000000 7857.793457 13 38
4218226.666667 4031950.000000 7637.911133 14 38
4218413.333333 4031950.000000 7418.078613 15 38
4218600.000000 4031950.000000 7197.290527 16 38
4218786.666667 4031950.000000 6976.536621 17 38
4218973.333333 4031950.000000 6755.804688 18 38
4219160.000000 4031950.000000 6534.083008 19 38
4219346.666667 4031950.000000 6311.855957 20 38
4219533.333333 4031950.000000 6089.106934 21 38
4219720.000000 4031950.000000 5866.309570 22 38
4219906.666667 4031950.000000 5642.961914 23 38
4220093.333333 4031950.000000 5420.027832 24 38
4220280.000000 4031950.000000 5198.008301 25 38
4220466.666667 4031950.000000 4975.887695 26 38
4220653.333333 4031950.000000 4754.658203 27 38
4220840.000000 4031950.000000 4533.817383 28 38
4221026.666667 4031950.000000 4312.366211 29 38
4221213.333333 4031950.000000 4090.814941 30 38
4221400.000000 4031950.000000 3868.701416 31 38
4215800.000000 4032300.000000 10455.985352 1 39
4215986.666667 4032300.000000 10237.514648 2 39
4216173.333333 4032300.000000 10019.580078 3 39
4216360.000000 4032300.000000 9801.182617 4 39
4216546.666667 4032300.000000 9583.320313 5 39
4216733.333333 4032300.000000 9365.012695 6 39
4216920.000000 4032300.000000 9146.755859 7 39
4217106.666667 4032300.000000 8928.042969 8 39
4217293.333333 4032300.000000 8709.388672 9 39
4217480.000000 4032300.000000 8490.279297 10 39
4217666.666667 4032300.000000 8270.720703 11 39
4217853.333333 4032300.000000 8050.720703 12 39
4218040.000000 4032300.000000 7830.762207 13 39
4218226.666667 4032300.000000 7610.350586 14 39
4218413.333333 4032300.000000 7389.981445 15 39
4218600.000000 4032300.000000 7168.649414 16 39
4218786.666667 4032300.000000 6947.344238 17 39
4218973.333333 4032300.000000 6725.555176 18 39
4219160.000000 4032300.000000 6502.762695 19 39
4219346.666667 4032300.000000 6279.965332 20 39
4219533.333333 4032300.000000 6056.633301 21 39
4219720.000000 4032300.000000 5832.766602 22 39
4219906.666667 4032300.000000 5608.833984 23 39
4220093.333333 4032300.000000 5385.835938 24 39
4220280.000000 4032300.000000 5163.247070 25 39
4220466.666667 4032300.000000 4941.575195 26 39
4220653.333333 4032300.000000 4720.309082 27 39
4220840.000000 4032300.000000 4499.449707 28 39
4221026.666667 4032300.000000 4279.010254 29 39
4221213.333333 4032300.000000 4058.492676 30 39
4221400.000000 4032300.000000 3837.443115 31 39
4215800.000000 4032650.000000 10429.986328 1 40
4215986.666667 4032650.000000 10212.025391 2 40
4216173.333333 4032650.000000 9994.083984 3 40
4216360.000000 4032650.000000 9775.686523 4 40
4216546.666667 4032650.000000 9557.830078 5 40
4216733.333333 4032650.000000 9339.014648 6 40
4216920.000000 4032650.000000 9120.755859 7 40
4217106.666667 4032650.000000 8902.539063 8 40
4217293.333333 4032650.000000 8683.880859 9 40
4217480.000000 4032650.000000 8464.764648 10 40
4217666.666667 4032650.000000 8245.204102 11 40
4217853.333333 4032650.000000 8024.682617 12 40
4218040.000000 4032650.000000 7804.205078 13 40
4218226.666667 4032650.000000 7583.268066 14 40
4218413.333333 4032650.000000 7361.867676 15 40
4218600.000000 4032650.000000 7139.989258 16 40
4218786.666667 4032650.000000 6918.139648 17 40
4218973.333333 4032650.000000 6695.301270 18 40
4219160.000000 4032650.000000 6471.953125 19 40
4219346.666667 4032650.000000 6247.598145 20 40
4219533.333333 4032650.000000 6023.204102 21 40
4219720.000000 4032650.000000 5798.766113 22 40
4219906.666667 4032650.000000 5574.278809 23 40
4220093.333333 4032650.000000 5350.713867 24 40
4220280.000000 4032650.000000 5128.078613 25 40
4220466.666667 4032650.000000 4906.359863 26 40
4220653.333333 4032650.000000 4685.555664 27 40
4220840.000000 4032650.000000 4465.168457 28 40
4221026.666667 4032650.000000 4245.706055 29 40
4221213.333333 4032650.000000 4026.196045 30 40
4221400.000000 4032650.000000 3806.653320 31 40
4215800.000000 4033000.000000 10404.467773 1 41
4215986.666667 4033000.000000 10186.504883 2 41
4216173.333333 4033000.000000 9968.559570 3 41
4216360.000000 4033000.000000 9750.156250 4 41
4216546.666667 4033000.000000 9532.295898 5 41
4216733.333333 4033000.000000 9313.476563 6 41
4216920.000000 4033000.000000 9095.215820 7 41
4217106.666667 4033000.000000 8876.996094 8 41
4217293.333333 4033000.000000 8658.334961 9 41
4217480.000000 4033000.000000 8439.213867 10 41
4217666.666667 4033000.000000 8219.137695 11 41
4217853.333333 4033000.000000 7998.612793 12 41
4218040.000000 4033000.000000 7777.619629 13 41
4218226.666667 4033000.000000 7556.154785 14 41
4218413.333333 4033000.000000 7334.229004 15 41
4218600.000000 4033000.000000 7111.828125 16 41
4218786.666667 4033000.000000 6888.942871 17 41
4218973.333333 4033000.000000 6665.057129 18 41
4219160.000000 4033000.000000 6440.665039 19 41
4219346.666667 4033000.000000 6215.254883 20 41
4219533.333333 4033000.000000 5989.819336 21 41
4219720.000000 4033000.000000 5764.330078 22 41
4219906.666667 4033000.000000 5539.283691 23 41
4220093.333333 4033000.000000 5315.168945 24 41
4220280.000000 4033000.000000 5092.486328 25 41
4220466.666667 4033000.000000 4870.723633 26 41
4220653.333333 4033000.000000 4650.378906 27 41
4220840.000000 4033000.000000 4430.955566 28 41
4221026.666667 4033000.000000 4212.471191 29 41
4221213.333333 4033000.000000 3993.936279 30 41
4221400.000000 4033000.000000 3775.368408 31 41
