# Type: scattered data
# Version: 6
# Description: No description
# Format: free
# Field: 1 x
# Field: 2 y
# Field: 3 z undefined
# Field: 4 column
# Field: 5 row
# Projection: Local Rectangular
# Units: undefined
# End:
# Information from grid:
# Grid_size: 42 x 33
# Grid_space: 4212000.000000,4220200.000000,4021100.000000,4033000.000000
# Scattered data: Not_available
# Z_field: z
# Vertical_faults: Not_available
# History: No history
# Z_units: undefined
4212000.000000 4021100.000000 15910.375000 1 1
4212200.000000 4021100.000000 15478.519531 2 1
4212400.000000 4021100.000000 15045.628906 3 1
4212600.000000 4021100.000000 14611.427734 4 1
4212800.000000 4021100.000000 14175.091797 5 1
4213000.000000 4021100.000000 13735.373047 6 1
4213200.000000 4021100.000000 13293.155273 7 1
4213400.000000 4021100.000000 12848.038086 8 1
4213600.000000 4021100.000000 12398.366211 9 1
4213800.000000 4021100.000000 11945.820313 10 1
4214000.000000 4021100.000000 11490.154297 11 1
4214200.000000 4021100.000000 11031.496094 12 1
4214400.000000 4021100.000000 10567.798828 13 1
4214600.000000 4021100.000000 10100.158203 14 1
4214800.000000 4021100.000000 9629.590820 15 1
4215000.000000 4021100.000000 9154.392578 16 1
4215200.000000 4021100.000000 8674.304688 17 1
4215400.000000 4021100.000000 8190.814453 18 1
4215600.000000 4021100.000000 7705.243164 19 1
4215800.000000 4021100.000000 7216.181152 20 1
4216000.000000 4021100.000000 6723.896484 21 1
4216200.000000 4021100.000000 6227.349121 22 1
4216400.000000 4021100.000000 5726.812012 23 1
4216600.000000 4021100.000000 5224.287109 24 1
4216800.000000 4021100.000000 4719.856934 25 1
4217000.000000 4021100.000000 4214.979004 26 1
4217200.000000 4021100.000000 3710.955811 27 1
4217400.000000 4021100.000000 3207.441650 28 1
4217600.000000 4021100.000000 2707.447021 29 1
4217800.000000 4021100.000000 2211.237793 30 1
4218000.000000 4021100.000000 1718.313721 31 1
4218200.000000 4021100.000000 1232.783691 32 1
4218400.000000 4021100.000000 757.723328 33 1
4218600.000000 4021100.000000 291.625031 34 1
4218800.000000 4021100.000000 -164.274200 35 1
4219000.000000 4021100.000000 -607.746460 36 1
4219200.000000 4021100.000000 -1040.116333 37 1
4219400.000000 4021100.000000 -1463.755371 38 1
4219600.000000 4021100.000000 -1879.385498 39 1
4219800.000000 4021100.000000 -2289.462158 40 1
4220000.000000 4021100.000000 -2696.049316 41 1
4220200.000000 4021100.000000 -3100.753662 42 1
4212000.000000 4021471.875000 15662.671875 1 2
4212200.000000 4021471.875000 15231.171875 2 2
4212400.000000 4021471.875000 14798.497070 3 2
4212600.000000 4021471.875000 14365.507813 4 2
4212800.000000 4021471.875000 13929.360352 5 2
4213000.000000 4021471.875000 13489.881836 6 2
4213200.000000 4021471.875000 13048.966797 7 2
4213400.000000 4021471.875000 12605.187500 8 2
4213600.000000 4021471.875000 12156.905273 9 2
4213800.000000 4021471.875000 11705.876953 10 2
4214000.000000 4021471.875000 11251.786133 11 2
4214200.000000 4021471.875000 10793.699219 12 2
4214400.000000 4021471.875000 10331.675781 13 2
4214600.000000 4021471.875000 9865.760742 14 2
4214800.000000 4021471.875000 9395.958008 15 2
4215000.000000 4021471.875000 8922.543945 16 2
4215200.000000 4021471.875000 8444.185547 17 2
4215400.000000 4021471.875000 7963.452637 18 2
4215600.000000 4021471.875000 7479.639648 19 2
4215800.000000 4021471.875000 6993.296387 20 2
4216000.000000 4021471.875000 6502.642578 21 2
4216200.000000 4021471.875000 6008.423340 22 2
4216400.000000 4021471.875000 5509.886719 23 2
4216600.000000 4021471.875000 5009.136719 24 2
4216800.000000 4021471.875000 4506.256836 25 2
4217000.000000 4021471.875000 4002.698975 26 2
4217200.000000 4021471.875000 3499.640381 27 2
4217400.000000 4021471.875000 2996.446533 28 2
4217600.000000 4021471.875000 2496.192383 29 2
4217800.000000 4021471.875000 1999.261475 30 2
4218000.000000 4021471.875000 1504.112549 31 2
4218200.000000 4021471.875000 1015.951721 32 2
4218400.000000 4021471.875000 538.783447 33 2
4218600.000000 4021471.875000 71.274872 34 2
4218800.000000 4021471.875000 -386.149689 35 2
4219000.000000 4021471.875000 -829.443237 36 2
4219200.000000 4021471.875000 -1261.187866 37 2
4219400.000000 4021471.875000 -1682.115356 38 2
4219600.000000 4021471.875000 -2095.155762 39 2
4219800.000000 4021471.875000 -2501.189697 40 2
4220000.000000 4021471.875000 -2904.592773 41 2
4220200.000000 4021471.875000 -3305.081055 42 2
4212000.000000 4021843.750000 15415.913086 1 3
4212200.000000 4021843.750000 14984.860352 2 3
4212400.000000 4021843.750000 14553.558594 3 3
4212600.000000 4021843.750000 14120.889648 4 3
4212800.000000 4021843.750000 13685.077148 5 3
4213000.000000 4021843.750000 13246.975586 6 3
4213200.000000 4021843.750000 12806.442383 7 3
4213400.000000 4021843.750000 12364.124023 8 3
4213600.000000 4021843.750000 11916.352539 9 3
4213800.000000 4021843.750000 11466.886719 10 3
4214000.000000 4021843.750000 11014.441406 11 3
4214200.000000 4021843.750000 10558.008789 12 3
4214400.000000 4021843.750000 10096.701172 13 3
4214600.000000 4021843.750000 9632.566406 14 3
4214800.000000 4021843.750000 9165.546875 15 3
4215000.000000 4021843.750000 8693.930664 16 3
4215200.000000 4021843.750000 8217.376953 17 3
4215400.000000 4021843.750000 7738.434082 18 3
4215600.000000 4021843.750000 7256.406250 19 3
4215800.000000 4021843.750000 6771.812012 20 3
4216000.000000 4021843.750000 6283.794922 21 3
4216200.000000 4021843.750000 5791.872070 22 3
4216400.000000 4021843.750000 5294.258301 23 3
4216600.000000 4021843.750000 4795.159180 24 3
4216800.000000 4021843.750000 4293.666016 25 3
4217000.000000 4021843.750000 3792.226563 26 3
4217200.000000 4021843.750000 3288.931152 27 3
4217400.000000 4021843.750000 2786.803955 28 3
4217600.000000 4021843.750000 2284.858887 29 3
4217800.000000 4021843.750000 1785.630737 30 3
4218000.000000 4021843.750000 1288.653931 31 3
4218200.000000 4021843.750000 796.144104 32 3
4218400.000000 4021843.750000 315.184235 33 3
4218600.000000 4021843.750000 -155.217758 34 3
4218800.000000 4021843.750000 -613.344055 35 3
4219000.000000 4021843.750000 -1056.303223 36 3
4219200.000000 4021843.750000 -1485.914307 37 3
4219400.000000 4021843.750000 -1904.428345 38 3
4219600.000000 4021843.750000 -2313.132324 39 3
4219800.000000 4021843.750000 -2714.493164 40 3
4220000.000000 4021843.750000 -3113.234863 41 3
4220200.000000 4021843.750000 -3510.254883 42 3
4212000.000000 4022215.625000 15170.310547 1 4
4212200.000000 4022215.625000 14740.792969 2 4
4212400.000000 4022215.625000 14309.985352 3 4
4212600.000000 4022215.625000 13876.739258 4 4
4212800.000000 4022215.625000 13442.375977 5 4
4213000.000000 4022215.625000 13005.724609 6 4
4213200.000000 4022215.625000 12566.712891 7 4
4213400.000000 4022215.625000 12124.930664 8 4
4213600.000000 4022215.625000 11678.786133 9 4
4213800.000000 4022215.625000 11230.982422 10 4
4214000.000000 4022215.625000 10779.229492 11 4
4214200.000000 4022215.625000 10323.568359 12 4
4214400.000000 4022215.625000 9864.066406 13 4
4214600.000000 4022215.625000 9401.761719 14 4
4214800.000000 4022215.625000 8936.588867 15 4
4215000.000000 4022215.625000 8466.834961 16 4
4215200.000000 4022215.625000 7993.147949 17 4
4215400.000000 4022215.625000 7516.063477 18 4
4215600.000000 4022215.625000 7036.873047 19 4
4215800.000000 4022215.625000 6554.069824 20 4
4216000.000000 4022215.625000 6067.699707 21 4
4216200.000000 4022215.625000 5577.109863 22 4
4216400.000000 4022215.625000 5081.436035 23 4
4216600.000000 4022215.625000 4583.934570 24 4
4216800.000000 4022215.625000 4083.725098 25 4
4217000.000000 4022215.625000 3583.272461 26 4
4217200.000000 4022215.625000 3080.570801 27 4
4217400.000000 4022215.625000 2577.230469 28 4
4217600.000000 4022215.625000 2074.174072 29 4
4217800.000000 4022215.625000 1572.076416 30 4
4218000.000000 4022215.625000 1071.503296 31 4
4218200.000000 4022215.625000 575.782654 32 4
4218400.000000 4022215.625000 90.211929 33 4
4218600.000000 4022215.625000 -383.688354 34 4
4218800.000000 4022215.625000 -844.779114 35 4
4219000.000000 4022215.625000 -1287.160889 36 4
4219200.000000 4022215.625000 -1712.990601 37 4
4219400.000000 4022215.625000 -2127.253906 38 4
4219600.000000 4022215.625000 -2531.732422 39 4
4219800.000000 4022215.625000 -2928.676025 40 4
4220000.000000 4022215.625000 -3323.153076 41 4
4220200.000000 4022215.625000 -3716.347900 42 4
4212000.000000 4022587.500000 14925.402344 1 5
4212200.000000 4022587.500000 14496.490234 2 5
4212400.000000 4022587.500000 14067.215820 3 5
4212600.000000 4022587.500000 13635.523438 4 5
4212800.000000 4022587.500000 13202.688477 5 5
4213000.000000 4022587.500000 12766.635742 6 5
4213200.000000 4022587.500000 12328.230469 7 5
4213400.000000 4022587.500000 11888.139648 8 5
4213600.000000 4022587.500000 11443.714844 9 5
4213800.000000 4022587.500000 10997.709961 10 5
4214000.000000 4022587.500000 10547.785156 11 5
4214200.000000 4022587.500000 10093.004883 12 5
4214400.000000 4022587.500000 9635.429688 13 5
4214600.000000 4022587.500000 9175.075195 14 5
4214800.000000 4022587.500000 8711.875000 15 5
4215000.000000 4022587.500000 8244.113281 16 5
4215200.000000 4022587.500000 7771.422363 17 5
4215400.000000 4022587.500000 7296.314941 18 5
4215600.000000 4022587.500000 6820.069336 19 5
4215800.000000 4022587.500000 6340.170898 20 5
4216000.000000 4022587.500000 5855.533691 21 5
4216200.000000 4022587.500000 5366.341309 22 5
4216400.000000 4022587.500000 4872.723145 23 5
4216600.000000 4022587.500000 4375.865234 24 5
4216800.000000 4022587.500000 3876.932373 25 5
4217000.000000 4022587.500000 3376.418701 26 5
4217200.000000 4022587.500000 2874.220947 27 5
4217400.000000 4022587.500000 2370.404297 28 5
4217600.000000 4022587.500000 1865.654785 29 5
4217800.000000 4022587.500000 1359.882202 30 5
4218000.000000 4022587.500000 854.626282 31 5
4218200.000000 4022587.500000 352.295258 32 5
4218400.000000 4022587.500000 -139.187485 33 5
4218600.000000 4022587.500000 -616.466553 34 5
4218800.000000 4022587.500000 -1079.794678 35 5
4219000.000000 4022587.500000 -1520.096680 36 5
4219200.000000 4022587.500000 -1943.027710 37 5
4219400.000000 4022587.500000 -2352.628662 38 5
4219600.000000 4022587.500000 -2750.440918 39 5
4219800.000000 4022587.500000 -3142.692871 40 5
4220000.000000 4022587.500000 -3531.899170 41 5
4220200.000000 4022587.500000 -3919.493408 42 5
4212000.000000 4022959.375000 14682.174805 1 6
4212200.000000 4022959.375000 14254.886719 2 6
4212400.000000 4022959.375000 13826.223633 3 6
4212600.000000 4022959.375000 13396.145508 4 6
4212800.000000 4022959.375000 12963.962891 5 6
4213000.000000 4022959.375000 12529.568359 6 6
4213200.000000 4022959.375000 12092.904297 7 6
4213400.000000 4022959.375000 11653.580078 8 6
4213600.000000 4022959.375000 11211.025391 9 6
4213800.000000 4022959.375000 10765.908203 10 6
4214000.000000 4022959.375000 10317.953125 11 6
4214200.000000 4022959.375000 9866.170898 12 6
4214400.000000 4022959.375000 9409.677734 13 6
4214600.000000 4022959.375000 8951.404297 14 6
4214800.000000 4022959.375000 8489.344727 15 6
4215000.000000 4022959.375000 8023.733398 16 6
4215200.000000 4022959.375000 7554.192871 17 6
4215400.000000 4022959.375000 7081.217285 18 6
4215600.000000 4022959.375000 6607.091797 19 6
4215800.000000 4022959.375000 6129.224121 20 6
4216000.000000 4022959.375000 5646.502441 21 6
4216200.000000 4022959.375000 5159.907715 22 6
4216400.000000 4022959.375000 4667.514160 23 6
4216600.000000 4022959.375000 4171.502930 24 6
4216800.000000 4022959.375000 3674.006592 25 6
4217000.000000 4022959.375000 3173.561279 26 6
4217200.000000 4022959.375000 2671.920410 27 6
4217400.000000 4022959.375000 2166.512207 28 6
4217600.000000 4022959.375000 1659.663696 29 6
4217800.000000 4022959.375000 1149.447144 30 6
4218000.000000 4022959.375000 639.482727 31 6
4218200.000000 4022959.375000 131.168106 32 6
4218400.000000 4022959.375000 -365.426208 33 6
4218600.000000 4022959.375000 -847.935059 34 6
4218800.000000 4022959.375000 -1313.829468 35 6
4219000.000000 4022959.375000 -1753.194702 36 6
4219200.000000 4022959.375000 -2171.610107 37 6
4219400.000000 4022959.375000 -2574.809082 38 6
4219600.000000 4022959.375000 -2966.451172 39 6
4219800.000000 4022959.375000 -3352.709229 40 6
4220000.000000 4022959.375000 -3736.575684 41 6
4220200.000000 4022959.375000 -4118.837891 42 6
4212000.000000 4023331.250000 14441.719727 1 7
4212200.000000 4023331.250000 14015.072266 2 7
4212400.000000 4023331.250000 13587.097656 3 7
4212600.000000 4023331.250000 13158.686523 4 7
4212800.000000 4023331.250000 12727.224609 5 7
4213000.000000 4023331.250000 12294.617188 6 7
4213200.000000 4023331.250000 11859.762695 7 7
4213400.000000 4023331.250000 11421.350586 8 7
4213600.000000 4023331.250000 10980.751953 9 7
4213800.000000 4023331.250000 10537.682617 10 7
4214000.000000 4023331.250000 10091.818359 11 7
4214200.000000 4023331.250000 9641.202148 12 7
4214400.000000 4023331.250000 9186.934570 13 7
4214600.000000 4023331.250000 8729.925781 14 7
4214800.000000 4023331.250000 8270.165039 15 7
4215000.000000 4023331.250000 7806.885742 16 7
4215200.000000 4023331.250000 7339.686035 17 7
4215400.000000 4023331.250000 6870.052734 18 7
4215600.000000 4023331.250000 6397.214355 19 7
4215800.000000 4023331.250000 5921.603516 20 7
4216000.000000 4023331.250000 5442.006836 21 7
4216200.000000 4023331.250000 4956.277344 22 7
4216400.000000 4023331.250000 4466.438477 23 7
4216600.000000 4023331.250000 3972.551025 24 7
4216800.000000 4023331.250000 3474.820557 25 7
4217000.000000 4023331.250000 2975.734863 26 7
4217200.000000 4023331.250000 2474.895752 27 7
4217400.000000 4023331.250000 1967.971924 28 7
4217600.000000 4023331.250000 1457.796753 29 7
4217800.000000 4023331.250000 943.666687 30 7
4218000.000000 4023331.250000 428.214478 31 7
4218200.000000 4023331.250000 -87.091133 32 7
4218400.000000 4023331.250000 -589.961121 33 7
4218600.000000 4023331.250000 -1078.966675 34 7
4218800.000000 4023331.250000 -1548.591431 35 7
4219000.000000 4023331.250000 -1986.911255 36 7
4219200.000000 4023331.250000 -2399.112549 37 7
4219400.000000 4023331.250000 -2794.247559 38 7
4219600.000000 4023331.250000 -3178.239746 39 7
4219800.000000 4023331.250000 -3556.478516 40 7
4220000.000000 4023331.250000 -3933.189209 41 7
4220200.000000 4023331.250000 -4310.474121 42 7
4212000.000000 4023703.125000 14202.350586 1 8
4212200.000000 4023703.125000 13776.411133 2 8
4212400.000000 4023703.125000 13351.167969 3 8
4212600.000000 4023703.125000 12923.536133 4 8
4212800.000000 4023703.125000 12493.873047 5 8
4213000.000000 4023703.125000 12062.146484 6 8
4213200.000000 4023703.125000 11628.255859 7 8
4213400.000000 4023703.125000 11192.854492 8 8
4213600.000000 4023703.125000 10753.397461 9 8
4213800.000000 4023703.125000 10311.521484 10 8
4214000.000000 4023703.125000 9866.909180 11 8
4214200.000000 4023703.125000 9419.668945 12 8
4214400.000000 4023703.125000 8967.841797 13 8
4214600.000000 4023703.125000 8513.324219 14 8
4214800.000000 4023703.125000 8056.103516 15 8
4215000.000000 4023703.125000 7594.415527 16 8
4215200.000000 4023703.125000 7129.834961 17 8
4215400.000000 4023703.125000 6662.822754 18 8
4215600.000000 4023703.125000 6192.598633 19 8
4215800.000000 4023703.125000 5719.595703 20 8
4216000.000000 4023703.125000 5242.490723 21 8
4216200.000000 4023703.125000 4759.098633 22 8
4216400.000000 4023703.125000 4271.322754 23 8
4216600.000000 4023703.125000 3779.204834 24 8
4216800.000000 4023703.125000 3283.864502 25 8
4217000.000000 4023703.125000 2786.835693 26 8
4217200.000000 4023703.125000 2285.469482 27 8
4217400.000000 4023703.125000 1778.616943 28 8
4217600.000000 4023703.125000 1265.538330 29 8
4217800.000000 4023703.125000 747.743652 30 8
4218000.000000 4023703.125000 225.856155 31 8
4218200.000000 4023703.125000 -296.716583 32 8
4218400.000000 4023703.125000 -808.371216 33 8
4218600.000000 4023703.125000 -1306.875244 34 8
4218800.000000 4023703.125000 -1785.631226 35 8
4219000.000000 4023703.125000 -2222.243408 36 8
4219200.000000 4023703.125000 -2621.886719 37 8
4219400.000000 4023703.125000 -3002.715088 38 8
4219600.000000 4023703.125000 -3375.798096 39 8
4219800.000000 4023703.125000 -3745.650879 40 8
4220000.000000 4023703.125000 -4115.077148 41 8
4220200.000000 4023703.125000 -4487.445313 42 8
4212000.000000 4024075.000000 13964.844727 1 9
4212200.000000 4024075.000000 13540.660156 2 9
4212400.000000 4024075.000000 13116.176758 3 9
4212600.000000 4024075.000000 12689.369141 4 9
4212800.000000 4024075.000000 12261.618164 5 9
4213000.000000 4024075.000000 11831.848633 6 9
4213200.000000 4024075.000000 11400.015625 7 9
4213400.000000 4024075.000000 10965.782227 8 9
4213600.000000 4024075.000000 10528.586914 9 9
4213800.000000 4024075.000000 10088.041016 10 9
4214000.000000 4024075.000000 9645.880859 11 9
4214200.000000 4024075.000000 9200.190430 12 9
4214400.000000 4024075.000000 8750.996094 13 9
4214600.000000 4024075.000000 8299.213867 14 9
4214800.000000 4024075.000000 7844.775879 15 9
4215000.000000 4024075.000000 7385.944336 16 9
4215200.000000 4024075.000000 6923.278320 17 9
4215400.000000 4024075.000000 6459.204590 18 9
4215600.000000 4024075.000000 5991.934570 19 9
4215800.000000 4024075.000000 5521.895996 20 9
4216000.000000 4024075.000000 5046.751953 21 9
4216200.000000 4024075.000000 4567.205078 22 9
4216400.000000 4024075.000000 4083.187500 23 9
4216600.000000 4024075.000000 3593.616455 24 9
4216800.000000 4024075.000000 3099.597900 25 9
4217000.000000 4024075.000000 2604.634277 26 9
4217200.000000 4024075.000000 2104.898682 27 9
4217400.000000 4024075.000000 1599.608154 28 9
4217600.000000 4024075.000000 1085.421753 29 9
4217800.000000 4024075.000000 564.948120 30 9
4218000.000000 4024075.000000 38.644455 31 9
4218200.000000 4024075.000000 -492.242401 32 9
4218400.000000 4024075.000000 -1016.865845 33 9
4218600.000000 4024075.000000 -1530.227905 34 9
4218800.000000 4024075.000000 -2027.440918 35 9
4219000.000000 4024075.000000 -2461.239258 36 9
4219200.000000 4024075.000000 -2836.879639 37 9
4219400.000000 4024075.000000 -3194.310059 38 9
4219600.000000 4024075.000000 -3553.116455 39 9
4219800.000000 4024075.000000 -3914.819336 40 9
4220000.000000 4024075.000000 -4278.074707 41 9
4220200.000000 4024075.000000 -4645.799316 42 9
4212000.000000 4024446.875000 13727.725586 1 10
4212200.000000 4024446.875000 13305.280273 2 10
4212400.000000 4024446.875000 12881.616211 3 10
4212600.000000 4024446.875000 12457.656250 4 10
4212800.000000 4024446.875000 12030.861328 5 10
4213000.000000 4024446.875000 11602.156250 6 10
4213200.000000 4024446.875000 11172.461914 7 10
4213400.000000 4024446.875000 10740.455078 8 10
4213600.000000 4024446.875000 10304.629883 9 10
4213800.000000 4024446.875000 9866.564453 10 10
4214000.000000 4024446.875000 9425.970703 11 10
4214200.000000 4024446.875000 8982.959961 12 10
4214400.000000 4024446.875000 8536.598633 13 10
4214600.000000 4024446.875000 8087.714355 14 10
4214800.000000 4024446.875000 7635.255859 15 10
4215000.000000 4024446.875000 7179.495117 16 10
4215200.000000 4024446.875000 6719.987305 17 10
4215400.000000 4024446.875000 6258.118164 18 10
4215600.000000 4024446.875000 5795.102051 19 10
4215800.000000 4024446.875000 5328.323730 20 10
4216000.000000 4024446.875000 4856.493164 21 10
4216200.000000 4024446.875000 4380.296387 22 10
4216400.000000 4024446.875000 3898.595215 23 10
4216600.000000 4024446.875000 3412.287598 24 10
4216800.000000 4024446.875000 2922.444824 25 10
4217000.000000 4024446.875000 2429.496582 26 10
4217200.000000 4024446.875000 1932.577393 27 10
4217400.000000 4024446.875000 1429.428833 28 10
4217600.000000 4024446.875000 916.274719 29 10
4217800.000000 4024446.875000 394.644226 30 10
4218000.000000 4024446.875000 -134.259399 31 10
4218200.000000 4024446.875000 -670.332397 32 10
4218400.000000 4024446.875000 -1203.887573 33 10
4218600.000000 4024446.875000 -1733.583252 34 10
4218800.000000 4024446.875000 -2256.136475 35 10
4219000.000000 4024446.875000 -2682.665039 36 10
4219200.000000 4024446.875000 -3026.106201 37 10
4219400.000000 4024446.875000 -3361.440430 38 10
4219600.000000 4024446.875000 -3708.404053 39 10
4219800.000000 4024446.875000 -4063.919434 40 10
4220000.000000 4024446.875000 -4422.481934 41 10
4220200.000000 4024446.875000 -4787.756348 42 10
4212000.000000 4024818.750000 13493.025391 1 11
4212200.000000 4024818.750000 13071.325195 2 11
4212400.000000 4024818.750000 12649.493164 3 11
4212600.000000 4024818.750000 12226.462891 4 11
4212800.000000 4024818.750000 11801.687500 5 11
4213000.000000 4024818.750000 11375.087891 6 11
4213200.000000 4024818.750000 10946.621094 7 11
4213400.000000 4024818.750000 10515.976563 8 11
4213600.000000 4024818.750000 10082.636719 9 11
4213800.000000 4024818.750000 9647.145508 10 11
4214000.000000 4024818.750000 9209.257813 11 11
4214200.000000 4024818.750000 8769.123047 12 11
4214400.000000 4024818.750000 8324.761719 13 11
4214600.000000 4024818.750000 7877.976563 14 11
4214800.000000 4024818.750000 7428.696777 15 11
4215000.000000 4024818.750000 6976.265625 16 11
4215200.000000 4024818.750000 6520.193359 17 11
4215400.000000 4024818.750000 6061.828125 18 11
4215600.000000 4024818.750000 5601.377930 19 11
4215800.000000 4024818.750000 5138.236328 20 11
4216000.000000 4024818.750000 4670.145996 21 11
4216200.000000 4024818.750000 4197.830566 22 11
4216400.000000 4024818.750000 3720.163086 23 11
4216600.000000 4024818.750000 3237.945313 24 11
4216800.000000 4024818.750000 2752.255859 25 11
4217000.000000 4024818.750000 2262.502686 26 11
4217200.000000 4024818.750000 1769.758667 27 11
4217400.000000 4024818.750000 1270.704712 28 11
4217600.000000 4024818.750000 760.329224 29 11
4217800.000000 4024818.750000 240.928665 30 11
4218000.000000 4024818.750000 -286.549561 31 11
4218200.000000 4024818.750000 -821.710266 32 11
4218400.000000 4024818.750000 -1356.379639 33 11
4218600.000000 4024818.750000 -1883.879395 34 11
4218800.000000 4024818.750000 -2398.727783 35 11
4219000.000000 4024818.750000 -2818.492188 36 11
4219200.000000 4024818.750000 -3160.605957 37 11
4219400.000000 4024818.750000 -3492.861328 38 11
4219600.000000 4024818.750000 -3834.858154 39 11
4219800.000000 4024818.750000 -4186.943359 40 11
4220000.000000 4024818.750000 -4544.899902 41 11
4220200.000000 4024818.750000 -4909.143066 42 11
4212000.000000 4025190.625000 13260.328125 1 12
4212200.000000 4025190.625000 12840.446289 2 12
4212400.000000 4025190.625000 12419.500000 3 12
4212600.000000 4025190.625000 11998.463867 4 12
4212800.000000 4025190.625000 11574.809570 5 12
4213000.000000 4025190.625000 11150.467773 6 12
4213200.000000 4025190.625000 10724.367188 7 12
4213400.000000 4025190.625000 10295.209961 8 12
4213600.000000 4025190.625000 9864.537109 9 12
4213800.000000 4025190.625000 9430.859375 10 12
4214000.000000 4025190.625000 8995.908203 11 12
4214200.000000 4025190.625000 8557.895508 12 12
4214400.000000 4025190.625000 8116.832031 13 12
4214600.000000 4025190.625000 7673.473633 14 12
4214800.000000 4025190.625000 7227.750000 15 12
4215000.000000 4025190.625000 6779.038574 16 12
4215200.000000 4025190.625000 6325.870117 17 12
4215400.000000 4025190.625000 5870.523926 18 12
4215600.000000 4025190.625000 5414.195801 19 12
4215800.000000 4025190.625000 4954.315430 20 12
4216000.000000 4025190.625000 4491.709473 21 12
4216200.000000 4025190.625000 4024.222656 22 12
4216400.000000 4025190.625000 3550.759033 23 12
4216600.000000 4025190.625000 3074.118408 24 12
4216800.000000 4025190.625000 2593.296143 25 12
4217000.000000 4025190.625000 2110.678711 26 12
4217200.000000 4025190.625000 1623.495483 27 12
4217400.000000 4025190.625000 1130.900024 28 12
4217600.000000 4025190.625000 629.133850 29 12
4217800.000000 4025190.625000 119.384056 30 12
4218000.000000 4025190.625000 -398.495178 31 12
4218200.000000 4025190.625000 -924.085266 32 12
4218400.000000 4025190.625000 -1446.103760 33 12
4218600.000000 4025190.625000 -1956.018188 34 12
4218800.000000 4025190.625000 -2443.043701 35 12
4219000.000000 4025190.625000 -2860.328369 36 12
4219200.000000 4025190.625000 -3220.719971 37 12
4219400.000000 4025190.625000 -3564.858887 38 12
4219600.000000 4025190.625000 -3912.367188 39 12
4219800.000000 4025190.625000 -4267.435547 40 12
4220000.000000 4025190.625000 -4627.958984 41 12
4220200.000000 4025190.625000 -4994.772461 42 12
4212000.000000 4025562.500000 13028.172852 1 13
4212200.000000 4025562.500000 12610.159180 2 13
4212400.000000 4025562.500000 12191.198242 3 13
4212600.000000 4025562.500000 11771.216797 4 13
4212800.000000 4025562.500000 11349.772461 5 13
4213000.000000 4025562.500000 10926.778320 6 13
4213200.000000 4025562.500000 10503.163086 7 13
4213400.000000 4025562.500000 10076.665039 8 13
4213600.000000 4025562.500000 9647.826172 9 13
4213800.000000 4025562.500000 9217.126953 10 13
4214000.000000 4025562.500000 8785.319336 11 13
4214200.000000 4025562.500000 8349.653320 12 13
4214400.000000 4025562.500000 7912.165039 13 13
4214600.000000 4025562.500000 7472.541016 14 13
4214800.000000 4025562.500000 7029.732910 15 13
4215000.000000 4025562.500000 6584.129395 16 13
4215200.000000 4025562.500000 6135.312988 17 13
4215400.000000 4025562.500000 5684.479004 18 13
4215600.000000 4025562.500000 5232.814941 19 13
4215800.000000 4025562.500000 4778.815430 20 13
4216000.000000 4025562.500000 4320.422363 21 13
4216200.000000 4025562.500000 3857.662598 22 13
4216400.000000 4025562.500000 3390.529297 23 13
4216600.000000 4025562.500000 2919.815186 24 13
4216800.000000 4025562.500000 2446.444336 25 13
4217000.000000 4025562.500000 1971.794800 26 13
4217200.000000 4025562.500000 1493.256836 27 13
4217400.000000 4025562.500000 1008.843262 28 13
4217600.000000 4025562.500000 519.282959 29 13
4217800.000000 4025562.500000 22.629955 30 13
4218000.000000 4025562.500000 -479.104431 31 13
4218200.000000 4025562.500000 -987.830566 32 13
4218400.000000 4025562.500000 -1490.145386 33 13
4218600.000000 4025562.500000 -1979.022217 34 13
4218800.000000 4025562.500000 -2444.043457 35 13
4219000.000000 4025562.500000 -2859.221680 36 13
4219200.000000 4025562.500000 -3233.723145 37 13
4219400.000000 4025562.500000 -3591.892822 38 13
4219600.000000 4025562.500000 -3948.602539 39 13
4219800.000000 4025562.500000 -4310.111328 40 13
4220000.000000 4025562.500000 -4675.110840 41 13
4220200.000000 4025562.500000 -5047.798828 42 13
4212000.000000 4025934.375000 12797.046875 1 14
4212200.000000 4025934.375000 12379.923828 2 14
4212400.000000 4025934.375000 11962.971680 3 14
4212600.000000 4025934.375000 11545.125977 4 14
4212800.000000 4025934.375000 11124.952148 5 14
4213000.000000 4025934.375000 10704.376953 6 14
4213200.000000 4025934.375000 10283.330078 7 14
4213400.000000 4025934.375000 9859.571289 8 14
4213600.000000 4025934.375000 9432.663086 9 14
4213800.000000 4025934.375000 9005.072266 10 14
4214000.000000 4025934.375000 8575.555664 11 14
4214200.000000 4025934.375000 8144.437500 12 14
4214400.000000 4025934.375000 7709.724121 13 14
4214600.000000 4025934.375000 7273.057129 14 14
4214800.000000 4025934.375000 6834.391602 15 14
4215000.000000 4025934.375000 6393.172363 16 14
4215200.000000 4025934.375000 5948.034180 17 14
4215400.000000 4025934.375000 5502.071777 18 14
4215600.000000 4025934.375000 5055.461914 19 14
4215800.000000 4025934.375000 4605.766602 20 14
4216000.000000 4025934.375000 4153.104004 21 14
4216200.000000 4025934.375000 3696.753662 22 14
4216400.000000 4025934.375000 3235.748291 23 14
4216600.000000 4025934.375000 2772.891357 24 14
4216800.000000 4025934.375000 2308.052734 25 14
4217000.000000 4025934.375000 1841.552490 26 14
4217200.000000 4025934.375000 1372.999756 27 14
4217400.000000 4025934.375000 900.389465 28 14
4217600.000000 4025934.375000 423.981110 29 14
4217800.000000 4025934.375000 -56.359108 30 14
4218000.000000 4025934.375000 -541.435608 31 14
4218200.000000 4025934.375000 -1029.334839 32 14
4218400.000000 4025934.375000 -1509.360229 33 14
4218600.000000 4025934.375000 -1976.859497 34 14
4218800.000000 4025934.375000 -2424.692871 35 14
4219000.000000 4025934.375000 -2837.661865 36 14
4219200.000000 4025934.375000 -3221.023682 37 14
4219400.000000 4025934.375000 -3591.737305 38 14
4219600.000000 4025934.375000 -3958.996094 39 14
4219800.000000 4025934.375000 -4326.992676 40 14
4220000.000000 4025934.375000 -4698.505371 41 14
4220200.000000 4025934.375000 -5076.725098 42 14
4212000.000000 4026306.250000 12566.761719 1 15
4212200.000000 4026306.250000 12151.541016 2 15
4212400.000000 4026306.250000 11735.625977 3 15
4212600.000000 4026306.250000 11319.937500 4 15
4212800.000000 4026306.250000 10902.083008 5 15
4213000.000000 4026306.250000 10483.984375 6 15
4213200.000000 4026306.250000 10064.578125 7 15
4213400.000000 4026306.250000 9643.641602 8 15
4213600.000000 4026306.250000 9219.795898 9 15
4213800.000000 4026306.250000 8794.426758 10 15
4214000.000000 4026306.250000 8368.328125 11 15
4214200.000000 4026306.250000 7939.894043 12 15
4214400.000000 4026306.250000 7509.128418 13 15
4214600.000000 4026306.250000 7075.612793 14 15
4214800.000000 4026306.250000 6641.305664 15 15
4215000.000000 4026306.250000 6203.719727 16 15
4215200.000000 4026306.250000 5764.546387 17 15
4215400.000000 4026306.250000 5323.773438 18 15
4215600.000000 4026306.250000 4880.567383 19 15
4215800.000000 4026306.250000 4436.561523 20 15
4216000.000000 4026306.250000 3990.085449 21 15
4216200.000000 4026306.250000 3539.697998 22 15
4216400.000000 4026306.250000 3087.509766 23 15
4216600.000000 4026306.250000 2632.352783 24 15
4216800.000000 4026306.250000 2175.949707 25 15
4217000.000000 4026306.250000 1719.572144 26 15
4217200.000000 4026306.250000 1262.056396 27 15
4217400.000000 4026306.250000 802.408997 28 15
4217600.000000 4026306.250000 340.343964 29 15
4217800.000000 4026306.250000 -123.522751 30 15
4218000.000000 4026306.250000 -588.879211 31 15
4218200.000000 4026306.250000 -1055.239502 32 15
4218400.000000 4026306.250000 -1513.164307 33 15
4218600.000000 4026306.250000 -1960.761353 34 15
4218800.000000 4026306.250000 -2394.583496 35 15
4219000.000000 4026306.250000 -2803.273193 36 15
4219200.000000 4026306.250000 -3193.930908 37 15
4219400.000000 4026306.250000 -3573.583252 38 15
4219600.000000 4026306.250000 -3948.587891 39 15
4219800.000000 4026306.250000 -4322.817383 40 15
4220000.000000 4026306.250000 -4700.818848 41 15
4220200.000000 4026306.250000 -5083.449219 42 15
4212000.000000 4026678.125000 12337.262695 1 16
4212200.000000 4026678.125000 11922.980469 2 16
4212400.000000 4026678.125000 11509.128906 3 16
4212600.000000 4026678.125000 11095.633789 4 16
4212800.000000 4026678.125000 10680.147461 5 16
4213000.000000 4026678.125000 10264.589844 6 16
4213200.000000 4026678.125000 9846.899414 7 16
4213400.000000 4026678.125000 9428.891602 8 16
4213600.000000 4026678.125000 9007.202148 9 16
4213800.000000 4026678.125000 8585.177734 10 16
4214000.000000 4026678.125000 8162.638184 11 16
4214200.000000 4026678.125000 7737.056152 12 16
4214400.000000 4026678.125000 7310.435547 13 16
4214600.000000 4026678.125000 6881.291504 14 16
4214800.000000 4026678.125000 6450.591797 15 16
4215000.000000 4026678.125000 6017.920898 16 16
4215200.000000 4026678.125000 5583.044922 17 16
4215400.000000 4026678.125000 5147.825684 18 16
4215600.000000 4026678.125000 4710.418945 19 16
4215800.000000 4026678.125000 4272.544434 20 16
4216000.000000 4026678.125000 3831.776611 21 16
4216200.000000 4026678.125000 3388.990723 22 16
4216400.000000 4026678.125000 2944.389893 23 16
4216600.000000 4026678.125000 2498.787598 24 16
4216800.000000 4026678.125000 2052.763184 25 16
4217000.000000 4026678.125000 1606.495239 26 16
4217200.000000 4026678.125000 1161.011841 27 16
4217400.000000 4026678.125000 714.234131 28 16
4217600.000000 4026678.125000 268.118744 29 16
4217800.000000 4026678.125000 -179.079376 30 16
4218000.000000 4026678.125000 -626.072205 31 16
4218200.000000 4026678.125000 -1071.177490 32 16
4218400.000000 4026678.125000 -1510.173706 33 16
4218600.000000 4026678.125000 -1940.369873 34 16
4218800.000000 4026678.125000 -2359.955078 35 16
4219000.000000 4026678.125000 -2762.942383 36 16
4219200.000000 4026678.125000 -3154.608643 37 16
4219400.000000 4026678.125000 -3537.976318 38 16
4219600.000000 4026678.125000 -3917.472168 39 16
4219800.000000 4026678.125000 -4297.270508 40 16
4220000.000000 4026678.125000 -4679.600586 41 16
4220200.000000 4026678.125000 -5066.126465 42 16
4212000.000000 4027050.000000 12108.107422 1 17
4212200.000000 4027050.000000 11695.786133 2 17
4212400.000000 4027050.000000 11284.014648 3 17
4212600.000000 4027050.000000 10871.735352 4 17
4212800.000000 4027050.000000 10458.646484 5 17
4213000.000000 4027050.000000 10045.666016 6 17
4213200.000000 4027050.000000 9630.734375 7 17
4213400.000000 4027050.000000 9213.678711 8 17
4213600.000000 4027050.000000 8795.207031 9 17
4213800.000000 4027050.000000 8376.599609 10 17
4214000.000000 4027050.000000 7956.705566 11 17
4214200.000000 4027050.000000 7536.073242 12 17
4214400.000000 4027050.000000 7112.734375 13 17
4214600.000000 4027050.000000 6687.096191 14 17
4214800.000000 4027050.000000 6261.154297 15 17
4215000.000000 4027050.000000 5833.572266 16 17
4215200.000000 4027050.000000 5404.198730 17 17
4215400.000000 4027050.000000 4973.760742 18 17
4215600.000000 4027050.000000 4542.398926 19 17
4215800.000000 4027050.000000 4109.931641 20 17
4216000.000000 4027050.000000 3676.192627 21 17
4216200.000000 4027050.000000 3240.407227 22 17
4216400.000000 4027050.000000 2803.866211 23 17
4216600.000000 4027050.000000 2368.346924 24 17
4216800.000000 4027050.000000 1933.260742 25 17
4217000.000000 4027050.000000 1498.675415 26 17
4217200.000000 4027050.000000 1064.808838 27 17
4217400.000000 4027050.000000 632.367432 28 17
4217600.000000 4027050.000000 201.419754 29 17
4217800.000000 4027050.000000 -228.183212 30 17
4218000.000000 4027050.000000 -657.256348 31 17
4218200.000000 4027050.000000 -1083.211792 32 17
4218400.000000 4027050.000000 -1502.791260 33 17
4218600.000000 4027050.000000 -1916.777954 34 17
4218800.000000 4027050.000000 -2323.518311 35 17
4219000.000000 4027050.000000 -2720.183594 36 17
4219200.000000 4027050.000000 -3109.093018 37 17
4219400.000000 4027050.000000 -3492.444824 38 17
4219600.000000 4027050.000000 -3874.486816 39 17
4219800.000000 4027050.000000 -4257.522461 40 17
4220000.000000 4027050.000000 -4643.117188 41 17
4220200.000000 4027050.000000 -5033.531250 42 17
4212000.000000 4027421.875000 11879.132813 1 18
4212200.000000 4027421.875000 11468.755859 2 18
4212400.000000 4027421.875000 11059.083984 3 18
4212600.000000 4027421.875000 10648.041016 4 18
4212800.000000 4027421.875000 10237.375977 5 18
4213000.000000 4027421.875000 9826.003906 6 18
4213200.000000 4027421.875000 9412.868164 7 18
4213400.000000 4027421.875000 8998.834961 8 18
4213600.000000 4027421.875000 8583.629883 9 18
4213800.000000 4027421.875000 8167.498047 10 18
4214000.000000 4027421.875000 7751.313965 11 18
4214200.000000 4027421.875000 7333.712891 12 18
4214400.000000 4027421.875000 6913.716797 13 18
4214600.000000 4027421.875000 6493.690430 14 18
4214800.000000 4027421.875000 6071.628418 15 18
4215000.000000 4027421.875000 5648.278320 16 18
4215200.000000 4027421.875000 5224.590332 17 18
4215400.000000 4027421.875000 4800.117676 18 18
4215600.000000 4027421.875000 4375.003418 19 18
4215800.000000 4027421.875000 3948.168457 20 18
4216000.000000 4027421.875000 3521.725830 21 18
4216200.000000 4027421.875000 3094.268555 22 18
4216400.000000 4027421.875000 2667.178467 23 18
4216600.000000 4027421.875000 2242.196289 24 18
4216800.000000 4027421.875000 1817.512085 25 18
4217000.000000 4027421.875000 1395.083618 26 18
4217200.000000 4027421.875000 973.271179 27 18
4217400.000000 4027421.875000 555.560486 28 18
4217600.000000 4027421.875000 139.975357 29 18
4217800.000000 4027421.875000 -273.044830 30 18
4218000.000000 4027421.875000 -683.466919 31 18
4218200.000000 4027421.875000 -1089.969238 32 18
4218400.000000 4027421.875000 -1492.060425 33 18
4218600.000000 4027421.875000 -1890.483643 34 18
4218800.000000 4027421.875000 -2283.369141 35 18
4219000.000000 4027421.875000 -2671.613525 36 18
4219200.000000 4027421.875000 -3056.004395 37 18
4219400.000000 4027421.875000 -3438.558350 38 18
4219600.000000 4027421.875000 -3820.765625 39 18
4219800.000000 4027421.875000 -4206.004883 40 18
4220000.000000 4027421.875000 -4593.998047 41 18
4220200.000000 4027421.875000 -4986.629883 42 18
4212000.000000 4027793.750000 11650.163086 1 19
4212200.000000 4027793.750000 11241.773438 2 19
4212400.000000 4027793.750000 10833.225586 3 19
4212600.000000 4027793.750000 10424.443359 4 19
4212800.000000 4027793.750000 10016.246094 5 19
4213000.000000 4027793.750000 9606.510742 6 19
4213200.000000 4027793.750000 9196.201172 7 19
4213400.000000 4027793.750000 8785.196289 8 19
4213600.000000 4027793.750000 8372.303711 9 19
4213800.000000 4027793.750000 7959.697754 10 19
4214000.000000 4027793.750000 7546.284668 11 19
4214200.000000 4027793.750000 7131.805176 12 19
4214400.000000 4027793.750000 6716.255859 13 19
4214600.000000 4027793.750000 6300.943848 14 19
4214800.000000 4027793.750000 5883.876953 15 19
4215000.000000 4027793.750000 5465.892578 16 19
4215200.000000 4027793.750000 5047.037109 17 19
4215400.000000 4027793.750000 4628.710449 18 19
4215600.000000 4027793.750000 4209.042969 19 19
4215800.000000 4027793.750000 3789.062500 20 19
4216000.000000 4027793.750000 3369.183350 21 19
4216200.000000 4027793.750000 2950.383301 22 19
4216400.000000 4027793.750000 2533.153076 23 19
4216600.000000 4027793.750000 2118.114746 24 19
4216800.000000 4027793.750000 1705.295166 25 19
4217000.000000 4027793.750000 1294.503174 26 19
4217200.000000 4027793.750000 886.237976 27 19
4217400.000000 4027793.750000 482.673309 28 19
4217600.000000 4027793.750000 83.704109 29 19
4217800.000000 4027793.750000 -311.673096 30 19
4218000.000000 4027793.750000 -704.568787 31 19
4218200.000000 4027793.750000 -1093.010620 32 19
4218400.000000 4027793.750000 -1477.115967 33 19
4218600.000000 4027793.750000 -1859.249878 34 19
4218800.000000 4027793.750000 -2239.093262 35 19
4219000.000000 4027793.750000 -2618.055908 36 19
4219200.000000 4027793.750000 -2996.629150 37 19
4219400.000000 4027793.750000 -3376.051514 38 19
4219600.000000 4027793.750000 -3757.325195 39 19
4219800.000000 4027793.750000 -4143.930664 40 19
4220000.000000 4027793.750000 -4532.654785 41 19
4220200.000000 4027793.750000 -4926.951660 42 19
4212000.000000 4028165.625000 11420.870117 1 20
4212200.000000 4028165.625000 11014.490234 2 20
4212400.000000 4028165.625000 10607.095703 3 20
4212600.000000 4028165.625000 10200.619141 4 20
4212800.000000 4028165.625000 9793.880859 5 20
4213000.000000 4028165.625000 9386.807617 6 20
4213200.000000 4028165.625000 8979.350586 7 20
4213400.000000 4028165.625000 8571.434570 8 20
4213600.000000 4028165.625000 8161.890137 9 20
4213800.000000 4028165.625000 7751.852539 10 20
4214000.000000 4028165.625000 7342.259766 11 20
4214200.000000 4028165.625000 6930.931152 12 20
4214400.000000 4028165.625000 6519.923828 13 20
4214600.000000 4028165.625000 6108.420898 14 20
4214800.000000 4028165.625000 5696.457031 15 20
4215000.000000 4028165.625000 5283.969238 16 20
4215200.000000 4028165.625000 4870.089844 17 20
4215400.000000 4028165.625000 4457.109863 18 20
4215600.000000 4028165.625000 4044.092529 19 20
4215800.000000 4028165.625000 3631.201172 20 20
4216000.000000 4028165.625000 3219.169922 21 20
4216200.000000 4028165.625000 2808.400391 22 20
4216400.000000 4028165.625000 2400.425293 23 20
4216600.000000 4028165.625000 1996.827026 24 20
4216800.000000 4028165.625000 1596.384033 25 20
4217000.000000 4028165.625000 1197.757813 26 20
4217200.000000 4028165.625000 803.589844 27 20
4217400.000000 4028165.625000 415.651794 28 20
4217600.000000 4028165.625000 32.603470 29 20
4217800.000000 4028165.625000 -345.937042 30 20
4218000.000000 4028165.625000 -720.263733 31 20
4218200.000000 4028165.625000 -1089.724365 32 20
4218400.000000 4028165.625000 -1456.866089 33 20
4218600.000000 4028165.625000 -1822.516235 34 20
4218800.000000 4028165.625000 -2188.823975 35 20
4219000.000000 4028165.625000 -2556.639160 36 20
4219200.000000 4028165.625000 -2928.304932 37 20
4219400.000000 4028165.625000 -3303.539551 38 20
4219600.000000 4028165.625000 -3683.047607 39 20
4219800.000000 4028165.625000 -4069.493896 40 20
4220000.000000 4028165.625000 -4459.579590 41 20
4220200.000000 4028165.625000 -4854.388184 42 20
4212000.000000 4028537.500000 11191.080078 1 21
4212200.000000 4028537.500000 10786.727539 2 21
4212400.000000 4028537.500000 10381.516602 3 21
4212600.000000 4028537.500000 9976.324219 4 21
4212800.000000 4028537.500000 9571.069336 5 21
4213000.000000 4028537.500000 9166.662109 6 21
4213200.000000 4028537.500000 8762.079102 7 21
4213400.000000 4028537.500000 8356.225586 8 21
4213600.000000 4028537.500000 7950.034668 9 21
4213800.000000 4028537.500000 7543.589844 10 21
4214000.000000 4028537.500000 7136.830566 11 21
4214200.000000 4028537.500000 6729.687988 12 21
4214400.000000 4028537.500000 6322.219238 13 21
4214600.000000 4028537.500000 5915.575684 14 21
4214800.000000 4028537.500000 5507.761230 15 21
4215000.000000 4028537.500000 5100.827148 16 21
4215200.000000 4028537.500000 4693.016113 17 21
4215400.000000 4028537.500000 4286.454102 18 21
4215600.000000 4028537.500000 3879.191406 19 21
4215800.000000 4028537.500000 3472.512939 20 21
4216000.000000 4028537.500000 3067.482910 21 21
4216200.000000 4028537.500000 2666.916016 22 21
4216400.000000 4028537.500000 2269.441162 23 21
4216600.000000 4028537.500000 1876.542603 24 21
4216800.000000 4028537.500000 1487.767700 25 21
4217000.000000 4028537.500000 1102.586304 26 21
4217200.000000 4028537.500000 722.760986 27 21
4217400.000000 4028537.500000 349.699158 28 21
4217600.000000 4028537.500000 -16.216612 29 21
4217800.000000 4028537.500000 -377.802307 30 21
4218000.000000 4028537.500000 -733.501831 31 21
4218200.000000 4028537.500000 -1084.991821 32 21
4218400.000000 4028537.500000 -1434.013794 33 21
4218600.000000 4028537.500000 -1782.844971 34 21
4218800.000000 4028537.500000 -2135.127441 35 21
4219000.000000 4028537.500000 -2492.129395 36 21
4219200.000000 4028537.500000 -2855.177979 37 21
4219400.000000 4028537.500000 -3225.625488 38 21
4219600.000000 4028537.500000 -3602.950684 39 21
4219800.000000 4028537.500000 -3989.050781 40 21
4220000.000000 4028537.500000 -4379.508301 41 21
4220200.000000 4028537.500000 -4773.828125 42 21
4212000.000000 4028909.375000 10960.593750 1 22
4212200.000000 4028909.375000 10557.300781 2 22
4212400.000000 4028909.375000 10154.244141 3 22
4212600.000000 4028909.375000 9751.348633 4 22
4212800.000000 4028909.375000 9348.588867 5 22
4213000.000000 4028909.375000 8945.841797 6 22
4213200.000000 4028909.375000 8543.091797 7 22
4213400.000000 4028909.375000 8140.322754 8 22
4213600.000000 4028909.375000 7737.475098 9 22
4213800.000000 4028909.375000 7334.580566 10 22
4214000.000000 4028909.375000 6930.648438 11 22
4214200.000000 4028909.375000 6527.703613 12 22
4214400.000000 4028909.375000 6124.791016 13 22
4214600.000000 4028909.375000 5721.983398 14 22
4214800.000000 4028909.375000 5319.347168 15 22
4215000.000000 4028909.375000 4916.992676 16 22
4215200.000000 4028909.375000 4515.289063 17 22
4215400.000000 4028909.375000 4114.196289 18 22
4215600.000000 4028909.375000 3713.748535 19 22
4215800.000000 4028909.375000 3314.357910 20 22
4216000.000000 4028909.375000 2916.445557 21 22
4216200.000000 4028909.375000 2524.190674 22 22
4216400.000000 4028909.375000 2137.362793 23 22
4216600.000000 4028909.375000 1756.341675 24 22
4216800.000000 4028909.375000 1379.369385 25 22
4217000.000000 4028909.375000 1007.799500 26 22
4217200.000000 4028909.375000 641.492493 27 22
4217400.000000 4028909.375000 284.445557 28 22
4217600.000000 4028909.375000 -64.295036 29 22
4217800.000000 4028909.375000 -407.885193 30 22
4218000.000000 4028909.375000 -745.923279 31 22
4218200.000000 4028909.375000 -1078.388672 32 22
4218400.000000 4028909.375000 -1409.069092 33 22
4218600.000000 4028909.375000 -1742.716064 34 22
4218800.000000 4028909.375000 -2079.408447 35 22
4219000.000000 4028909.375000 -2423.891846 36 22
4219200.000000 4028909.375000 -2778.604248 37 22
4219400.000000 4028909.375000 -3142.645020 38 22
4219600.000000 4028909.375000 -3517.437012 39 22
4219800.000000 4028909.375000 -3902.151611 40 22
4220000.000000 4028909.375000 -4293.114258 41 22
4220200.000000 4028909.375000 -4688.171387 42 22
4212000.000000 4029281.250000 10728.935547 1 23
4212200.000000 4029281.250000 10326.682617 2 23
4212400.000000 4029281.250000 9925.779297 3 23
4212600.000000 4029281.250000 9525.178711 4 23
4212800.000000 4029281.250000 9124.854492 5 23
4213000.000000 4029281.250000 8724.737305 6 23
4213200.000000 4029281.250000 8323.819336 7 23
4213400.000000 4029281.250000 7923.064453 8 23
4213600.000000 4029281.250000 7523.518555 9 23
4213800.000000 4029281.250000 7123.165039 10 23
4214000.000000 4029281.250000 6723.013184 11 23
4214200.000000 4029281.250000 6324.188477 12 23
4214400.000000 4029281.250000 5925.805176 13 23
4214600.000000 4029281.250000 5526.809082 14 23
4214800.000000 4029281.250000 5128.282715 15 23
4215000.000000 4029281.250000 4731.491699 16 23
4215200.000000 4029281.250000 4335.873535 17 23
4215400.000000 4029281.250000 3940.236572 18 23
4215600.000000 4029281.250000 3546.597412 19 23
4215800.000000 4029281.250000 3153.500732 20 23
4216000.000000 4029281.250000 2764.701904 21 23
4216200.000000 4029281.250000 2380.792969 22 23
4216400.000000 4029281.250000 2003.626831 23 23
4216600.000000 4029281.250000 1634.469238 24 23
4216800.000000 4029281.250000 1270.300903 25 23
4217000.000000 4029281.250000 911.311279 26 23
4217200.000000 4029281.250000 559.479614 27 23
4217400.000000 4029281.250000 217.303223 28 23
4217600.000000 4029281.250000 -115.389030 29 23
4217800.000000 4029281.250000 -441.115417 30 23
4218000.000000 4029281.250000 -760.654358 31 23
4218200.000000 4029281.250000 -1074.099243 32 23
4218400.000000 4029281.250000 -1387.132690 33 23
4218600.000000 4029281.250000 -1703.045776 34 23
4218800.000000 4029281.250000 -2023.408569 35 23
4219000.000000 4029281.250000 -2355.434326 36 23
4219200.000000 4029281.250000 -2699.825439 37 23
4219400.000000 4029281.250000 -3057.691406 38 23
4219600.000000 4029281.250000 -3429.537354 39 23
4219800.000000 4029281.250000 -3812.902832 40 23
4220000.000000 4029281.250000 -4202.664063 41 23
4220200.000000 4029281.250000 -4598.016602 42 23
4212000.000000 4029653.125000 10495.614258 1 24
4212200.000000 4029653.125000 10095.337891 2 24
4212400.000000 4029653.125000 9695.551758 3 24
4212600.000000 4029653.125000 9297.184570 4 24
4212800.000000 4029653.125000 8899.256836 5 24
4213000.000000 4029653.125000 8500.719727 6 24
4213200.000000 4029653.125000 8102.521973 7 24
4213400.000000 4029653.125000 7703.710449 8 24
4213600.000000 4029653.125000 7306.386230 9 24
4213800.000000 4029653.125000 6909.433594 10 24
4214000.000000 4029653.125000 6512.963867 11 24
4214200.000000 4029653.125000 6118.150879 12 24
4214400.000000 4029653.125000 5723.127930 13 24
4214600.000000 4029653.125000 5328.814453 14 24
4214800.000000 4029653.125000 4935.260742 15 24
4215000.000000 4029653.125000 4542.855957 16 24
4215200.000000 4029653.125000 4152.148926 17 24
4215400.000000 4029653.125000 3763.779785 18 24
4215600.000000 4029653.125000 3375.753662 19 24
4215800.000000 4029653.125000 2989.734619 20 24
4216000.000000 4029653.125000 2607.796631 21 24
4216200.000000 4029653.125000 2232.903320 22 24
4216400.000000 4029653.125000 1865.999756 23 24
4216600.000000 4029653.125000 1507.180298 24 24
4216800.000000 4029653.125000 1155.219360 25 24
4217000.000000 4029653.125000 809.156250 26 24
4217200.000000 4029653.125000 469.020660 27 24
4217400.000000 4029653.125000 141.874756 28 24
4217600.000000 4029653.125000 -175.644363 29 24
4217800.000000 4029653.125000 -484.408447 30 24
4218000.000000 4029653.125000 -786.205200 31 24
4218200.000000 4029653.125000 -1082.194092 32 24
4218400.000000 4029653.125000 -1376.798218 33 24
4218600.000000 4029653.125000 -1675.811646 34 24
4218800.000000 4029653.125000 -1979.286743 35 24
4219000.000000 4029653.125000 -2296.653076 36 24
4219200.000000 4029653.125000 -2629.020508 37 24
4219400.000000 4029653.125000 -2979.189209 38 24
4219600.000000 4029653.125000 -3346.263916 39 24
4219800.000000 4029653.125000 -3728.355469 40 24
4220000.000000 4029653.125000 -4118.296875 41 24
4220200.000000 4029653.125000 -4514.272949 42 24
4212000.000000 4030025.000000 10260.997070 1 25
4212200.000000 4030025.000000 9862.718750 2 25
4212400.000000 4030025.000000 9465.046875 3 25
4212600.000000 4030025.000000 9067.866211 4 25
4212800.000000 4030025.000000 8671.304688 5 25
4213000.000000 4030025.000000 8275.255859 6 25
4213200.000000 4030025.000000 7879.748047 7 25
4213400.000000 4030025.000000 7483.806152 8 25
4213600.000000 4030025.000000 7088.587402 9 25
4213800.000000 4030025.000000 6694.978516 10 25
4214000.000000 4030025.000000 6301.060547 11 25
4214200.000000 4030025.000000 5910.165527 12 25
4214400.000000 4030025.000000 5518.397461 13 25
4214600.000000 4030025.000000 5128.618652 14 25
4214800.000000 4030025.000000 4738.897461 15 25
4215000.000000 4030025.000000 4351.722168 16 25
4215200.000000 4030025.000000 3966.752197 17 25
4215400.000000 4030025.000000 3583.450195 18 25
4215600.000000 4030025.000000 3200.854248 19 25
4215800.000000 4030025.000000 2821.691650 20 25
4216000.000000 4030025.000000 2447.346680 21 25
4216200.000000 4030025.000000 2081.121582 22 25
4216400.000000 4030025.000000 1723.024048 23 25
4216600.000000 4030025.000000 1375.019043 24 25
4216800.000000 4030025.000000 1033.662720 25 25
4217000.000000 4030025.000000 699.802307 26 25
4217200.000000 4030025.000000 372.610748 27 25
4217400.000000 4030025.000000 58.635048 28 25
4217600.000000 4030025.000000 -243.675415 29 25
4217800.000000 4030025.000000 -537.378662 30 25
4218000.000000 4030025.000000 -823.379822 31 25
4218200.000000 4030025.000000 -1101.730103 32 25
4218400.000000 4030025.000000 -1378.444580 33 25
4218600.000000 4030025.000000 -1659.795166 34 25
4218800.000000 4030025.000000 -1947.155640 35 25
4219000.000000 4030025.000000 -2248.529541 36 25
4219200.000000 4030025.000000 -2567.655273 37 25
4219400.000000 4030025.000000 -2906.164307 38 25
4219600.000000 4030025.000000 -3267.646729 39 25
4219800.000000 4030025.000000 -3649.187744 40 25
4220000.000000 4030025.000000 -4041.376709 41 25
4220200.000000 4030025.000000 -4439.036621 42 25
4212000.000000 4030396.875000 10025.095703 1 26
4212200.000000 4030396.875000 9628.821289 2 26
4212400.000000 4030396.875000 9232.228516 3 26
4212600.000000 4030396.875000 8836.214844 4 26
4212800.000000 4030396.875000 8441.952148 5 26
4213000.000000 4030396.875000 8048.349121 6 26
4213200.000000 4030396.875000 7654.445313 7 26
4213400.000000 4030396.875000 7262.310059 8 26
4213600.000000 4030396.875000 6870.124512 9 26
4213800.000000 4030396.875000 6478.731445 10 26
4214000.000000 4030396.875000 6088.291504 11 26
4214200.000000 4030396.875000 5700.162109 12 26
4214400.000000 4030396.875000 5312.531250 13 26
4214600.000000 4030396.875000 4926.126465 14 26
4214800.000000 4030396.875000 4541.096191 15 26
4215000.000000 4030396.875000 4157.962402 16 26
4215200.000000 4030396.875000 3778.552979 17 26
4215400.000000 4030396.875000 3401.123779 18 26
4215600.000000 4030396.875000 3024.713623 19 26
4215800.000000 4030396.875000 2651.159180 20 26
4216000.000000 4030396.875000 2283.107178 21 26
4216200.000000 4030396.875000 1925.153809 22 26
4216400.000000 4030396.875000 1576.356689 23 26
4216600.000000 4030396.875000 1237.553223 24 26
4216800.000000 4030396.875000 907.077271 25 26
4217000.000000 4030396.875000 583.655396 26 26
4217200.000000 4030396.875000 267.557892 27 26
4217400.000000 4030396.875000 -33.286339 28 26
4217600.000000 4030396.875000 -321.440826 29 26
4217800.000000 4030396.875000 -601.235413 30 26
4218000.000000 4030396.875000 -871.541504 31 26
4218200.000000 4030396.875000 -1134.349731 32 26
4218400.000000 4030396.875000 -1394.065552 33 26
4218600.000000 4030396.875000 -1658.152832 34 26
4218800.000000 4030396.875000 -1928.126343 35 26
4219000.000000 4030396.875000 -2211.721436 36 26
4219200.000000 4030396.875000 -2513.296631 37 26
4219400.000000 4030396.875000 -2839.287598 38 26
4219600.000000 4030396.875000 -3194.195068 39 26
4219800.000000 4030396.875000 -3576.877441 40 26
4220000.000000 4030396.875000 -3972.158691 41 26
4220200.000000 4030396.875000 -4373.269531 42 26
4212000.000000 4030768.750000 9786.415039 1 27
4212200.000000 4030768.750000 9392.133789 2 27
4212400.000000 4030768.750000 8997.564453 3 27
4212600.000000 4030768.750000 8603.673828 4 27
4212800.000000 4030768.750000 8210.618164 5 27
4213000.000000 4030768.750000 7818.387207 6 27
4213200.000000 4030768.750000 7427.964844 7 27
4213400.000000 4030768.750000 7037.505859 8 27
4213600.000000 4030768.750000 6648.236816 9 27
4213800.000000 4030768.750000 6258.930176 10 27
4214000.000000 4030768.750000 5871.790527 11 27
4214200.000000 4030768.750000 5487.259277 12 27
4214400.000000 4030768.750000 5102.543457 13 27
4214600.000000 4030768.750000 4720.303223 14 27
4214800.000000 4030768.750000 4339.704590 15 27
4215000.000000 4030768.750000 3961.358643 16 27
4215200.000000 4030768.750000 3586.191162 17 27
4215400.000000 4030768.750000 3213.308350 18 27
4215600.000000 4030768.750000 2841.731934 19 27
4215800.000000 4030768.750000 2475.408203 20 27
4216000.000000 4030768.750000 2114.157959 21 27
4216200.000000 4030768.750000 1761.875000 22 27
4216400.000000 4030768.750000 1421.574707 23 27
4216600.000000 4030768.750000 1092.033203 24 27
4216800.000000 4030768.750000 770.325439 25 27
4217000.000000 4030768.750000 457.139893 26 27
4217200.000000 4030768.750000 151.743423 27 27
4217400.000000 4030768.750000 -137.526093 28 27
4217600.000000 4030768.750000 -414.330261 29 27
4217800.000000 4030768.750000 -681.080688 30 27
4218000.000000 4030768.750000 -938.723267 31 27
4218200.000000 4030768.750000 -1187.012207 32 27
4218400.000000 4030768.750000 -1432.340820 33 27
4218600.000000 4030768.750000 -1679.989014 34 27
4218800.000000 4030768.750000 -1931.986694 35 27
4219000.000000 4030768.750000 -2194.041992 36 27
4219200.000000 4030768.750000 -2472.689453 37 27
4219400.000000 4030768.750000 -2779.886719 38 27
4219600.000000 4030768.750000 -3126.762695 39 27
4219800.000000 4030768.750000 -3514.420166 40 27
4220000.000000 4030768.750000 -3916.856934 41 27
4220200.000000 4030768.750000 -4324.656738 42 27
4212000.000000 4031140.625000 9546.666016 1 28
4212200.000000 4031140.625000 9153.309570 2 28
4212400.000000 4031140.625000 8760.710938 3 28
4212600.000000 4031140.625000 8368.843750 4 28
4212800.000000 4031140.625000 7977.923340 5 28
4213000.000000 4031140.625000 7586.914063 6 28
4213200.000000 4031140.625000 7197.875977 7 28
4213400.000000 4031140.625000 6809.925781 8 28
4213600.000000 4031140.625000 6423.388672 9 28
4213800.000000 4031140.625000 6036.998047 10 28
4214000.000000 4031140.625000 5651.937012 11 28
4214200.000000 4031140.625000 5269.787109 12 28
4214400.000000 4031140.625000 4888.701172 13 28
4214600.000000 4031140.625000 4510.350586 14 28
4214800.000000 4031140.625000 4133.865234 15 28
4215000.000000 4031140.625000 3758.956299 16 28
4215200.000000 4031140.625000 3387.635742 17 28
4215400.000000 4031140.625000 3019.872070 18 28
4215600.000000 4031140.625000 2653.671631 19 28
4215800.000000 4031140.625000 2292.060791 20 28
4216000.000000 4031140.625000 1937.024536 21 28
4216200.000000 4031140.625000 1591.603882 22 28
4216400.000000 4031140.625000 1257.821899 23 28
4216600.000000 4031140.625000 936.327942 24 28
4216800.000000 4031140.625000 623.034973 25 28
4217000.000000 4031140.625000 317.551331 26 28
4217200.000000 4031140.625000 21.188053 27 28
4217400.000000 4031140.625000 -259.556366 28 28
4217600.000000 4031140.625000 -526.314392 29 28
4217800.000000 4031140.625000 -782.645264 30 28
4218000.000000 4031140.625000 -1030.413696 31 28
4218200.000000 4031140.625000 -1267.173828 32 28
4218400.000000 4031140.625000 -1500.648804 33 28
4218600.000000 4031140.625000 -1733.491089 34 28
4218800.000000 4031140.625000 -1967.506226 35 28
4219000.000000 4031140.625000 -2205.758789 36 28
4219200.000000 4031140.625000 -2455.543213 37 28
4219400.000000 4031140.625000 -2737.870361 38 28
4219600.000000 4031140.625000 -3075.450684 39 28
4219800.000000 4031140.625000 -3473.736328 40 28
4220000.000000 4031140.625000 -3886.237305 41 28
4220200.000000 4031140.625000 -4302.811523 42 28
4212000.000000 4031512.500000 9305.164063 1 29
4212200.000000 4031512.500000 8913.689453 2 29
4212400.000000 4031512.500000 8523.007813 3 29
4212600.000000 4031512.500000 8132.067383 4 29
4212800.000000 4031512.500000 7742.170410 5 29
4213000.000000 4031512.500000 7353.305176 6 29
4213200.000000 4031512.500000 6966.495117 7 29
4213400.000000 4031512.500000 6580.952148 8 29
4213600.000000 4031512.500000 6194.996094 9 29
4213800.000000 4031512.500000 5811.320801 10 29
4214000.000000 4031512.500000 5429.184082 11 29
4214200.000000 4031512.500000 5050.167480 12 29
4214400.000000 4031512.500000 4672.502441 13 29
4214600.000000 4031512.500000 4296.760254 14 29
4214800.000000 4031512.500000 3923.081055 15 29
4215000.000000 4031512.500000 3552.298340 16 29
4215200.000000 4031512.500000 3185.459717 17 29
4215400.000000 4031512.500000 2821.428711 18 29
4215600.000000 4031512.500000 2460.193115 19 29
4215800.000000 4031512.500000 2102.853027 20 29
4216000.000000 4031512.500000 1753.508179 21 29
4216200.000000 4031512.500000 1414.270142 22 29
4216400.000000 4031512.500000 1087.150879 23 29
4216600.000000 4031512.500000 771.692810 24 29
4216800.000000 4031512.500000 464.695038 25 29
4217000.000000 4031512.500000 166.647095 26 29
4217200.000000 4031512.500000 -123.081665 27 29
4217400.000000 4031512.500000 -395.931854 28 29
4217600.000000 4031512.500000 -654.614502 29 29
4217800.000000 4031512.500000 -903.708984 30 29
4218000.000000 4031512.500000 -1143.120850 31 29
4218200.000000 4031512.500000 -1372.147949 32 29
4218400.000000 4031512.500000 -1595.952515 33 29
4218600.000000 4031512.500000 -1817.513794 34 29
4218800.000000 4031512.500000 -2038.784668 35 29
4219000.000000 4031512.500000 -2258.025879 36 29
4219200.000000 4031512.500000 -2483.775635 37 29
4219400.000000 4031512.500000 -2740.281006 38 29
4219600.000000 4031512.500000 -3068.036621 39 29
4219800.000000 4031512.500000 -3475.182861 40 29
4220000.000000 4031512.500000 -3892.602783 41 29
4220200.000000 4031512.500000 -4311.697754 42 29
4212000.000000 4031884.375000 9061.974609 1 30
4212200.000000 4031884.375000 8671.334961 2 30
4212400.000000 4031884.375000 8281.482422 3 30
4212600.000000 4031884.375000 7892.413086 4 30
4212800.000000 4031884.375000 7504.419434 5 30
4213000.000000 4031884.375000 7117.567871 6 30
4213200.000000 4031884.375000 6732.895020 7 30
4213400.000000 4031884.375000 6348.588867 8 30
4213600.000000 4031884.375000 5965.055664 9 30
4213800.000000 4031884.375000 5583.958496 10 30
4214000.000000 4031884.375000 5204.525391 11 30
4214200.000000 4031884.375000 4826.463379 12 30
4214400.000000 4031884.375000 4451.959961 13 30
4214600.000000 4031884.375000 4079.555664 14 30
4214800.000000 4031884.375000 3709.400391 15 30
4215000.000000 4031884.375000 3341.393066 16 30
4215200.000000 4031884.375000 2977.646484 17 30
4215400.000000 4031884.375000 2617.965576 18 30
4215600.000000 4031884.375000 2261.278076 19 30
4215800.000000 4031884.375000 1908.767090 20 30
4216000.000000 4031884.375000 1563.609741 21 30
4216200.000000 4031884.375000 1228.891968 22 30
4216400.000000 4031884.375000 907.613770 23 30
4216600.000000 4031884.375000 597.203003 24 30
4216800.000000 4031884.375000 296.408539 25 30
4217000.000000 4031884.375000 4.665499 26 30
4217200.000000 4031884.375000 -278.726196 27 30
4217400.000000 4031884.375000 -546.174988 28 30
4217600.000000 4031884.375000 -798.602112 29 30
4217800.000000 4031884.375000 -1041.583618 30 30
4218000.000000 4031884.375000 -1275.974487 31 30
4218200.000000 4031884.375000 -1499.082520 32 30
4218400.000000 4031884.375000 -1716.630859 33 30
4218600.000000 4031884.375000 -1932.427002 34 30
4218800.000000 4031884.375000 -2146.144043 35 30
4219000.000000 4031884.375000 -2357.627441 36 30
4219200.000000 4031884.375000 -2573.882813 37 30
4219400.000000 4031884.375000 -2820.570801 38 30
4219600.000000 4031884.375000 -3138.521973 39 30
4219800.000000 4031884.375000 -3536.090820 40 30
4220000.000000 4031884.375000 -3944.889893 41 30
4220200.000000 4031884.375000 -4356.237305 42 30
4212000.000000 4032256.250000 8817.109375 1 31
4212200.000000 4032256.250000 8427.221680 2 31
4212400.000000 4032256.250000 8039.112793 3 31
4212600.000000 4032256.250000 7651.788086 4 31
4212800.000000 4032256.250000 7264.608887 5 31
4213000.000000 4032256.250000 6879.621582 6 31
4213200.000000 4032256.250000 6495.928711 7 31
4213400.000000 4032256.250000 6113.734863 8 31
4213600.000000 4032256.250000 5732.450195 9 31
4213800.000000 4032256.250000 5353.712402 10 31
4214000.000000 4032256.250000 4975.813965 11 31
4214200.000000 4032256.250000 4600.450684 12 31
4214400.000000 4032256.250000 4228.847656 13 31
4214600.000000 4032256.250000 3858.475098 14 31
4214800.000000 4032256.250000 3490.533936 15 31
4215000.000000 4032256.250000 3125.925293 16 31
4215200.000000 4032256.250000 2765.845703 17 31
4215400.000000 4032256.250000 2410.032227 18 31
4215600.000000 4032256.250000 2056.414551 19 31
4215800.000000 4032256.250000 1708.246826 20 31
4216000.000000 4032256.250000 1366.781372 21 31
4216200.000000 4032256.250000 1036.897461 22 31
4216400.000000 4032256.250000 719.556763 23 31
4216600.000000 4032256.250000 414.249512 24 31
4216800.000000 4032256.250000 118.646622 25 31
4217000.000000 4032256.250000 -168.853729 26 31
4217200.000000 4032256.250000 -446.977142 27 31
4217400.000000 4032256.250000 -709.354980 28 31
4217600.000000 4032256.250000 -959.082581 29 31
4217800.000000 4032256.250000 -1197.716675 30 31
4218000.000000 4032256.250000 -1427.156494 31 31
4218200.000000 4032256.250000 -1647.725464 32 31
4218400.000000 4032256.250000 -1863.267944 33 31
4218600.000000 4032256.250000 -2076.942871 34 31
4218800.000000 4032256.250000 -2291.233643 35 31
4219000.000000 4032256.250000 -2506.466309 36 31
4219200.000000 4032256.250000 -2730.953857 37 31
4219400.000000 4032256.250000 -2986.362793 38 31
4219600.000000 4032256.250000 -3294.704346 39 31
4219800.000000 4032256.250000 -3662.653564 40 31
4220000.000000 4032256.250000 -4046.867920 41 31
4220200.000000 4032256.250000 -4437.842773 42 31
4212000.000000 4032628.125000 8571.083008 1 32
4212200.000000 4032628.125000 8182.881836 2 32
4212400.000000 4032628.125000 7795.414063 3 32
4212600.000000 4032628.125000 7408.724609 4 32
4212800.000000 4032628.125000 7023.237305 5 32
4213000.000000 4032628.125000 6640.037109 6 32
4213200.000000 4032628.125000 6257.186523 7 32
4213400.000000 4032628.125000 5876.959473 8 32
4213600.000000 4032628.125000 5497.782715 9 32
4213800.000000 4032628.125000 5120.298828 10 32
4214000.000000 4032628.125000 4744.762207 11 32
4214200.000000 4032628.125000 4371.889160 12 32
4214400.000000 4032628.125000 4001.984619 13 32
4214600.000000 4032628.125000 3634.453125 14 32
4214800.000000 4032628.125000 3268.463379 15 32
4215000.000000 4032628.125000 2906.967041 16 32
4215200.000000 4032628.125000 2550.176514 17 32
4215400.000000 4032628.125000 2197.812500 18 32
4215600.000000 4032628.125000 1847.825806 19 32
4215800.000000 4032628.125000 1501.564819 20 32
4216000.000000 4032628.125000 1164.433472 21 32
4216200.000000 4032628.125000 837.860840 22 32
4216400.000000 4032628.125000 524.752258 23 32
4216600.000000 4032628.125000 223.905426 24 32
4216800.000000 4032628.125000 -68.175529 25 32
4217000.000000 4032628.125000 -351.062408 26 32
4217200.000000 4032628.125000 -625.570557 27 32
4217400.000000 4032628.125000 -883.627869 28 32
4217600.000000 4032628.125000 -1129.566284 29 32
4217800.000000 4032628.125000 -1365.848389 30 32
4218000.000000 4032628.125000 -1592.385132 31 32
4218200.000000 4032628.125000 -1810.688232 32 32
4218400.000000 4032628.125000 -2025.826050 33 32
4218600.000000 4032628.125000 -2239.319580 34 32
4218800.000000 4032628.125000 -2455.372314 35 32
4219000.000000 4032628.125000 -2676.840576 36 32
4219200.000000 4032628.125000 -2910.094238 37 32
4219400.000000 4032628.125000 -3171.352295 38 32
4219600.000000 4032628.125000 -3471.725586 39 32
4219800.000000 4032628.125000 -3813.466797 40 32
4220000.000000 4032628.125000 -4172.571777 41 32
4220200.000000 4032628.125000 -4539.195313 42 32
4212000.000000 4033000.000000 8323.186523 1 33
4212200.000000 4033000.000000 7936.568848 2 33
4212400.000000 4033000.000000 7550.618652 3 33
4212600.000000 4033000.000000 7165.437500 4 33
4212800.000000 4033000.000000 6781.530273 5 33
4213000.000000 4033000.000000 6398.989746 6 33
4213200.000000 4033000.000000 6017.900879 7 33
4213400.000000 4033000.000000 5638.531738 8 33
4213600.000000 4033000.000000 5261.318848 9 33
4213800.000000 4033000.000000 4884.923828 10 33
4214000.000000 4033000.000000 4511.617188 11 33
4214200.000000 4033000.000000 4141.105469 12 33
4214400.000000 4033000.000000 3772.699219 13 33
4214600.000000 4033000.000000 3407.790527 14 33
4214800.000000 4033000.000000 3044.539063 15 33
4215000.000000 4033000.000000 2685.907471 16 33
4215200.000000 4033000.000000 2332.047852 17 33
4215400.000000 4033000.000000 1981.723511 18 33
4215600.000000 4033000.000000 1633.892090 19 33
4215800.000000 4033000.000000 1291.013428 20 33
4216000.000000 4033000.000000 956.762329 21 33
4216200.000000 4033000.000000 633.971619 22 33
4216400.000000 4033000.000000 323.590088 23 33
4216600.000000 4033000.000000 26.709255 24 33
4216800.000000 4033000.000000 -261.324097 25 33
4217000.000000 4033000.000000 -541.092346 26 33
4217200.000000 4033000.000000 -811.387451 27 33
4217400.000000 4033000.000000 -1066.749878 28 33
4217600.000000 4033000.000000 -1309.428833 29 33
4217800.000000 4033000.000000 -1542.853760 30 33
4218000.000000 4033000.000000 -1767.979004 31 33
4218200.000000 4033000.000000 -1985.620483 32 33
4218400.000000 4033000.000000 -2199.900635 33 33
4218600.000000 4033000.000000 -2414.719238 34 33
4218800.000000 4033000.000000 -2632.946777 35 33
4219000.000000 4033000.000000 -2860.044189 36 33
4219200.000000 4033000.000000 -3100.846436 37 33
4219400.000000 4033000.000000 -3364.290771 38 33
4219600.000000 4033000.000000 -3656.125244 39 33
4219800.000000 4033000.000000 -3977.367188 40 33
4220000.000000 4033000.000000 -4311.655762 41 33
4220200.000000 4033000.000000 -4652.831055 42 33
