# Type: scattered data
# Version: 6
# Description: No description
# Format: free
# Field: 1 x
# Field: 2 y
# Field: 3 z undefined
# Field: 4 column
# Field: 5 row
# Projection: Local Rectangular
# Units: undefined
# End:
# Information from grid:
# Grid_size: 42 x 33
# Grid_space: 4212000.000000,4220200.000000,4021100.000000,4033000.000000
# Scattered data: Not_available
# Z_field: z
# Vertical_faults: Not_available
# History: No history
# Z_units: undefined
4212000.000000 4021100.000000 -4375.818848 1 1
4212200.000000 4021100.000000 -4170.668457 2 1
4212400.000000 4021100.000000 -3966.012451 3 1
4212600.000000 4021100.000000 -3760.869141 4 1
4212800.000000 4021100.000000 -3555.720947 5 1
4213000.000000 4021100.000000 -3350.583984 6 1
4213200.000000 4021100.000000 -3145.439209 7 1
4213400.000000 4021100.000000 -2940.300537 8 1
4213600.000000 4021100.000000 -2735.147217 9 1
4213800.000000 4021100.000000 -2529.991699 10 1
4214000.000000 4021100.000000 -2324.811035 11 1
4214200.000000 4021100.000000 -2119.615723 12 1
4214400.000000 4021100.000000 -1914.383057 13 1
4214600.000000 4021100.000000 -1709.126343 14 1
4214800.000000 4021100.000000 -1503.328735 15 1
4215000.000000 4021100.000000 -1298.000488 16 1
4215200.000000 4021100.000000 -1092.659058 17 1
4215400.000000 4021100.000000 -887.304565 18 1
4215600.000000 4021100.000000 -681.981812 19 1
4215800.000000 4021100.000000 -476.712738 20 1
4216000.000000 4021100.000000 -271.055328 21 1
4216200.000000 4021100.000000 -66.031082 22 1
4216400.000000 4021100.000000 139.298904 23 1
4216600.000000 4021100.000000 344.411865 24 1
4216800.000000 4021100.000000 548.773315 25 1
4217000.000000 4021100.000000 752.910095 26 1
4217200.000000 4021100.000000 957.354980 27 1
4217400.000000 4021100.000000 1161.184204 28 1
4217600.000000 4021100.000000 1365.545654 29 1
4217800.000000 4021100.000000 1570.109009 30 1
4218000.000000 4021100.000000 1776.124268 31 1
4218200.000000 4021100.000000 1983.311890 32 1
4218400.000000 4021100.000000 2191.810059 33 1
4218600.000000 4021100.000000 2401.147949 34 1
4218800.000000 4021100.000000 2611.761719 35 1
4219000.000000 4021100.000000 2821.979736 36 1
4219200.000000 4021100.000000 3030.521484 37 1
4219400.000000 4021100.000000 3236.107422 38 1
4219600.000000 4021100.000000 3438.006104 39 1
4219800.000000 4021100.000000 3634.064697 40 1
4220000.000000 4021100.000000 3826.767578 41 1
4220200.000000 4021100.000000 4015.605469 42 1
4212000.000000 4021471.875000 -4324.915527 1 2
4212200.000000 4021471.875000 -4119.764648 2 2
4212400.000000 4021471.875000 -3915.107910 3 2
4212600.000000 4021471.875000 -3709.963379 4 2
4212800.000000 4021471.875000 -3504.813477 5 2
4213000.000000 4021471.875000 -3299.673828 6 2
4213200.000000 4021471.875000 -3094.525146 7 2
4213400.000000 4021471.875000 -2889.381836 8 2
4213600.000000 4021471.875000 -2684.223633 9 2
4213800.000000 4021471.875000 -2479.063477 10 2
4214000.000000 4021471.875000 -2273.880615 11 2
4214200.000000 4021471.875000 -2068.687500 12 2
4214400.000000 4021471.875000 -1863.464600 13 2
4214600.000000 4021471.875000 -1658.229248 14 2
4214800.000000 4021471.875000 -1452.470459 15 2
4215000.000000 4021471.875000 -1247.205200 16 2
4215200.000000 4021471.875000 -1041.958374 17 2
4215400.000000 4021471.875000 -836.735535 18 2
4215600.000000 4021471.875000 -631.587646 19 2
4215800.000000 4021471.875000 -426.543335 20 2
4216000.000000 4021471.875000 -221.661484 21 2
4216200.000000 4021471.875000 -16.959311 22 2
4216400.000000 4021471.875000 188.011169 23 2
4216600.000000 4021471.875000 392.238861 24 2
4216800.000000 4021471.875000 596.206787 25 2
4217000.000000 4021471.875000 799.968811 26 2
4217200.000000 4021471.875000 1004.089233 27 2
4217400.000000 4021471.875000 1207.679688 28 2
4217600.000000 4021471.875000 1411.919922 29 2
4217800.000000 4021471.875000 1616.507202 30 2
4218000.000000 4021471.875000 1822.225220 31 2
4218200.000000 4021471.875000 2028.327515 32 2
4218400.000000 4021471.875000 2235.949463 33 2
4218600.000000 4021471.875000 2445.112549 34 2
4218800.000000 4021471.875000 2655.194824 35 2
4219000.000000 4021471.875000 2865.425293 36 2
4219200.000000 4021471.875000 3074.393555 37 2
4219400.000000 4021471.875000 3281.716309 38 2
4219600.000000 4021471.875000 3486.122070 39 2
4219800.000000 4021471.875000 3685.992188 40 2
4220000.000000 4021471.875000 3882.864746 41 2
4220200.000000 4021471.875000 4076.791016 42 2
4212000.000000 4021843.750000 -4274.508301 1 3
4212200.000000 4021843.750000 -4069.356689 2 3
4212400.000000 4021843.750000 -3864.200195 3 3
4212600.000000 4021843.750000 -3659.554443 4 3
4212800.000000 4021843.750000 -3454.403564 5 3
4213000.000000 4021843.750000 -3249.262207 6 3
4213200.000000 4021843.750000 -3044.111572 7 3
4213400.000000 4021843.750000 -2838.965576 8 3
4213600.000000 4021843.750000 -2633.804688 9 3
4213800.000000 4021843.750000 -2428.642578 10 3
4214000.000000 4021843.750000 -2223.459961 11 3
4214200.000000 4021843.750000 -2018.270630 12 3
4214400.000000 4021843.750000 -1813.058350 13 3
4214600.000000 4021843.750000 -1607.336304 14 3
4214800.000000 4021843.750000 -1402.121582 15 3
4215000.000000 4021843.750000 -1196.915527 16 3
4215200.000000 4021843.750000 -991.757874 17 3
4215400.000000 4021843.750000 -786.660156 18 3
4215600.000000 4021843.750000 -581.680664 19 3
4215800.000000 4021843.750000 -376.856293 20 3
4216000.000000 4021843.750000 -172.249695 21 3
4216200.000000 4021843.750000 32.125164 22 3
4216400.000000 4021843.750000 236.222717 23 3
4216600.000000 4021843.750000 440.538452 24 3
4216800.000000 4021843.750000 644.082031 25 3
4217000.000000 4021843.750000 847.406738 26 3
4217200.000000 4021843.750000 1050.635620 27 3
4217400.000000 4021843.750000 1254.409180 28 3
4217600.000000 4021843.750000 1457.947266 29 3
4217800.000000 4021843.750000 1662.479370 30 3
4218000.000000 4021843.750000 1867.334351 31 3
4218200.000000 4021843.750000 2073.303955 32 3
4218400.000000 4021843.750000 2280.585693 33 3
4218600.000000 4021843.750000 2489.691650 34 3
4218800.000000 4021843.750000 2699.964600 35 3
4219000.000000 4021843.750000 2910.519287 36 3
4219200.000000 4021843.750000 3120.232910 37 3
4219400.000000 4021843.750000 3329.035889 38 3
4219600.000000 4021843.750000 3536.060303 39 3
4219800.000000 4021843.750000 3741.220459 40 3
4220000.000000 4021843.750000 3944.170898 41 3
4220200.000000 4021843.750000 4144.067871 42 3
4212000.000000 4022215.625000 -4224.097168 1 4
4212200.000000 4022215.625000 -4018.944824 2 4
4212400.000000 4022215.625000 -3813.787842 3 4
4212600.000000 4022215.625000 -3608.642578 4 4
4212800.000000 4022215.625000 -3403.990723 5 4
4213000.000000 4022215.625000 -3198.848633 6 4
4213200.000000 4022215.625000 -2993.696777 7 4
4213400.000000 4022215.625000 -2788.549561 8 4
4213600.000000 4022215.625000 -2583.387207 9 4
4213800.000000 4022215.625000 -2378.224609 10 4
4214000.000000 4022215.625000 -2173.042969 11 4
4214200.000000 4022215.625000 -1967.850464 12 4
4214400.000000 4022215.625000 -1762.158569 13 4
4214600.000000 4022215.625000 -1556.957275 14 4
4214800.000000 4022215.625000 -1351.779419 15 4
4215000.000000 4022215.625000 -1146.633911 16 4
4215200.000000 4022215.625000 -941.568115 17 4
4215400.000000 4022215.625000 -736.600586 18 4
4215600.000000 4022215.625000 -531.797791 19 4
4215800.000000 4022215.625000 -327.206482 20 4
4216000.000000 4022215.625000 -122.894096 21 4
4216200.000000 4022215.625000 81.127518 22 4
4216400.000000 4022215.625000 284.817749 23 4
4216600.000000 4022215.625000 488.181396 24 4
4216800.000000 4022215.625000 691.743469 25 4
4217000.000000 4022215.625000 894.586670 26 4
4217200.000000 4022215.625000 1097.370728 27 4
4217400.000000 4022215.625000 1300.280396 28 4
4217600.000000 4022215.625000 1503.573364 29 4
4217800.000000 4022215.625000 1707.010864 30 4
4218000.000000 4022215.625000 1911.454102 31 4
4218200.000000 4022215.625000 2117.745117 32 4
4218400.000000 4022215.625000 2325.660400 33 4
4218600.000000 4022215.625000 2535.301270 34 4
4218800.000000 4022215.625000 2746.548096 35 4
4219000.000000 4022215.625000 2957.820557 36 4
4219200.000000 4022215.625000 3168.224609 37 4
4219400.000000 4022215.625000 3377.879639 38 4
4219600.000000 4022215.625000 3589.200928 39 4
4219800.000000 4022215.625000 3802.128174 40 4
4220000.000000 4022215.625000 4013.508545 41 4
4220200.000000 4022215.625000 4220.726563 42 4
4212000.000000 4022587.500000 -4173.681152 1 5
4212200.000000 4022587.500000 -3968.528076 2 5
4212400.000000 4022587.500000 -3763.371094 3 5
4212600.000000 4022587.500000 -3558.225830 4 5
4212800.000000 4022587.500000 -3353.074463 5 5
4213000.000000 4022587.500000 -3148.431396 6 5
4213200.000000 4022587.500000 -2943.279053 7 5
4213400.000000 4022587.500000 -2738.122559 8 5
4213600.000000 4022587.500000 -2532.968262 9 5
4213800.000000 4022587.500000 -2327.797363 10 5
4214000.000000 4022587.500000 -2122.626221 11 5
4214200.000000 4022587.500000 -1916.940308 12 5
4214400.000000 4022587.500000 -1711.760742 13 5
4214600.000000 4022587.500000 -1506.582886 14 5
4214800.000000 4022587.500000 -1301.445190 15 5
4215000.000000 4022587.500000 -1096.365479 16 5
4215200.000000 4022587.500000 -891.400085 17 5
4215400.000000 4022587.500000 -686.575073 18 5
4215600.000000 4022587.500000 -481.966156 19 5
4215800.000000 4022587.500000 -277.630554 20 5
4216000.000000 4022587.500000 -73.641052 21 5
4216200.000000 4022587.500000 129.992462 22 5
4216400.000000 4022587.500000 333.243225 23 5
4216600.000000 4022587.500000 536.600830 24 5
4216800.000000 4022587.500000 739.636963 25 5
4217000.000000 4022587.500000 942.456360 26 5
4217200.000000 4022587.500000 1144.763306 27 5
4217400.000000 4022587.500000 1346.292358 28 5
4217600.000000 4022587.500000 1547.836670 29 5
4217800.000000 4022587.500000 1750.666626 30 5
4218000.000000 4022587.500000 1954.635864 31 5
4218200.000000 4022587.500000 2161.643555 32 5
4218400.000000 4022587.500000 2371.082031 33 5
4218600.000000 4022587.500000 2582.791260 34 5
4218800.000000 4022587.500000 2796.732178 35 5
4219000.000000 4022587.500000 3011.631348 36 5
4219200.000000 4022587.500000 3224.222656 37 5
4219400.000000 4022587.500000 3434.677490 38 5
4219600.000000 4022587.500000 3652.091309 39 5
4219800.000000 4022587.500000 3875.329346 40 5
4220000.000000 4022587.500000 4095.992676 41 5
4220200.000000 4022587.500000 4310.865723 42 5
4212000.000000 4022959.375000 -4123.259277 1 6
4212200.000000 4022959.375000 -3918.105713 2 6
4212400.000000 4022959.375000 -3712.948730 3 6
4212600.000000 4022959.375000 -3507.795410 4 6
4212800.000000 4022959.375000 -3302.652588 5 6
4213000.000000 4022959.375000 -3097.501709 6 6
4213200.000000 4022959.375000 -2892.856689 7 6
4213400.000000 4022959.375000 -2687.699951 8 6
4213600.000000 4022959.375000 -2482.545410 9 6
4213800.000000 4022959.375000 -2277.375244 10 6
4214000.000000 4022959.375000 -2072.207031 11 6
4214200.000000 4022959.375000 -1866.528198 12 6
4214400.000000 4022959.375000 -1661.363281 13 6
4214600.000000 4022959.375000 -1456.211792 14 6
4214800.000000 4022959.375000 -1251.118774 15 6
4215000.000000 4022959.375000 -1046.112061 16 6
4215200.000000 4022959.375000 -841.257507 17 6
4215400.000000 4022959.375000 -636.589355 18 6
4215600.000000 4022959.375000 -432.193176 19 6
4215800.000000 4022959.375000 -228.136917 20 6
4216000.000000 4022959.375000 -24.490461 21 6
4216200.000000 4022959.375000 178.713791 22 6
4216400.000000 4022959.375000 381.980286 23 6
4216600.000000 4022959.375000 584.804626 24 6
4216800.000000 4022959.375000 787.782043 25 6
4217000.000000 4022959.375000 990.064880 26 6
4217200.000000 4022959.375000 1191.885010 27 6
4217400.000000 4022959.375000 1391.562988 28 6
4217600.000000 4022959.375000 1590.906860 29 6
4217800.000000 4022959.375000 1791.182251 30 6
4218000.000000 4022959.375000 1994.173462 31 6
4218200.000000 4022959.375000 2201.276855 32 6
4218400.000000 4022959.375000 2413.085693 33 6
4218600.000000 4022959.375000 2629.848389 34 6
4218800.000000 4022959.375000 2852.118408 35 6
4219000.000000 4022959.375000 3076.321289 36 6
4219200.000000 4022959.375000 3297.402588 37 6
4219400.000000 4022959.375000 3514.512939 38 6
4219600.000000 4022959.375000 3738.330566 39 6
4219800.000000 4022959.375000 3967.999512 40 6
4220000.000000 4022959.375000 4193.875000 41 6
4220200.000000 4022959.375000 4414.762695 42 6
4212000.000000 4023331.250000 -4072.831055 1 7
4212200.000000 4023331.250000 -3867.669434 2 7
4212400.000000 4023331.250000 -3662.520752 3 7
4212600.000000 4023331.250000 -3457.367432 4 7
4212800.000000 4023331.250000 -3252.224854 5 7
4213000.000000 4023331.250000 -3047.073730 6 7
4213200.000000 4023331.250000 -2841.929199 7 7
4213400.000000 4023331.250000 -2637.271729 8 7
4213600.000000 4023331.250000 -2432.117188 9 7
4213800.000000 4023331.250000 -2226.948242 10 7
4214000.000000 4023331.250000 -2021.783203 11 7
4214200.000000 4023331.250000 -1816.112671 12 7
4214400.000000 4023331.250000 -1610.964111 13 7
4214600.000000 4023331.250000 -1405.841675 14 7
4214800.000000 4023331.250000 -1200.797607 15 7
4215000.000000 4023331.250000 -995.869995 16 7
4215200.000000 4023331.250000 -791.135071 17 7
4215400.000000 4023331.250000 -586.635376 18 7
4215600.000000 4023331.250000 -382.458038 19 7
4215800.000000 4023331.250000 -178.706940 20 7
4216000.000000 4023331.250000 24.567978 21 7
4216200.000000 4023331.250000 227.329132 22 7
4216400.000000 4023331.250000 430.089600 23 7
4216600.000000 4023331.250000 632.861023 24 7
4216800.000000 4023331.250000 835.270203 25 7
4217000.000000 4023331.250000 1037.515747 26 7
4217200.000000 4023331.250000 1238.400757 27 7
4217400.000000 4023331.250000 1436.323242 28 7
4217600.000000 4023331.250000 1633.126953 29 7
4217800.000000 4023331.250000 1831.522217 30 7
4218000.000000 4023331.250000 2032.708984 31 7
4218200.000000 4023331.250000 2239.001221 32 7
4218400.000000 4023331.250000 2452.153076 33 7
4218600.000000 4023331.250000 2677.019775 34 7
4218800.000000 4023331.250000 2915.191406 35 7
4219000.000000 4023331.250000 3154.968018 36 7
4219200.000000 4023331.250000 3388.887207 37 7
4219400.000000 4023331.250000 3616.428711 38 7
4219600.000000 4023331.250000 3845.645752 39 7
4219800.000000 4023331.250000 4075.888184 40 7
4220000.000000 4023331.250000 4302.992676 41 7
4220200.000000 4023331.250000 4528.314941 42 7
4212000.000000 4023703.125000 -4022.396484 1 8
4212200.000000 4023703.125000 -3817.234619 2 8
4212400.000000 4023703.125000 -3612.085938 3 8
4212600.000000 4023703.125000 -3406.932861 4 8
4212800.000000 4023703.125000 -3201.790283 5 8
4213000.000000 4023703.125000 -2996.639160 6 8
4213200.000000 4023703.125000 -2791.494385 7 8
4213400.000000 4023703.125000 -2586.337158 8 8
4213600.000000 4023703.125000 -2381.682373 9 8
4213800.000000 4023703.125000 -2176.514648 10 8
4214000.000000 4023703.125000 -1971.353271 11 8
4214200.000000 4023703.125000 -1766.190918 12 8
4214400.000000 4023703.125000 -1560.560303 13 8
4214600.000000 4023703.125000 -1355.468384 14 8
4214800.000000 4023703.125000 -1150.475464 15 8
4215000.000000 4023703.125000 -945.629944 16 8
4215200.000000 4023703.125000 -741.010071 17 8
4215400.000000 4023703.125000 -536.691650 18 8
4215600.000000 4023703.125000 -332.746490 19 8
4215800.000000 4023703.125000 -129.297211 20 8
4216000.000000 4023703.125000 73.601540 21 8
4216200.000000 4023703.125000 275.916199 22 8
4216400.000000 4023703.125000 478.170471 23 8
4216600.000000 4023703.125000 680.396667 24 8
4216800.000000 4023703.125000 882.756836 25 8
4217000.000000 4023703.125000 1084.008667 26 8
4217200.000000 4023703.125000 1284.540649 27 8
4217400.000000 4023703.125000 1480.856812 28 8
4217600.000000 4023703.125000 1675.856934 29 8
4217800.000000 4023703.125000 1873.287354 30 8
4218000.000000 4023703.125000 2073.277832 31 8
4218200.000000 4023703.125000 2276.428711 32 8
4218400.000000 4023703.125000 2487.694092 33 8
4218600.000000 4023703.125000 2724.297363 34 8
4218800.000000 4023703.125000 2986.472900 35 8
4219000.000000 4023703.125000 3247.069336 36 8
4219200.000000 4023703.125000 3493.438965 37 8
4219400.000000 4023703.125000 3727.122314 38 8
4219600.000000 4023703.125000 3957.755615 39 8
4219800.000000 4023703.125000 4188.389160 40 8
4220000.000000 4023703.125000 4415.825684 41 8
4220200.000000 4023703.125000 4644.149414 42 8
4212000.000000 4024075.000000 -3971.954590 1 9
4212200.000000 4024075.000000 -3766.792725 2 9
4212400.000000 4024075.000000 -3561.644287 3 9
4212600.000000 4024075.000000 -3356.491211 4 9
4212800.000000 4024075.000000 -3151.348389 5 9
4213000.000000 4024075.000000 -2946.197266 6 9
4213200.000000 4024075.000000 -2741.052002 7 9
4213400.000000 4024075.000000 -2535.894287 8 9
4213600.000000 4024075.000000 -2331.239502 9 9
4213800.000000 4024075.000000 -2126.072998 10 9
4214000.000000 4024075.000000 -1920.915405 11 9
4214200.000000 4024075.000000 -1715.761597 12 9
4214400.000000 4024075.000000 -1510.148071 13 9
4214600.000000 4024075.000000 -1305.086060 14 9
4214800.000000 4024075.000000 -1100.134766 15 9
4215000.000000 4024075.000000 -895.377502 16 9
4215200.000000 4024075.000000 -690.877075 17 9
4215400.000000 4024075.000000 -486.725555 18 9
4215600.000000 4024075.000000 -283.003632 19 9
4215800.000000 4024075.000000 -79.843430 20 9
4216000.000000 4024075.000000 122.696609 21 9
4216200.000000 4024075.000000 324.587769 22 9
4216400.000000 4024075.000000 526.366394 23 9
4216600.000000 4024075.000000 728.095459 24 9
4216800.000000 4024075.000000 929.448730 25 9
4217000.000000 4024075.000000 1130.265869 26 9
4217200.000000 4024075.000000 1331.030029 27 9
4217400.000000 4024075.000000 1527.387817 28 9
4217600.000000 4024075.000000 1721.897339 29 9
4217800.000000 4024075.000000 1919.054077 30 9
4218000.000000 4024075.000000 2118.811035 31 9
4218200.000000 4024075.000000 2318.313721 32 9
4218400.000000 4024075.000000 2527.359863 33 9
4218600.000000 4024075.000000 2778.001709 34 9
4218800.000000 4024075.000000 3068.935547 35 9
4219000.000000 4024075.000000 3348.439453 36 9
4219200.000000 4024075.000000 3604.025146 37 9
4219400.000000 4024075.000000 3835.067383 38 9
4219600.000000 4024075.000000 4061.400391 39 9
4219800.000000 4024075.000000 4290.383301 40 9
4220000.000000 4024075.000000 4518.678223 41 9
4220200.000000 4024075.000000 4749.688965 42 9
4212000.000000 4024446.875000 -3921.506104 1 10
4212200.000000 4024446.875000 -3716.343994 2 10
4212400.000000 4024446.875000 -3511.195557 3 10
4212600.000000 4024446.875000 -3306.042480 4 10
4212800.000000 4024446.875000 -3100.899414 5 10
4213000.000000 4024446.875000 -2895.747803 6 10
4213200.000000 4024446.875000 -2690.601807 7 10
4213400.000000 4024446.875000 -2485.443604 8 10
4213600.000000 4024446.875000 -2280.788574 9 10
4213800.000000 4024446.875000 -2075.622803 10 10
4214000.000000 4024446.875000 -1870.468018 11 10
4214200.000000 4024446.875000 -1665.321655 12 10
4214400.000000 4024446.875000 -1460.222412 13 10
4214600.000000 4024446.875000 -1254.687500 14 10
4214800.000000 4024446.875000 -1049.780640 15 10
4215000.000000 4024446.875000 -845.094360 16 10
4215200.000000 4024446.875000 -640.699890 17 10
4215400.000000 4024446.875000 -436.696167 18 10
4215600.000000 4024446.875000 -233.171295 19 10
4215800.000000 4024446.875000 -30.265089 20 10
4216000.000000 4024446.875000 171.961792 21 10
4216200.000000 4024446.875000 372.987091 22 10
4216400.000000 4024446.875000 574.358582 23 10
4216600.000000 4024446.875000 775.151062 24 10
4216800.000000 4024446.875000 975.588379 25 10
4217000.000000 4024446.875000 1176.538696 26 10
4217200.000000 4024446.875000 1377.115845 27 10
4217400.000000 4024446.875000 1574.642456 28 10
4217600.000000 4024446.875000 1771.450562 29 10
4217800.000000 4024446.875000 1971.229004 30 10
4218000.000000 4024446.875000 2175.493164 31 10
4218200.000000 4024446.875000 2380.109131 32 10
4218400.000000 4024446.875000 2597.364014 33 10
4218600.000000 4024446.875000 2854.098389 34 10
4218800.000000 4024446.875000 3157.002197 35 10
4219000.000000 4024446.875000 3441.891113 36 10
4219200.000000 4024446.875000 3706.939453 37 10
4219400.000000 4024446.875000 3926.972900 38 10
4219600.000000 4024446.875000 4143.224121 39 10
4219800.000000 4024446.875000 4368.884766 40 10
4220000.000000 4024446.875000 4599.395996 41 10
4220200.000000 4024446.875000 4835.374512 42 10
4212000.000000 4024818.750000 -3871.050293 1 11
4212200.000000 4024818.750000 -3665.888184 2 11
4212400.000000 4024818.750000 -3460.739746 3 11
4212600.000000 4024818.750000 -3255.586426 4 11
4212800.000000 4024818.750000 -3050.442871 5 11
4213000.000000 4024818.750000 -2845.290283 6 11
4213200.000000 4024818.750000 -2640.143555 7 11
4213400.000000 4024818.750000 -2434.984375 8 11
4213600.000000 4024818.750000 -2230.328369 9 11
4213800.000000 4024818.750000 -2025.162476 10 11
4214000.000000 4024818.750000 -1820.009277 11 11
4214200.000000 4024818.750000 -1614.867676 12 11
4214400.000000 4024818.750000 -1409.770874 13 11
4214600.000000 4024818.750000 -1204.763306 14 11
4214800.000000 4024818.750000 -999.390686 15 11
4215000.000000 4024818.750000 -794.758423 16 11
4215200.000000 4024818.750000 -590.445007 17 11
4215400.000000 4024818.750000 -386.554291 18 11
4215600.000000 4024818.750000 -183.179535 19 11
4215800.000000 4024818.750000 19.534988 20 11
4216000.000000 4024818.750000 221.528839 21 11
4216200.000000 4024818.750000 422.286377 22 11
4216400.000000 4024818.750000 622.866455 23 11
4216600.000000 4024818.750000 822.354126 24 11
4216800.000000 4024818.750000 1022.487976 25 11
4217000.000000 4024818.750000 1222.689453 26 11
4217200.000000 4024818.750000 1423.718506 27 11
4217400.000000 4024818.750000 1623.473267 28 11
4217600.000000 4024818.750000 1824.480103 29 11
4217800.000000 4024818.750000 2029.365601 30 11
4218000.000000 4024818.750000 2241.282471 31 11
4218200.000000 4024818.750000 2456.414063 32 11
4218400.000000 4024818.750000 2677.600586 33 11
4218600.000000 4024818.750000 2916.401855 34 11
4218800.000000 4024818.750000 3194.712891 35 11
4219000.000000 4024818.750000 3469.180420 36 11
4219200.000000 4024818.750000 3760.344727 37 11
4219400.000000 4024818.750000 3979.276611 38 11
4219600.000000 4024818.750000 4191.048828 39 11
4219800.000000 4024818.750000 4418.229492 40 11
4220000.000000 4024818.750000 4654.020508 41 11
4220200.000000 4024818.750000 4895.888184 42 11
4212000.000000 4025190.625000 -3820.587158 1 12
4212200.000000 4025190.625000 -3615.425049 2 12
4212400.000000 4025190.625000 -3410.276367 3 12
4212600.000000 4025190.625000 -3205.122559 4 12
4212800.000000 4025190.625000 -2999.978271 5 12
4213000.000000 4025190.625000 -2794.824707 6 12
4213200.000000 4025190.625000 -2589.676758 7 12
4213400.000000 4025190.625000 -2384.515869 8 12
4213600.000000 4025190.625000 -2179.858398 9 12
4213800.000000 4025190.625000 -1974.690796 10 12
4214000.000000 4025190.625000 -1769.528564 11 12
4214200.000000 4025190.625000 -1564.396484 12 12
4214400.000000 4025190.625000 -1359.303955 13 12
4214600.000000 4025190.625000 -1154.306152 14 12
4214800.000000 4025190.625000 -949.450500 15 12
4215000.000000 4025190.625000 -744.848083 16 12
4215200.000000 4025190.625000 -540.580139 17 12
4215400.000000 4025190.625000 -336.253693 18 12
4215600.000000 4025190.625000 -132.962448 19 12
4215800.000000 4025190.625000 69.648529 20 12
4216000.000000 4025190.625000 271.522308 21 12
4216200.000000 4025190.625000 472.150543 22 12
4216400.000000 4025190.625000 672.100891 23 12
4216600.000000 4025190.625000 870.964172 24 12
4216800.000000 4025190.625000 1069.998779 25 12
4217000.000000 4025190.625000 1269.688110 26 12
4217200.000000 4025190.625000 1471.322754 27 12
4217400.000000 4025190.625000 1674.557861 28 12
4217600.000000 4025190.625000 1879.639038 29 12
4217800.000000 4025190.625000 2089.948975 30 12
4218000.000000 4025190.625000 2311.356689 31 12
4218200.000000 4025190.625000 2529.845947 32 12
4218400.000000 4025190.625000 2725.246338 33 12
4218600.000000 4025190.625000 2907.188965 34 12
4218800.000000 4025190.625000 3126.477783 35 12
4219000.000000 4025190.625000 3386.466309 36 12
4219200.000000 4025190.625000 3708.541992 37 12
4219400.000000 4025190.625000 3960.345703 38 12
4219600.000000 4025190.625000 4194.946777 39 12
4219800.000000 4025190.625000 4437.042480 40 12
4220000.000000 4025190.625000 4683.221191 41 12
4220200.000000 4025190.625000 4930.577148 42 12
4212000.000000 4025562.500000 -3770.116943 1 13
4212200.000000 4025562.500000 -3564.954834 2 13
4212400.000000 4025562.500000 -3359.805664 3 13
4212600.000000 4025562.500000 -3154.651123 4 13
4212800.000000 4025562.500000 -2949.505859 5 13
4213000.000000 4025562.500000 -2744.351074 6 13
4213200.000000 4025562.500000 -2539.192871 7 13
4213400.000000 4025562.500000 -2334.038330 8 13
4213600.000000 4025562.500000 -2129.369873 9 13
4213800.000000 4025562.500000 -1924.207886 10 13
4214000.000000 4025562.500000 -1719.042358 11 13
4214200.000000 4025562.500000 -1513.907104 12 13
4214400.000000 4025562.500000 -1308.811768 13 13
4214600.000000 4025562.500000 -1103.811890 14 13
4214800.000000 4025562.500000 -898.955933 15 13
4215000.000000 4025562.500000 -694.854736 16 13
4215200.000000 4025562.500000 -490.092133 17 13
4215400.000000 4025562.500000 -286.272125 18 13
4215600.000000 4025562.500000 -82.488785 19 13
4215800.000000 4025562.500000 120.618790 20 13
4216000.000000 4025562.500000 322.002075 21 13
4216200.000000 4025562.500000 522.659729 22 13
4216400.000000 4025562.500000 722.170288 23 13
4216600.000000 4025562.500000 920.634399 24 13
4216800.000000 4025562.500000 1119.325806 25 13
4217000.000000 4025562.500000 1319.276611 26 13
4217200.000000 4025562.500000 1521.559082 27 13
4217400.000000 4025562.500000 1726.511230 28 13
4217600.000000 4025562.500000 1932.528809 29 13
4217800.000000 4025562.500000 2146.202393 30 13
4218000.000000 4025562.500000 2392.310547 31 13
4218200.000000 4025562.500000 2641.248535 32 13
4218400.000000 4025562.500000 2815.495850 33 13
4218600.000000 4025562.500000 2915.738281 34 13
4218800.000000 4025562.500000 3059.631348 35 13
4219000.000000 4025562.500000 3299.369629 36 13
4219200.000000 4025562.500000 3621.330078 37 13
4219400.000000 4025562.500000 3907.985840 38 13
4219600.000000 4025562.500000 4175.692383 39 13
4219800.000000 4025562.500000 4437.094727 40 13
4220000.000000 4025562.500000 4692.222168 41 13
4220200.000000 4025562.500000 4942.890625 42 13
4212000.000000 4025934.375000 -3719.640137 1 14
4212200.000000 4025934.375000 -3514.478027 2 14
4212400.000000 4025934.375000 -3309.328369 3 14
4212600.000000 4025934.375000 -3104.172852 4 14
4212800.000000 4025934.375000 -2899.018311 5 14
4213000.000000 4025934.375000 -2693.870117 6 14
4213200.000000 4025934.375000 -2488.709961 7 14
4213400.000000 4025934.375000 -2283.552734 8 14
4213600.000000 4025934.375000 -2078.880859 9 14
4213800.000000 4025934.375000 -1873.714478 10 14
4214000.000000 4025934.375000 -1668.543457 11 14
4214200.000000 4025934.375000 -1463.400757 12 14
4214400.000000 4025934.375000 -1258.295532 13 14
4214600.000000 4025934.375000 -1053.282349 14 14
4214800.000000 4025934.375000 -848.407959 15 14
4215000.000000 4025934.375000 -644.281006 16 14
4215200.000000 4025934.375000 -439.482452 17 14
4215400.000000 4025934.375000 -235.613144 18 14
4215600.000000 4025934.375000 -31.761274 19 14
4215800.000000 4025934.375000 171.451538 20 14
4216000.000000 4025934.375000 373.461700 21 14
4216200.000000 4025934.375000 573.805725 22 14
4216400.000000 4025934.375000 773.065796 23 14
4216600.000000 4025934.375000 971.856934 24 14
4216800.000000 4025934.375000 1170.968628 25 14
4217000.000000 4025934.375000 1370.902832 26 14
4217200.000000 4025934.375000 1573.896484 27 14
4217400.000000 4025934.375000 1778.644043 28 14
4217600.000000 4025934.375000 1979.287109 29 14
4217800.000000 4025934.375000 2191.606445 30 14
4218000.000000 4025934.375000 2469.823730 31 14
4218200.000000 4025934.375000 2770.986816 32 14
4218400.000000 4025934.375000 2962.690430 33 14
4218600.000000 4025934.375000 3039.839600 34 14
4218800.000000 4025934.375000 3149.359863 35 14
4219000.000000 4025934.375000 3347.916748 36 14
4219200.000000 4025934.375000 3617.311523 37 14
4219400.000000 4025934.375000 3893.603271 38 14
4219600.000000 4025934.375000 4168.068848 39 14
4219800.000000 4025934.375000 4436.205078 40 14
4220000.000000 4025934.375000 4691.565918 41 14
4220200.000000 4025934.375000 4940.320801 42 14
4212000.000000 4026306.250000 -3669.157227 1 15
4212200.000000 4026306.250000 -3463.994873 2 15
4212400.000000 4026306.250000 -3258.836426 3 15
4212600.000000 4026306.250000 -3053.688232 4 15
4212800.000000 4026306.250000 -2848.532227 5 15
4213000.000000 4026306.250000 -2643.382080 6 15
4213200.000000 4026306.250000 -2438.219727 7 15
4213400.000000 4026306.250000 -2233.059570 8 15
4213600.000000 4026306.250000 -2028.383545 9 15
4213800.000000 4026306.250000 -1823.211670 10 15
4214000.000000 4026306.250000 -1618.032959 11 15
4214200.000000 4026306.250000 -1412.879028 12 15
4214400.000000 4026306.250000 -1207.757202 13 15
4214600.000000 4026306.250000 -1002.719971 14 15
4214800.000000 4026306.250000 -797.810303 15 15
4215000.000000 4026306.250000 -593.132019 16 15
4215200.000000 4026306.250000 -388.758575 17 15
4215400.000000 4026306.250000 -184.287415 18 15
4215600.000000 4026306.250000 19.204525 19 15
4215800.000000 4026306.250000 222.606277 20 15
4216000.000000 4026306.250000 424.867371 21 15
4216200.000000 4026306.250000 626.044067 22 15
4216400.000000 4026306.250000 825.210510 23 15
4216600.000000 4026306.250000 1024.519653 24 15
4216800.000000 4026306.250000 1223.760986 25 15
4217000.000000 4026306.250000 1424.444092 26 15
4217200.000000 4026306.250000 1628.340210 27 15
4217400.000000 4026306.250000 1834.701294 28 15
4217600.000000 4026306.250000 2037.707764 29 15
4217800.000000 4026306.250000 2251.224365 30 15
4218000.000000 4026306.250000 2529.244873 31 15
4218200.000000 4026306.250000 2828.674316 32 15
4218400.000000 4026306.250000 3027.003418 33 15
4218600.000000 4026306.250000 3131.947021 34 15
4218800.000000 4026306.250000 3257.503662 35 15
4219000.000000 4026306.250000 3437.419922 36 15
4219200.000000 4026306.250000 3666.446777 37 15
4219400.000000 4026306.250000 3917.712158 38 15
4219600.000000 4026306.250000 4180.217773 39 15
4219800.000000 4026306.250000 4441.362793 40 15
4220000.000000 4026306.250000 4690.822266 41 15
4220200.000000 4026306.250000 4932.610352 42 15
4212000.000000 4026678.125000 -3618.660156 1 16
4212200.000000 4026678.125000 -3413.505859 2 16
4212400.000000 4026678.125000 -3208.346680 3 16
4212600.000000 4026678.125000 -3003.197510 4 16
4212800.000000 4026678.125000 -2798.039795 5 16
4213000.000000 4026678.125000 -2592.887695 6 16
4213200.000000 4026678.125000 -2387.722656 7 16
4213400.000000 4026678.125000 -2182.559082 8 16
4213600.000000 4026678.125000 -1977.878662 9 16
4213800.000000 4026678.125000 -1772.700317 10 16
4214000.000000 4026678.125000 -1567.512329 11 16
4214200.000000 4026678.125000 -1362.344116 12 16
4214400.000000 4026678.125000 -1157.200439 13 16
4214600.000000 4026678.125000 -952.130127 14 16
4214800.000000 4026678.125000 -747.170837 15 16
4215000.000000 4026678.125000 -542.418274 16 16
4215200.000000 4026678.125000 -337.937714 17 16
4215400.000000 4026678.125000 -133.310516 18 16
4215600.000000 4026678.125000 70.372169 19 16
4215800.000000 4026678.125000 274.038605 20 16
4216000.000000 4026678.125000 476.642456 21 16
4216200.000000 4026678.125000 678.250122 22 16
4216400.000000 4026678.125000 877.948853 23 16
4216600.000000 4026678.125000 1077.900391 24 16
4216800.000000 4026678.125000 1277.883057 25 16
4217000.000000 4026678.125000 1479.430786 26 16
4217200.000000 4026678.125000 1684.670776 27 16
4217400.000000 4026678.125000 1894.047974 28 16
4217600.000000 4026678.125000 2106.480957 29 16
4217800.000000 4026678.125000 2326.011475 30 16
4218000.000000 4026678.125000 2577.318604 31 16
4218200.000000 4026678.125000 2833.508789 32 16
4218400.000000 4026678.125000 3030.111572 33 16
4218600.000000 4026678.125000 3179.293457 34 16
4218800.000000 4026678.125000 3337.602051 35 16
4219000.000000 4026678.125000 3519.869385 36 16
4219200.000000 4026678.125000 3730.257080 37 16
4219400.000000 4026678.125000 3962.292725 38 16
4219600.000000 4026678.125000 4207.224609 39 16
4219800.000000 4026678.125000 4454.515137 40 16
4220000.000000 4026678.125000 4693.881836 41 16
4220200.000000 4026678.125000 4927.083984 42 16
4212000.000000 4027050.000000 -3568.166260 1 17
4212200.000000 4027050.000000 -3363.011963 2 17
4212400.000000 4027050.000000 -3157.851807 3 17
4212600.000000 4027050.000000 -2952.701416 4 17
4212800.000000 4027050.000000 -2747.541992 5 17
4213000.000000 4027050.000000 -2542.387695 6 17
4213200.000000 4027050.000000 -2337.220215 7 17
4213400.000000 4027050.000000 -2132.052979 8 17
4213600.000000 4027050.000000 -1927.367798 9 17
4213800.000000 4027050.000000 -1722.182617 10 17
4214000.000000 4027050.000000 -1517.483887 11 17
4214200.000000 4027050.000000 -1312.299805 12 17
4214400.000000 4027050.000000 -1107.130859 13 17
4214600.000000 4027050.000000 -902.022034 14 17
4214800.000000 4027050.000000 -696.504517 15 17
4215000.000000 4027050.000000 -491.662964 16 17
4215200.000000 4027050.000000 -287.053314 17 17
4215400.000000 4027050.000000 -82.747536 18 17
4215600.000000 4027050.000000 121.672966 19 17
4215800.000000 4027050.000000 325.153168 20 17
4216000.000000 4027050.000000 528.155151 21 17
4216200.000000 4027050.000000 730.251709 22 17
4216400.000000 4027050.000000 931.036743 23 17
4216600.000000 4027050.000000 1131.673950 24 17
4216800.000000 4027050.000000 1332.910034 25 17
4217000.000000 4027050.000000 1535.183105 26 17
4217200.000000 4027050.000000 1740.773438 27 17
4217400.000000 4027050.000000 1951.369629 28 17
4217600.000000 4027050.000000 2166.605469 29 17
4217800.000000 4027050.000000 2387.338623 30 17
4218000.000000 4027050.000000 2617.776123 31 17
4218200.000000 4027050.000000 2845.489502 32 17
4218400.000000 4027050.000000 3046.010254 33 17
4218600.000000 4027050.000000 3224.842041 34 17
4218800.000000 4027050.000000 3402.243896 35 17
4219000.000000 4027050.000000 3589.936768 36 17
4219200.000000 4027050.000000 3794.022705 37 17
4219400.000000 4027050.000000 4014.257080 38 17
4219600.000000 4027050.000000 4244.502930 39 17
4219800.000000 4027050.000000 4477.006348 40 17
4220000.000000 4027050.000000 4705.666504 41 17
4220200.000000 4027050.000000 4929.403809 42 17
4212000.000000 4027421.875000 -3517.668457 1 18
4212200.000000 4027421.875000 -3312.513916 2 18
4212400.000000 4027421.875000 -3107.353027 3 18
4212600.000000 4027421.875000 -2902.201172 4 18
4212800.000000 4027421.875000 -2697.039795 5 18
4213000.000000 4027421.875000 -2491.883545 6 18
4213200.000000 4027421.875000 -2286.713135 7 18
4213400.000000 4027421.875000 -2081.542725 8 18
4213600.000000 4027421.875000 -1876.852905 9 18
4213800.000000 4027421.875000 -1671.661133 10 18
4214000.000000 4027421.875000 -1466.952393 11 18
4214200.000000 4027421.875000 -1261.752075 12 18
4214400.000000 4027421.875000 -1056.557495 13 18
4214600.000000 4027421.875000 -851.408325 14 18
4214800.000000 4027421.875000 -645.828613 15 18
4215000.000000 4027421.875000 -440.883911 16 18
4215200.000000 4027421.875000 -236.144333 17 18
4215400.000000 4027421.875000 -31.647608 18 18
4215600.000000 4027421.875000 172.528442 19 18
4215800.000000 4027421.875000 376.340454 20 18
4216000.000000 4027421.875000 580.257629 21 18
4216200.000000 4027421.875000 782.853638 22 18
4216400.000000 4027421.875000 984.220398 23 18
4216600.000000 4027421.875000 1186.515137 24 18
4216800.000000 4027421.875000 1388.943359 25 18
4217000.000000 4027421.875000 1591.811401 26 18
4217200.000000 4027421.875000 1797.245850 27 18
4217400.000000 4027421.875000 2006.030151 28 18
4217600.000000 4027421.875000 2219.364014 29 18
4217800.000000 4027421.875000 2436.346436 30 18
4218000.000000 4027421.875000 2656.101807 31 18
4218200.000000 4027421.875000 2871.616455 32 18
4218400.000000 4027421.875000 3075.157715 33 18
4218600.000000 4027421.875000 3267.794678 34 18
4218800.000000 4027421.875000 3456.456543 35 18
4219000.000000 4027421.875000 3649.872803 36 18
4219200.000000 4027421.875000 3853.593018 37 18
4219400.000000 4027421.875000 4067.579346 38 18
4219600.000000 4027421.875000 4287.132813 39 18
4219800.000000 4027421.875000 4508.368164 40 18
4220000.000000 4027421.875000 4727.611328 41 18
4220200.000000 4027421.875000 4942.682129 42 18
4212000.000000 4027793.750000 -3467.167480 1 19
4212200.000000 4027793.750000 -3262.012695 2 19
4212400.000000 4027793.750000 -3056.850830 3 19
4212600.000000 4027793.750000 -2851.697754 4 19
4212800.000000 4027793.750000 -2646.534424 5 19
4213000.000000 4027793.750000 -2441.375977 6 19
4213200.000000 4027793.750000 -2236.203125 7 19
4213400.000000 4027793.750000 -2031.528931 8 19
4213600.000000 4027793.750000 -1826.335449 9 19
4213800.000000 4027793.750000 -1621.137817 10 19
4214000.000000 4027793.750000 -1416.419922 11 19
4214200.000000 4027793.750000 -1211.204712 12 19
4214400.000000 4027793.750000 -1005.985779 13 19
4214600.000000 4027793.750000 -800.798218 14 19
4214800.000000 4027793.750000 -595.158386 15 19
4215000.000000 4027793.750000 -390.120880 16 19
4215200.000000 4027793.750000 -185.245102 17 19
4215400.000000 4027793.750000 19.440250 18 19
4215600.000000 4027793.750000 223.867859 19 19
4215800.000000 4027793.750000 428.005463 20 19
4216000.000000 4027793.750000 632.326111 21 19
4216200.000000 4027793.750000 835.397156 22 19
4216400.000000 4027793.750000 1037.799194 23 19
4216600.000000 4027793.750000 1240.685425 24 19
4216800.000000 4027793.750000 1443.702393 25 19
4217000.000000 4027793.750000 1647.577271 26 19
4217200.000000 4027793.750000 1852.675171 27 19
4217400.000000 4027793.750000 2060.574219 28 19
4217600.000000 4027793.750000 2270.787109 29 19
4217800.000000 4027793.750000 2483.223877 30 19
4218000.000000 4027793.750000 2697.397461 31 19
4218200.000000 4027793.750000 2907.449707 32 19
4218400.000000 4027793.750000 3111.989746 33 19
4218600.000000 4027793.750000 3309.921631 34 19
4218800.000000 4027793.750000 3505.441895 35 19
4219000.000000 4027793.750000 3704.101318 36 19
4219200.000000 4027793.750000 3908.224121 37 19
4219400.000000 4027793.750000 4118.144531 38 19
4219600.000000 4027793.750000 4331.044434 39 19
4219800.000000 4027793.750000 4544.613281 40 19
4220000.000000 4027793.750000 4757.384277 41 19
4220200.000000 4027793.750000 4966.878418 42 19
4212000.000000 4028165.625000 -3416.664307 1 20
4212200.000000 4028165.625000 -3211.509277 2 20
4212400.000000 4028165.625000 -3006.346680 3 20
4212600.000000 4028165.625000 -2801.191650 4 20
4212800.000000 4028165.625000 -2596.026611 5 20
4213000.000000 4028165.625000 -2390.865967 6 20
4213200.000000 4028165.625000 -2185.690918 7 20
4213400.000000 4028165.625000 -1981.013794 8 20
4213600.000000 4028165.625000 -1775.816772 9 20
4213800.000000 4028165.625000 -1570.614258 10 20
4214000.000000 4028165.625000 -1365.888794 11 20
4214200.000000 4028165.625000 -1160.661011 12 20
4214400.000000 4028165.625000 -955.420959 13 20
4214600.000000 4028165.625000 -750.191162 14 20
4214800.000000 4028165.625000 -544.505676 15 20
4215000.000000 4028165.625000 -339.383698 16 20
4215200.000000 4028165.625000 -134.382767 17 20
4215400.000000 4028165.625000 70.476906 18 20
4215600.000000 4028165.625000 275.137360 19 20
4215800.000000 4028165.625000 479.575592 20 20
4216000.000000 4028165.625000 684.266235 21 20
4216200.000000 4028165.625000 887.766907 22 20
4216400.000000 4028165.625000 1091.139648 23 20
4216600.000000 4028165.625000 1294.516968 24 20
4216800.000000 4028165.625000 1498.514404 25 20
4217000.000000 4028165.625000 1702.790405 26 20
4217200.000000 4028165.625000 1908.036499 27 20
4217400.000000 4028165.625000 2114.575439 28 20
4217600.000000 4028165.625000 2322.187012 29 20
4217800.000000 4028165.625000 2531.513672 30 20
4218000.000000 4028165.625000 2741.367920 31 20
4218200.000000 4028165.625000 2949.274170 32 20
4218400.000000 4028165.625000 3153.589111 33 20
4218600.000000 4028165.625000 3354.784668 34 20
4218800.000000 4028165.625000 3554.794678 35 20
4219000.000000 4028165.625000 3756.069824 36 20
4219200.000000 4028165.625000 3960.360107 37 20
4219400.000000 4028165.625000 4167.035645 38 20
4219600.000000 4028165.625000 4376.411621 39 20
4219800.000000 4028165.625000 4586.139160 40 20
4220000.000000 4028165.625000 4794.854004 41 20
4220200.000000 4028165.625000 5001.014160 42 20
4212000.000000 4028537.500000 -3366.159912 1 21
4212200.000000 4028537.500000 -3161.004883 2 21
4212400.000000 4028537.500000 -2955.841064 3 21
4212600.000000 4028537.500000 -2750.684814 4 21
4212800.000000 4028537.500000 -2545.517578 5 21
4213000.000000 4028537.500000 -2340.354980 6 21
4213200.000000 4028537.500000 -2135.677002 7 21
4213400.000000 4028537.500000 -1930.498169 8 21
4213600.000000 4028537.500000 -1725.298218 9 21
4213800.000000 4028537.500000 -1520.083618 10 21
4214000.000000 4028537.500000 -1315.360718 11 21
4214200.000000 4028537.500000 -1110.114746 12 21
4214400.000000 4028537.500000 -904.866150 13 21
4214600.000000 4028537.500000 -699.608521 14 21
4214800.000000 4028537.500000 -493.877655 15 21
4215000.000000 4028537.500000 -288.683563 16 21
4215200.000000 4028537.500000 -83.574348 17 21
4215400.000000 4028537.500000 121.437378 18 21
4215600.000000 4028537.500000 326.301941 19 21
4215800.000000 4028537.500000 531.004211 20 21
4216000.000000 4028537.500000 736.019043 21 21
4216200.000000 4028537.500000 939.893433 22 21
4216400.000000 4028537.500000 1143.669922 23 21
4216600.000000 4028537.500000 1347.953491 24 21
4216800.000000 4028537.500000 1551.831421 25 21
4217000.000000 4028537.500000 1756.415649 26 21
4217200.000000 4028537.500000 1961.797729 27 21
4217400.000000 4028537.500000 2168.127441 28 21
4217600.000000 4028537.500000 2374.506348 29 21
4217800.000000 4028537.500000 2581.941162 30 21
4218000.000000 4028537.500000 2789.282227 31 21
4218200.000000 4028537.500000 2994.989746 32 21
4218400.000000 4028537.500000 3199.317871 33 21
4218600.000000 4028537.500000 3402.293213 34 21
4218800.000000 4028537.500000 3604.627930 35 21
4219000.000000 4028537.500000 3807.030273 36 21
4219200.000000 4028537.500000 4011.159424 37 21
4219400.000000 4028537.500000 4216.816406 38 21
4219600.000000 4028537.500000 4424.033203 39 21
4219800.000000 4028537.500000 4631.641602 40 21
4220000.000000 4028537.500000 4838.330566 41 21
4220200.000000 4028537.500000 5043.125000 42 21
4212000.000000 4028909.375000 -3315.656250 1 22
4212200.000000 4028909.375000 -3110.500732 2 22
4212400.000000 4028909.375000 -2905.335938 3 22
4212600.000000 4028909.375000 -2700.169678 4 22
4212800.000000 4028909.375000 -2495.508301 5 22
4213000.000000 4028909.375000 -2290.343506 6 22
4213200.000000 4028909.375000 -2085.164063 7 22
4213400.000000 4028909.375000 -1880.482544 8 22
4213600.000000 4028909.375000 -1675.280518 9 22
4213800.000000 4028909.375000 -1470.063232 10 22
4214000.000000 4028909.375000 -1264.836914 11 22
4214200.000000 4028909.375000 -1059.584106 12 22
4214400.000000 4028909.375000 -854.323181 13 22
4214600.000000 4028909.375000 -649.044495 14 22
4214800.000000 4028909.375000 -443.278320 15 22
4215000.000000 4028909.375000 -238.026611 16 22
4215200.000000 4028909.375000 -32.829407 17 22
4215400.000000 4028909.375000 172.307327 18 22
4215600.000000 4028909.375000 377.341156 19 22
4215800.000000 4028909.375000 582.263611 20 22
4216000.000000 4028909.375000 787.557861 21 22
4216200.000000 4028909.375000 991.736267 22 22
4216400.000000 4028909.375000 1195.848145 23 22
4216600.000000 4028909.375000 1400.464966 24 22
4216800.000000 4028909.375000 1604.645142 25 22
4217000.000000 4028909.375000 1809.468140 26 22
4217200.000000 4028909.375000 2014.978882 27 22
4217400.000000 4028909.375000 2221.209717 28 22
4217600.000000 4028909.375000 2427.186523 29 22
4217800.000000 4028909.375000 2633.346436 30 22
4218000.000000 4028909.375000 2839.075928 31 22
4218200.000000 4028909.375000 3044.087646 32 22
4218400.000000 4028909.375000 3248.064941 33 22
4218600.000000 4028909.375000 3451.330566 34 22
4218800.000000 4028909.375000 3654.537842 35 22
4219000.000000 4028909.375000 3858.037842 36 22
4219200.000000 4028909.375000 4061.726563 37 22
4219400.000000 4028909.375000 4266.807129 38 22
4219600.000000 4028909.375000 4473.848633 39 22
4219800.000000 4028909.375000 4680.746094 40 22
4220000.000000 4028909.375000 4887.250000 41 22
4220200.000000 4028909.375000 5092.003906 42 22
4212000.000000 4029281.250000 -3265.653320 1 23
4212200.000000 4029281.250000 -3060.497559 2 23
4212400.000000 4029281.250000 -2855.331543 3 23
4212600.000000 4029281.250000 -2650.171875 4 23
4212800.000000 4029281.250000 -2445.000977 5 23
4213000.000000 4029281.250000 -2239.825928 6 23
4213200.000000 4029281.250000 -2034.652832 7 23
4213400.000000 4029281.250000 -1829.961304 8 23
4213600.000000 4029281.250000 -1624.766113 9 23
4213800.000000 4029281.250000 -1419.547119 10 23
4214000.000000 4029281.250000 -1214.318726 11 23
4214200.000000 4029281.250000 -1009.061829 12 23
4214400.000000 4029281.250000 -803.793213 13 23
4214600.000000 4029281.250000 -598.500549 14 23
4214800.000000 4029281.250000 -392.709625 15 23
4215000.000000 4029281.250000 -187.415833 16 23
4215200.000000 4029281.250000 17.847343 17 23
4215400.000000 4029281.250000 223.079498 18 23
4215600.000000 4029281.250000 428.244293 19 23
4215800.000000 4029281.250000 633.338928 20 23
4216000.000000 4029281.250000 838.846924 21 23
4216200.000000 4029281.250000 1043.272583 22 23
4216400.000000 4029281.250000 1247.650269 23 23
4216600.000000 4029281.250000 1452.530518 24 23
4216800.000000 4029281.250000 1657.455566 25 23
4217000.000000 4029281.250000 1862.457764 26 23
4217200.000000 4029281.250000 2067.576904 27 23
4217400.000000 4029281.250000 2273.794189 28 23
4217600.000000 4029281.250000 2479.593506 29 23
4217800.000000 4029281.250000 2684.891357 30 23
4218000.000000 4029281.250000 2890.602051 31 23
4218200.000000 4029281.250000 3095.069092 32 23
4218400.000000 4029281.250000 3299.176514 33 23
4218600.000000 4029281.250000 3502.384521 34 23
4218800.000000 4029281.250000 3705.323242 35 23
4219000.000000 4029281.250000 3909.194092 36 23
4219200.000000 4029281.250000 4113.744141 37 23
4219400.000000 4029281.250000 4318.605469 38 23
4219600.000000 4029281.250000 4525.337891 39 23
4219800.000000 4029281.250000 4732.363770 40 23
4220000.000000 4029281.250000 4939.502441 41 23
4220200.000000 4029281.250000 5145.039063 42 23
4212000.000000 4029653.125000 -3215.154297 1 24
4212200.000000 4029653.125000 -3009.989746 2 24
4212400.000000 4029653.125000 -2804.830811 3 24
4212600.000000 4029653.125000 -2599.661133 4 24
4212800.000000 4029653.125000 -2394.496338 5 24
4213000.000000 4029653.125000 -2189.319336 6 24
4213200.000000 4029653.125000 -1984.144409 7 24
4213400.000000 4029653.125000 -1779.451538 8 24
4213600.000000 4029653.125000 -1574.255127 9 24
4213800.000000 4029653.125000 -1369.035522 10 24
4214000.000000 4029653.125000 -1163.806396 11 24
4214200.000000 4029653.125000 -958.548096 12 24
4214400.000000 4029653.125000 -753.275940 13 24
4214600.000000 4029653.125000 -547.975647 14 24
4214800.000000 4029653.125000 -342.669006 15 24
4215000.000000 4029653.125000 -136.848312 16 24
4215200.000000 4029653.125000 68.460068 17 24
4215400.000000 4029653.125000 273.759491 18 24
4215600.000000 4029653.125000 479.018524 19 24
4215800.000000 4029653.125000 684.239136 20 24
4216000.000000 4029653.125000 889.406128 21 24
4216200.000000 4029653.125000 1094.515991 22 24
4216400.000000 4029653.125000 1299.102173 23 24
4216600.000000 4029653.125000 1504.173218 24 24
4216800.000000 4029653.125000 1709.278076 25 24
4217000.000000 4029653.125000 1914.424683 26 24
4217200.000000 4029653.125000 2119.637451 27 24
4217400.000000 4029653.125000 2325.383057 28 24
4217600.000000 4029653.125000 2531.134766 29 24
4217800.000000 4029653.125000 2736.810303 30 24
4218000.000000 4029653.125000 2942.347412 31 24
4218200.000000 4029653.125000 3146.658203 32 24
4218400.000000 4029653.125000 3350.687988 33 24
4218600.000000 4029653.125000 3553.973389 34 24
4218800.000000 4029653.125000 3757.119385 35 24
4219000.000000 4029653.125000 3961.255371 36 24
4219200.000000 4029653.125000 4166.046387 37 24
4219400.000000 4029653.125000 4371.074707 38 24
4219600.000000 4029653.125000 4577.887207 39 24
4219800.000000 4029653.125000 4785.429688 40 24
4220000.000000 4029653.125000 4992.586914 41 24
4220200.000000 4029653.125000 5199.748535 42 24
4212000.000000 4030025.000000 -3165.158691 1 25
4212200.000000 4030025.000000 -2960.001709 2 25
4212400.000000 4030025.000000 -2754.333740 3 25
4212600.000000 4030025.000000 -2549.162354 4 25
4212800.000000 4030025.000000 -2343.995605 5 25
4213000.000000 4030025.000000 -2138.816406 6 25
4213200.000000 4030025.000000 -1933.639893 7 25
4213400.000000 4030025.000000 -1728.945679 8 25
4213600.000000 4030025.000000 -1523.748657 9 25
4213800.000000 4030025.000000 -1318.528931 10 25
4214000.000000 4030025.000000 -1113.300171 11 25
4214200.000000 4030025.000000 -908.042175 12 25
4214400.000000 4030025.000000 -702.769531 13 25
4214600.000000 4030025.000000 -497.466461 14 25
4214800.000000 4030025.000000 -292.152313 15 25
4215000.000000 4030025.000000 -86.814941 16 25
4215200.000000 4030025.000000 118.521904 17 25
4215400.000000 4030025.000000 323.865570 18 25
4215600.000000 4030025.000000 529.696228 19 25
4215800.000000 4030025.000000 734.995972 20 25
4216000.000000 4030025.000000 940.274719 21 25
4216200.000000 4030025.000000 1145.516846 22 25
4216400.000000 4030025.000000 1350.247681 23 25
4216600.000000 4030025.000000 1555.464111 24 25
4216800.000000 4030025.000000 1760.701416 25 25
4217000.000000 4030025.000000 1965.955933 26 25
4217200.000000 4030025.000000 2171.244385 27 25
4217400.000000 4030025.000000 2377.030518 28 25
4217600.000000 4030025.000000 2582.292480 29 25
4217800.000000 4030025.000000 2787.958496 30 25
4218000.000000 4030025.000000 2993.484619 31 25
4218200.000000 4030025.000000 3197.804199 32 25
4218400.000000 4030025.000000 3401.919678 33 25
4218600.000000 4030025.000000 3605.354248 34 25
4218800.000000 4030025.000000 3809.202637 35 25
4219000.000000 4030025.000000 4013.551758 36 25
4219200.000000 4030025.000000 4218.519043 37 25
4219400.000000 4030025.000000 4423.663574 38 25
4219600.000000 4030025.000000 4630.498535 39 25
4219800.000000 4030025.000000 4838.016602 40 25
4220000.000000 4030025.000000 5046.147461 41 25
4220200.000000 4030025.000000 5253.854492 42 25
4212000.000000 4030396.875000 -3114.669189 1 26
4212200.000000 4030396.875000 -2909.503174 2 26
4212400.000000 4030396.875000 -2703.842041 3 26
4212600.000000 4030396.875000 -2498.668701 4 26
4212800.000000 4030396.875000 -2293.500000 5 26
4213000.000000 4030396.875000 -2088.318848 6 26
4213200.000000 4030396.875000 -1883.140625 7 26
4213400.000000 4030396.875000 -1678.445190 8 26
4213600.000000 4030396.875000 -1473.247559 9 26
4213800.000000 4030396.875000 -1268.028076 10 26
4214000.000000 4030396.875000 -1062.800293 11 26
4214200.000000 4030396.875000 -857.543884 12 26
4214400.000000 4030396.875000 -652.272827 13 26
4214600.000000 4030396.875000 -446.970337 14 26
4214800.000000 4030396.875000 -241.654099 15 26
4215000.000000 4030396.875000 -36.309193 16 26
4215200.000000 4030396.875000 169.043457 17 26
4215400.000000 4030396.875000 374.413757 18 26
4215600.000000 4030396.875000 579.785461 19 26
4215800.000000 4030396.875000 785.641724 20 26
4216000.000000 4030396.875000 990.995178 21 26
4216200.000000 4030396.875000 1196.327271 22 26
4216400.000000 4030396.875000 1401.158081 23 26
4216600.000000 4030396.875000 1606.476196 24 26
4216800.000000 4030396.875000 1811.807495 25 26
4217000.000000 4030396.875000 2017.140259 26 26
4217200.000000 4030396.875000 2222.486328 27 26
4217400.000000 4030396.875000 2427.811035 28 26
4217600.000000 4030396.875000 2633.599365 29 26
4217800.000000 4030396.875000 2838.795166 30 26
4218000.000000 4030396.875000 3043.869385 31 26
4218200.000000 4030396.875000 3248.769531 32 26
4218400.000000 4030396.875000 3453.011230 33 26
4218600.000000 4030396.875000 3657.612305 34 26
4218800.000000 4030396.875000 3861.650879 35 26
4219000.000000 4030396.875000 4065.683594 36 26
4219200.000000 4030396.875000 4270.795410 37 26
4219400.000000 4030396.875000 4476.025391 38 26
4219600.000000 4030396.875000 4682.884766 39 26
4219800.000000 4030396.875000 4890.384277 40 26
4220000.000000 4030396.875000 5098.491699 41 26
4220200.000000 4030396.875000 5306.714355 42 26
4212000.000000 4030768.750000 -3063.687500 1 27
4212200.000000 4030768.750000 -2858.520508 2 27
4212400.000000 4030768.750000 -2653.357178 3 27
4212600.000000 4030768.750000 -2448.181885 4 27
4212800.000000 4030768.750000 -2243.010986 5 27
4213000.000000 4030768.750000 -2037.828125 6 27
4213200.000000 4030768.750000 -1832.648071 7 27
4213400.000000 4030768.750000 -1627.452148 8 27
4213600.000000 4030768.750000 -1422.753418 9 27
4213800.000000 4030768.750000 -1217.534302 10 27
4214000.000000 4030768.750000 -1012.307922 11 27
4214200.000000 4030768.750000 -807.053772 12 27
4214400.000000 4030768.750000 -601.785645 13 27
4214600.000000 4030768.750000 -396.486115 14 27
4214800.000000 4030768.750000 -191.171616 15 27
4215000.000000 4030768.750000 14.174510 16 27
4215200.000000 4030768.750000 219.541763 17 27
4215400.000000 4030768.750000 424.916901 18 27
4215600.000000 4030768.750000 630.310852 19 27
4215800.000000 4030768.750000 835.701294 20 27
4216000.000000 4030768.750000 1041.100342 21 27
4216200.000000 4030768.750000 1246.488647 22 27
4216400.000000 4030768.750000 1451.882446 23 27
4216600.000000 4030768.750000 1657.266846 24 27
4216800.000000 4030768.750000 1862.660645 25 27
4217000.000000 4030768.750000 2068.046875 26 27
4217200.000000 4030768.750000 2273.434814 27 27
4217400.000000 4030768.750000 2478.791260 28 27
4217600.000000 4030768.750000 2684.608887 29 27
4217800.000000 4030768.750000 2889.843506 30 27
4218000.000000 4030768.750000 3094.978027 31 27
4218200.000000 4030768.750000 3299.979736 32 27
4218400.000000 4030768.750000 3504.341797 33 27
4218600.000000 4030768.750000 3709.108154 34 27
4218800.000000 4030768.750000 3913.806152 35 27
4219000.000000 4030768.750000 4117.996582 36 27
4219200.000000 4030768.750000 4322.734863 37 27
4219400.000000 4030768.750000 4528.545898 38 27
4219600.000000 4030768.750000 4734.941895 39 27
4219800.000000 4030768.750000 4942.446289 40 27
4220000.000000 4030768.750000 5150.052246 41 27
4220200.000000 4030768.750000 5358.286133 42 27
4212000.000000 4031140.625000 -3013.213135 1 28
4212200.000000 4031140.625000 -2808.044678 2 28
4212400.000000 4031140.625000 -2602.879639 3 28
4212600.000000 4031140.625000 -2397.702637 4 28
4212800.000000 4031140.625000 -2192.530029 5 28
4213000.000000 4031140.625000 -1987.345215 6 28
4213200.000000 4031140.625000 -1782.163696 7 28
4213400.000000 4031140.625000 -1576.966553 8 28
4213600.000000 4031140.625000 -1371.768066 9 28
4213800.000000 4031140.625000 -1167.048828 10 28
4214000.000000 4031140.625000 -961.823853 11 28
4214200.000000 4031140.625000 -756.572327 12 28
4214400.000000 4031140.625000 -551.307800 13 28
4214600.000000 4031140.625000 -346.012634 14 28
4214800.000000 4031140.625000 -140.694061 15 28
4215000.000000 4031140.625000 64.640793 16 28
4215200.000000 4031140.625000 270.007782 17 28
4215400.000000 4031140.625000 475.386688 18 28
4215600.000000 4031140.625000 680.789917 19 28
4215800.000000 4031140.625000 886.196960 20 28
4216000.000000 4031140.625000 1091.620483 21 28
4216200.000000 4031140.625000 1297.040405 22 28
4216400.000000 4031140.625000 1502.471191 23 28
4216600.000000 4031140.625000 1707.894897 24 28
4216800.000000 4031140.625000 1913.327026 25 28
4217000.000000 4031140.625000 2118.747070 26 28
4217200.000000 4031140.625000 2324.163574 27 28
4217400.000000 4031140.625000 2529.545166 28 28
4217600.000000 4031140.625000 2735.390137 29 28
4217800.000000 4031140.625000 2940.671387 30 28
4218000.000000 4031140.625000 3145.856201 31 28
4218200.000000 4031140.625000 3350.943604 32 28
4218400.000000 4031140.625000 3555.420166 33 28
4218600.000000 4031140.625000 3760.321533 34 28
4218800.000000 4031140.625000 3965.162598 35 28
4219000.000000 4031140.625000 4169.995605 36 28
4219200.000000 4031140.625000 4374.837402 37 28
4219400.000000 4031140.625000 4580.230957 38 28
4219600.000000 4031140.625000 4786.686523 39 28
4219800.000000 4031140.625000 4993.711426 40 28
4220000.000000 4031140.625000 5200.836426 41 28
4220200.000000 4031140.625000 5408.586426 42 28
4212000.000000 4031512.500000 -2962.746826 1 29
4212200.000000 4031512.500000 -2757.576904 2 29
4212400.000000 4031512.500000 -2552.410400 3 29
4212600.000000 4031512.500000 -2347.231445 4 29
4212800.000000 4031512.500000 -2142.057373 5 29
4213000.000000 4031512.500000 -1936.870850 6 29
4213200.000000 4031512.500000 -1731.687988 7 29
4213400.000000 4031512.500000 -1526.489868 8 29
4213600.000000 4031512.500000 -1321.282715 9 29
4213800.000000 4031512.500000 -1116.072876 10 29
4214000.000000 4031512.500000 -911.348755 11 29
4214200.000000 4031512.500000 -706.099915 12 29
4214400.000000 4031512.500000 -500.831024 13 29
4214600.000000 4031512.500000 -295.549072 14 29
4214800.000000 4031512.500000 -90.235985 15 29
4215000.000000 4031512.500000 115.093636 16 29
4215200.000000 4031512.500000 320.456543 17 29
4215400.000000 4031512.500000 525.833557 18 29
4215600.000000 4031512.500000 731.238281 19 29
4215800.000000 4031512.500000 936.651306 20 29
4216000.000000 4031512.500000 1142.085938 21 29
4216200.000000 4031512.500000 1347.521729 22 29
4216400.000000 4031512.500000 1552.972046 23 29
4216600.000000 4031512.500000 1758.417480 24 29
4216800.000000 4031512.500000 1963.871460 25 29
4217000.000000 4031512.500000 2169.312012 26 29
4217200.000000 4031512.500000 2374.747314 27 29
4217400.000000 4031512.500000 2580.655762 28 29
4217600.000000 4031512.500000 2786.016602 29 29
4217800.000000 4031512.500000 2991.331787 30 29
4218000.000000 4031512.500000 3196.567871 31 29
4218200.000000 4031512.500000 3401.229492 32 29
4218400.000000 4031512.500000 3606.300537 33 29
4218600.000000 4031512.500000 3811.313965 34 29
4218800.000000 4031512.500000 4016.273682 35 29
4219000.000000 4031512.500000 4221.221191 36 29
4219200.000000 4031512.500000 4426.164063 37 29
4219400.000000 4031512.500000 4631.639160 38 29
4219600.000000 4031512.500000 4837.657227 39 29
4219800.000000 4031512.500000 5044.226563 40 29
4220000.000000 4031512.500000 5251.383789 41 29
4220200.000000 4031512.500000 5458.653320 42 29
4212000.000000 4031884.375000 -2912.289063 1 30
4212200.000000 4031884.375000 -2707.117432 2 30
4212400.000000 4031884.375000 -2501.949463 3 30
4212600.000000 4031884.375000 -2296.769287 4 30
4212800.000000 4031884.375000 -2091.593750 5 30
4213000.000000 4031884.375000 -1886.406006 6 30
4213200.000000 4031884.375000 -1681.213623 7 30
4213400.000000 4031884.375000 -1476.023071 8 30
4213600.000000 4031884.375000 -1270.815796 9 30
4213800.000000 4031884.375000 -1065.606445 10 30
4214000.000000 4031884.375000 -860.376282 11 30
4214200.000000 4031884.375000 -655.637878 12 30
4214400.000000 4031884.375000 -450.372955 13 30
4214600.000000 4031884.375000 -245.096161 14 30
4214800.000000 4031884.375000 -39.789040 15 30
4215000.000000 4031884.375000 165.534225 16 30
4215200.000000 4031884.375000 370.891052 17 30
4215400.000000 4031884.375000 576.263062 18 30
4215600.000000 4031884.375000 781.664734 19 30
4215800.000000 4031884.375000 987.077637 20 30
4216000.000000 4031884.375000 1192.515503 21 30
4216200.000000 4031884.375000 1397.957764 22 30
4216400.000000 4031884.375000 1603.417358 23 30
4216600.000000 4031884.375000 1808.874023 24 30
4216800.000000 4031884.375000 2014.339966 25 30
4217000.000000 4031884.375000 2219.792725 26 30
4217200.000000 4031884.375000 2425.739746 27 30
4217400.000000 4031884.375000 2631.163330 28 30
4217600.000000 4031884.375000 2836.543945 29 30
4217800.000000 4031884.375000 3041.888184 30 30
4218000.000000 4031884.375000 3247.167236 31 30
4218200.000000 4031884.375000 3451.889160 32 30
4218400.000000 4031884.375000 3657.038086 33 30
4218600.000000 4031884.375000 3862.142090 34 30
4218800.000000 4031884.375000 4067.199219 35 30
4219000.000000 4031884.375000 4272.243164 36 30
4219200.000000 4031884.375000 4477.275879 37 30
4219400.000000 4031884.375000 4682.829590 38 30
4219600.000000 4031884.375000 4888.413574 39 30
4219800.000000 4031884.375000 5094.536621 40 30
4220000.000000 4031884.375000 5301.233398 41 30
4220200.000000 4031884.375000 5508.024414 42 30
4212000.000000 4032256.250000 -2861.839600 1 31
4212200.000000 4032256.250000 -2656.666260 2 31
4212400.000000 4032256.250000 -2451.497070 3 31
4212600.000000 4032256.250000 -2246.315918 4 31
4212800.000000 4032256.250000 -2041.131226 5 31
4213000.000000 4032256.250000 -1835.950928 6 31
4213200.000000 4032256.250000 -1630.757813 7 31
4213400.000000 4032256.250000 -1425.567017 8 31
4213600.000000 4032256.250000 -1220.359985 9 31
4213800.000000 4032256.250000 -1015.151611 10 31
4214000.000000 4032256.250000 -809.923279 11 31
4214200.000000 4032256.250000 -604.688477 12 31
4214400.000000 4032256.250000 -399.927094 13 31
4214600.000000 4032256.250000 -194.655563 14 31
4214800.000000 4032256.250000 10.645345 15 31
4215000.000000 4032256.250000 215.961761 16 31
4215200.000000 4032256.250000 421.311523 17 31
4215400.000000 4032256.250000 626.676880 18 31
4215600.000000 4032256.250000 832.073181 19 31
4215800.000000 4032256.250000 1037.482666 20 31
4216000.000000 4032256.250000 1242.919434 21 31
4216200.000000 4032256.250000 1448.363159 22 31
4216400.000000 4032256.250000 1653.826416 23 31
4216600.000000 4032256.250000 1859.288452 24 31
4216800.000000 4032256.250000 2064.761230 25 31
4217000.000000 4032256.250000 2270.229980 26 31
4217200.000000 4032256.250000 2476.177979 27 31
4217400.000000 4032256.250000 2681.614014 28 31
4217600.000000 4032256.250000 2887.011963 29 31
4217800.000000 4032256.250000 3092.381348 30 31
4218000.000000 4032256.250000 3297.696289 31 31
4218200.000000 4032256.250000 3502.467529 32 31
4218400.000000 4032256.250000 3707.678711 33 31
4218600.000000 4032256.250000 3912.855469 34 31
4218800.000000 4032256.250000 4117.991699 35 31
4219000.000000 4032256.250000 4323.116211 36 31
4219200.000000 4032256.250000 4528.226563 37 31
4219400.000000 4032256.250000 4733.852539 38 31
4219600.000000 4032256.250000 4939.500977 39 31
4219800.000000 4032256.250000 5145.679199 40 31
4220000.000000 4032256.250000 5351.919434 41 31
4220200.000000 4032256.250000 5558.234375 42 31
4212000.000000 4032628.125000 -2811.396973 1 32
4212200.000000 4032628.125000 -2606.222168 2 32
4212400.000000 4032628.125000 -2401.043945 3 32
4212600.000000 4032628.125000 -2195.870605 4 32
4212800.000000 4032628.125000 -1990.685425 5 32
4213000.000000 4032628.125000 -1785.504883 6 32
4213200.000000 4032628.125000 -1580.311646 7 32
4213400.000000 4032628.125000 -1375.121216 8 32
4213600.000000 4032628.125000 -1169.914917 9 32
4213800.000000 4032628.125000 -964.708252 10 32
4214000.000000 4032628.125000 -759.482422 11 32
4214200.000000 4032628.125000 -554.251038 12 32
4214400.000000 4032628.125000 -349.494385 13 32
4214600.000000 4032628.125000 -144.228516 14 32
4214800.000000 4032628.125000 61.065937 15 32
4215000.000000 4032628.125000 266.375214 16 32
4215200.000000 4032628.125000 471.717560 17 32
4215400.000000 4032628.125000 677.075806 18 32
4215600.000000 4032628.125000 882.466003 19 32
4215800.000000 4032628.125000 1087.870972 20 32
4216000.000000 4032628.125000 1293.305176 21 32
4216200.000000 4032628.125000 1498.748535 22 32
4216400.000000 4032628.125000 1704.213623 23 32
4216600.000000 4032628.125000 1909.687866 24 32
4216800.000000 4032628.125000 2115.157959 25 32
4217000.000000 4032628.125000 2320.634033 26 32
4217200.000000 4032628.125000 2526.591309 27 32
4217400.000000 4032628.125000 2732.039551 28 32
4217600.000000 4032628.125000 2937.454590 29 32
4217800.000000 4032628.125000 3142.847168 30 32
4218000.000000 4032628.125000 3348.193359 31 32
4218200.000000 4032628.125000 3553.006348 32 32
4218400.000000 4032628.125000 3758.268799 33 32
4218600.000000 4032628.125000 3963.504395 34 32
4218800.000000 4032628.125000 4168.705078 35 32
4219000.000000 4032628.125000 4373.896484 36 32
4219200.000000 4032628.125000 4579.073242 37 32
4219400.000000 4032628.125000 4784.763672 38 32
4219600.000000 4032628.125000 4990.472168 39 32
4219800.000000 4032628.125000 5196.204102 40 32
4220000.000000 4032628.125000 5401.987793 41 32
4220200.000000 4032628.125000 5608.327148 42 32
4212000.000000 4033000.000000 -2760.950439 1 33
4212200.000000 4033000.000000 -2555.783203 2 33
4212400.000000 4033000.000000 -2350.604492 3 33
4212600.000000 4033000.000000 -2145.430908 4 33
4212800.000000 4033000.000000 -1940.245972 5 33
4213000.000000 4033000.000000 -1735.065796 6 33
4213200.000000 4033000.000000 -1529.873169 7 33
4213400.000000 4033000.000000 -1324.683838 8 33
4213600.000000 4033000.000000 -1119.479614 9 33
4213800.000000 4033000.000000 -914.275574 10 33
4214000.000000 4033000.000000 -709.053284 11 33
4214200.000000 4033000.000000 -503.826569 12 33
4214400.000000 4033000.000000 -299.075653 13 33
4214600.000000 4033000.000000 -93.816391 14 33
4214800.000000 4033000.000000 111.470909 15 33
4215000.000000 4033000.000000 316.772614 16 33
4215200.000000 4033000.000000 522.107239 17 33
4215400.000000 4033000.000000 727.458496 18 33
4215600.000000 4033000.000000 932.842896 19 33
4215800.000000 4033000.000000 1138.243774 20 33
4216000.000000 4033000.000000 1343.676270 21 33
4216200.000000 4033000.000000 1549.128540 22 33
4216400.000000 4033000.000000 1754.588623 23 33
4216600.000000 4033000.000000 1960.068481 24 33
4216800.000000 4033000.000000 2165.546387 25 33
4217000.000000 4033000.000000 2371.032227 26 33
4217200.000000 4033000.000000 2577.001465 27 33
4217400.000000 4033000.000000 2782.465088 28 33
4217600.000000 4033000.000000 2987.899170 29 33
4217800.000000 4033000.000000 3193.315430 30 33
4218000.000000 4033000.000000 3398.691650 31 33
4218200.000000 4033000.000000 3603.541504 32 33
4218400.000000 4033000.000000 3808.848145 33 33
4218600.000000 4033000.000000 4014.133545 34 33
4218800.000000 4033000.000000 4219.387695 35 33
4219000.000000 4033000.000000 4424.634766 36 33
4219200.000000 4033000.000000 4629.868652 37 33
4219400.000000 4033000.000000 4835.614746 38 33
4219600.000000 4033000.000000 5041.376953 39 33
4219800.000000 4033000.000000 5247.158203 40 33
4220000.000000 4033000.000000 5452.483887 41 33
4220200.000000 4033000.000000 5658.341797 42 33
