# Type: scattered data
# Version: 6
# Description: No description
# Format: free
# Field: 1 x
# Field: 2 y
# Field: 3 z undefined
# Field: 4 column
# Field: 5 row
# Projection: Local Rectangular
# Units: undefined
# End:
# Information from grid:
# Grid_size: 42 x 33
# Grid_space: 4212000.000000,4220200.000000,4021100.000000,4033000.000000
# Scattered data: Not_available
# Z_field: z
# Vertical_faults: Not_available
# History: No history
# Z_units: undefined
4212000.000000 4021100.000000 -3663.124268 1 1
4212200.000000 4021100.000000 -3456.454590 2 1
4212400.000000 4021100.000000 -3249.777588 3 1
4212600.000000 4021100.000000 -3043.104004 4 1
4212800.000000 4021100.000000 -2836.443359 5 1
4213000.000000 4021100.000000 -2629.780273 6 1
4213200.000000 4021100.000000 -2423.122803 7 1
4213400.000000 4021100.000000 -2216.479980 8 1
4213600.000000 4021100.000000 -2009.835083 9 1
4213800.000000 4021100.000000 -1803.204712 10 1
4214000.000000 4021100.000000 -1596.572021 11 1
4214200.000000 4021100.000000 -1389.945801 12 1
4214400.000000 4021100.000000 -1183.334106 13 1
4214600.000000 4021100.000000 -976.719055 14 1
4214800.000000 4021100.000000 -770.107361 15 1
4215000.000000 4021100.000000 -563.504944 16 1
4215200.000000 4021100.000000 -356.892456 17 1
4215400.000000 4021100.000000 -150.282974 18 1
4215600.000000 4021100.000000 56.344818 19 1
4215800.000000 4021100.000000 262.988281 20 1
4216000.000000 4021100.000000 469.644989 21 1
4216200.000000 4021100.000000 675.838684 22 1
4216400.000000 4021100.000000 882.568359 23 1
4216600.000000 4021100.000000 1089.336792 24 1
4216800.000000 4021100.000000 1296.168945 25 1
4217000.000000 4021100.000000 1503.054199 26 1
4217200.000000 4021100.000000 1710.013306 27 1
4217400.000000 4021100.000000 1917.038452 28 1
4217600.000000 4021100.000000 2124.114746 29 1
4217800.000000 4021100.000000 2331.746338 30 1
4218000.000000 4021100.000000 2538.915283 31 1
4218200.000000 4021100.000000 2746.102051 32 1
4218400.000000 4021100.000000 2953.313232 33 1
4218600.000000 4021100.000000 3160.529053 34 1
4218800.000000 4021100.000000 3367.729248 35 1
4219000.000000 4021100.000000 3574.920166 36 1
4219200.000000 4021100.000000 3782.575684 37 1
4219400.000000 4021100.000000 3989.705811 38 1
4219600.000000 4021100.000000 4197.293945 39 1
4219800.000000 4021100.000000 4405.336914 40 1
4220000.000000 4021100.000000 4612.831055 41 1
4220200.000000 4021100.000000 4820.800781 42 1
4212000.000000 4021471.875000 -3654.985596 1 2
4212200.000000 4021471.875000 -3448.319824 2 2
4212400.000000 4021471.875000 -3241.646484 3 2
4212600.000000 4021471.875000 -3034.976807 4 2
4212800.000000 4021471.875000 -2828.321045 5 2
4213000.000000 4021471.875000 -2621.663574 6 2
4213200.000000 4021471.875000 -2415.020996 7 2
4213400.000000 4021471.875000 -2208.377197 8 2
4213600.000000 4021471.875000 -2001.740967 9 2
4213800.000000 4021471.875000 -1795.120239 10 2
4214000.000000 4021471.875000 -1588.498413 11 2
4214200.000000 4021471.875000 -1381.883911 12 2
4214400.000000 4021471.875000 -1175.284790 13 2
4214600.000000 4021471.875000 -968.682922 14 2
4214800.000000 4021471.875000 -762.092896 15 2
4215000.000000 4021471.875000 -555.495911 16 2
4215200.000000 4021471.875000 -348.897766 17 2
4215400.000000 4021471.875000 -142.303864 18 2
4215600.000000 4021471.875000 64.306778 19 2
4215800.000000 4021471.875000 270.931976 20 2
4216000.000000 4021471.875000 477.570679 21 2
4216200.000000 4021471.875000 684.248230 22 2
4216400.000000 4021471.875000 890.960388 23 2
4216600.000000 4021471.875000 1097.738037 24 2
4216800.000000 4021471.875000 1304.583374 25 2
4217000.000000 4021471.875000 1511.492554 26 2
4217200.000000 4021471.875000 1717.984009 27 2
4217400.000000 4021471.875000 1925.044312 28 2
4217600.000000 4021471.875000 2132.154053 29 2
4217800.000000 4021471.875000 2339.813965 30 2
4218000.000000 4021471.875000 2546.996826 31 2
4218200.000000 4021471.875000 2754.209717 32 2
4218400.000000 4021471.875000 2961.435059 33 2
4218600.000000 4021471.875000 3168.653320 34 2
4218800.000000 4021471.875000 3376.370117 35 2
4219000.000000 4021471.875000 3583.569336 36 2
4219200.000000 4021471.875000 3790.736328 37 2
4219400.000000 4021471.875000 3997.883057 38 2
4219600.000000 4021471.875000 4205.494629 39 2
4219800.000000 4021471.875000 4413.059082 40 2
4220000.000000 4021471.875000 4620.594238 41 2
4220200.000000 4021471.875000 4828.595215 42 2
4212000.000000 4021843.750000 -3646.849609 1 3
4212200.000000 4021843.750000 -3440.187256 2 3
4212400.000000 4021843.750000 -3233.517090 3 3
4212600.000000 4021843.750000 -3026.859619 4 3
4212800.000000 4021843.750000 -2820.200195 5 3
4213000.000000 4021843.750000 -2613.548340 6 3
4213200.000000 4021843.750000 -2406.912354 7 3
4213400.000000 4021843.750000 -2200.276367 8 3
4213600.000000 4021843.750000 -1993.649292 9 3
4213800.000000 4021843.750000 -1787.038940 10 3
4214000.000000 4021843.750000 -1580.428711 11 3
4214200.000000 4021843.750000 -1373.835327 12 3
4214400.000000 4021843.750000 -1167.241821 13 3
4214600.000000 4021843.750000 -960.654663 14 3
4214800.000000 4021843.750000 -754.080017 15 3
4215000.000000 4021843.750000 -547.499451 16 3
4215200.000000 4021843.750000 -340.919342 17 3
4215400.000000 4021843.750000 -134.345596 18 3
4215600.000000 4021843.750000 72.242546 19 3
4215800.000000 4021843.750000 278.835510 20 3
4216000.000000 4021843.750000 485.459473 21 3
4216200.000000 4021843.750000 692.118713 22 3
4216400.000000 4021843.750000 898.822327 23 3
4216600.000000 4021843.750000 1105.606323 24 3
4216800.000000 4021843.750000 1312.474243 25 3
4217000.000000 4021843.750000 1519.419556 26 3
4217200.000000 4021843.750000 1726.453857 27 3
4217400.000000 4021843.750000 1933.049683 28 3
4217600.000000 4021843.750000 2140.204590 29 3
4217800.000000 4021843.750000 2347.393555 30 3
4218000.000000 4021843.750000 2555.097900 31 3
4218200.000000 4021843.750000 2762.332275 32 3
4218400.000000 4021843.750000 2969.580322 33 3
4218600.000000 4021843.750000 3177.319824 34 3
4218800.000000 4021843.750000 3384.554688 35 3
4219000.000000 4021843.750000 3591.765625 36 3
4219200.000000 4021843.750000 3798.941895 37 3
4219400.000000 4021843.750000 4006.100098 38 3
4219600.000000 4021843.750000 4213.729492 39 3
4219800.000000 4021843.750000 4421.318848 40 3
4220000.000000 4021843.750000 4628.884277 41 3
4220200.000000 4021843.750000 4836.417480 42 3
4212000.000000 4022215.625000 -3638.726563 1 4
4212200.000000 4022215.625000 -3432.059326 2 4
4212400.000000 4022215.625000 -3225.393066 3 4
4212600.000000 4022215.625000 -3018.739502 4 4
4212800.000000 4022215.625000 -2812.084961 5 4
4213000.000000 4022215.625000 -2605.438965 6 4
4213200.000000 4022215.625000 -2398.810059 7 4
4213400.000000 4022215.625000 -2192.182617 8 4
4213600.000000 4022215.625000 -1985.573486 9 4
4213800.000000 4022215.625000 -1778.965942 10 4
4214000.000000 4022215.625000 -1572.368286 11 4
4214200.000000 4022215.625000 -1365.788940 12 4
4214400.000000 4022215.625000 -1159.210571 13 4
4214600.000000 4022215.625000 -952.639526 14 4
4214800.000000 4022215.625000 -746.082275 15 4
4215000.000000 4022215.625000 -539.520874 16 4
4215200.000000 4022215.625000 -332.970886 17 4
4215400.000000 4022215.625000 -126.413834 18 4
4215600.000000 4022215.625000 80.146347 19 4
4215800.000000 4022215.625000 286.710327 20 4
4216000.000000 4022215.625000 493.308319 21 4
4216200.000000 4022215.625000 699.950317 22 4
4216400.000000 4022215.625000 906.652100 23 4
4216600.000000 4022215.625000 1113.454346 24 4
4216800.000000 4022215.625000 1320.351318 25 4
4217000.000000 4022215.625000 1527.354004 26 4
4217200.000000 4022215.625000 1734.436768 27 4
4217400.000000 4022215.625000 1941.067383 28 4
4217600.000000 4022215.625000 2148.237793 29 4
4217800.000000 4022215.625000 2355.427734 30 4
4218000.000000 4022215.625000 2562.633789 31 4
4218200.000000 4022215.625000 2770.384277 32 4
4218400.000000 4022215.625000 2978.169434 33 4
4218600.000000 4022215.625000 3185.459229 34 4
4218800.000000 4022215.625000 3392.741699 35 4
4219000.000000 4022215.625000 3599.979248 36 4
4219200.000000 4022215.625000 3806.684082 37 4
4219400.000000 4022215.625000 4013.854736 38 4
4219600.000000 4022215.625000 4221.489746 39 4
4219800.000000 4022215.625000 4429.109375 40 4
4220000.000000 4022215.625000 4636.707031 41 4
4220200.000000 4022215.625000 4844.270020 42 4
4212000.000000 4022587.500000 -3630.601563 1 5
4212200.000000 4022587.500000 -3423.938232 2 5
4212400.000000 4022587.500000 -3217.275635 3 5
4212600.000000 4022587.500000 -3010.626465 4 5
4212800.000000 4022587.500000 -2803.977295 5 5
4213000.000000 4022587.500000 -2597.345947 6 5
4213200.000000 4022587.500000 -2390.716553 7 5
4213400.000000 4022587.500000 -2184.098145 8 5
4213600.000000 4022587.500000 -1977.499512 9 5
4213800.000000 4022587.500000 -1770.904053 10 5
4214000.000000 4022587.500000 -1564.319824 11 5
4214200.000000 4022587.500000 -1357.755127 12 5
4214400.000000 4022587.500000 -1151.192627 13 5
4214600.000000 4022587.500000 -944.647156 14 5
4214800.000000 4022587.500000 -738.100525 15 5
4215000.000000 4022587.500000 -531.560791 16 5
4215200.000000 4022587.500000 -325.036377 17 5
4215400.000000 4022587.500000 -118.509224 18 5
4215600.000000 4022587.500000 88.017799 19 5
4215800.000000 4022587.500000 294.548706 20 5
4216000.000000 4022587.500000 501.119690 21 5
4216200.000000 4022587.500000 707.740051 22 5
4216400.000000 4022587.500000 914.457764 23 5
4216600.000000 4022587.500000 1121.290771 24 5
4216800.000000 4022587.500000 1328.235474 25 5
4217000.000000 4022587.500000 1535.287109 26 5
4217200.000000 4022587.500000 1742.397217 27 5
4217400.000000 4022587.500000 1949.013306 28 5
4217600.000000 4022587.500000 2156.125000 29 5
4217800.000000 4022587.500000 2362.726563 30 5
4218000.000000 4022587.500000 2569.879150 31 5
4218200.000000 4022587.500000 2778.126221 32 5
4218400.000000 4022587.500000 2985.970459 33 5
4218600.000000 4022587.500000 3193.385254 34 5
4218800.000000 4022587.500000 3401.295410 35 5
4219000.000000 4022587.500000 3608.638672 36 5
4219200.000000 4022587.500000 3815.412354 37 5
4219400.000000 4022587.500000 4022.113525 38 5
4219600.000000 4022587.500000 4229.281738 39 5
4219800.000000 4022587.500000 4436.428711 40 5
4220000.000000 4022587.500000 4644.056641 41 5
4220200.000000 4022587.500000 4852.180176 42 5
4212000.000000 4022959.375000 -3621.984619 1 6
4212200.000000 4022959.375000 -3415.324707 2 6
4212400.000000 4022959.375000 -3208.666016 3 6
4212600.000000 4022959.375000 -3002.021729 4 6
4212800.000000 4022959.375000 -2795.378418 5 6
4213000.000000 4022959.375000 -2588.753906 6 6
4213200.000000 4022959.375000 -2382.632080 7 6
4213400.000000 4022959.375000 -2176.023193 8 6
4213600.000000 4022959.375000 -1969.435669 9 6
4213800.000000 4022959.375000 -1762.852539 10 6
4214000.000000 4022959.375000 -1556.290283 11 6
4214200.000000 4022959.375000 -1349.732178 12 6
4214400.000000 4022959.375000 -1143.185791 13 6
4214600.000000 4022959.375000 -936.657898 14 6
4214800.000000 4022959.375000 -730.131226 15 6
4215000.000000 4022959.375000 -523.615295 16 6
4215200.000000 4022959.375000 -317.119873 17 6
4215400.000000 4022959.375000 -110.627159 18 6
4215600.000000 4022959.375000 95.853569 19 6
4215800.000000 4022959.375000 302.356171 20 6
4216000.000000 4022959.375000 508.899628 21 6
4216200.000000 4022959.375000 715.510437 22 6
4216400.000000 4022959.375000 922.242493 23 6
4216600.000000 4022959.375000 1129.110840 24 6
4216800.000000 4022959.375000 1336.096069 25 6
4217000.000000 4022959.375000 1543.663696 26 6
4217200.000000 4022959.375000 1750.218628 27 6
4217400.000000 4022959.375000 1956.699463 28 6
4217600.000000 4022959.375000 2163.079102 29 6
4217800.000000 4022959.375000 2369.417480 30 6
4218000.000000 4022959.375000 2576.370117 31 6
4218200.000000 4022959.375000 2784.058594 32 6
4218400.000000 4022959.375000 2992.531494 33 6
4218600.000000 4022959.375000 3200.695068 34 6
4218800.000000 4022959.375000 3409.404053 35 6
4219000.000000 4022959.375000 3617.019287 36 6
4219200.000000 4022959.375000 3823.991699 37 6
4219400.000000 4022959.375000 4030.316650 38 6
4219600.000000 4022959.375000 4237.556641 39 6
4219800.000000 4022959.375000 4444.246582 40 6
4220000.000000 4022959.375000 4651.441406 41 6
4220200.000000 4022959.375000 4859.143555 42 6
4212000.000000 4023331.250000 -3613.873535 1 7
4212200.000000 4023331.250000 -3407.217285 2 7
4212400.000000 4023331.250000 -3200.571289 3 7
4212600.000000 4023331.250000 -2993.923584 4 7
4212800.000000 4023331.250000 -2787.286133 5 7
4213000.000000 4023331.250000 -2580.668945 6 7
4213200.000000 4023331.250000 -2374.056152 7 7
4213400.000000 4023331.250000 -2167.964844 8 7
4213600.000000 4023331.250000 -1961.380005 9 7
4213800.000000 4023331.250000 -1754.809204 10 7
4214000.000000 4023331.250000 -1548.260132 11 7
4214200.000000 4023331.250000 -1341.716309 12 7
4214400.000000 4023331.250000 -1135.185425 13 7
4214600.000000 4023331.250000 -928.674805 14 7
4214800.000000 4023331.250000 -722.168518 15 7
4215000.000000 4023331.250000 -515.686462 16 7
4215200.000000 4023331.250000 -309.215118 17 7
4215400.000000 4023331.250000 -102.761536 18 7
4215600.000000 4023331.250000 103.676048 19 7
4215800.000000 4023331.250000 310.137604 20 7
4216000.000000 4023331.250000 516.143372 21 7
4216200.000000 4023331.250000 722.752502 22 7
4216400.000000 4023331.250000 929.996094 23 7
4216600.000000 4023331.250000 1137.385254 24 7
4216800.000000 4023331.250000 1344.869263 25 7
4217000.000000 4023331.250000 1551.861938 26 7
4217200.000000 4023331.250000 1758.195557 27 7
4217400.000000 4023331.250000 1963.758057 28 7
4217600.000000 4023331.250000 2169.042725 29 7
4217800.000000 4023331.250000 2374.265869 30 7
4218000.000000 4023331.250000 2580.742676 31 7
4218200.000000 4023331.250000 2788.790039 32 7
4218400.000000 4023331.250000 2997.474121 33 7
4218600.000000 4023331.250000 3207.123535 34 7
4218800.000000 4023331.250000 3416.449951 35 7
4219000.000000 4023331.250000 3624.663574 36 7
4219200.000000 4023331.250000 3832.111816 37 7
4219400.000000 4023331.250000 4038.761230 38 7
4219600.000000 4023331.250000 4245.202148 39 7
4219800.000000 4023331.250000 4451.518555 40 7
4220000.000000 4023331.250000 4658.320313 41 7
4220200.000000 4023331.250000 4865.639160 42 7
4212000.000000 4023703.125000 -3605.769043 1 8
4212200.000000 4023703.125000 -3399.115967 2 8
4212400.000000 4023703.125000 -3192.474121 3 8
4212600.000000 4023703.125000 -2985.831543 4 8
4212800.000000 4023703.125000 -2779.200195 5 8
4213000.000000 4023703.125000 -2572.590332 6 8
4213200.000000 4023703.125000 -2365.986084 7 8
4213400.000000 4023703.125000 -2159.404785 8 8
4213600.000000 4023703.125000 -1952.830444 9 8
4213800.000000 4023703.125000 -1746.271118 10 8
4214000.000000 4023703.125000 -1539.734253 11 8
4214200.000000 4023703.125000 -1333.203369 12 8
4214400.000000 4023703.125000 -1127.194336 13 8
4214600.000000 4023703.125000 -920.691772 14 8
4214800.000000 4023703.125000 -714.206055 15 8
4215000.000000 4023703.125000 -507.252014 16 8
4215200.000000 4023703.125000 -301.316101 17 8
4215400.000000 4023703.125000 -94.907036 18 8
4215600.000000 4023703.125000 110.981735 19 8
4215800.000000 4023703.125000 317.395844 20 8
4216000.000000 4023703.125000 523.365784 21 8
4216200.000000 4023703.125000 730.457581 22 8
4216400.000000 4023703.125000 937.699097 23 8
4216600.000000 4023703.125000 1145.563843 24 8
4216800.000000 4023703.125000 1353.468872 25 8
4217000.000000 4023703.125000 1560.209595 26 8
4217200.000000 4023703.125000 1766.000000 27 8
4217400.000000 4023703.125000 1970.145386 28 8
4217600.000000 4023703.125000 2173.715088 29 8
4217800.000000 4023703.125000 2377.194336 30 8
4218000.000000 4023703.125000 2582.262939 31 8
4218200.000000 4023703.125000 2790.012939 32 8
4218400.000000 4023703.125000 3000.057129 33 8
4218600.000000 4023703.125000 3211.072754 34 8
4218800.000000 4023703.125000 3421.525146 35 8
4219000.000000 4023703.125000 3631.370117 36 8
4219200.000000 4023703.125000 3839.270752 37 8
4219400.000000 4023703.125000 4046.115234 38 8
4219600.000000 4023703.125000 4252.510254 39 8
4219800.000000 4023703.125000 4458.612305 40 8
4220000.000000 4023703.125000 4664.613770 41 8
4220200.000000 4023703.125000 4870.646973 42 8
4212000.000000 4024075.000000 -3597.669678 1 9
4212200.000000 4024075.000000 -3391.028076 2 9
4212400.000000 4024075.000000 -3184.381592 3 9
4212600.000000 4024075.000000 -2977.744141 4 9
4212800.000000 4024075.000000 -2771.127197 5 9
4213000.000000 4024075.000000 -2564.516113 6 9
4213200.000000 4024075.000000 -2357.919678 7 9
4213400.000000 4024075.000000 -2151.347168 8 9
4213600.000000 4024075.000000 -1944.782471 9 9
4213800.000000 4024075.000000 -1738.233032 10 9
4214000.000000 4024075.000000 -1531.706543 11 9
4214200.000000 4024075.000000 -1325.186646 12 9
4214400.000000 4024075.000000 -1119.189941 13 9
4214600.000000 4024075.000000 -912.702637 14 9
4214800.000000 4024075.000000 -706.237610 15 9
4215000.000000 4024075.000000 -499.312836 16 9
4215200.000000 4024075.000000 -293.416962 17 9
4215400.000000 4024075.000000 -87.565681 18 9
4215600.000000 4024075.000000 118.275177 19 9
4215800.000000 4024075.000000 324.126892 20 9
4216000.000000 4024075.000000 530.561279 21 9
4216200.000000 4024075.000000 738.126404 22 9
4216400.000000 4024075.000000 945.845459 23 9
4216600.000000 4024075.000000 1154.651245 24 9
4216800.000000 4024075.000000 1362.839478 25 9
4217000.000000 4024075.000000 1569.565308 26 9
4217200.000000 4024075.000000 1773.827881 27 9
4217400.000000 4024075.000000 1975.278687 28 9
4217600.000000 4024075.000000 2175.176758 29 9
4217800.000000 4024075.000000 2375.496338 30 9
4218000.000000 4024075.000000 2579.075195 31 9
4218200.000000 4024075.000000 2786.890869 32 9
4218400.000000 4024075.000000 2998.562988 33 9
4218600.000000 4024075.000000 3211.988037 34 9
4218800.000000 4024075.000000 3425.252197 35 9
4219000.000000 4024075.000000 3636.441650 36 9
4219200.000000 4024075.000000 3845.440674 37 9
4219400.000000 4024075.000000 4053.003418 38 9
4219600.000000 4024075.000000 4258.725098 39 9
4219800.000000 4024075.000000 4464.363770 40 9
4220000.000000 4024075.000000 4669.243164 41 9
4220200.000000 4024075.000000 4875.087891 42 9
4212000.000000 4024446.875000 -3589.573730 1 10
4212200.000000 4024446.875000 -3382.934814 2 10
4212400.000000 4024446.875000 -3176.292236 3 10
4212600.000000 4024446.875000 -2969.659424 4 10
4212800.000000 4024446.875000 -2763.048096 5 10
4213000.000000 4024446.875000 -2556.443604 6 10
4213200.000000 4024446.875000 -2349.854248 7 10
4213400.000000 4024446.875000 -2143.788818 8 10
4213600.000000 4024446.875000 -1937.232056 9 10
4213800.000000 4024446.875000 -1730.698853 10 10
4214000.000000 4024446.875000 -1524.172119 11 10
4214200.000000 4024446.875000 -1317.660889 12 10
4214400.000000 4024446.875000 -1111.175171 13 10
4214600.000000 4024446.875000 -904.701782 14 10
4214800.000000 4024446.875000 -698.265686 15 10
4215000.000000 4024446.875000 -491.363464 16 10
4215200.000000 4024446.875000 -285.510895 17 10
4215400.000000 4024446.875000 -79.714355 18 10
4215600.000000 4024446.875000 125.565407 19 10
4215800.000000 4024446.875000 331.356781 20 10
4216000.000000 4024446.875000 537.743164 21 10
4216200.000000 4024446.875000 745.277527 22 10
4216400.000000 4024446.875000 954.460510 23 10
4216600.000000 4024446.875000 1163.655518 24 10
4216800.000000 4024446.875000 1372.509644 25 10
4217000.000000 4024446.875000 1578.885010 26 10
4217200.000000 4024446.875000 1780.960449 27 10
4217400.000000 4024446.875000 1978.185913 28 10
4217600.000000 4024446.875000 2172.612549 29 10
4217800.000000 4024446.875000 2368.592041 30 10
4218000.000000 4024446.875000 2570.018799 31 10
4218200.000000 4024446.875000 2778.429688 32 10
4218400.000000 4024446.875000 2992.734863 33 10
4218600.000000 4024446.875000 3209.796387 34 10
4218800.000000 4024446.875000 3426.179443 35 10
4219000.000000 4024446.875000 3640.008789 36 10
4219200.000000 4024446.875000 3850.800537 37 10
4219400.000000 4024446.875000 4058.663574 38 10
4219600.000000 4024446.875000 4264.162598 39 10
4219800.000000 4024446.875000 4469.146484 40 10
4220000.000000 4024446.875000 4673.091797 41 10
4220200.000000 4024446.875000 4877.897461 42 10
4212000.000000 4024818.750000 -3581.480225 1 11
4212200.000000 4024818.750000 -3374.843506 2 11
4212400.000000 4024818.750000 -3168.204102 3 11
4212600.000000 4024818.750000 -2961.583740 4 11
4212800.000000 4024818.750000 -2754.969238 5 11
4213000.000000 4024818.750000 -2548.370117 6 11
4213200.000000 4024818.750000 -2342.294434 7 11
4213400.000000 4024818.750000 -2135.727539 8 11
4213600.000000 4024818.750000 -1929.176514 9 11
4213800.000000 4024818.750000 -1722.648926 10 11
4214000.000000 4024818.750000 -1516.127563 11 11
4214200.000000 4024818.750000 -1309.630615 12 11
4214400.000000 4024818.750000 -1103.144653 13 11
4214600.000000 4024818.750000 -896.683777 14 11
4214800.000000 4024818.750000 -690.267822 15 11
4215000.000000 4024818.750000 -483.896637 16 11
4215200.000000 4024818.750000 -277.589813 17 11
4215400.000000 4024818.750000 -72.350311 18 11
4215600.000000 4024818.750000 132.855576 19 11
4215800.000000 4024818.750000 338.591278 20 11
4216000.000000 4024818.750000 545.428162 21 11
4216200.000000 4024818.750000 753.435852 22 11
4216400.000000 4024818.750000 962.592529 23 11
4216600.000000 4024818.750000 1172.664795 24 11
4216800.000000 4024818.750000 1382.081299 25 11
4217000.000000 4024818.750000 1587.822144 26 11
4217200.000000 4024818.750000 1786.532715 27 11
4217400.000000 4024818.750000 1978.350220 28 11
4217600.000000 4024818.750000 2166.174316 29 11
4217800.000000 4024818.750000 2355.791504 30 11
4218000.000000 4024818.750000 2554.438965 31 11
4218200.000000 4024818.750000 2764.352295 32 11
4218400.000000 4024818.750000 2982.161865 33 11
4218600.000000 4024818.750000 3203.771484 34 11
4218800.000000 4024818.750000 3424.584961 35 11
4219000.000000 4024818.750000 3641.246094 36 11
4219200.000000 4024818.750000 3854.429688 37 11
4219400.000000 4024818.750000 4063.083740 38 11
4219600.000000 4024818.750000 4268.752930 39 11
4219800.000000 4024818.750000 4472.871582 40 11
4220000.000000 4024818.750000 4676.100586 41 11
4220200.000000 4024818.750000 4879.510254 42 11
4212000.000000 4025190.625000 -3573.395264 1 12
4212200.000000 4025190.625000 -3366.752441 2 12
4212400.000000 4025190.625000 -3160.115723 3 12
4212600.000000 4025190.625000 -2953.499023 4 12
4212800.000000 4025190.625000 -2746.888672 5 12
4213000.000000 4025190.625000 -2540.293945 6 12
4213200.000000 4025190.625000 -2334.222656 7 12
4213400.000000 4025190.625000 -2127.659424 8 12
4213600.000000 4025190.625000 -1921.120361 9 12
4213800.000000 4025190.625000 -1714.587280 10 12
4214000.000000 4025190.625000 -1508.068481 11 12
4214200.000000 4025190.625000 -1301.574829 12 12
4214400.000000 4025190.625000 -1095.094604 13 12
4214600.000000 4025190.625000 -888.644409 14 12
4214800.000000 4025190.625000 -682.746765 15 12
4215000.000000 4025190.625000 -475.907288 16 12
4215200.000000 4025190.625000 -270.153870 17 12
4215400.000000 4025190.625000 -64.466843 18 12
4215600.000000 4025190.625000 140.668610 19 12
4215800.000000 4025190.625000 346.834076 20 12
4216000.000000 4025190.625000 553.621826 21 12
4216200.000000 4025190.625000 761.620056 22 12
4216400.000000 4025190.625000 970.289429 23 12
4216600.000000 4025190.625000 1180.828125 24 12
4216800.000000 4025190.625000 1391.394775 25 12
4217000.000000 4025190.625000 1598.012207 26 12
4217200.000000 4025190.625000 1797.125610 27 12
4217400.000000 4025190.625000 1981.619019 28 12
4217600.000000 4025190.625000 2156.013916 29 12
4217800.000000 4025190.625000 2332.674072 30 12
4218000.000000 4025190.625000 2527.260010 31 12
4218200.000000 4025190.625000 2743.163330 32 12
4218400.000000 4025190.625000 2970.339844 33 12
4218600.000000 4025190.625000 3198.001221 34 12
4218800.000000 4025190.625000 3422.344971 35 12
4219000.000000 4025190.625000 3642.192383 36 12
4219200.000000 4025190.625000 3857.020264 37 12
4219400.000000 4025190.625000 4067.171631 38 12
4219600.000000 4025190.625000 4272.696777 39 12
4219800.000000 4025190.625000 4475.644531 40 12
4220000.000000 4025190.625000 4677.795410 41 12
4220200.000000 4025190.625000 4879.409668 42 12
4212000.000000 4025562.500000 -3565.301758 1 13
4212200.000000 4025562.500000 -3358.660156 2 13
4212400.000000 4025562.500000 -3152.025879 3 13
4212600.000000 4025562.500000 -2945.411865 4 13
4212800.000000 4025562.500000 -2738.804443 5 13
4213000.000000 4025562.500000 -2532.221191 6 13
4213200.000000 4025562.500000 -2326.144287 7 13
4213400.000000 4025562.500000 -2119.583252 8 13
4213600.000000 4025562.500000 -1913.045166 9 13
4213800.000000 4025562.500000 -1706.512329 10 13
4214000.000000 4025562.500000 -1499.993286 11 13
4214200.000000 4025562.500000 -1293.500488 12 13
4214400.000000 4025562.500000 -1087.023804 13 13
4214600.000000 4025562.500000 -880.590454 14 13
4214800.000000 4025562.500000 -674.701538 15 13
4215000.000000 4025562.500000 -468.391388 16 13
4215200.000000 4025562.500000 -262.185638 17 13
4215400.000000 4025562.500000 -56.065357 18 13
4215600.000000 4025562.500000 149.486938 19 13
4215800.000000 4025562.500000 356.066803 20 13
4216000.000000 4025562.500000 563.298218 21 13
4216200.000000 4025562.500000 770.815796 22 13
4216400.000000 4025562.500000 978.613342 23 13
4216600.000000 4025562.500000 1188.358032 24 13
4216800.000000 4025562.500000 1399.048828 25 13
4217000.000000 4025562.500000 1608.329956 26 13
4217200.000000 4025562.500000 1808.742676 27 13
4217400.000000 4025562.500000 1983.095459 28 13
4217600.000000 4025562.500000 2132.923828 29 13
4217800.000000 4025562.500000 2288.240967 30 13
4218000.000000 4025562.500000 2478.546387 31 13
4218200.000000 4025562.500000 2709.040283 32 13
4218400.000000 4025562.500000 2955.080566 33 13
4218600.000000 4025562.500000 3193.439941 34 13
4218800.000000 4025562.500000 3421.867188 35 13
4219000.000000 4025562.500000 3644.197754 36 13
4219200.000000 4025562.500000 3860.386475 37 13
4219400.000000 4025562.500000 4070.792725 38 13
4219600.000000 4025562.500000 4276.042969 39 13
4219800.000000 4025562.500000 4477.756348 40 13
4220000.000000 4025562.500000 4678.342773 41 13
4220200.000000 4025562.500000 4878.159668 42 13
4212000.000000 4025934.375000 -3557.206055 1 14
4212200.000000 4025934.375000 -3350.565674 2 14
4212400.000000 4025934.375000 -3143.941406 3 14
4212600.000000 4025934.375000 -2937.321045 4 14
4212800.000000 4025934.375000 -2730.715820 5 14
4213000.000000 4025934.375000 -2524.134277 6 14
4213200.000000 4025934.375000 -2318.058594 7 14
4213400.000000 4025934.375000 -2111.497559 8 14
4213600.000000 4025934.375000 -1904.958618 9 14
4213800.000000 4025934.375000 -1698.423828 10 14
4214000.000000 4025934.375000 -1491.911011 11 14
4214200.000000 4025934.375000 -1285.408569 12 14
4214400.000000 4025934.375000 -1078.933594 13 14
4214600.000000 4025934.375000 -873.006348 14 14
4214800.000000 4025934.375000 -667.133057 15 14
4215000.000000 4025934.375000 -460.861969 16 14
4215200.000000 4025934.375000 -254.201813 17 14
4215400.000000 4025934.375000 -47.664001 18 14
4215600.000000 4025934.375000 159.284637 19 14
4215800.000000 4025934.375000 366.734192 20 14
4216000.000000 4025934.375000 573.882141 21 14
4216200.000000 4025934.375000 779.934753 22 14
4216400.000000 4025934.375000 984.974548 23 14
4216600.000000 4025934.375000 1190.722046 24 14
4216800.000000 4025934.375000 1397.285522 25 14
4217000.000000 4025934.375000 1603.326172 26 14
4217200.000000 4025934.375000 1800.197998 27 14
4217400.000000 4025934.375000 1964.127075 28 14
4217600.000000 4025934.375000 2093.939453 29 14
4217800.000000 4025934.375000 2225.154297 30 14
4218000.000000 4025934.375000 2412.397705 31 14
4218200.000000 4025934.375000 2666.926514 32 14
4218400.000000 4025934.375000 2934.389893 33 14
4218600.000000 4025934.375000 3185.853271 34 14
4218800.000000 4025934.375000 3421.330566 35 14
4219000.000000 4025934.375000 3647.222900 36 14
4219200.000000 4025934.375000 3864.981445 37 14
4219400.000000 4025934.375000 4075.500000 38 14
4219600.000000 4025934.375000 4279.501953 39 14
4219800.000000 4025934.375000 4480.179688 40 14
4220000.000000 4025934.375000 4678.027832 41 14
4220200.000000 4025934.375000 4874.433594 42 14
4212000.000000 4026306.250000 -3549.107422 1 15
4212200.000000 4026306.250000 -3342.467529 2 15
4212400.000000 4026306.250000 -3135.844482 3 15
4212600.000000 4026306.250000 -2929.225342 4 15
4212800.000000 4026306.250000 -2722.621338 5 15
4213000.000000 4026306.250000 -2516.040527 6 15
4213200.000000 4026306.250000 -2309.964600 7 15
4213400.000000 4026306.250000 -2103.410400 8 15
4213600.000000 4026306.250000 -1896.860596 9 15
4213800.000000 4026306.250000 -1690.322266 10 15
4214000.000000 4026306.250000 -1483.806030 11 15
4214200.000000 4026306.250000 -1277.301392 12 15
4214400.000000 4026306.250000 -1071.334839 13 15
4214600.000000 4026306.250000 -864.906250 14 15
4214800.000000 4026306.250000 -659.049805 15 15
4215000.000000 4026306.250000 -452.815491 16 15
4215200.000000 4026306.250000 -246.224457 17 15
4215400.000000 4026306.250000 -38.301250 18 15
4215600.000000 4026306.250000 169.486221 19 15
4215800.000000 4026306.250000 377.753479 20 15
4216000.000000 4026306.250000 584.735718 21 15
4216200.000000 4026306.250000 788.718140 22 15
4216400.000000 4026306.250000 990.361206 23 15
4216600.000000 4026306.250000 1188.951172 24 15
4216800.000000 4026306.250000 1387.006104 25 15
4217000.000000 4026306.250000 1583.779907 26 15
4217200.000000 4026306.250000 1773.365967 27 15
4217400.000000 4026306.250000 1938.121094 28 15
4217600.000000 4026306.250000 2069.600830 29 15
4217800.000000 4026306.250000 2201.945068 30 15
4218000.000000 4026306.250000 2388.023926 31 15
4218200.000000 4026306.250000 2653.891357 32 15
4218400.000000 4026306.250000 2928.633057 33 15
4218600.000000 4026306.250000 3184.578613 34 15
4218800.000000 4026306.250000 3424.852783 35 15
4219000.000000 4026306.250000 3653.895020 36 15
4219200.000000 4026306.250000 3872.262451 37 15
4219400.000000 4026306.250000 4082.109131 38 15
4219600.000000 4026306.250000 4284.221191 39 15
4219800.000000 4026306.250000 4481.406738 40 15
4220000.000000 4026306.250000 4676.683594 41 15
4220200.000000 4026306.250000 4869.951172 42 15
4212000.000000 4026678.125000 -3541.004639 1 16
4212200.000000 4026678.125000 -3334.364990 2 16
4212400.000000 4026678.125000 -3127.742432 3 16
4212600.000000 4026678.125000 -2921.124023 4 16
4212800.000000 4026678.125000 -2714.528564 5 16
4213000.000000 4026678.125000 -2507.939209 6 16
4213200.000000 4026678.125000 -2301.861816 7 16
4213400.000000 4026678.125000 -2095.305176 8 16
4213600.000000 4026678.125000 -1888.751709 9 16
4213800.000000 4026678.125000 -1682.209229 10 16
4214000.000000 4026678.125000 -1475.689087 11 16
4214200.000000 4026678.125000 -1269.182495 12 16
4214400.000000 4026678.125000 -1063.217529 13 16
4214600.000000 4026678.125000 -856.797241 14 16
4214800.000000 4026678.125000 -650.971069 15 16
4215000.000000 4026678.125000 -445.276825 16 16
4215200.000000 4026678.125000 -237.780853 17 16
4215400.000000 4026678.125000 -29.513687 18 16
4215600.000000 4026678.125000 179.544403 19 16
4215800.000000 4026678.125000 389.015869 20 16
4216000.000000 4026678.125000 595.157959 21 16
4216200.000000 4026678.125000 797.229126 22 16
4216400.000000 4026678.125000 994.218872 23 16
4216600.000000 4026678.125000 1184.268311 24 16
4216800.000000 4026678.125000 1371.592529 25 16
4217000.000000 4026678.125000 1559.611694 26 16
4217200.000000 4026678.125000 1750.161377 27 16
4217400.000000 4026678.125000 1936.283325 28 16
4217600.000000 4026678.125000 2117.114502 29 16
4217800.000000 4026678.125000 2336.869141 30 16
4218000.000000 4026678.125000 2528.793213 31 16
4218200.000000 4026678.125000 2732.392822 32 16
4218400.000000 4026678.125000 2963.700439 33 16
4218600.000000 4026678.125000 3202.000244 34 16
4218800.000000 4026678.125000 3437.996582 35 16
4219000.000000 4026678.125000 3666.183105 36 16
4219200.000000 4026678.125000 3883.106445 37 16
4219400.000000 4026678.125000 4090.282715 38 16
4219600.000000 4026678.125000 4289.515137 39 16
4219800.000000 4026678.125000 4483.249512 40 16
4220000.000000 4026678.125000 4674.583984 41 16
4220200.000000 4026678.125000 4864.416016 42 16
4212000.000000 4027050.000000 -3532.397461 1 17
4212200.000000 4027050.000000 -3325.757813 2 17
4212400.000000 4027050.000000 -3119.135742 3 17
4212600.000000 4027050.000000 -2912.517334 4 17
4212800.000000 4027050.000000 -2706.421143 5 17
4213000.000000 4027050.000000 -2499.830322 6 17
4213200.000000 4027050.000000 -2293.251709 7 17
4213400.000000 4027050.000000 -2086.692139 8 17
4213600.000000 4027050.000000 -1880.134644 9 17
4213800.000000 4027050.000000 -1673.596558 10 17
4214000.000000 4027050.000000 -1467.065063 11 17
4214200.000000 4027050.000000 -1261.057373 12 17
4214400.000000 4027050.000000 -1054.597412 13 17
4214600.000000 4027050.000000 -848.689148 14 17
4214800.000000 4027050.000000 -642.893066 15 17
4215000.000000 4027050.000000 -437.262970 16 17
4215200.000000 4027050.000000 -229.886581 17 17
4215400.000000 4027050.000000 -21.316217 18 17
4215600.000000 4027050.000000 188.447464 19 17
4215800.000000 4027050.000000 398.513000 20 17
4216000.000000 4027050.000000 604.552979 21 17
4216200.000000 4027050.000000 805.625061 22 17
4216400.000000 4027050.000000 997.178101 23 17
4216600.000000 4027050.000000 1177.786865 24 17
4216800.000000 4027050.000000 1354.909424 25 17
4217000.000000 4027050.000000 1537.179443 26 17
4217200.000000 4027050.000000 1733.472412 27 17
4217400.000000 4027050.000000 1941.429565 28 17
4217600.000000 4027050.000000 2176.304932 29 17
4217800.000000 4027050.000000 2512.066162 30 17
4218000.000000 4027050.000000 2729.367188 31 17
4218200.000000 4027050.000000 2838.985352 32 17
4218400.000000 4027050.000000 3012.226074 33 17
4218600.000000 4027050.000000 3230.166016 34 17
4218800.000000 4027050.000000 3460.022705 35 17
4219000.000000 4027050.000000 3684.351563 36 17
4219200.000000 4027050.000000 3897.626953 37 17
4219400.000000 4027050.000000 4100.591309 38 17
4219600.000000 4027050.000000 4295.231934 39 17
4219800.000000 4027050.000000 4485.233398 40 17
4220000.000000 4027050.000000 4672.823730 41 17
4220200.000000 4027050.000000 4858.424316 42 17
4212000.000000 4027421.875000 -3524.284668 1 18
4212200.000000 4027421.875000 -3317.653320 2 18
4212400.000000 4027421.875000 -3111.022705 3 18
4212600.000000 4027421.875000 -2904.404297 4 18
4212800.000000 4027421.875000 -2698.307129 5 18
4213000.000000 4027421.875000 -2491.715088 6 18
4213200.000000 4027421.875000 -2285.142334 7 18
4213400.000000 4027421.875000 -2078.571533 8 18
4213600.000000 4027421.875000 -1872.010864 9 18
4213800.000000 4027421.875000 -1665.469971 10 18
4214000.000000 4027421.875000 -1458.937378 11 18
4214200.000000 4027421.875000 -1252.432983 12 18
4214400.000000 4027421.875000 -1045.981934 13 18
4214600.000000 4027421.875000 -840.092896 14 18
4214800.000000 4027421.875000 -634.336426 15 18
4215000.000000 4027421.875000 -428.784393 16 18
4215200.000000 4027421.875000 -221.546646 17 18
4215400.000000 4027421.875000 -13.198671 18 18
4215600.000000 4027421.875000 196.227310 19 18
4215800.000000 4027421.875000 405.780945 20 18
4216000.000000 4027421.875000 610.986633 21 18
4216200.000000 4027421.875000 810.008911 22 18
4216400.000000 4027421.875000 998.532593 23 18
4216600.000000 4027421.875000 1173.392212 24 18
4216800.000000 4027421.875000 1344.141479 25 18
4217000.000000 4027421.875000 1525.280640 26 18
4217200.000000 4027421.875000 1730.560181 27 18
4217400.000000 4027421.875000 1961.578491 28 18
4217600.000000 4027421.875000 2214.635254 29 18
4217800.000000 4027421.875000 2564.647949 30 18
4218000.000000 4027421.875000 2776.060059 31 18
4218200.000000 4027421.875000 2859.098389 32 18
4218400.000000 4027421.875000 3035.281250 33 18
4218600.000000 4027421.875000 3258.382080 34 18
4218800.000000 4027421.875000 3487.223389 35 18
4219000.000000 4027421.875000 3707.616455 36 18
4219200.000000 4027421.875000 3915.979248 37 18
4219400.000000 4027421.875000 4113.727539 38 18
4219600.000000 4027421.875000 4303.673828 39 18
4219800.000000 4027421.875000 4489.756836 40 18
4220000.000000 4027421.875000 4673.356445 41 18
4220200.000000 4027421.875000 4854.999023 42 18
4212000.000000 4027793.750000 -3516.166016 1 19
4212200.000000 4027793.750000 -3309.534424 2 19
4212400.000000 4027793.750000 -3102.903809 3 19
4212600.000000 4027793.750000 -2896.285156 4 19
4212800.000000 4027793.750000 -2690.187256 5 19
4213000.000000 4027793.750000 -2483.593750 6 19
4213200.000000 4027793.750000 -2277.019287 7 19
4213400.000000 4027793.750000 -2070.446045 8 19
4213600.000000 4027793.750000 -1863.883423 9 19
4213800.000000 4027793.750000 -1657.341675 10 19
4214000.000000 4027793.750000 -1450.811157 11 19
4214200.000000 4027793.750000 -1244.322144 12 19
4214400.000000 4027793.750000 -1037.877563 13 19
4214600.000000 4027793.750000 -831.516296 14 19
4214800.000000 4027793.750000 -625.809143 15 19
4215000.000000 4027793.750000 -420.345490 16 19
4215200.000000 4027793.750000 -213.754791 17 19
4215400.000000 4027793.750000 -5.636989 18 19
4215600.000000 4027793.750000 202.936310 19 19
4215800.000000 4027793.750000 411.418823 20 19
4216000.000000 4027793.750000 615.664673 21 19
4216200.000000 4027793.750000 812.400940 22 19
4216400.000000 4027793.750000 998.672180 23 19
4216600.000000 4027793.750000 1172.326294 24 19
4216800.000000 4027793.750000 1343.096313 25 19
4217000.000000 4027793.750000 1531.548462 26 19
4217200.000000 4027793.750000 1765.881226 27 19
4217400.000000 4027793.750000 2068.083008 28 19
4217600.000000 4027793.750000 2383.203857 29 19
4217800.000000 4027793.750000 2684.375488 30 19
4218000.000000 4027793.750000 2830.393066 31 19
4218200.000000 4027793.750000 2900.628418 32 19
4218400.000000 4027793.750000 3079.569580 33 19
4218600.000000 4027793.750000 3299.646484 34 19
4218800.000000 4027793.750000 3521.353516 35 19
4219000.000000 4027793.750000 3734.939941 36 19
4219200.000000 4027793.750000 3936.524414 37 19
4219400.000000 4027793.750000 4128.432617 38 19
4219600.000000 4027793.750000 4313.863770 39 19
4219800.000000 4027793.750000 4496.266113 40 19
4220000.000000 4027793.750000 4676.636230 41 19
4220200.000000 4027793.750000 4854.586426 42 19
4212000.000000 4028165.625000 -3508.041504 1 20
4212200.000000 4028165.625000 -3301.409912 2 20
4212400.000000 4028165.625000 -3094.779053 3 20
4212600.000000 4028165.625000 -2888.168457 4 20
4212800.000000 4028165.625000 -2682.061523 5 20
4213000.000000 4028165.625000 -2475.467285 6 20
4213200.000000 4028165.625000 -2268.891113 7 20
4213400.000000 4028165.625000 -2062.316895 8 20
4213600.000000 4028165.625000 -1855.762329 9 20
4213800.000000 4028165.625000 -1649.214111 10 20
4214000.000000 4028165.625000 -1442.689209 11 20
4214200.000000 4028165.625000 -1236.212280 12 20
4214400.000000 4028165.625000 -1029.289673 13 20
4214600.000000 4028165.625000 -822.963501 14 20
4214800.000000 4028165.625000 -617.313660 15 20
4215000.000000 4028165.625000 -411.943665 16 20
4215200.000000 4028165.625000 -205.499359 17 20
4215400.000000 4028165.625000 1.391519 18 20
4215600.000000 4028165.625000 209.137451 19 20
4215800.000000 4028165.625000 416.574432 20 20
4216000.000000 4028165.625000 619.881836 21 20
4216200.000000 4028165.625000 815.481628 22 20
4216400.000000 4028165.625000 1001.058716 23 20
4216600.000000 4028165.625000 1176.139893 24 20
4216800.000000 4028165.625000 1349.059448 25 20
4217000.000000 4028165.625000 1537.793701 26 20
4217200.000000 4028165.625000 1777.003540 27 20
4217400.000000 4028165.625000 2118.666748 28 20
4217600.000000 4028165.625000 2466.334717 29 20
4217800.000000 4028165.625000 2695.201904 30 20
4218000.000000 4028165.625000 2828.756104 31 20
4218200.000000 4028165.625000 2952.932617 32 20
4218400.000000 4028165.625000 3141.472168 33 20
4218600.000000 4028165.625000 3352.637695 34 20
4218800.000000 4028165.625000 3562.125977 35 20
4219000.000000 4028165.625000 3765.255615 36 20
4219200.000000 4028165.625000 3959.254395 37 20
4219400.000000 4028165.625000 4145.098633 38 20
4219600.000000 4028165.625000 4326.353516 39 20
4219800.000000 4028165.625000 4505.671387 40 20
4220000.000000 4028165.625000 4683.015137 41 20
4220200.000000 4028165.625000 4858.525879 42 20
4212000.000000 4028537.500000 -3499.919434 1 21
4212200.000000 4028537.500000 -3293.279785 2 21
4212400.000000 4028537.500000 -3086.648926 3 21
4212600.000000 4028537.500000 -2880.038086 4 21
4212800.000000 4028537.500000 -2673.930908 5 21
4213000.000000 4028537.500000 -2467.344238 6 21
4213200.000000 4028537.500000 -2260.759521 7 21
4213400.000000 4028537.500000 -2054.185303 8 21
4213600.000000 4028537.500000 -1847.632080 9 21
4213800.000000 4028537.500000 -1641.088257 10 21
4214000.000000 4028537.500000 -1434.572266 11 21
4214200.000000 4028537.500000 -1227.612305 12 21
4214400.000000 4028537.500000 -1020.716614 13 21
4214600.000000 4028537.500000 -814.431580 14 21
4214800.000000 4028537.500000 -608.344543 15 21
4215000.000000 4028537.500000 -403.067993 16 21
4215200.000000 4028537.500000 -197.766876 17 21
4215400.000000 4028537.500000 7.938963 18 21
4215600.000000 4028537.500000 214.389847 19 21
4215800.000000 4028537.500000 420.377014 20 21
4216000.000000 4028537.500000 623.463318 21 21
4216200.000000 4028537.500000 819.478638 22 21
4216400.000000 4028537.500000 1006.727783 23 21
4216600.000000 4028537.500000 1186.221680 24 21
4216800.000000 4028537.500000 1367.078125 25 21
4217000.000000 4028537.500000 1564.543091 26 21
4217200.000000 4028537.500000 1812.557495 27 21
4217400.000000 4028537.500000 2159.644531 28 21
4217600.000000 4028537.500000 2477.075195 29 21
4217800.000000 4028537.500000 2610.983154 30 21
4218000.000000 4028537.500000 2750.086670 31 21
4218200.000000 4028537.500000 2951.616943 32 21
4218400.000000 4028537.500000 3176.735840 33 21
4218600.000000 4028537.500000 3394.828613 34 21
4218800.000000 4028537.500000 3600.117188 35 21
4219000.000000 4028537.500000 3794.913086 36 21
4219200.000000 4028537.500000 3981.825195 37 21
4219400.000000 4028537.500000 4163.202637 38 21
4219600.000000 4028537.500000 4340.929199 39 21
4219800.000000 4028537.500000 4518.191895 40 21
4220000.000000 4028537.500000 4693.710938 41 21
4220200.000000 4028537.500000 4867.585449 42 21
4212000.000000 4028909.375000 -3491.783447 1 22
4212200.000000 4028909.375000 -3285.144043 2 22
4212400.000000 4028909.375000 -3078.521973 3 22
4212600.000000 4028909.375000 -2871.902832 4 22
4212800.000000 4028909.375000 -2665.795898 5 22
4213000.000000 4028909.375000 -2459.209229 6 22
4213200.000000 4028909.375000 -2252.624756 7 22
4213400.000000 4028909.375000 -2046.051514 8 22
4213600.000000 4028909.375000 -1839.501343 9 22
4213800.000000 4028909.375000 -1632.963501 10 22
4214000.000000 4028909.375000 -1426.467163 11 22
4214200.000000 4028909.375000 -1219.517822 12 22
4214400.000000 4028909.375000 -1012.651917 13 22
4214600.000000 4028909.375000 -806.418945 14 22
4214800.000000 4028909.375000 -599.886292 15 22
4215000.000000 4028909.375000 -394.196930 16 22
4215200.000000 4028909.375000 -189.512436 17 22
4215400.000000 4028909.375000 15.037734 18 22
4215600.000000 4028909.375000 219.774780 19 22
4215800.000000 4028909.375000 423.964355 20 22
4216000.000000 4028909.375000 626.164734 21 22
4216200.000000 4028909.375000 823.353821 22 22
4216400.000000 4028909.375000 1014.730164 23 22
4216600.000000 4028909.375000 1200.682007 24 22
4216800.000000 4028909.375000 1390.094116 25 22
4217000.000000 4028909.375000 1593.771240 26 22
4217200.000000 4028909.375000 1828.942017 27 22
4217400.000000 4028909.375000 2104.206787 28 22
4217600.000000 4028909.375000 2330.189697 29 22
4217800.000000 4028909.375000 2434.708984 30 22
4218000.000000 4028909.375000 2641.466309 31 22
4218200.000000 4028909.375000 2922.903809 32 22
4218400.000000 4028909.375000 3192.037598 33 22
4218600.000000 4028909.375000 3422.988037 34 22
4218800.000000 4028909.375000 3627.631348 35 22
4219000.000000 4028909.375000 3817.179932 36 22
4219200.000000 4028909.375000 4000.180908 37 22
4219400.000000 4028909.375000 4179.992188 38 22
4219600.000000 4028909.375000 4356.991211 39 22
4219800.000000 4028909.375000 4533.785156 40 22
4220000.000000 4028909.375000 4708.780273 41 22
4220200.000000 4028909.375000 4882.420898 42 22
4212000.000000 4029281.250000 -3483.641602 1 23
4212200.000000 4029281.250000 -3277.002930 2 23
4212400.000000 4029281.250000 -3070.381348 3 23
4212600.000000 4029281.250000 -2863.762939 4 23
4212800.000000 4029281.250000 -2657.656250 5 23
4213000.000000 4029281.250000 -2451.070313 6 23
4213200.000000 4029281.250000 -2244.486572 7 23
4213400.000000 4029281.250000 -2037.923584 8 23
4213600.000000 4029281.250000 -1831.369019 9 23
4213800.000000 4029281.250000 -1625.337402 10 23
4214000.000000 4029281.250000 -1418.353516 11 23
4214200.000000 4029281.250000 -1211.423462 12 23
4214400.000000 4029281.250000 -1004.586670 13 23
4214600.000000 4029281.250000 -797.895569 14 23
4214800.000000 4029281.250000 -591.418457 15 23
4215000.000000 4029281.250000 -385.800568 16 23
4215200.000000 4029281.250000 -181.703812 17 23
4215400.000000 4029281.250000 21.739502 18 23
4215600.000000 4029281.250000 225.336105 19 23
4215800.000000 4029281.250000 428.381012 20 23
4216000.000000 4029281.250000 630.028564 21 23
4216200.000000 4029281.250000 829.007141 22 23
4216400.000000 4029281.250000 1024.053955 23 23
4216600.000000 4029281.250000 1216.134521 24 23
4216800.000000 4029281.250000 1410.798706 25 23
4217000.000000 4029281.250000 1613.742554 26 23
4217200.000000 4029281.250000 1829.060547 27 23
4217400.000000 4029281.250000 2050.939209 28 23
4217600.000000 4029281.250000 2243.934570 29 23
4217800.000000 4029281.250000 2418.531738 30 23
4218000.000000 4029281.250000 2710.100586 31 23
4218200.000000 4029281.250000 2979.104492 32 23
4218400.000000 4029281.250000 3222.417725 33 23
4218600.000000 4029281.250000 3441.757813 34 23
4218800.000000 4029281.250000 3642.918457 35 23
4219000.000000 4029281.250000 3831.162354 36 23
4219200.000000 4029281.250000 4014.205811 37 23
4219400.000000 4029281.250000 4195.314941 38 23
4219600.000000 4029281.250000 4373.433105 39 23
4219800.000000 4029281.250000 4551.216797 40 23
4220000.000000 4029281.250000 4727.716797 41 23
4220200.000000 4029281.250000 4902.678711 42 23
4212000.000000 4029653.125000 -3475.494385 1 24
4212200.000000 4029653.125000 -3268.856689 2 24
4212400.000000 4029653.125000 -3062.235840 3 24
4212600.000000 4029653.125000 -2855.618164 4 24
4212800.000000 4029653.125000 -2649.520508 5 24
4213000.000000 4029653.125000 -2442.927002 6 24
4213200.000000 4029653.125000 -2236.344727 7 24
4213400.000000 4029653.125000 -2029.784058 8 24
4213600.000000 4029653.125000 -1823.732788 9 24
4213800.000000 4029653.125000 -1617.216797 10 24
4214000.000000 4029653.125000 -1410.235229 11 24
4214200.000000 4029653.125000 -1203.321899 12 24
4214400.000000 4029653.125000 -996.509766 13 24
4214600.000000 4029653.125000 -789.852417 14 24
4214800.000000 4029653.125000 -583.417725 15 24
4215000.000000 4029653.125000 -377.848572 16 24
4215200.000000 4029653.125000 -174.302231 17 24
4215400.000000 4029653.125000 29.081186 18 24
4215600.000000 4029653.125000 231.634888 19 24
4215800.000000 4029653.125000 433.648865 20 24
4216000.000000 4029653.125000 635.394714 21 24
4216200.000000 4029653.125000 835.944946 22 24
4216400.000000 4029653.125000 1034.989014 23 24
4216600.000000 4029653.125000 1232.746704 24 24
4216800.000000 4029653.125000 1431.212769 25 24
4217000.000000 4029653.125000 1631.443848 26 24
4217200.000000 4029653.125000 1832.482666 27 24
4217400.000000 4029653.125000 2029.866089 28 24
4217600.000000 4029653.125000 2226.036621 29 24
4217800.000000 4029653.125000 2463.493652 30 24
4218000.000000 4029653.125000 2786.219727 31 24
4218200.000000 4029653.125000 3029.558838 32 24
4218400.000000 4029653.125000 3236.992676 33 24
4218600.000000 4029653.125000 3442.422852 34 24
4218800.000000 4029653.125000 3642.920166 35 24
4219000.000000 4029653.125000 3835.643555 36 24
4219200.000000 4029653.125000 4023.151367 37 24
4219400.000000 4029653.125000 4208.203125 38 24
4219600.000000 4029653.125000 4389.082520 39 24
4219800.000000 4029653.125000 4568.760254 40 24
4220000.000000 4029653.125000 4748.089844 41 24
4220200.000000 4029653.125000 4926.125000 42 24
4212000.000000 4030025.000000 -3467.342041 1 25
4212200.000000 4030025.000000 -3260.713867 2 25
4212400.000000 4030025.000000 -3054.085693 3 25
4212600.000000 4030025.000000 -2847.968262 4 25
4212800.000000 4030025.000000 -2641.372314 5 25
4213000.000000 4030025.000000 -2434.780029 6 25
4213200.000000 4030025.000000 -2228.198975 7 25
4213400.000000 4030025.000000 -2022.139771 8 25
4213600.000000 4030025.000000 -1815.592285 9 25
4213800.000000 4030025.000000 -1608.582153 10 25
4214000.000000 4030025.000000 -1402.107910 11 25
4214200.000000 4030025.000000 -1195.206421 12 25
4214400.000000 4030025.000000 -988.419617 13 25
4214600.000000 4030025.000000 -781.775879 14 25
4214800.000000 4030025.000000 -575.365662 15 25
4215000.000000 4030025.000000 -369.825592 16 25
4215200.000000 4030025.000000 -166.279327 17 25
4215400.000000 4030025.000000 36.615112 18 25
4215600.000000 4030025.000000 238.200729 19 25
4215800.000000 4030025.000000 439.768005 20 25
4216000.000000 4030025.000000 642.191650 21 25
4216200.000000 4030025.000000 844.270447 22 25
4216400.000000 4030025.000000 1046.096191 23 25
4216600.000000 4030025.000000 1249.002075 24 25
4216800.000000 4030025.000000 1452.160645 25 25
4217000.000000 4030025.000000 1651.912720 26 25
4217200.000000 4030025.000000 1844.885010 27 25
4217400.000000 4030025.000000 2024.563232 28 25
4217600.000000 4030025.000000 2195.723145 29 25
4217800.000000 4030025.000000 2384.675781 30 25
4218000.000000 4030025.000000 2629.964844 31 25
4218200.000000 4030025.000000 2911.733643 32 25
4218400.000000 4030025.000000 3176.674805 33 25
4218600.000000 4030025.000000 3413.233398 34 25
4218800.000000 4030025.000000 3629.431641 35 25
4219000.000000 4030025.000000 3831.889893 36 25
4219200.000000 4030025.000000 4026.696777 37 25
4219400.000000 4030025.000000 4217.070313 38 25
4219600.000000 4030025.000000 4402.790527 39 25
4219800.000000 4030025.000000 4586.561523 40 25
4220000.000000 4030025.000000 4769.212402 41 25
4220200.000000 4030025.000000 4951.706543 42 25
4212000.000000 4030396.875000 -3459.684326 1 26
4212200.000000 4030396.875000 -3253.057373 2 26
4212400.000000 4030396.875000 -3046.430420 3 26
4212600.000000 4030396.875000 -2839.814941 4 26
4212800.000000 4030396.875000 -2633.220215 5 26
4213000.000000 4030396.875000 -2426.628662 6 26
4213200.000000 4030396.875000 -2220.057129 7 26
4213400.000000 4030396.875000 -2013.491577 8 26
4213600.000000 4030396.875000 -1806.946045 9 26
4213800.000000 4030396.875000 -1600.437744 10 26
4214000.000000 4030396.875000 -1393.967163 11 26
4214200.000000 4030396.875000 -1187.070801 12 26
4214400.000000 4030396.875000 -980.290527 13 26
4214600.000000 4030396.875000 -773.653564 14 26
4214800.000000 4030396.875000 -567.246033 15 26
4215000.000000 4030396.875000 -361.695129 16 26
4215200.000000 4030396.875000 -158.111603 17 26
4215400.000000 4030396.875000 44.359394 18 26
4215600.000000 4030396.875000 246.558060 19 26
4215800.000000 4030396.875000 447.805420 20 26
4216000.000000 4030396.875000 649.977783 21 26
4216200.000000 4030396.875000 853.014954 22 26
4216400.000000 4030396.875000 1056.773560 23 26
4216600.000000 4030396.875000 1262.695435 24 26
4216800.000000 4030396.875000 1469.395630 25 26
4217000.000000 4030396.875000 1673.447021 26 26
4217200.000000 4030396.875000 1867.776123 27 26
4217400.000000 4030396.875000 2040.352783 28 26
4217600.000000 4030396.875000 2192.653809 29 26
4217800.000000 4030396.875000 2342.875488 30 26
4218000.000000 4030396.875000 2529.907227 31 26
4218200.000000 4030396.875000 2826.470947 32 26
4218400.000000 4030396.875000 3128.012939 33 26
4218600.000000 4030396.875000 3388.380859 34 26
4218800.000000 4030396.875000 3618.066895 35 26
4219000.000000 4030396.875000 3828.077881 36 26
4219200.000000 4030396.875000 4028.401855 37 26
4219400.000000 4030396.875000 4223.555664 38 26
4219600.000000 4030396.875000 4414.135254 39 26
4219800.000000 4030396.875000 4602.199219 40 26
4220000.000000 4030396.875000 4790.195801 41 26
4220200.000000 4030396.875000 4977.520996 42 26
4212000.000000 4030768.750000 -3451.522217 1 27
4212200.000000 4030768.750000 -3244.897217 2 27
4212400.000000 4030768.750000 -3038.271729 3 27
4212600.000000 4030768.750000 -2831.665771 4 27
4212800.000000 4030768.750000 -2625.063721 5 27
4213000.000000 4030768.750000 -2418.472900 6 27
4213200.000000 4030768.750000 -2211.901855 7 27
4213400.000000 4030768.750000 -2005.336304 8 27
4213600.000000 4030768.750000 -1798.790527 9 27
4213800.000000 4030768.750000 -1592.281616 10 27
4214000.000000 4030768.750000 -1385.809448 11 27
4214200.000000 4030768.750000 -1178.918335 12 27
4214400.000000 4030768.750000 -972.124023 13 27
4214600.000000 4030768.750000 -765.476563 14 27
4214800.000000 4030768.750000 -559.547180 15 27
4215000.000000 4030768.750000 -353.952789 16 27
4215200.000000 4030768.750000 -149.788086 17 27
4215400.000000 4030768.750000 52.820969 18 27
4215600.000000 4030768.750000 254.731766 19 27
4215800.000000 4030768.750000 456.273682 20 27
4216000.000000 4030768.750000 659.318542 21 27
4216200.000000 4030768.750000 862.866760 22 27
4216400.000000 4030768.750000 1067.903687 23 27
4216600.000000 4030768.750000 1274.952515 24 27
4216800.000000 4030768.750000 1482.882568 25 27
4217000.000000 4030768.750000 1688.636963 26 27
4217200.000000 4030768.750000 1885.853149 27 27
4217400.000000 4030768.750000 2064.111328 28 27
4217600.000000 4030768.750000 2226.472412 29 27
4217800.000000 4030768.750000 2392.020508 30 27
4218000.000000 4030768.750000 2586.232666 31 27
4218200.000000 4030768.750000 2855.380615 32 27
4218400.000000 4030768.750000 3135.075928 33 27
4218600.000000 4030768.750000 3388.040527 34 27
4218800.000000 4030768.750000 3615.769287 35 27
4219000.000000 4030768.750000 3827.288330 36 27
4219200.000000 4030768.750000 4030.582764 37 27
4219400.000000 4030768.750000 4229.157715 38 27
4219600.000000 4030768.750000 4424.182129 39 27
4219800.000000 4030768.750000 4617.053223 40 27
4220000.000000 4030768.750000 4809.804688 41 27
4220200.000000 4030768.750000 5002.795898 42 27
4212000.000000 4031140.625000 -3443.364258 1 28
4212200.000000 4031140.625000 -3236.732666 2 28
4212400.000000 4031140.625000 -3030.108887 3 28
4212600.000000 4031140.625000 -2823.504150 4 28
4212800.000000 4031140.625000 -2616.902832 5 28
4213000.000000 4031140.625000 -2410.312500 6 28
4213200.000000 4031140.625000 -2203.740967 7 28
4213400.000000 4031140.625000 -1997.173950 8 28
4213600.000000 4031140.625000 -1790.633789 9 28
4213800.000000 4031140.625000 -1584.112183 10 28
4214000.000000 4031140.625000 -1377.133667 11 28
4214200.000000 4031140.625000 -1170.730713 12 28
4214400.000000 4031140.625000 -963.918945 13 28
4214600.000000 4031140.625000 -757.744019 14 28
4214800.000000 4031140.625000 -551.280334 15 28
4215000.000000 4031140.625000 -345.605347 16 28
4215200.000000 4031140.625000 -141.330536 17 28
4215400.000000 4031140.625000 61.971794 18 28
4215600.000000 4031140.625000 264.161163 19 28
4215800.000000 4031140.625000 466.097534 20 28
4216000.000000 4031140.625000 669.160522 21 28
4216200.000000 4031140.625000 873.354919 22 28
4216400.000000 4031140.625000 1078.710815 23 28
4216600.000000 4031140.625000 1285.797119 24 28
4216800.000000 4031140.625000 1492.906982 25 28
4217000.000000 4031140.625000 1697.168091 26 28
4217200.000000 4031140.625000 1894.617432 27 28
4217400.000000 4031140.625000 2081.648682 28 28
4217600.000000 4031140.625000 2264.516113 29 28
4217800.000000 4031140.625000 2453.392578 30 28
4218000.000000 4031140.625000 2663.026367 31 28
4218200.000000 4031140.625000 2908.238525 32 28
4218400.000000 4031140.625000 3161.142822 33 28
4218600.000000 4031140.625000 3397.854736 34 28
4218800.000000 4031140.625000 3617.667725 35 28
4219000.000000 4031140.625000 3827.824951 36 28
4219200.000000 4031140.625000 4032.607910 37 28
4219400.000000 4031140.625000 4233.587402 38 28
4219600.000000 4031140.625000 4432.251953 39 28
4219800.000000 4031140.625000 4630.169434 40 28
4220000.000000 4031140.625000 4827.413086 41 28
4220200.000000 4031140.625000 5025.278809 42 28
4212000.000000 4031512.500000 -3434.694336 1 29
4212200.000000 4031512.500000 -3228.064941 2 29
4212400.000000 4031512.500000 -3021.443115 3 29
4212600.000000 4031512.500000 -2814.839600 4 29
4212800.000000 4031512.500000 -2608.238525 5 29
4213000.000000 4031512.500000 -2401.656006 6 29
4213200.000000 4031512.500000 -2195.074707 7 29
4213400.000000 4031512.500000 -1988.504761 8 29
4213600.000000 4031512.500000 -1781.959595 9 29
4213800.000000 4031512.500000 -1575.430054 10 29
4214000.000000 4031512.500000 -1368.938843 11 29
4214200.000000 4031512.500000 -1162.517700 12 29
4214400.000000 4031512.500000 -955.678650 13 29
4214600.000000 4031512.500000 -749.463562 14 29
4214800.000000 4031512.500000 -543.438782 15 29
4215000.000000 4031512.500000 -337.670258 16 29
4215200.000000 4031512.500000 -132.753235 17 29
4215400.000000 4031512.500000 71.261169 18 29
4215600.000000 4031512.500000 274.261688 19 29
4215800.000000 4031512.500000 476.641693 20 29
4216000.000000 4031512.500000 679.800415 21 29
4216200.000000 4031512.500000 883.747131 22 29
4216400.000000 4031512.500000 1089.014404 23 29
4216600.000000 4031512.500000 1296.216675 24 29
4216800.000000 4031512.500000 1502.580566 25 29
4217000.000000 4031512.500000 1705.586304 26 29
4217200.000000 4031512.500000 1904.050781 27 29
4217400.000000 4031512.500000 2099.064697 28 29
4217600.000000 4031512.500000 2295.550293 29 29
4217800.000000 4031512.500000 2497.823242 30 29
4218000.000000 4031512.500000 2711.888672 31 29
4218200.000000 4031512.500000 2943.158691 32 29
4218400.000000 4031512.500000 3178.064453 33 29
4218600.000000 4031512.500000 3404.258301 34 29
4218800.000000 4031512.500000 3619.772461 35 29
4219000.000000 4031512.500000 3829.255127 36 29
4219200.000000 4031512.500000 4034.726807 37 29
4219400.000000 4031512.500000 4237.279785 38 29
4219600.000000 4031512.500000 4439.022949 39 29
4219800.000000 4031512.500000 4640.552246 40 29
4220000.000000 4031512.500000 4842.367188 41 29
4220200.000000 4031512.500000 5044.719238 42 29
4212000.000000 4031884.375000 -3426.519775 1 30
4212200.000000 4031884.375000 -3219.892578 2 30
4212400.000000 4031884.375000 -3013.281006 3 30
4212600.000000 4031884.375000 -2806.670410 4 30
4212800.000000 4031884.375000 -2600.069580 5 30
4213000.000000 4031884.375000 -2393.485840 6 30
4213200.000000 4031884.375000 -2186.901611 7 30
4213400.000000 4031884.375000 -1980.327026 8 30
4213600.000000 4031884.375000 -1773.774170 9 30
4213800.000000 4031884.375000 -1567.233154 10 30
4214000.000000 4031884.375000 -1360.733643 11 30
4214200.000000 4031884.375000 -1154.279541 12 30
4214400.000000 4031884.375000 -947.904358 13 30
4214600.000000 4031884.375000 -741.647095 14 30
4214800.000000 4031884.375000 -535.041687 15 30
4215000.000000 4031884.375000 -329.165680 16 30
4215200.000000 4031884.375000 -124.092415 17 30
4215400.000000 4031884.375000 80.144188 18 30
4215600.000000 4031884.375000 284.458466 19 30
4215800.000000 4031884.375000 487.780487 20 30
4216000.000000 4031884.375000 691.037354 21 30
4216200.000000 4031884.375000 895.249817 22 30
4216400.000000 4031884.375000 1099.959717 23 30
4216600.000000 4031884.375000 1306.277588 24 30
4216800.000000 4031884.375000 1511.926758 25 30
4217000.000000 4031884.375000 1715.282471 26 30
4217200.000000 4031884.375000 1916.451782 27 30
4217400.000000 4031884.375000 2116.308350 28 30
4217600.000000 4031884.375000 2318.734619 29 30
4217800.000000 4031884.375000 2526.398193 30 30
4218000.000000 4031884.375000 2739.697266 31 30
4218200.000000 4031884.375000 2961.598145 32 30
4218400.000000 4031884.375000 3184.822754 33 30
4218600.000000 4031884.375000 3404.908447 34 30
4218800.000000 4031884.375000 3619.647949 35 30
4219000.000000 4031884.375000 3829.883301 36 30
4219200.000000 4031884.375000 4036.395020 37 30
4219400.000000 4031884.375000 4240.730469 38 30
4219600.000000 4031884.375000 4444.937012 39 30
4219800.000000 4031884.375000 4649.530273 40 30
4220000.000000 4031884.375000 4854.918457 41 30
4220200.000000 4031884.375000 5060.781250 42 30
4212000.000000 4032256.250000 -3418.341064 1 31
4212200.000000 4032256.250000 -3211.716553 2 31
4212400.000000 4032256.250000 -3005.106934 3 31
4212600.000000 4032256.250000 -2798.497314 4 31
4212800.000000 4032256.250000 -2591.895996 5 31
4213000.000000 4032256.250000 -2385.310547 6 31
4213200.000000 4032256.250000 -2178.722412 7 31
4213400.000000 4032256.250000 -1972.149170 8 31
4213600.000000 4032256.250000 -1765.577393 9 31
4213800.000000 4032256.250000 -1559.020996 10 31
4214000.000000 4032256.250000 -1352.499512 11 31
4214200.000000 4032256.250000 -1146.014526 12 31
4214400.000000 4032256.250000 -939.596130 13 31
4214600.000000 4032256.250000 -733.279602 14 31
4214800.000000 4032256.250000 -526.591858 15 31
4215000.000000 4032256.250000 -320.599396 16 31
4215200.000000 4032256.250000 -115.363937 17 31
4215400.000000 4032256.250000 89.592407 18 31
4215600.000000 4032256.250000 294.206238 19 31
4215800.000000 4032256.250000 498.436340 20 31
4216000.000000 4032256.250000 702.237854 21 31
4216200.000000 4032256.250000 906.648560 22 31
4216400.000000 4032256.250000 1111.720947 23 31
4216600.000000 4032256.250000 1317.068359 24 31
4216800.000000 4032256.250000 1521.889404 25 31
4217000.000000 4032256.250000 1725.985107 26 31
4217200.000000 4032256.250000 1929.336304 27 31
4217400.000000 4032256.250000 2132.532471 28 31
4217600.000000 4032256.250000 2337.685791 29 31
4217800.000000 4032256.250000 2546.236084 30 31
4218000.000000 4032256.250000 2758.756104 31 31
4218200.000000 4032256.250000 2975.183350 32 31
4218400.000000 4032256.250000 3192.054443 33 31
4218600.000000 4032256.250000 3408.075928 34 31
4218800.000000 4032256.250000 3621.972900 35 31
4219000.000000 4032256.250000 3831.957275 36 31
4219200.000000 4032256.250000 4039.195557 37 31
4219400.000000 4032256.250000 4245.126465 38 31
4219600.000000 4032256.250000 4451.199707 39 31
4219800.000000 4032256.250000 4658.288574 40 31
4220000.000000 4032256.250000 4865.688477 41 31
4220200.000000 4032256.250000 5074.029785 42 31
4212000.000000 4032628.125000 -3410.158936 1 32
4212200.000000 4032628.125000 -3203.537109 2 32
4212400.000000 4032628.125000 -2996.929443 3 32
4212600.000000 4032628.125000 -2790.320557 4 32
4212800.000000 4032628.125000 -2583.727051 5 32
4213000.000000 4032628.125000 -2377.130615 6 32
4213200.000000 4032628.125000 -2170.537354 7 32
4213400.000000 4032628.125000 -1963.955200 8 32
4213600.000000 4032628.125000 -1757.369507 9 32
4213800.000000 4032628.125000 -1550.793213 10 32
4214000.000000 4032628.125000 -1344.243896 11 32
4214200.000000 4032628.125000 -1137.720337 12 32
4214400.000000 4032628.125000 -931.258118 13 32
4214600.000000 4032628.125000 -724.864380 14 32
4214800.000000 4032628.125000 -518.085022 15 32
4215000.000000 4032628.125000 -311.976776 16 32
4215200.000000 4032628.125000 -106.567223 17 32
4215400.000000 4032628.125000 99.103485 18 32
4215600.000000 4032628.125000 303.995514 19 32
4215800.000000 4032628.125000 508.589447 20 32
4216000.000000 4032628.125000 712.861267 21 32
4216200.000000 4032628.125000 917.863831 22 32
4216400.000000 4032628.125000 1122.663574 23 32
4216600.000000 4032628.125000 1327.865601 24 32
4216800.000000 4032628.125000 1533.160034 25 32
4217000.000000 4032628.125000 1737.789429 26 32
4217200.000000 4032628.125000 1942.592651 27 32
4217400.000000 4032628.125000 2147.495605 28 32
4217600.000000 4032628.125000 2354.335693 29 32
4217800.000000 4032628.125000 2562.840820 30 32
4218000.000000 4032628.125000 2773.966797 31 32
4218200.000000 4032628.125000 2987.292480 32 32
4218400.000000 4032628.125000 3201.443359 33 32
4218600.000000 4032628.125000 3414.060303 34 32
4218800.000000 4032628.125000 3625.543701 35 32
4219000.000000 4032628.125000 3835.175049 36 32
4219200.000000 4032628.125000 4043.065918 37 32
4219400.000000 4032628.125000 4250.517090 38 32
4219600.000000 4032628.125000 4457.859375 39 32
4219800.000000 4032628.125000 4666.350098 40 32
4220000.000000 4032628.125000 4876.187500 41 32
4220200.000000 4032628.125000 5086.460449 42 32
4212000.000000 4033000.000000 -3401.973389 1 33
4212200.000000 4033000.000000 -3195.362549 2 33
4212400.000000 4033000.000000 -2988.748535 3 33
4212600.000000 4033000.000000 -2782.140869 4 33
4212800.000000 4033000.000000 -2575.546875 5 33
4213000.000000 4033000.000000 -2368.947754 6 33
4213200.000000 4033000.000000 -2162.348389 7 33
4213400.000000 4033000.000000 -1955.755615 8 33
4213600.000000 4033000.000000 -1749.152832 9 33
4213800.000000 4033000.000000 -1542.559570 10 33
4214000.000000 4033000.000000 -1335.966309 11 33
4214200.000000 4033000.000000 -1129.393921 12 33
4214400.000000 4033000.000000 -922.866760 13 33
4214600.000000 4033000.000000 -716.389648 14 33
4214800.000000 4033000.000000 -509.503845 15 33
4215000.000000 4033000.000000 -303.258362 16 33
4215200.000000 4033000.000000 -97.674309 17 33
4215400.000000 4033000.000000 108.203117 18 33
4215600.000000 4033000.000000 313.865875 19 33
4215800.000000 4033000.000000 518.785217 20 33
4216000.000000 4033000.000000 723.957703 21 33
4216200.000000 4033000.000000 928.948364 22 33
4216400.000000 4033000.000000 1133.833008 23 33
4216600.000000 4033000.000000 1339.219849 24 33
4216800.000000 4033000.000000 1544.279175 25 33
4217000.000000 4033000.000000 1749.690796 26 33
4217200.000000 4033000.000000 1955.221069 27 33
4217400.000000 4033000.000000 2161.621094 28 33
4217600.000000 4033000.000000 2369.064697 29 33
4217800.000000 4033000.000000 2577.623535 30 33
4218000.000000 4033000.000000 2787.682373 31 33
4218200.000000 4033000.000000 2998.436279 32 33
4218400.000000 4033000.000000 3209.841553 33 33
4218600.000000 4033000.000000 3420.850098 34 33
4218800.000000 4033000.000000 3630.599854 35 33
4219000.000000 4033000.000000 3839.436768 36 33
4219200.000000 4033000.000000 4047.443359 37 33
4219400.000000 4033000.000000 4255.352539 38 33
4219600.000000 4033000.000000 4464.370605 39 33
4219800.000000 4033000.000000 4674.170898 40 33
4220000.000000 4033000.000000 4885.372559 41 33
4220200.000000 4033000.000000 5097.534180 42 33
