# Type: scattered data
# Version: 6
# Description: No description
# Format: free
# Field: 1 x
# Field: 2 y
# Field: 3 z undefined
# Field: 4 column
# Field: 5 row
# Projection: Local Rectangular
# Units: undefined
# End:
# Information from grid:
# Grid_size: 42 x 33
# Grid_space: 4212000.000000,4220200.000000,4021100.000000,4033000.000000
# Scattered data: Not_available
# Z_field: z
# Vertical_faults: Not_available
# History: No history
# Z_units: undefined
4212000.000000 4021100.000000 6318.037598 1 1
4212200.000000 4021100.000000 6063.753418 2 1
4212400.000000 4021100.000000 5809.476563 3 1
4212600.000000 4021100.000000 5555.196777 4 1
4212800.000000 4021100.000000 5300.913574 5 1
4213000.000000 4021100.000000 5046.625977 6 1
4213200.000000 4021100.000000 4792.331055 7 1
4213400.000000 4021100.000000 4538.026855 8 1
4213600.000000 4021100.000000 4283.709961 9 1
4213800.000000 4021100.000000 4029.377197 10 1
4214000.000000 4021100.000000 3775.019287 11 1
4214200.000000 4021100.000000 3520.153809 12 1
4214400.000000 4021100.000000 3265.276367 13 1
4214600.000000 4021100.000000 3010.395264 14 1
4214800.000000 4021100.000000 2755.523438 15 1
4215000.000000 4021100.000000 2500.666504 16 1
4215200.000000 4021100.000000 2245.854004 17 1
4215400.000000 4021100.000000 1990.583130 18 1
4215600.000000 4021100.000000 1735.344849 19 1
4215800.000000 4021100.000000 1479.603760 20 1
4216000.000000 4021100.000000 1223.824951 21 1
4216200.000000 4021100.000000 968.426514 22 1
4216400.000000 4021100.000000 713.323181 23 1
4216600.000000 4021100.000000 459.426849 24 1
4216800.000000 4021100.000000 207.649307 25 1
4217000.000000 4021100.000000 -41.596870 26 1
4217200.000000 4021100.000000 -288.919189 27 1
4217400.000000 4021100.000000 -534.376953 28 1
4217600.000000 4021100.000000 -779.951965 29 1
4217800.000000 4021100.000000 -1027.491821 30 1
4218000.000000 4021100.000000 -1278.690674 31 1
4218200.000000 4021100.000000 -1535.154053 32 1
4218400.000000 4021100.000000 -1797.428589 33 1
4218600.000000 4021100.000000 -2065.096924 34 1
4218800.000000 4021100.000000 -2335.887695 35 1
4219000.000000 4021100.000000 -2606.323975 36 1
4219200.000000 4021100.000000 -2874.722168 37 1
4219400.000000 4021100.000000 -3140.070801 38 1
4219600.000000 4021100.000000 -3402.818848 39 1
4219800.000000 4021100.000000 -3662.746094 40 1
4220000.000000 4021100.000000 -3919.402832 41 1
4220200.000000 4021100.000000 -4173.732422 42 1
4212000.000000 4021471.875000 6259.336914 1 2
4212200.000000 4021471.875000 6005.061035 2 2
4212400.000000 4021471.875000 5750.782715 3 2
4212600.000000 4021471.875000 5496.493652 4 2
4212800.000000 4021471.875000 5242.208984 5 2
4213000.000000 4021471.875000 4987.919434 6 2
4213200.000000 4021471.875000 4733.623047 7 2
4213400.000000 4021471.875000 4479.318359 8 2
4213600.000000 4021471.875000 4225.003418 9 2
4213800.000000 4021471.875000 3970.677002 10 2
4214000.000000 4021471.875000 3716.340332 11 2
4214200.000000 4021471.875000 3461.488281 12 2
4214400.000000 4021471.875000 3207.142090 13 2
4214600.000000 4021471.875000 2952.304199 14 2
4214800.000000 4021471.875000 2697.485596 15 2
4215000.000000 4021471.875000 2443.197754 16 2
4215200.000000 4021471.875000 2188.448975 17 2
4215400.000000 4021471.875000 1933.725464 18 2
4215600.000000 4021471.875000 1679.020630 19 2
4215800.000000 4021471.875000 1423.779907 20 2
4216000.000000 4021471.875000 1168.933350 21 2
4216200.000000 4021471.875000 913.902893 22 2
4216400.000000 4021471.875000 658.609802 23 2
4216600.000000 4021471.875000 403.516571 24 2
4216800.000000 4021471.875000 149.561691 25 2
4217000.000000 4021471.875000 -102.823090 26 2
4217200.000000 4021471.875000 -354.246918 27 2
4217400.000000 4021471.875000 -603.746277 28 2
4217600.000000 4021471.875000 -852.764343 29 2
4217800.000000 4021471.875000 -1103.639282 30 2
4218000.000000 4021471.875000 -1357.100952 31 2
4218200.000000 4021471.875000 -1614.286377 32 2
4218400.000000 4021471.875000 -1875.759155 33 2
4218600.000000 4021471.875000 -2142.515625 34 2
4218800.000000 4021471.875000 -2410.179199 35 2
4219000.000000 4021471.875000 -2673.172607 36 2
4219200.000000 4021471.875000 -2930.990479 37 2
4219400.000000 4021471.875000 -3184.367432 38 2
4219600.000000 4021471.875000 -3434.442139 39 2
4219800.000000 4021471.875000 -3680.969238 40 2
4220000.000000 4021471.875000 -3924.906738 41 2
4220200.000000 4021471.875000 -4166.073730 42 2
4212000.000000 4021843.750000 6200.138672 1 3
4212200.000000 4021843.750000 5945.862793 2 3
4212400.000000 4021843.750000 5691.584473 3 3
4212600.000000 4021843.750000 5437.294922 4 3
4212800.000000 4021843.750000 5183.009766 5 3
4213000.000000 4021843.750000 4928.719238 6 3
4213200.000000 4021843.750000 4674.422852 7 3
4213400.000000 4021843.750000 4420.119141 8 3
4213600.000000 4021843.750000 4166.306641 9 3
4213800.000000 4021843.750000 3911.986816 10 3
4214000.000000 4021843.750000 3657.662354 11 3
4214200.000000 4021843.750000 3402.838379 12 3
4214400.000000 4021843.750000 3148.513672 13 3
4214600.000000 4021843.750000 2893.716553 14 3
4214800.000000 4021843.750000 2639.450439 15 3
4215000.000000 4021843.750000 2385.226563 16 3
4215200.000000 4021843.750000 2131.047852 17 3
4215400.000000 4021843.750000 1876.399536 18 3
4215600.000000 4021843.750000 1622.238770 19 3
4215800.000000 4021843.750000 1367.486938 20 3
4216000.000000 4021843.750000 1113.069336 21 3
4216200.000000 4021843.750000 857.895386 22 3
4216400.000000 4021843.750000 602.412720 23 3
4216600.000000 4021843.750000 347.099182 24 3
4216800.000000 4021843.750000 91.427261 25 3
4217000.000000 4021843.750000 -164.167801 26 3
4217200.000000 4021843.750000 -418.750153 27 3
4217400.000000 4021843.750000 -671.797729 28 3
4217600.000000 4021843.750000 -924.667725 29 3
4217800.000000 4021843.750000 -1179.212524 30 3
4218000.000000 4021843.750000 -1435.792725 31 3
4218200.000000 4021843.750000 -1694.718262 32 3
4218400.000000 4021843.750000 -1956.089722 33 3
4218600.000000 4021843.750000 -2222.744873 34 3
4218800.000000 4021843.750000 -2488.453369 35 3
4219000.000000 4021843.750000 -2743.408691 36 3
4219200.000000 4021843.750000 -2989.294189 37 3
4219400.000000 4021843.750000 -3229.860840 38 3
4219600.000000 4021843.750000 -3466.578613 39 3
4219800.000000 4021843.750000 -3700.728760 40 3
4220000.000000 4021843.750000 -3933.077393 41 3
4220200.000000 4021843.750000 -4162.215820 42 3
4212000.000000 4022215.625000 6140.942871 1 4
4212200.000000 4022215.625000 5886.667480 2 4
4212400.000000 4022215.625000 5632.389648 3 4
4212600.000000 4022215.625000 5378.108398 4 4
4212800.000000 4022215.625000 5123.814941 5 4
4213000.000000 4022215.625000 4869.524902 6 4
4213200.000000 4022215.625000 4615.229004 7 4
4213400.000000 4022215.625000 4361.425781 8 4
4213600.000000 4022215.625000 4107.117676 9 4
4213800.000000 4022215.625000 3852.805176 10 4
4214000.000000 4022215.625000 3598.493164 11 4
4214200.000000 4022215.625000 3344.188965 12 4
4214400.000000 4022215.625000 3089.395020 13 4
4214600.000000 4022215.625000 2835.139893 14 4
4214800.000000 4022215.625000 2580.929199 15 4
4215000.000000 4022215.625000 2326.772461 16 4
4215200.000000 4022215.625000 2072.666260 17 4
4215400.000000 4022215.625000 1818.579590 18 4
4215600.000000 4022215.625000 1564.443848 19 4
4215800.000000 4022215.625000 1310.155151 20 4
4216000.000000 4022215.625000 1055.599243 21 4
4216200.000000 4022215.625000 800.185547 22 4
4216400.000000 4022215.625000 544.904236 23 4
4216600.000000 4022215.625000 288.761414 24 4
4216800.000000 4022215.625000 32.256550 25 4
4217000.000000 4022215.625000 -224.125168 26 4
4217200.000000 4022215.625000 -480.320953 27 4
4217400.000000 4022215.625000 -736.623352 28 4
4217600.000000 4022215.625000 -994.319946 29 4
4217800.000000 4022215.625000 -1253.914673 30 4
4218000.000000 4022215.625000 -1515.694092 31 4
4218200.000000 4022215.625000 -1778.776855 32 4
4218400.000000 4022215.625000 -2043.250366 33 4
4218600.000000 4022215.625000 -2309.679199 34 4
4218800.000000 4022215.625000 -2571.273193 35 4
4219000.000000 4022215.625000 -2816.670654 36 4
4219200.000000 4022215.625000 -3048.784424 37 4
4219400.000000 4022215.625000 -3274.278320 38 4
4219600.000000 4022215.625000 -3498.154541 39 4
4219800.000000 4022215.625000 -3722.179199 40 4
4220000.000000 4022215.625000 -3945.281494 41 4
4220200.000000 4022215.625000 -4164.184082 42 4
4212000.000000 4022587.500000 6081.750000 1 5
4212200.000000 4022587.500000 5827.475098 2 5
4212400.000000 4022587.500000 5573.197754 3 5
4212600.000000 4022587.500000 5318.916992 4 5
4212800.000000 4022587.500000 5064.624023 5 5
4213000.000000 4022587.500000 4810.334473 6 5
4213200.000000 4022587.500000 4556.040039 7 5
4213400.000000 4022587.500000 4302.239258 8 5
4213600.000000 4022587.500000 4047.935303 9 5
4213800.000000 4022587.500000 3793.630615 10 5
4214000.000000 4022587.500000 3539.332031 11 5
4214200.000000 4022587.500000 3285.049316 12 5
4214400.000000 4022587.500000 3030.795166 13 5
4214600.000000 4022587.500000 2776.583984 14 5
4214800.000000 4022587.500000 2522.421143 15 5
4215000.000000 4022587.500000 2267.829590 16 5
4215200.000000 4022587.500000 2013.784302 17 5
4215400.000000 4022587.500000 1759.730713 18 5
4215600.000000 4022587.500000 1505.562988 19 5
4215800.000000 4022587.500000 1251.136597 20 5
4216000.000000 4022587.500000 996.314148 21 5
4216200.000000 4022587.500000 741.022949 22 5
4216400.000000 4022587.500000 485.269012 23 5
4216600.000000 4022587.500000 229.130920 24 5
4216800.000000 4022587.500000 -26.833984 25 5
4217000.000000 4022587.500000 -282.495697 26 5
4217200.000000 4022587.500000 -539.029785 27 5
4217400.000000 4022587.500000 -798.488220 28 5
4217600.000000 4022587.500000 -1061.759277 29 5
4217800.000000 4022587.500000 -1327.424072 30 5
4218000.000000 4022587.500000 -1596.439209 31 5
4218200.000000 4022587.500000 -1867.053833 32 5
4218400.000000 4022587.500000 -2137.817871 33 5
4218600.000000 4022587.500000 -2403.909912 34 5
4218800.000000 4022587.500000 -2659.213867 35 5
4219000.000000 4022587.500000 -2890.541992 36 5
4219200.000000 4022587.500000 -3105.253418 37 5
4219400.000000 4022587.500000 -3315.532227 38 5
4219600.000000 4022587.500000 -3528.489502 39 5
4219800.000000 4022587.500000 -3745.053223 40 5
4220000.000000 4022587.500000 -3962.044189 41 5
4220200.000000 4022587.500000 -4174.705566 42 5
4212000.000000 4022959.375000 6022.560059 1 6
4212200.000000 4022959.375000 5768.285645 2 6
4212400.000000 4022959.375000 5514.008789 3 6
4212600.000000 4022959.375000 5259.728516 4 6
4212800.000000 4022959.375000 5005.444824 5 6
4213000.000000 4022959.375000 4751.147949 6 6
4213200.000000 4022959.375000 4496.854980 7 6
4213400.000000 4022959.375000 4243.057129 8 6
4213600.000000 4022959.375000 3988.758057 9 6
4213800.000000 4022959.375000 3734.462158 10 6
4214000.000000 4022959.375000 3480.177979 11 6
4214200.000000 4022959.375000 3225.917725 12 6
4214400.000000 4022959.375000 2971.696045 13 6
4214600.000000 4022959.375000 2717.528076 14 6
4214800.000000 4022959.375000 2463.416504 15 6
4215000.000000 4022959.375000 2208.876221 16 6
4215200.000000 4022959.375000 1954.862915 17 6
4215400.000000 4022959.375000 1700.287842 18 6
4215600.000000 4022959.375000 1445.995605 19 6
4215800.000000 4022959.375000 1191.297485 20 6
4216000.000000 4022959.375000 936.038513 21 6
4216200.000000 4022959.375000 680.669922 22 6
4216400.000000 4022959.375000 424.764648 23 6
4216600.000000 4022959.375000 168.960495 24 6
4216800.000000 4022959.375000 -86.552971 25 6
4217000.000000 4022959.375000 -341.912994 26 6
4217200.000000 4022959.375000 -598.002380 27 6
4217400.000000 4022959.375000 -859.832214 28 6
4217600.000000 4022959.375000 -1127.881836 29 6
4217800.000000 4022959.375000 -1401.368164 30 6
4218000.000000 4022959.375000 -1678.879150 31 6
4218200.000000 4022959.375000 -1957.980225 32 6
4218400.000000 4022959.375000 -2232.246582 33 6
4218600.000000 4022959.375000 -2496.097168 34 6
4218800.000000 4022959.375000 -2743.159180 35 6
4219000.000000 4022959.375000 -2957.138184 36 6
4219200.000000 4022959.375000 -3151.586914 37 6
4219400.000000 4022959.375000 -3348.014893 38 6
4219600.000000 4022959.375000 -3555.051758 39 6
4219800.000000 4022959.375000 -3769.899658 40 6
4220000.000000 4022959.375000 -3986.291016 41 6
4220200.000000 4022959.375000 -4197.365723 42 6
4212000.000000 4023331.250000 5963.372559 1 7
4212200.000000 4023331.250000 5709.099121 2 7
4212400.000000 4023331.250000 5454.822266 3 7
4212600.000000 4023331.250000 5200.542969 4 7
4212800.000000 4023331.250000 4946.260254 5 7
4213000.000000 4023331.250000 4691.964844 6 7
4213200.000000 4023331.250000 4437.673828 7 7
4213400.000000 4023331.250000 4183.878906 8 7
4213600.000000 4023331.250000 3929.585449 9 7
4213800.000000 4023331.250000 3675.298584 10 7
4214000.000000 4023331.250000 3421.029053 11 7
4214200.000000 4023331.250000 3166.790771 12 7
4214400.000000 4023331.250000 2912.599609 13 7
4214600.000000 4023331.250000 2658.469727 14 7
4214800.000000 4023331.250000 2404.406250 15 7
4215000.000000 4023331.250000 2149.884766 16 7
4215200.000000 4023331.250000 1895.359009 17 7
4215400.000000 4023331.250000 1641.184937 18 7
4215600.000000 4023331.250000 1386.653931 19 7
4215800.000000 4023331.250000 1131.032104 20 7
4216000.000000 4023331.250000 875.155823 21 7
4216200.000000 4023331.250000 619.018982 22 7
4216400.000000 4023331.250000 362.768311 23 7
4216600.000000 4023331.250000 107.133186 24 7
4216800.000000 4023331.250000 -148.065323 25 7
4217000.000000 4023331.250000 -402.785370 26 7
4217200.000000 4023331.250000 -658.856934 27 7
4217400.000000 4023331.250000 -923.295776 28 7
4217600.000000 4023331.250000 -1198.958252 29 7
4217800.000000 4023331.250000 -1483.679932 30 7
4218000.000000 4023331.250000 -1775.005127 31 7
4218200.000000 4023331.250000 -2064.783691 32 7
4218400.000000 4023331.250000 -2337.229248 33 7
4218600.000000 4023331.250000 -2587.650391 34 7
4218800.000000 4023331.250000 -2817.847656 35 7
4219000.000000 4023331.250000 -3009.439209 36 7
4219200.000000 4023331.250000 -3179.966553 37 7
4219400.000000 4023331.250000 -3369.342773 38 7
4219600.000000 4023331.250000 -3579.147705 39 7
4219800.000000 4023331.250000 -3800.061768 40 7
4220000.000000 4023331.250000 -4022.030518 41 7
4220200.000000 4023331.250000 -4235.679199 42 7
4212000.000000 4023703.125000 5904.187988 1 8
4212200.000000 4023703.125000 5649.914551 2 8
4212400.000000 4023703.125000 5395.638672 3 8
4212600.000000 4023703.125000 5141.359863 4 8
4212800.000000 4023703.125000 4887.078125 5 8
4213000.000000 4023703.125000 4632.792480 6 8
4213200.000000 4023703.125000 4378.495117 7 8
4213400.000000 4023703.125000 4124.703613 8 8
4213600.000000 4023703.125000 3870.415527 9 8
4213800.000000 4023703.125000 3616.137451 10 8
4214000.000000 4023703.125000 3361.881592 11 8
4214200.000000 4023703.125000 3107.663330 12 8
4214400.000000 4023703.125000 2853.498535 13 8
4214600.000000 4023703.125000 2599.397461 14 8
4214800.000000 4023703.125000 2345.355957 15 8
4215000.000000 4023703.125000 2090.830078 16 8
4215200.000000 4023703.125000 1836.237427 17 8
4215400.000000 4023703.125000 1581.882690 18 8
4215600.000000 4023703.125000 1326.499634 19 8
4215800.000000 4023703.125000 1070.313354 20 8
4216000.000000 4023703.125000 813.665894 21 8
4216200.000000 4023703.125000 556.602722 22 8
4216400.000000 4023703.125000 299.838379 23 8
4216600.000000 4023703.125000 44.149513 24 8
4216800.000000 4023703.125000 -211.136353 25 8
4217000.000000 4023703.125000 -467.071808 26 8
4217200.000000 4023703.125000 -724.463135 27 8
4217400.000000 4023703.125000 -994.993164 28 8
4217600.000000 4023703.125000 -1282.396851 29 8
4217800.000000 4023703.125000 -1584.695313 30 8
4218000.000000 4023703.125000 -1896.557373 31 8
4218200.000000 4023703.125000 -2201.471680 32 8
4218400.000000 4023703.125000 -2463.341064 33 8
4218600.000000 4023703.125000 -2676.740723 34 8
4218800.000000 4023703.125000 -2870.184814 35 8
4219000.000000 4023703.125000 -3036.948975 36 8
4219200.000000 4023703.125000 -3186.047119 37 8
4219400.000000 4023703.125000 -3383.031006 38 8
4219600.000000 4023703.125000 -3608.355713 39 8
4219800.000000 4023703.125000 -3843.056152 40 8
4220000.000000 4023703.125000 -4073.949463 41 8
4220200.000000 4023703.125000 -4293.925781 42 8
4212000.000000 4024075.000000 5845.004883 1 9
4212200.000000 4024075.000000 5590.731934 2 9
4212400.000000 4024075.000000 5336.456543 3 9
4212600.000000 4024075.000000 5082.178711 4 9
4212800.000000 4024075.000000 4827.897949 5 9
4213000.000000 4024075.000000 4573.613281 6 9
4213200.000000 4024075.000000 4319.326660 7 9
4213400.000000 4024075.000000 4065.538330 8 9
4213600.000000 4024075.000000 3811.247070 9 9
4213800.000000 4024075.000000 3556.976807 10 9
4214000.000000 4024075.000000 3302.732910 11 9
4214200.000000 4024075.000000 3048.531250 12 9
4214400.000000 4024075.000000 2794.385742 13 9
4214600.000000 4024075.000000 2540.302002 14 9
4214800.000000 4024075.000000 2286.262695 15 9
4215000.000000 4024075.000000 2031.707397 16 9
4215200.000000 4024075.000000 1776.989868 17 9
4215400.000000 4024075.000000 1522.385376 18 9
4215600.000000 4024075.000000 1266.564087 19 9
4215800.000000 4024075.000000 1009.719360 20 9
4216000.000000 4024075.000000 752.205078 21 9
4216200.000000 4024075.000000 494.110413 22 9
4216400.000000 4024075.000000 236.169434 23 9
4216600.000000 4024075.000000 -20.421227 24 9
4216800.000000 4024075.000000 -276.575714 25 9
4217000.000000 4024075.000000 -534.383606 26 9
4217200.000000 4024075.000000 -796.520508 27 9
4217400.000000 4024075.000000 -1076.911011 28 9
4217600.000000 4024075.000000 -1380.854126 29 9
4217800.000000 4024075.000000 -1702.019287 30 9
4218000.000000 4024075.000000 -2032.995728 31 9
4218200.000000 4024075.000000 -2357.760010 32 9
4218400.000000 4024075.000000 -2601.265381 33 9
4218600.000000 4024075.000000 -2752.424561 34 9
4218800.000000 4024075.000000 -2903.390869 35 9
4219000.000000 4024075.000000 -3057.052979 36 9
4219200.000000 4024075.000000 -3196.424072 37 9
4219400.000000 4024075.000000 -3412.099121 38 9
4219600.000000 4024075.000000 -3659.355225 39 9
4219800.000000 4024075.000000 -3908.075439 40 9
4220000.000000 4024075.000000 -4147.979980 41 9
4220200.000000 4024075.000000 -4374.716309 42 9
4212000.000000 4024446.875000 5785.824219 1 10
4212200.000000 4024446.875000 5531.551270 2 10
4212400.000000 4024446.875000 5277.276367 3 10
4212600.000000 4024446.875000 5022.999023 4 10
4212800.000000 4024446.875000 4768.718750 5 10
4213000.000000 4024446.875000 4514.436035 6 10
4213200.000000 4024446.875000 4260.150879 7 10
4213400.000000 4024446.875000 4006.365479 8 10
4213600.000000 4024446.875000 3752.078125 9 10
4213800.000000 4024446.875000 3497.814697 10 10
4214000.000000 4024446.875000 3243.579834 11 10
4214200.000000 4024446.875000 2989.389893 12 10
4214400.000000 4024446.875000 2735.256836 13 10
4214600.000000 4024446.875000 2481.178223 14 10
4214800.000000 4024446.875000 2227.123047 15 10
4215000.000000 4024446.875000 1973.004517 16 10
4215200.000000 4024446.875000 1718.137817 17 10
4215400.000000 4024446.875000 1462.747803 18 10
4215600.000000 4024446.875000 1206.954468 19 10
4215800.000000 4024446.875000 949.428406 20 10
4216000.000000 4024446.875000 690.532349 21 10
4216200.000000 4024446.875000 431.367401 22 10
4216400.000000 4024446.875000 172.106476 23 10
4216600.000000 4024446.875000 -86.294998 24 10
4216800.000000 4024446.875000 -343.258209 25 10
4217000.000000 4024446.875000 -604.134949 26 10
4217200.000000 4024446.875000 -873.433411 27 10
4217400.000000 4024446.875000 -1167.624268 28 10
4217600.000000 4024446.875000 -1485.622803 29 10
4217800.000000 4024446.875000 -1809.104492 30 10
4218000.000000 4024446.875000 -2123.840820 31 10
4218200.000000 4024446.875000 -2419.072998 32 10
4218400.000000 4024446.875000 -2649.532715 33 10
4218600.000000 4024446.875000 -2774.132324 34 10
4218800.000000 4024446.875000 -2923.751465 35 10
4219000.000000 4024446.875000 -3111.234863 36 10
4219200.000000 4024446.875000 -3278.447754 37 10
4219400.000000 4024446.875000 -3501.162842 38 10
4219600.000000 4024446.875000 -3751.980225 39 10
4219800.000000 4024446.875000 -4003.475586 40 10
4220000.000000 4024446.875000 -4245.509766 41 10
4220200.000000 4024446.875000 -4476.892578 42 10
4212000.000000 4024818.750000 5726.644531 1 11
4212200.000000 4024818.750000 5472.371582 2 11
4212400.000000 4024818.750000 5218.097168 3 11
4212600.000000 4024818.750000 4963.820313 4 11
4212800.000000 4024818.750000 4709.541016 5 11
4213000.000000 4024818.750000 4455.259277 6 11
4213200.000000 4024818.750000 4200.975586 7 11
4213400.000000 4024818.750000 3947.192139 8 11
4213600.000000 4024818.750000 3692.916504 9 11
4213800.000000 4024818.750000 3438.648926 10 11
4214000.000000 4024818.750000 3184.420410 11 11
4214200.000000 4024818.750000 2930.237305 12 11
4214400.000000 4024818.750000 2676.109131 13 11
4214600.000000 4024818.750000 2422.026611 14 11
4214800.000000 4024818.750000 2167.944336 15 11
4215000.000000 4024818.750000 1913.752075 16 11
4215200.000000 4024818.750000 1658.739136 17 11
4215400.000000 4024818.750000 1403.562500 18 11
4215600.000000 4024818.750000 1146.830444 19 11
4215800.000000 4024818.750000 888.682556 20 11
4216000.000000 4024818.750000 628.978882 21 11
4216200.000000 4024818.750000 368.794983 22 11
4216400.000000 4024818.750000 108.171753 23 11
4216600.000000 4024818.750000 -151.271683 24 11
4216800.000000 4024818.750000 -410.524780 25 11
4217000.000000 4024818.750000 -675.650574 26 11
4217200.000000 4024818.750000 -952.378235 27 11
4217400.000000 4024818.750000 -1259.027954 28 11
4217600.000000 4024818.750000 -1584.632324 29 11
4217800.000000 4024818.750000 -1878.889404 30 11
4218000.000000 4024818.750000 -2061.716553 31 11
4218200.000000 4024818.750000 -2197.387695 32 11
4218400.000000 4024818.750000 -2441.677734 33 11
4218600.000000 4024818.750000 -2697.597168 34 11
4218800.000000 4024818.750000 -2939.742188 35 11
4219000.000000 4024818.750000 -3216.503906 36 11
4219200.000000 4024818.750000 -3435.185059 37 11
4219400.000000 4024818.750000 -3645.998535 38 11
4219600.000000 4024818.750000 -3881.066406 39 11
4219800.000000 4024818.750000 -4123.383301 40 11
4220000.000000 4024818.750000 -4361.917969 41 11
4220200.000000 4024818.750000 -4594.089844 42 11
4212000.000000 4025190.625000 5667.465820 1 12
4212200.000000 4025190.625000 5413.192871 2 12
4212400.000000 4025190.625000 5158.918945 3 12
4212600.000000 4025190.625000 4904.642578 4 12
4212800.000000 4025190.625000 4650.363770 5 12
4213000.000000 4025190.625000 4396.082520 6 12
4213200.000000 4025190.625000 4141.799805 7 12
4213400.000000 4025190.625000 3888.018066 8 12
4213600.000000 4025190.625000 3633.744385 9 12
4213800.000000 4025190.625000 3379.479248 10 12
4214000.000000 4025190.625000 3125.253418 11 12
4214200.000000 4025190.625000 2871.072754 12 12
4214400.000000 4025190.625000 2616.943848 13 12
4214600.000000 4025190.625000 2362.851318 14 12
4214800.000000 4025190.625000 2108.739014 15 12
4215000.000000 4025190.625000 1854.479126 16 12
4215200.000000 4025190.625000 1599.335449 17 12
4215400.000000 4025190.625000 1343.935547 18 12
4215600.000000 4025190.625000 1086.860107 19 12
4215800.000000 4025190.625000 828.229553 20 12
4216000.000000 4025190.625000 567.886169 21 12
4216200.000000 4025190.625000 306.854858 22 12
4216400.000000 4025190.625000 45.534580 23 12
4216600.000000 4025190.625000 -215.721893 24 12
4216800.000000 4025190.625000 -476.800751 25 12
4217000.000000 4025190.625000 -745.477234 26 12
4217200.000000 4025190.625000 -1028.662964 27 12
4217400.000000 4025190.625000 -1344.976929 28 12
4217600.000000 4025190.625000 -1678.313721 29 12
4217800.000000 4025190.625000 -1948.496582 30 12
4218000.000000 4025190.625000 -2034.893433 31 12
4218200.000000 4025190.625000 -2116.091797 32 12
4218400.000000 4025190.625000 -2416.155762 33 12
4218600.000000 4025190.625000 -2740.835938 34 12
4218800.000000 4025190.625000 -2960.395996 35 12
4219000.000000 4025190.625000 -3287.160889 36 12
4219200.000000 4025190.625000 -3577.893799 37 12
4219400.000000 4025190.625000 -3797.879883 38 12
4219600.000000 4025190.625000 -4021.623535 39 12
4219800.000000 4025190.625000 -4252.358398 40 12
4220000.000000 4025190.625000 -4483.854492 41 12
4220200.000000 4025190.625000 -4715.889160 42 12
4212000.000000 4025562.500000 5608.288086 1 13
4212200.000000 4025562.500000 5354.015137 2 13
4212400.000000 4025562.500000 5099.741211 3 13
4212600.000000 4025562.500000 4845.465332 4 13
4212800.000000 4025562.500000 4591.187012 5 13
4213000.000000 4025562.500000 4336.906250 6 13
4213200.000000 4025562.500000 4082.624268 7 13
4213400.000000 4025562.500000 3828.843018 8 13
4213600.000000 4025562.500000 3574.569580 9 13
4213800.000000 4025562.500000 3320.313232 10 13
4214000.000000 4025562.500000 3066.078857 11 13
4214200.000000 4025562.500000 2811.896729 12 13
4214400.000000 4025562.500000 2557.763184 13 13
4214600.000000 4025562.500000 2303.658936 14 13
4214800.000000 4025562.500000 2049.521973 15 13
4215000.000000 4025562.500000 1795.214600 16 13
4215200.000000 4025562.500000 1539.988525 17 13
4215400.000000 4025562.500000 1284.465088 18 13
4215600.000000 4025562.500000 1027.184326 19 13
4215800.000000 4025562.500000 768.274902 20 13
4216000.000000 4025562.500000 507.543823 21 13
4216200.000000 4025562.500000 245.965607 22 13
4216400.000000 4025562.500000 -16.141445 23 13
4216600.000000 4025562.500000 -278.000275 24 13
4216800.000000 4025562.500000 -540.432617 25 13
4217000.000000 4025562.500000 -810.229736 26 13
4217200.000000 4025562.500000 -1093.482056 27 13
4217400.000000 4025562.500000 -1406.411499 28 13
4217600.000000 4025562.500000 -1730.940430 29 13
4217800.000000 4025562.500000 -1989.881714 30 13
4218000.000000 4025562.500000 -2089.416016 31 13
4218200.000000 4025562.500000 -2249.841553 32 13
4218400.000000 4025562.500000 -2543.973145 33 13
4218600.000000 4025562.500000 -2795.183105 34 13
4218800.000000 4025562.500000 -2979.389648 35 13
4219000.000000 4025562.500000 -3348.654541 36 13
4219200.000000 4025562.500000 -3698.247070 37 13
4219400.000000 4025562.500000 -3934.285156 38 13
4219600.000000 4025562.500000 -4148.493164 39 13
4219800.000000 4025562.500000 -4370.135254 40 13
4220000.000000 4025562.500000 -4598.242188 41 13
4220200.000000 4025562.500000 -4830.896973 42 13
4212000.000000 4025934.375000 5549.118652 1 14
4212200.000000 4025934.375000 5294.837891 2 14
4212400.000000 4025934.375000 5040.563965 3 14
4212600.000000 4025934.375000 4786.288574 4 14
4212800.000000 4025934.375000 4532.010742 5 14
4213000.000000 4025934.375000 4277.730469 6 14
4213200.000000 4025934.375000 4023.448242 7 14
4213400.000000 4025934.375000 3769.666992 8 14
4213600.000000 4025934.375000 3515.392822 9 14
4213800.000000 4025934.375000 3261.135010 10 14
4214000.000000 4025934.375000 3006.906250 11 14
4214200.000000 4025934.375000 2752.711182 12 14
4214400.000000 4025934.375000 2498.570313 13 14
4214600.000000 4025934.375000 2244.455566 14 14
4214800.000000 4025934.375000 1990.304077 15 14
4215000.000000 4025934.375000 1735.978516 16 14
4215200.000000 4025934.375000 1480.732544 17 14
4215400.000000 4025934.375000 1225.189453 18 14
4215600.000000 4025934.375000 967.888123 19 14
4215800.000000 4025934.375000 708.944397 20 14
4216000.000000 4025934.375000 448.136963 21 14
4216200.000000 4025934.375000 186.405136 22 14
4216400.000000 4025934.375000 -75.930367 23 14
4216600.000000 4025934.375000 -337.958862 24 14
4216800.000000 4025934.375000 -600.583069 25 14
4217000.000000 4025934.375000 -868.680054 26 14
4217200.000000 4025934.375000 -1146.201660 27 14
4217400.000000 4025934.375000 -1446.041748 28 14
4217600.000000 4025934.375000 -1746.523315 29 14
4217800.000000 4025934.375000 -1990.954224 30 14
4218000.000000 4025934.375000 -2146.931641 31 14
4218200.000000 4025934.375000 -2361.695557 32 14
4218400.000000 4025934.375000 -2632.714111 33 14
4218600.000000 4025934.375000 -2862.674072 34 14
4218800.000000 4025934.375000 -3077.472900 35 14
4219000.000000 4025934.375000 -3411.724609 36 14
4219200.000000 4025934.375000 -3742.826172 37 14
4219400.000000 4025934.375000 -4000.445068 38 14
4219600.000000 4025934.375000 -4232.272461 39 14
4219800.000000 4025934.375000 -4461.161621 40 14
4220000.000000 4025934.375000 -4692.858398 41 14
4220200.000000 4025934.375000 -4929.825684 42 14
4212000.000000 4026306.250000 5489.941406 1 15
4212200.000000 4026306.250000 5235.668457 2 15
4212400.000000 4026306.250000 4981.386719 3 15
4212600.000000 4026306.250000 4727.111816 4 15
4212800.000000 4026306.250000 4472.833984 5 15
4213000.000000 4026306.250000 4218.554199 6 15
4213200.000000 4026306.250000 3964.271973 7 15
4213400.000000 4026306.250000 3710.489990 8 15
4213600.000000 4026306.250000 3456.214355 9 15
4213800.000000 4026306.250000 3201.953369 10 15
4214000.000000 4026306.250000 2947.719971 11 15
4214200.000000 4026306.250000 2693.517822 12 15
4214400.000000 4026306.250000 2439.368164 13 15
4214600.000000 4026306.250000 2185.245117 14 15
4214800.000000 4026306.250000 1931.090454 15 15
4215000.000000 4026306.250000 1676.777466 16 15
4215200.000000 4026306.250000 1421.575195 17 15
4215400.000000 4026306.250000 1166.126221 18 15
4215600.000000 4026306.250000 908.983948 19 15
4215800.000000 4026306.250000 650.260925 20 15
4216000.000000 4026306.250000 389.709503 21 15
4216200.000000 4026306.250000 128.246262 22 15
4216400.000000 4026306.250000 -133.755417 23 15
4216600.000000 4026306.250000 -396.153351 24 15
4216800.000000 4026306.250000 -658.367615 25 15
4217000.000000 4026306.250000 -924.601074 26 15
4217200.000000 4026306.250000 -1196.832031 27 15
4217400.000000 4026306.250000 -1487.612915 28 15
4217600.000000 4026306.250000 -1781.155640 29 15
4217800.000000 4026306.250000 -2048.289063 30 15
4218000.000000 4026306.250000 -2260.994629 31 15
4218200.000000 4026306.250000 -2442.820801 32 15
4218400.000000 4026306.250000 -2658.102783 33 15
4218600.000000 4026306.250000 -2901.169434 34 15
4218800.000000 4026306.250000 -3157.592773 35 15
4219000.000000 4026306.250000 -3461.604980 36 15
4219200.000000 4026306.250000 -3766.855469 37 15
4219400.000000 4026306.250000 -4037.395996 38 15
4219600.000000 4026306.250000 -4285.931641 39 15
4219800.000000 4026306.250000 -4526.788574 40 15
4220000.000000 4026306.250000 -4766.596680 41 15
4220200.000000 4026306.250000 -5010.297363 42 15
4212000.000000 4026678.125000 5430.763672 1 16
4212200.000000 4026678.125000 5176.491211 2 16
4212400.000000 4026678.125000 4922.209961 3 16
4212600.000000 4026678.125000 4667.935059 4 16
4212800.000000 4026678.125000 4413.657715 5 16
4213000.000000 4026678.125000 4159.377930 6 16
4213200.000000 4026678.125000 3905.095459 7 16
4213400.000000 4026678.125000 3651.312500 8 16
4213600.000000 4026678.125000 3397.034668 9 16
4213800.000000 4026678.125000 3142.769531 10 16
4214000.000000 4026678.125000 2888.529541 11 16
4214200.000000 4026678.125000 2634.326660 12 16
4214400.000000 4026678.125000 2380.158203 13 16
4214600.000000 4026678.125000 2126.028076 14 16
4214800.000000 4026678.125000 1871.879395 15 16
4215000.000000 4026678.125000 1617.602905 16 16
4215200.000000 4026678.125000 1362.495239 17 16
4215400.000000 4026678.125000 1107.234985 18 16
4215600.000000 4026678.125000 850.415283 19 16
4215800.000000 4026678.125000 592.133850 20 16
4216000.000000 4026678.125000 332.647522 21 16
4216200.000000 4026678.125000 71.845695 22 16
4216400.000000 4026678.125000 -189.841599 23 16
4216600.000000 4026678.125000 -452.049500 24 16
4216800.000000 4026678.125000 -713.800720 25 16
4217000.000000 4026678.125000 -978.335205 26 16
4217200.000000 4026678.125000 -1246.089478 27 16
4217400.000000 4026678.125000 -1527.605957 28 16
4217600.000000 4026678.125000 -1811.683960 29 16
4217800.000000 4026678.125000 -2075.352539 30 16
4218000.000000 4026678.125000 -2299.686768 31 16
4218200.000000 4026678.125000 -2476.603271 32 16
4218400.000000 4026678.125000 -2685.685059 33 16
4218600.000000 4026678.125000 -2941.465332 34 16
4218800.000000 4026678.125000 -3214.454102 35 16
4219000.000000 4026678.125000 -3505.197510 36 16
4219200.000000 4026678.125000 -3793.494385 37 16
4219400.000000 4026678.125000 -4065.951660 38 16
4219600.000000 4026678.125000 -4324.523438 39 16
4219800.000000 4026678.125000 -4575.653320 40 16
4220000.000000 4026678.125000 -4824.635254 41 16
4220200.000000 4026678.125000 -5075.495117 42 16
4212000.000000 4027050.000000 5371.585938 1 17
4212200.000000 4027050.000000 5117.313477 2 17
4212400.000000 4027050.000000 4863.040527 3 17
4212600.000000 4027050.000000 4608.758301 4 17
4212800.000000 4027050.000000 4354.481445 5 17
4213000.000000 4027050.000000 4100.201660 6 17
4213200.000000 4027050.000000 3845.918945 7 17
4213400.000000 4027050.000000 3592.134766 8 17
4213600.000000 4027050.000000 3337.854248 9 17
4213800.000000 4027050.000000 3083.584717 10 17
4214000.000000 4027050.000000 2829.336670 11 17
4214200.000000 4027050.000000 2575.122803 12 17
4214400.000000 4027050.000000 2320.942139 13 17
4214600.000000 4027050.000000 2066.803955 14 17
4214800.000000 4027050.000000 1812.663818 15 17
4215000.000000 4027050.000000 1558.434814 16 17
4215200.000000 4027050.000000 1303.450073 17 17
4215400.000000 4027050.000000 1048.435913 18 17
4215600.000000 4027050.000000 792.034424 19 17
4215800.000000 4027050.000000 534.877991 20 17
4216000.000000 4027050.000000 276.192139 21 17
4216200.000000 4027050.000000 16.369198 22 17
4216400.000000 4027050.000000 -244.139023 23 17
4216600.000000 4027050.000000 -505.817230 24 17
4216800.000000 4027050.000000 -767.929138 25 17
4217000.000000 4027050.000000 -1030.999878 26 17
4217200.000000 4027050.000000 -1295.003906 27 17
4217400.000000 4027050.000000 -1566.578613 28 17
4217600.000000 4027050.000000 -1839.178711 29 17
4217800.000000 4027050.000000 -2097.122314 30 17
4218000.000000 4027050.000000 -2326.412109 31 17
4218200.000000 4027050.000000 -2528.339600 32 17
4218400.000000 4027050.000000 -2746.904541 33 17
4218600.000000 4027050.000000 -2999.018311 34 17
4218800.000000 4027050.000000 -3268.410400 35 17
4219000.000000 4027050.000000 -3547.133789 36 17
4219200.000000 4027050.000000 -3823.704102 37 17
4219400.000000 4027050.000000 -4092.654785 38 17
4219600.000000 4027050.000000 -4355.349609 39 17
4219800.000000 4027050.000000 -4614.713379 40 17
4220000.000000 4027050.000000 -4872.106934 41 17
4220200.000000 4027050.000000 -5129.786133 42 17
4212000.000000 4027421.875000 5312.407227 1 18
4212200.000000 4027421.875000 5058.135254 2 18
4212400.000000 4027421.875000 4803.862793 3 18
4212600.000000 4027421.875000 4549.581055 4 18
4212800.000000 4027421.875000 4295.304688 5 18
4213000.000000 4027421.875000 4041.025146 6 18
4213200.000000 4027421.875000 3786.742676 7 18
4213400.000000 4027421.875000 3532.957520 8 18
4213600.000000 4027421.875000 3278.674316 9 18
4213800.000000 4027421.875000 3024.399414 10 18
4214000.000000 4027421.875000 2770.142822 11 18
4214200.000000 4027421.875000 2515.417236 12 18
4214400.000000 4027421.875000 2261.729248 13 18
4214600.000000 4027421.875000 2007.571289 14 18
4214800.000000 4027421.875000 1753.435547 15 18
4215000.000000 4027421.875000 1499.250732 16 18
4215200.000000 4027421.875000 1244.389282 17 18
4215400.000000 4027421.875000 989.632935 18 18
4215600.000000 4027421.875000 733.685120 19 18
4215800.000000 4027421.875000 477.223969 20 18
4216000.000000 4027421.875000 219.485733 21 18
4216200.000000 4027421.875000 -39.153316 22 18
4216400.000000 4027421.875000 -298.232391 23 18
4216600.000000 4027421.875000 -558.701599 24 18
4216800.000000 4027421.875000 -819.707214 25 18
4217000.000000 4027421.875000 -1081.269409 26 18
4217200.000000 4027421.875000 -1343.065674 27 18
4217400.000000 4027421.875000 -1607.234863 28 18
4217600.000000 4027421.875000 -1871.097534 29 18
4217800.000000 4027421.875000 -2124.793213 30 18
4218000.000000 4027421.875000 -2361.654053 31 18
4218200.000000 4027421.875000 -2584.052002 32 18
4218400.000000 4027421.875000 -2813.233398 33 18
4218600.000000 4027421.875000 -3062.448242 34 18
4218800.000000 4027421.875000 -3324.977539 35 18
4219000.000000 4027421.875000 -3593.995605 36 18
4219200.000000 4027421.875000 -3862.391357 37 18
4219400.000000 4027421.875000 -4128.092773 38 18
4219600.000000 4027421.875000 -4391.482910 39 18
4219800.000000 4027421.875000 -4654.756836 40 18
4220000.000000 4027421.875000 -4916.946289 41 18
4220200.000000 4027421.875000 -5179.221680 42 18
4212000.000000 4027793.750000 5253.228027 1 19
4212200.000000 4027793.750000 4998.956543 2 19
4212400.000000 4027793.750000 4744.684570 3 19
4212600.000000 4027793.750000 4490.411133 4 19
4212800.000000 4027793.750000 4236.127441 5 19
4213000.000000 4027793.750000 3981.848877 6 19
4213200.000000 4027793.750000 3727.566406 7 19
4213400.000000 4027793.750000 3473.780762 8 19
4213600.000000 4027793.750000 3219.495361 9 19
4213800.000000 4027793.750000 2965.215576 10 19
4214000.000000 4027793.750000 2710.949951 11 19
4214200.000000 4027793.750000 2456.210693 12 19
4214400.000000 4027793.750000 2202.505615 13 19
4214600.000000 4027793.750000 1948.331055 14 19
4214800.000000 4027793.750000 1694.190796 15 19
4215000.000000 4027793.750000 1440.035156 16 19
4215200.000000 4027793.750000 1185.773193 17 19
4215400.000000 4027793.750000 930.744385 18 19
4215600.000000 4027793.750000 675.217346 19 19
4215800.000000 4027793.750000 419.431000 20 19
4216000.000000 4027793.750000 162.661636 21 19
4216200.000000 4027793.750000 -94.739410 22 19
4216400.000000 4027793.750000 -352.796021 23 19
4216600.000000 4027793.750000 -611.971130 24 19
4216800.000000 4027793.750000 -871.443970 25 19
4217000.000000 4027793.750000 -1131.885986 26 19
4217200.000000 4027793.750000 -1391.823486 27 19
4217400.000000 4027793.750000 -1651.880981 28 19
4217600.000000 4027793.750000 -1910.025024 29 19
4217800.000000 4027793.750000 -2161.221191 30 19
4218000.000000 4027793.750000 -2403.097656 31 19
4218200.000000 4027793.750000 -2638.258057 32 19
4218400.000000 4027793.750000 -2876.693359 33 19
4218600.000000 4027793.750000 -3125.899414 34 19
4218800.000000 4027793.750000 -3383.638184 35 19
4219000.000000 4027793.750000 -3646.044678 36 19
4219200.000000 4027793.750000 -3909.548584 37 19
4219400.000000 4027793.750000 -4172.688965 38 19
4219600.000000 4027793.750000 -4436.313477 39 19
4219800.000000 4027793.750000 -4700.558105 40 19
4220000.000000 4027793.750000 -4964.330566 41 19
4220200.000000 4027793.750000 -5228.211914 42 19
4212000.000000 4028165.625000 5194.047852 1 20
4212200.000000 4028165.625000 4939.776367 2 20
4212400.000000 4028165.625000 4685.505371 3 20
4212600.000000 4028165.625000 4431.232910 4 20
4212800.000000 4028165.625000 4176.958496 5 20
4213000.000000 4028165.625000 3922.672119 6 20
4213200.000000 4028165.625000 3668.390625 7 20
4213400.000000 4028165.625000 3414.604736 8 20
4213600.000000 4028165.625000 3160.317871 9 20
4213800.000000 4028165.625000 2906.033691 10 20
4214000.000000 4028165.625000 2651.759766 11 20
4214200.000000 4028165.625000 2397.006592 12 20
4214400.000000 4028165.625000 2143.282715 13 20
4214600.000000 4028165.625000 1889.095459 14 20
4214800.000000 4028165.625000 1634.932251 15 20
4215000.000000 4028165.625000 1380.785645 16 20
4215200.000000 4028165.625000 1126.587646 17 20
4215400.000000 4028165.625000 872.226624 18 20
4215600.000000 4028165.625000 617.036926 19 20
4215800.000000 4028165.625000 361.322784 20 20
4216000.000000 4028165.625000 105.406975 21 20
4216200.000000 4028165.625000 -150.829956 22 20
4216400.000000 4028165.625000 -407.937408 23 20
4216600.000000 4028165.625000 -665.377991 24 20
4216800.000000 4028165.625000 -923.425415 25 20
4217000.000000 4028165.625000 -1182.487183 26 20
4217200.000000 4028165.625000 -1440.465454 27 20
4217400.000000 4028165.625000 -1698.504761 28 20
4217600.000000 4028165.625000 -1954.017822 29 20
4217800.000000 4028165.625000 -2204.764160 30 20
4218000.000000 4028165.625000 -2450.816162 31 20
4218200.000000 4028165.625000 -2693.153320 32 20
4218400.000000 4028165.625000 -2937.484863 33 20
4218600.000000 4028165.625000 -3187.476563 34 20
4218800.000000 4028165.625000 -3442.665771 35 20
4219000.000000 4028165.625000 -3701.422363 36 20
4219200.000000 4028165.625000 -3962.213623 37 20
4219400.000000 4028165.625000 -4223.753906 38 20
4219600.000000 4028165.625000 -4486.521484 39 20
4219800.000000 4028165.625000 -4750.411621 40 20
4220000.000000 4028165.625000 -5014.446777 41 20
4220200.000000 4028165.625000 -5278.739746 42 20
4212000.000000 4028537.500000 5134.866211 1 21
4212200.000000 4028537.500000 4880.595215 2 21
4212400.000000 4028537.500000 4626.324707 3 21
4212600.000000 4028537.500000 4372.053223 4 21
4212800.000000 4028537.500000 4117.779785 5 21
4213000.000000 4028537.500000 3863.495117 6 21
4213200.000000 4028537.500000 3609.214600 7 21
4213400.000000 4028537.500000 3355.429443 8 21
4213600.000000 4028537.500000 3101.141846 9 21
4213800.000000 4028537.500000 2846.854492 10 21
4214000.000000 4028537.500000 2592.573242 11 21
4214200.000000 4028537.500000 2337.807617 12 21
4214400.000000 4028537.500000 2084.064697 13 21
4214600.000000 4028537.500000 1829.854004 14 21
4214800.000000 4028537.500000 1575.676392 15 21
4215000.000000 4028537.500000 1321.511841 16 21
4215200.000000 4028537.500000 1067.340820 17 21
4215400.000000 4028537.500000 813.082153 18 21
4215600.000000 4028537.500000 558.623779 19 21
4215800.000000 4028537.500000 303.331573 20 21
4216000.000000 4028537.500000 47.580349 21 21
4216200.000000 4028537.500000 -207.716675 22 21
4216400.000000 4028537.500000 -463.594177 23 21
4216600.000000 4028537.500000 -719.528870 24 21
4216800.000000 4028537.500000 -976.376770 25 21
4217000.000000 4028537.500000 -1233.763794 26 21
4217200.000000 4028537.500000 -1490.466919 27 21
4217400.000000 4028537.500000 -1747.078857 28 21
4217600.000000 4028537.500000 -2001.850342 29 21
4217800.000000 4028537.500000 -2253.651123 30 21
4218000.000000 4028537.500000 -2502.712402 31 21
4218200.000000 4028537.500000 -2749.623779 32 21
4218400.000000 4028537.500000 -2997.257813 33 21
4218600.000000 4028537.500000 -3248.260498 34 21
4218800.000000 4028537.500000 -3502.146484 35 21
4219000.000000 4028537.500000 -3759.511230 36 21
4219200.000000 4028537.500000 -4018.506592 37 21
4219400.000000 4028537.500000 -4278.842773 38 21
4219600.000000 4028537.500000 -4540.708496 39 21
4219800.000000 4028537.500000 -4803.941406 40 21
4220000.000000 4028537.500000 -5067.323730 41 21
4220200.000000 4028537.500000 -5331.672363 42 21
4212000.000000 4028909.375000 5075.683105 1 22
4212200.000000 4028909.375000 4821.412598 2 22
4212400.000000 4028909.375000 4567.143066 3 22
4212600.000000 4028909.375000 4312.872559 4 22
4212800.000000 4028909.375000 4058.600586 5 22
4213000.000000 4028909.375000 3804.325684 6 22
4213200.000000 4028909.375000 3550.038574 7 22
4213400.000000 4028909.375000 3296.254639 8 22
4213600.000000 4028909.375000 3041.967285 9 22
4213800.000000 4028909.375000 2787.678223 10 22
4214000.000000 4028909.375000 2533.391846 11 22
4214200.000000 4028909.375000 2278.615479 12 22
4214400.000000 4028909.375000 2024.855469 13 22
4214600.000000 4028909.375000 1770.621338 14 22
4214800.000000 4028909.375000 1516.417114 15 22
4215000.000000 4028909.375000 1262.230225 16 22
4215200.000000 4028909.375000 1008.056885 17 22
4215400.000000 4028909.375000 753.843506 18 22
4215600.000000 4028909.375000 499.518005 19 22
4215800.000000 4028909.375000 244.493683 20 22
4216000.000000 4028909.375000 -10.809382 21 22
4216200.000000 4028909.375000 -265.442902 22 22
4216400.000000 4028909.375000 -520.419678 23 22
4216600.000000 4028909.375000 -775.215820 24 22
4216800.000000 4028909.375000 -1030.740845 25 22
4217000.000000 4028909.375000 -1286.773315 26 22
4217200.000000 4028909.375000 -1542.908813 27 22
4217400.000000 4028909.375000 -1798.581177 28 22
4217600.000000 4028909.375000 -2053.331543 29 22
4217800.000000 4028909.375000 -2306.076660 30 22
4218000.000000 4028909.375000 -2557.265625 31 22
4218200.000000 4028909.375000 -2806.875244 32 22
4218400.000000 4028909.375000 -3057.031006 33 22
4218600.000000 4028909.375000 -3308.493652 34 22
4218800.000000 4028909.375000 -3562.383301 35 22
4219000.000000 4028909.375000 -3818.166748 36 22
4219200.000000 4028909.375000 -4075.943848 37 22
4219400.000000 4028909.375000 -4335.323242 38 22
4219600.000000 4028909.375000 -4596.225098 39 22
4219800.000000 4028909.375000 -4859.012207 40 22
4220000.000000 4028909.375000 -5122.337891 41 22
4220200.000000 4028909.375000 -5385.852539 42 22
4212000.000000 4029281.250000 5016.498047 1 23
4212200.000000 4029281.250000 4762.228516 2 23
4212400.000000 4029281.250000 4507.959473 3 23
4212600.000000 4029281.250000 4253.690430 4 23
4212800.000000 4029281.250000 3999.419678 5 23
4213000.000000 4029281.250000 3745.146729 6 23
4213200.000000 4029281.250000 3490.869873 7 23
4213400.000000 4029281.250000 3237.079590 8 23
4213600.000000 4029281.250000 2982.793945 9 23
4213800.000000 4029281.250000 2728.504639 10 23
4214000.000000 4029281.250000 2474.215088 11 23
4214200.000000 4029281.250000 2219.430908 12 23
4214400.000000 4029281.250000 1965.657104 13 23
4214600.000000 4029281.250000 1711.402344 14 23
4214800.000000 4029281.250000 1457.171509 15 23
4215000.000000 4029281.250000 1202.964966 16 23
4215200.000000 4029281.250000 948.763367 17 23
4215400.000000 4029281.250000 694.555786 18 23
4215600.000000 4029281.250000 440.288055 19 23
4215800.000000 4029281.250000 185.905304 20 23
4216000.000000 4029281.250000 -69.139252 21 23
4216200.000000 4029281.250000 -323.870972 22 23
4216400.000000 4029281.250000 -578.284973 23 23
4216600.000000 4029281.250000 -832.350159 24 23
4216800.000000 4029281.250000 -1087.501587 25 23
4217000.000000 4029281.250000 -1342.617065 26 23
4217200.000000 4029281.250000 -1597.987549 27 23
4217400.000000 4029281.250000 -1852.807495 28 23
4217600.000000 4029281.250000 -2107.336182 29 23
4217800.000000 4029281.250000 -2361.034912 30 23
4218000.000000 4029281.250000 -2613.695068 31 23
4218200.000000 4029281.250000 -2865.372559 32 23
4218400.000000 4029281.250000 -3116.735596 33 23
4218600.000000 4029281.250000 -3368.738037 34 23
4218800.000000 4029281.250000 -3622.462646 35 23
4219000.000000 4029281.250000 -3878.059570 36 23
4219200.000000 4029281.250000 -4134.937500 37 23
4219400.000000 4029281.250000 -4393.517578 38 23
4219600.000000 4029281.250000 -4653.425781 39 23
4219800.000000 4029281.250000 -4915.573242 40 23
4220000.000000 4029281.250000 -5178.043945 41 23
4220200.000000 4029281.250000 -5440.937500 42 23
4212000.000000 4029653.125000 4957.311523 1 24
4212200.000000 4029653.125000 4703.042480 2 24
4212400.000000 4029653.125000 4448.774414 3 24
4212600.000000 4029653.125000 4194.506348 4 24
4212800.000000 4029653.125000 3940.237305 5 24
4213000.000000 4029653.125000 3685.966064 6 24
4213200.000000 4029653.125000 3431.691650 7 24
4213400.000000 4029653.125000 3177.912354 8 24
4213600.000000 4029653.125000 2923.620605 9 24
4213800.000000 4029653.125000 2669.332764 10 24
4214000.000000 4029653.125000 2415.042480 11 24
4214200.000000 4029653.125000 2160.253906 12 24
4214400.000000 4029653.125000 1906.469971 13 24
4214600.000000 4029653.125000 1652.198730 14 24
4214800.000000 4029653.125000 1397.944946 15 24
4215000.000000 4029653.125000 1143.710693 16 24
4215200.000000 4029653.125000 889.482422 17 24
4215400.000000 4029653.125000 635.259399 18 24
4215600.000000 4029653.125000 381.003845 19 24
4215800.000000 4029653.125000 126.680138 20 24
4216000.000000 4029653.125000 -127.740463 21 24
4216200.000000 4029653.125000 -382.267548 22 24
4216400.000000 4029653.125000 -636.387146 23 24
4216600.000000 4029653.125000 -890.563416 24 24
4216800.000000 4029653.125000 -1145.244385 25 24
4217000.000000 4029653.125000 -1399.858154 26 24
4217200.000000 4029653.125000 -1654.806396 27 24
4217400.000000 4029653.125000 -1909.442505 28 24
4217600.000000 4029653.125000 -2164.170410 29 24
4217800.000000 4029653.125000 -2417.999023 30 24
4218000.000000 4029653.125000 -2671.604492 31 24
4218200.000000 4029653.125000 -2924.314453 32 24
4218400.000000 4029653.125000 -3176.990479 33 24
4218600.000000 4029653.125000 -3429.873779 34 24
4218800.000000 4029653.125000 -3683.470215 35 24
4219000.000000 4029653.125000 -3938.542725 36 24
4219200.000000 4029653.125000 -4194.715332 37 24
4219400.000000 4029653.125000 -4452.637695 38 24
4219600.000000 4029653.125000 -4711.590332 39 24
4219800.000000 4029653.125000 -4972.527344 40 24
4220000.000000 4029653.125000 -5234.002441 41 24
4220200.000000 4029653.125000 -5496.071289 42 24
4212000.000000 4030025.000000 4898.123047 1 25
4212200.000000 4030025.000000 4643.854980 2 25
4212400.000000 4030025.000000 4389.587402 3 25
4212600.000000 4030025.000000 4135.320313 4 25
4212800.000000 4030025.000000 3881.052734 5 25
4213000.000000 4030025.000000 3626.783447 6 25
4213200.000000 4030025.000000 3372.511475 7 25
4213400.000000 4030025.000000 3118.735107 8 25
4213600.000000 4030025.000000 2864.446533 9 25
4213800.000000 4030025.000000 2610.161377 10 25
4214000.000000 4030025.000000 2355.872559 11 25
4214200.000000 4030025.000000 2101.581543 12 25
4214400.000000 4030025.000000 1847.292603 13 25
4214600.000000 4030025.000000 1593.009888 14 25
4214800.000000 4030025.000000 1338.738525 15 25
4215000.000000 4030025.000000 1084.481079 16 25
4215200.000000 4030025.000000 830.235229 17 25
4215400.000000 4030025.000000 575.981934 18 25
4215600.000000 4030025.000000 321.717712 19 25
4215800.000000 4030025.000000 67.409767 20 25
4216000.000000 4030025.000000 -186.961487 21 25
4216200.000000 4030025.000000 -441.400665 22 25
4216400.000000 4030025.000000 -695.392883 23 25
4216600.000000 4030025.000000 -949.404236 24 25
4216800.000000 4030025.000000 -1203.890381 25 25
4217000.000000 4030025.000000 -1458.303223 26 25
4217200.000000 4030025.000000 -1713.097656 27 25
4217400.000000 4030025.000000 -1967.707397 28 25
4217600.000000 4030025.000000 -2222.114746 29 25
4217800.000000 4030025.000000 -2476.352295 30 25
4218000.000000 4030025.000000 -2730.535645 31 25
4218200.000000 4030025.000000 -2983.846436 32 25
4218400.000000 4030025.000000 -3236.966797 33 25
4218600.000000 4030025.000000 -3490.500732 34 25
4218800.000000 4030025.000000 -3744.416504 35 25
4219000.000000 4030025.000000 -3999.051758 36 25
4219200.000000 4030025.000000 -4254.677246 37 25
4219400.000000 4030025.000000 -4511.597168 38 25
4219600.000000 4030025.000000 -4769.690918 39 25
4219800.000000 4030025.000000 -5029.440430 40 25
4220000.000000 4030025.000000 -5289.880371 41 25
4220200.000000 4030025.000000 -5550.547852 42 25
4212000.000000 4030396.875000 4838.932617 1 26
4212200.000000 4030396.875000 4584.665039 2 26
4212400.000000 4030396.875000 4330.398438 3 26
4212600.000000 4030396.875000 4076.132324 4 26
4212800.000000 4030396.875000 3821.866211 5 26
4213000.000000 4030396.875000 3567.598633 6 26
4213200.000000 4030396.875000 3313.329102 7 26
4213400.000000 4030396.875000 3059.555908 8 26
4213600.000000 4030396.875000 2805.279053 9 26
4213800.000000 4030396.875000 2550.989258 10 26
4214000.000000 4030396.875000 2296.703125 11 26
4214200.000000 4030396.875000 2042.413330 12 26
4214400.000000 4030396.875000 1788.122192 13 26
4214600.000000 4030396.875000 1533.833252 14 26
4214800.000000 4030396.875000 1279.550171 15 26
4215000.000000 4030396.875000 1025.275757 16 26
4215200.000000 4030396.875000 771.009460 17 26
4215400.000000 4030396.875000 516.744446 18 26
4215600.000000 4030396.875000 262.458649 19 26
4215800.000000 4030396.875000 8.150771 20 26
4216000.000000 4030396.875000 -246.202805 21 26
4216200.000000 4030396.875000 -500.606689 22 26
4216400.000000 4030396.875000 -754.550293 23 26
4216600.000000 4030396.875000 -1008.506531 24 26
4216800.000000 4030396.875000 -1262.938965 25 26
4217000.000000 4030396.875000 -1517.311401 26 26
4217200.000000 4030396.875000 -1772.092163 27 26
4217400.000000 4030396.875000 -2026.772461 28 26
4217600.000000 4030396.875000 -2281.339355 29 26
4217800.000000 4030396.875000 -2535.838623 30 26
4218000.000000 4030396.875000 -2790.345459 31 26
4218200.000000 4030396.875000 -3043.958496 32 26
4218400.000000 4030396.875000 -3297.262451 33 26
4218600.000000 4030396.875000 -3550.790039 34 26
4218800.000000 4030396.875000 -3804.999512 35 26
4219000.000000 4030396.875000 -4059.285889 36 26
4219200.000000 4030396.875000 -4314.516113 37 26
4219400.000000 4030396.875000 -4570.590332 38 26
4219600.000000 4030396.875000 -4827.935059 39 26
4219800.000000 4030396.875000 -5086.562988 40 26
4220000.000000 4030396.875000 -5345.986816 41 26
4220200.000000 4030396.875000 -5605.229980 42 26
4212000.000000 4030768.750000 4779.739746 1 27
4212200.000000 4030768.750000 4525.472656 2 27
4212400.000000 4030768.750000 4271.207031 3 27
4212600.000000 4030768.750000 4016.941895 4 27
4212800.000000 4030768.750000 3762.677002 5 27
4213000.000000 4030768.750000 3508.411377 6 27
4213200.000000 4030768.750000 3254.643311 7 27
4213400.000000 4030768.750000 3000.373535 8 27
4213600.000000 4030768.750000 2746.100342 9 27
4213800.000000 4030768.750000 2492.322266 10 27
4214000.000000 4030768.750000 2238.031738 11 27
4214200.000000 4030768.750000 1983.744995 12 27
4214400.000000 4030768.750000 1728.955811 13 27
4214600.000000 4030768.750000 1474.664795 14 27
4214800.000000 4030768.750000 1220.375732 15 27
4215000.000000 4030768.750000 966.090942 16 27
4215200.000000 4030768.750000 711.810913 17 27
4215400.000000 4030768.750000 457.531555 18 27
4215600.000000 4030768.750000 203.235336 19 27
4215800.000000 4030768.750000 -50.574924 20 27
4216000.000000 4030768.750000 -304.918854 21 27
4216200.000000 4030768.750000 -559.303040 22 27
4216400.000000 4030768.750000 -813.721924 23 27
4216600.000000 4030768.750000 -1068.157471 24 27
4216800.000000 4030768.750000 -1322.083496 25 27
4217000.000000 4030768.750000 -1576.469849 26 27
4217200.000000 4030768.750000 -1831.294067 27 27
4217400.000000 4030768.750000 -2086.055908 28 27
4217600.000000 4030768.750000 -2340.747803 29 27
4217800.000000 4030768.750000 -2595.407715 30 27
4218000.000000 4030768.750000 -2850.082275 31 27
4218200.000000 4030768.750000 -3103.824463 32 27
4218400.000000 4030768.750000 -3357.170410 33 27
4218600.000000 4030768.750000 -3611.123779 34 27
4218800.000000 4030768.750000 -3865.150391 35 27
4219000.000000 4030768.750000 -4119.186035 36 27
4219200.000000 4030768.750000 -4374.158203 37 27
4219400.000000 4030768.750000 -4630.020508 38 27
4219600.000000 4030768.750000 -4886.730469 39 27
4219800.000000 4030768.750000 -5143.805664 40 27
4220000.000000 4030768.750000 -5401.748535 41 27
4220200.000000 4030768.750000 -5660.062988 42 27
4212000.000000 4031140.625000 4720.553223 1 28
4212200.000000 4031140.625000 4466.278320 2 28
4212400.000000 4031140.625000 4212.013184 3 28
4212600.000000 4031140.625000 3957.749023 4 28
4212800.000000 4031140.625000 3703.485107 5 28
4213000.000000 4031140.625000 3449.220947 6 28
4213200.000000 4031140.625000 3195.455078 7 28
4213400.000000 4031140.625000 2941.188232 8 28
4213600.000000 4031140.625000 2686.918457 9 28
4213800.000000 4031140.625000 2433.144287 10 28
4214000.000000 4031140.625000 2178.866455 11 28
4214200.000000 4031140.625000 1924.575806 12 28
4214400.000000 4031140.625000 1669.789917 13 28
4214600.000000 4031140.625000 1415.500366 14 28
4214800.000000 4031140.625000 1161.209961 15 28
4215000.000000 4031140.625000 906.920593 16 28
4215200.000000 4031140.625000 652.633118 17 28
4215400.000000 4031140.625000 398.345520 18 28
4215600.000000 4031140.625000 144.051941 19 28
4215800.000000 4031140.625000 -109.765846 20 28
4216000.000000 4031140.625000 -364.099915 21 28
4216200.000000 4031140.625000 -618.465820 22 28
4216400.000000 4031140.625000 -872.862549 23 28
4216600.000000 4031140.625000 -1127.279663 24 28
4216800.000000 4031140.625000 -1381.698853 25 28
4217000.000000 4031140.625000 -1636.098511 26 28
4217200.000000 4031140.625000 -1890.460571 27 28
4217400.000000 4031140.625000 -2145.275879 28 28
4217600.000000 4031140.625000 -2400.058350 29 28
4217800.000000 4031140.625000 -2654.809570 30 28
4218000.000000 4031140.625000 -2909.065186 31 28
4218200.000000 4031140.625000 -3162.851563 32 28
4218400.000000 4031140.625000 -3416.683838 33 28
4218600.000000 4031140.625000 -3670.558105 34 28
4218800.000000 4031140.625000 -3924.451416 35 28
4219000.000000 4031140.625000 -4178.827148 36 28
4219200.000000 4031140.625000 -4433.648926 37 28
4219400.000000 4031140.625000 -4688.900391 38 28
4219600.000000 4031140.625000 -4944.553223 39 28
4219800.000000 4031140.625000 -5201.124512 40 28
4220000.000000 4031140.625000 -5458.104004 41 28
4220200.000000 4031140.625000 -5715.512207 42 28
4212000.000000 4031512.500000 4661.355469 1 29
4212200.000000 4031512.500000 4407.081543 2 29
4212400.000000 4031512.500000 4152.817383 3 29
4212600.000000 4031512.500000 3898.553711 4 29
4212800.000000 4031512.500000 3644.290771 5 29
4213000.000000 4031512.500000 3390.027832 6 29
4213200.000000 4031512.500000 3136.263916 7 29
4213400.000000 4031512.500000 2881.999268 8 29
4213600.000000 4031512.500000 2627.732422 9 29
4213800.000000 4031512.500000 2373.462891 10 29
4214000.000000 4031512.500000 2119.189697 11 29
4214200.000000 4031512.500000 1864.903809 12 29
4214400.000000 4031512.500000 1610.621948 13 29
4214600.000000 4031512.500000 1356.336182 14 29
4214800.000000 4031512.500000 1102.047852 15 29
4215000.000000 4031512.500000 847.758362 16 29
4215200.000000 4031512.500000 593.468567 17 29
4215400.000000 4031512.500000 339.177795 18 29
4215600.000000 4031512.500000 84.882652 19 29
4215800.000000 4031512.500000 -169.431213 20 29
4216000.000000 4031512.500000 -423.754547 21 29
4216200.000000 4031512.500000 -678.101685 22 29
4216400.000000 4031512.500000 -932.474182 23 29
4216600.000000 4031512.500000 -1186.367920 24 29
4216800.000000 4031512.500000 -1440.770142 25 29
4217000.000000 4031512.500000 -1695.166504 26 29
4217200.000000 4031512.500000 -1949.542480 27 29
4217400.000000 4031512.500000 -2204.388916 28 29
4217600.000000 4031512.500000 -2458.715088 29 29
4217800.000000 4031512.500000 -2713.511719 30 29
4218000.000000 4031512.500000 -2967.801758 31 29
4218200.000000 4031512.500000 -3221.597900 32 29
4218400.000000 4031512.500000 -3475.905029 33 29
4218600.000000 4031512.500000 -3729.720947 34 29
4218800.000000 4031512.500000 -3984.030762 35 29
4219000.000000 4031512.500000 -4238.317383 36 29
4219200.000000 4031512.500000 -4493.063965 37 29
4219400.000000 4031512.500000 -4747.768555 38 29
4219600.000000 4031512.500000 -5002.909668 39 29
4219800.000000 4031512.500000 -5258.497070 40 29
4220000.000000 4031512.500000 -5514.541016 41 29
4220200.000000 4031512.500000 -5771.025879 42 29
4212000.000000 4031884.375000 4601.656738 1 30
4212200.000000 4031884.375000 4347.891113 2 30
4212400.000000 4031884.375000 4093.618896 3 30
4212600.000000 4031884.375000 3839.355957 4 30
4212800.000000 4031884.375000 3585.093994 5 30
4213000.000000 4031884.375000 3330.832031 6 30
4213200.000000 4031884.375000 3077.069580 7 30
4213400.000000 4031884.375000 2822.806885 8 30
4213600.000000 4031884.375000 2568.542969 9 30
4213800.000000 4031884.375000 2314.276855 10 30
4214000.000000 4031884.375000 2060.007813 11 30
4214200.000000 4031884.375000 1805.726807 12 30
4214400.000000 4031884.375000 1551.450195 13 30
4214600.000000 4031884.375000 1297.169556 14 30
4214800.000000 4031884.375000 1042.885620 15 30
4215000.000000 4031884.375000 788.598999 16 30
4215200.000000 4031884.375000 534.310669 17 30
4215400.000000 4031884.375000 280.020508 18 30
4215600.000000 4031884.375000 25.726843 19 30
4215800.000000 4031884.375000 -228.573944 20 30
4216000.000000 4031884.375000 -482.895081 21 30
4216200.000000 4031884.375000 -737.224731 22 30
4216400.000000 4031884.375000 -991.573608 23 30
4216600.000000 4031884.375000 -1245.940186 24 30
4216800.000000 4031884.375000 -1500.318115 25 30
4217000.000000 4031884.375000 -1754.697388 26 30
4217200.000000 4031884.375000 -2009.067383 27 30
4217400.000000 4031884.375000 -2263.420166 28 30
4217600.000000 4031884.375000 -2517.752686 29 30
4217800.000000 4031884.375000 -2772.074951 30 30
4218000.000000 4031884.375000 -3026.375732 31 30
4218200.000000 4031884.375000 -3280.668945 32 30
4218400.000000 4031884.375000 -3534.956543 33 30
4218600.000000 4031884.375000 -3789.236328 34 30
4218800.000000 4031884.375000 -4043.502197 35 30
4219000.000000 4031884.375000 -4297.746094 36 30
4219200.000000 4031884.375000 -4551.962402 37 30
4219400.000000 4031884.375000 -4806.155762 38 30
4219600.000000 4031884.375000 -5060.808594 39 30
4219800.000000 4031884.375000 -5316.429199 40 30
4220000.000000 4031884.375000 -5572.019531 41 30
4220200.000000 4031884.375000 -5827.588867 42 30
4212000.000000 4032256.250000 4541.955566 1 31
4212200.000000 4032256.250000 4288.190918 2 31
4212400.000000 4032256.250000 4033.919189 3 31
4212600.000000 4032256.250000 3779.656982 4 31
4212800.000000 4032256.250000 3525.894775 5 31
4213000.000000 4032256.250000 3271.633789 6 31
4213200.000000 4032256.250000 3017.872559 7 31
4213400.000000 4032256.250000 2763.611572 8 31
4213600.000000 4032256.250000 2509.350098 9 31
4213800.000000 4032256.250000 2255.087158 10 31
4214000.000000 4032256.250000 2000.821899 11 31
4214200.000000 4032256.250000 1746.554077 12 31
4214400.000000 4032256.250000 1492.274414 13 31
4214600.000000 4032256.250000 1237.999390 14 31
4214800.000000 4032256.250000 983.720886 15 31
4215000.000000 4032256.250000 729.439209 16 31
4215200.000000 4032256.250000 475.154846 17 31
4215400.000000 4032256.250000 220.868011 18 31
4215600.000000 4032256.250000 -33.422005 19 31
4215800.000000 4032256.250000 -287.717133 20 31
4216000.000000 4032256.250000 -542.020325 21 31
4216200.000000 4032256.250000 -796.343262 22 31
4216400.000000 4032256.250000 -1050.671509 23 31
4216600.000000 4032256.250000 -1305.013306 24 31
4216800.000000 4032256.250000 -1559.365356 25 31
4217000.000000 4032256.250000 -1813.721680 26 31
4217200.000000 4032256.250000 -2068.074951 27 31
4217400.000000 4032256.250000 -2322.418457 28 31
4217600.000000 4032256.250000 -2576.748047 29 31
4217800.000000 4032256.250000 -2831.070801 30 31
4218000.000000 4032256.250000 -3085.370605 31 31
4218200.000000 4032256.250000 -3339.657715 32 31
4218400.000000 4032256.250000 -3593.932373 33 31
4218600.000000 4032256.250000 -3848.193604 34 31
4218800.000000 4032256.250000 -4102.438965 35 31
4219000.000000 4032256.250000 -4356.666992 36 31
4219200.000000 4032256.250000 -4610.875488 37 31
4219400.000000 4032256.250000 -4865.064941 38 31
4219600.000000 4032256.250000 -5119.245605 39 31
4219800.000000 4032256.250000 -5374.400391 40 31
4220000.000000 4032256.250000 -5629.039551 41 31
4220200.000000 4032256.250000 -5884.163086 42 31
4212000.000000 4032628.125000 4481.753906 1 32
4212200.000000 4032628.125000 4227.980957 2 32
4212400.000000 4032628.125000 3974.217773 3 32
4212600.000000 4032628.125000 3720.455322 4 32
4212800.000000 4032628.125000 3466.693848 5 32
4213000.000000 4032628.125000 3212.433838 6 32
4213200.000000 4032628.125000 2958.673584 7 32
4213400.000000 4032628.125000 2704.414307 8 32
4213600.000000 4032628.125000 2450.154785 9 32
4213800.000000 4032628.125000 2195.894775 10 32
4214000.000000 4032628.125000 1941.633423 11 32
4214200.000000 4032628.125000 1687.369995 12 32
4214400.000000 4032628.125000 1433.103882 13 32
4214600.000000 4032628.125000 1178.826416 14 32
4214800.000000 4032628.125000 924.553894 15 32
4215000.000000 4032628.125000 670.278076 16 32
4215200.000000 4032628.125000 415.999207 17 32
4215400.000000 4032628.125000 161.717422 18 32
4215600.000000 4032628.125000 -92.567406 19 32
4215800.000000 4032628.125000 -346.856171 20 32
4216000.000000 4032628.125000 -601.150452 21 32
4216200.000000 4032628.125000 -855.460571 22 32
4216400.000000 4032628.125000 -1109.771606 23 32
4216600.000000 4032628.125000 -1364.092163 24 32
4216800.000000 4032628.125000 -1618.420776 25 32
4217000.000000 4032628.125000 -1872.754028 26 32
4217200.000000 4032628.125000 -2127.087158 27 32
4217400.000000 4032628.125000 -2381.415039 28 32
4217600.000000 4032628.125000 -2635.733643 29 32
4217800.000000 4032628.125000 -2890.040527 30 32
4218000.000000 4032628.125000 -3144.342529 31 32
4218200.000000 4032628.125000 -3398.622559 32 32
4218400.000000 4032628.125000 -3652.888428 33 32
4218600.000000 4032628.125000 -3907.140137 34 32
4218800.000000 4032628.125000 -4161.377441 35 32
4219000.000000 4032628.125000 -4415.600586 36 32
4219200.000000 4032628.125000 -4669.811523 37 32
4219400.000000 4032628.125000 -4924.012207 38 32
4219600.000000 4032628.125000 -5178.212891 39 32
4219800.000000 4032628.125000 -5432.398926 40 32
4220000.000000 4032628.125000 -5686.578613 41 32
4220200.000000 4032628.125000 -5941.251953 42 32
4212000.000000 4033000.000000 4421.042969 1 33
4212200.000000 4033000.000000 4167.778809 2 33
4212400.000000 4033000.000000 3914.515137 3 33
4212600.000000 4033000.000000 3661.252441 4 33
4212800.000000 4033000.000000 3407.491699 5 33
4213000.000000 4033000.000000 3153.232422 6 33
4213200.000000 4033000.000000 2899.473389 7 33
4213400.000000 4033000.000000 2645.215576 8 33
4213600.000000 4033000.000000 2390.958496 9 33
4213800.000000 4033000.000000 2136.701416 10 33
4214000.000000 4033000.000000 1882.443726 11 33
4214200.000000 4033000.000000 1628.184814 12 33
4214400.000000 4033000.000000 1373.924072 13 33
4214600.000000 4033000.000000 1119.652588 14 33
4214800.000000 4033000.000000 865.386292 15 33
4215000.000000 4033000.000000 611.116821 16 33
4215200.000000 4033000.000000 356.844086 17 33
4215400.000000 4033000.000000 102.568329 18 33
4215600.000000 4033000.000000 -151.710342 19 33
4215800.000000 4033000.000000 -405.992096 20 33
4216000.000000 4033000.000000 -660.277588 21 33
4216200.000000 4033000.000000 -914.567871 22 33
4216400.000000 4033000.000000 -1168.872314 23 33
4216600.000000 4033000.000000 -1423.174805 24 33
4216800.000000 4033000.000000 -1677.483276 25 33
4217000.000000 4033000.000000 -1931.796021 26 33
4217200.000000 4033000.000000 -2186.109863 27 33
4217400.000000 4033000.000000 -2440.421631 28 33
4217600.000000 4033000.000000 -2694.727539 29 33
4217800.000000 4033000.000000 -2949.024414 30 33
4218000.000000 4033000.000000 -3203.318115 31 33
4218200.000000 4033000.000000 -3457.590820 32 33
4218400.000000 4033000.000000 -3712.349121 33 33
4218600.000000 4033000.000000 -3966.594482 34 33
4218800.000000 4033000.000000 -4220.827637 35 33
4219000.000000 4033000.000000 -4475.050293 36 33
4219200.000000 4033000.000000 -4729.266113 37 33
4219400.000000 4033000.000000 -4982.979004 38 33
4219600.000000 4033000.000000 -5236.690430 39 33
4219800.000000 4033000.000000 -5490.403320 40 33
4220000.000000 4033000.000000 -5744.118164 41 33
4220200.000000 4033000.000000 -5998.341309 42 33
