# Type: scattered data
# Version: 6
# Description: No description
# Format: free
# Field: 1 x
# Field: 2 y
# Field: 3 z undefined
# Field: 4 column
# Field: 5 row
# Projection: Local Rectangular
# Units: undefined
# End:
# Information from grid:
# Grid_size: 42 x 33
# Grid_space: 4212000.000000,4220200.000000,4021100.000000,4033000.000000
# Scattered data: Not_available
# Z_field: z
# Vertical_faults: Not_available
# History: No history
# Z_units: undefined
4212000.000000 4021100.000000 7244.349609 1 1
4212200.000000 4021100.000000 6944.332520 2 1
4212400.000000 4021100.000000 6643.735840 3 1
4212600.000000 4021100.000000 6342.538574 4 1
4212800.000000 4021100.000000 6040.685547 5 1
4213000.000000 4021100.000000 5737.664063 6 1
4213200.000000 4021100.000000 5433.958496 7 1
4213400.000000 4021100.000000 5129.088379 8 1
4213600.000000 4021100.000000 4823.023926 9 1
4213800.000000 4021100.000000 4516.290039 10 1
4214000.000000 4021100.000000 4209.417480 11 1
4214200.000000 4021100.000000 3901.841797 12 1
4214400.000000 4021100.000000 3593.604248 13 1
4214600.000000 4021100.000000 3284.718018 14 1
4214800.000000 4021100.000000 2975.703125 15 1
4215000.000000 4021100.000000 2666.051270 16 1
4215200.000000 4021100.000000 2356.232910 17 1
4215400.000000 4021100.000000 2046.345215 18 1
4215600.000000 4021100.000000 1735.879150 19 1
4215800.000000 4021100.000000 1425.351563 20 1
4216000.000000 4021100.000000 1114.287964 21 1
4216200.000000 4021100.000000 802.679382 22 1
4216400.000000 4021100.000000 490.562592 23 1
4216600.000000 4021100.000000 178.466736 24 1
4216800.000000 4021100.000000 -134.089554 25 1
4217000.000000 4021100.000000 -447.582245 26 1
4217200.000000 4021100.000000 -760.522705 27 1
4217400.000000 4021100.000000 -1073.830811 28 1
4217600.000000 4021100.000000 -1387.492676 29 1
4217800.000000 4021100.000000 -1701.528320 30 1
4218000.000000 4021100.000000 -2015.431763 31 1
4218200.000000 4021100.000000 -2330.151367 32 1
4218400.000000 4021100.000000 -2645.175049 33 1
4218600.000000 4021100.000000 -2960.534180 34 1
4218800.000000 4021100.000000 -3275.730469 35 1
4219000.000000 4021100.000000 -3591.732910 36 1
4219200.000000 4021100.000000 -3908.521484 37 1
4219400.000000 4021100.000000 -4226.127441 38 1
4219600.000000 4021100.000000 -4544.565918 39 1
4219800.000000 4021100.000000 -4864.815918 40 1
4220000.000000 4021100.000000 -5185.472656 41 1
4220200.000000 4021100.000000 -5506.541992 42 1
4212000.000000 4021471.875000 7308.704102 1 2
4212200.000000 4021471.875000 7007.687500 2 2
4212400.000000 4021471.875000 6706.562988 3 2
4212600.000000 4021471.875000 6404.850586 4 2
4212800.000000 4021471.875000 6101.978516 5 2
4213000.000000 4021471.875000 5798.437012 6 2
4213200.000000 4021471.875000 5494.709961 7 2
4213400.000000 4021471.875000 5189.819336 8 2
4213600.000000 4021471.875000 4883.729980 9 2
4213800.000000 4021471.875000 4577.472168 10 2
4214000.000000 4021471.875000 4271.073730 11 2
4214200.000000 4021471.875000 3963.965576 12 2
4214400.000000 4021471.875000 3656.189209 13 2
4214600.000000 4021471.875000 3347.760254 14 2
4214800.000000 4021471.875000 3039.213867 15 2
4215000.000000 4021471.875000 2729.987305 16 2
4215200.000000 4021471.875000 2420.614502 17 2
4215400.000000 4021471.875000 2111.134277 18 2
4215600.000000 4021471.875000 1801.087769 19 2
4215800.000000 4021471.875000 1490.988403 20 2
4216000.000000 4021471.875000 1180.310669 21 2
4216200.000000 4021471.875000 869.098206 22 2
4216400.000000 4021471.875000 557.888367 23 2
4216600.000000 4021471.875000 246.183578 24 2
4216800.000000 4021471.875000 -65.480629 25 2
4217000.000000 4021471.875000 -378.097473 26 2
4217200.000000 4021471.875000 -690.628296 27 2
4217400.000000 4021471.875000 -1003.036377 28 2
4217600.000000 4021471.875000 -1315.790039 29 2
4217800.000000 4021471.875000 -1628.912109 30 2
4218000.000000 4021471.875000 -1941.898193 31 2
4218200.000000 4021471.875000 -2255.692383 32 2
4218400.000000 4021471.875000 -2569.781006 33 2
4218600.000000 4021471.875000 -2883.701660 34 2
4218800.000000 4021471.875000 -3197.458496 35 2
4219000.000000 4021471.875000 -3511.996826 36 2
4219200.000000 4021471.875000 -3827.334961 37 2
4219400.000000 4021471.875000 -4143.486816 38 2
4219600.000000 4021471.875000 -4460.967773 39 2
4219800.000000 4021471.875000 -4778.755859 40 2
4220000.000000 4021471.875000 -5097.943359 41 2
4220200.000000 4021471.875000 -5417.014648 42 2
4212000.000000 4021843.750000 7372.133301 1 3
4212200.000000 4021843.750000 7070.627930 2 3
4212400.000000 4021843.750000 6769.019531 3 3
4212600.000000 4021843.750000 6466.782227 4 3
4212800.000000 4021843.750000 6163.398438 5 3
4213000.000000 4021843.750000 5859.841309 6 3
4213200.000000 4021843.750000 5555.614258 7 3
4213400.000000 4021843.750000 5250.687012 8 3
4213600.000000 4021843.750000 4945.074219 9 3
4213800.000000 4021843.750000 4639.291504 10 3
4214000.000000 4021843.750000 4332.865723 11 3
4214200.000000 4021843.750000 4026.239014 12 3
4214400.000000 4021843.750000 3718.904297 13 3
4214600.000000 4021843.750000 3410.944092 14 3
4214800.000000 4021843.750000 3102.824951 15 3
4215000.000000 4021843.750000 2794.047852 16 3
4215200.000000 4021843.750000 2485.577148 17 3
4215400.000000 4021843.750000 2176.509277 18 3
4215600.000000 4021843.750000 1866.885010 19 3
4215800.000000 4021843.750000 1557.166382 20 3
4216000.000000 4021843.750000 1246.892944 21 3
4216200.000000 4021843.750000 936.060120 22 3
4216400.000000 4021843.750000 625.207581 23 3
4216600.000000 4021843.750000 314.392029 24 3
4216800.000000 4021843.750000 3.102349 25 3
4217000.000000 4021843.750000 -308.639557 26 3
4217200.000000 4021843.750000 -620.309937 27 3
4217400.000000 4021843.750000 -932.316162 28 3
4217600.000000 4021843.750000 -1244.176147 29 3
4217800.000000 4021843.750000 -1556.396851 30 3
4218000.000000 4021843.750000 -1868.474731 31 3
4218200.000000 4021843.750000 -2181.352051 32 3
4218400.000000 4021843.750000 -2493.997803 33 3
4218600.000000 4021843.750000 -2806.485352 34 3
4218800.000000 4021843.750000 -3119.303955 35 3
4219000.000000 4021843.750000 -3432.896484 36 3
4219200.000000 4021843.750000 -3746.782959 37 3
4219400.000000 4021843.750000 -4061.478027 38 3
4219600.000000 4021843.750000 -4376.996094 39 3
4219800.000000 4021843.750000 -4693.314453 40 3
4220000.000000 4021843.750000 -5011.005859 41 3
4220200.000000 4021843.750000 -5328.601074 42 3
4212000.000000 4022215.625000 7435.186523 1 4
4212200.000000 4022215.625000 7132.698730 2 4
4212400.000000 4022215.625000 6830.597656 3 4
4212600.000000 4022215.625000 6527.875977 4 4
4212800.000000 4022215.625000 6224.468262 5 4
4213000.000000 4022215.625000 5920.900879 6 4
4213200.000000 4022215.625000 5616.660645 7 4
4213400.000000 4022215.625000 5311.716309 8 4
4213600.000000 4022215.625000 5006.582031 9 4
4213800.000000 4022215.625000 4701.291016 10 4
4214000.000000 4022215.625000 4395.318848 11 4
4214200.000000 4022215.625000 4088.655762 12 4
4214400.000000 4022215.625000 3781.775391 13 4
4214600.000000 4022215.625000 3474.260986 14 4
4214800.000000 4022215.625000 3166.578369 15 4
4215000.000000 4022215.625000 2858.224854 16 4
4215200.000000 4022215.625000 2550.162354 17 4
4215400.000000 4022215.625000 2241.510010 18 4
4215600.000000 4022215.625000 1932.259888 19 4
4215800.000000 4022215.625000 1622.938721 20 4
4216000.000000 4022215.625000 1313.018311 21 4
4216200.000000 4022215.625000 1003.061951 22 4
4216400.000000 4022215.625000 693.062256 23 4
4216600.000000 4022215.625000 382.582062 24 4
4216800.000000 4022215.625000 71.662407 25 4
4217000.000000 4022215.625000 -239.224884 26 4
4217200.000000 4022215.625000 -550.536621 27 4
4217400.000000 4022215.625000 -861.676453 28 4
4217600.000000 4022215.625000 -1172.659058 29 4
4217800.000000 4022215.625000 -1483.993164 30 4
4218000.000000 4022215.625000 -1795.158813 31 4
4218200.000000 4022215.625000 -2106.630127 32 4
4218400.000000 4022215.625000 -2418.374023 33 4
4218600.000000 4022215.625000 -2729.934814 34 4
4218800.000000 4022215.625000 -3041.819336 35 4
4219000.000000 4022215.625000 -3354.468018 36 4
4219200.000000 4022215.625000 -3666.903076 37 4
4219400.000000 4022215.625000 -3980.139160 38 4
4219600.000000 4022215.625000 -4294.174316 39 4
4219800.000000 4022215.625000 -4608.518066 40 4
4220000.000000 4022215.625000 -4924.225098 41 4
4220200.000000 4022215.625000 -5239.807617 42 4
4212000.000000 4022587.500000 7496.930176 1 5
4212200.000000 4022587.500000 7193.963379 2 5
4212400.000000 4022587.500000 6891.373535 3 5
4212600.000000 4022587.500000 6588.156738 4 5
4212800.000000 4022587.500000 6284.747559 5 5
4213000.000000 4022587.500000 5981.175293 6 5
4213200.000000 4022587.500000 5676.926270 7 5
4213400.000000 4022587.500000 5372.468750 8 5
4213600.000000 4022587.500000 5067.815918 9 5
4213800.000000 4022587.500000 4763.001953 10 5
4214000.000000 4022587.500000 4457.500488 11 5
4214200.000000 4022587.500000 4151.299316 12 5
4214400.000000 4022587.500000 3844.885986 13 5
4214600.000000 4022587.500000 3538.294678 14 5
4214800.000000 4022587.500000 3231.057617 15 5
4215000.000000 4022587.500000 2923.100342 16 5
4215200.000000 4022587.500000 2615.448486 17 5
4215400.000000 4022587.500000 2307.160889 18 5
4215600.000000 4022587.500000 1998.298340 19 5
4215800.000000 4022587.500000 1689.319092 20 5
4216000.000000 4022587.500000 1380.259521 21 5
4216200.000000 4022587.500000 1070.619751 22 5
4216400.000000 4022587.500000 760.961243 23 5
4216600.000000 4022587.500000 450.803131 24 5
4216800.000000 4022587.500000 140.706436 25 5
4217000.000000 4022587.500000 -169.854645 26 5
4217200.000000 4022587.500000 -480.336182 27 5
4217400.000000 4022587.500000 -790.634827 28 5
4217600.000000 4022587.500000 -1101.262207 29 5
4217800.000000 4022587.500000 -1412.229980 30 5
4218000.000000 4022587.500000 -1722.518555 31 5
4218200.000000 4022587.500000 -2032.598877 32 5
4218400.000000 4022587.500000 -2343.436279 33 5
4218600.000000 4022587.500000 -2654.062988 34 5
4218800.000000 4022587.500000 -2965.020264 35 5
4219000.000000 4022587.500000 -3276.229980 36 5
4219200.000000 4022587.500000 -3587.715088 37 5
4219400.000000 4022587.500000 -3899.492676 38 5
4219600.000000 4022587.500000 -4212.060547 39 5
4219800.000000 4022587.500000 -4524.926758 40 5
4220000.000000 4022587.500000 -4838.648926 41 5
4220200.000000 4022587.500000 -5152.734375 42 5
4212000.000000 4022959.375000 7557.381348 1 6
4212200.000000 4022959.375000 7253.937012 2 6
4212400.000000 4022959.375000 6951.361816 3 6
4212600.000000 4022959.375000 6648.154297 4 6
4212800.000000 4022959.375000 6345.248535 5 6
4213000.000000 4022959.375000 6041.677246 6 6
4213200.000000 4022959.375000 5737.425293 7 6
4213400.000000 4022959.375000 5433.460449 8 6
4213600.000000 4022959.375000 5129.294434 9 6
4213800.000000 4022959.375000 4824.461914 10 6
4214000.000000 4022959.375000 4519.451172 11 6
4214200.000000 4022959.375000 4213.696289 12 6
4214400.000000 4022959.375000 3907.732666 13 6
4214600.000000 4022959.375000 3601.578613 14 6
4214800.000000 4022959.375000 3295.264648 15 6
4215000.000000 4022959.375000 2988.227783 16 6
4215200.000000 4022959.375000 2680.939209 17 6
4215400.000000 4022959.375000 2373.032471 18 6
4215600.000000 4022959.375000 2064.504395 19 6
4215800.000000 4022959.375000 1755.877197 20 6
4216000.000000 4022959.375000 1447.119019 21 6
4216200.000000 4022959.375000 1137.799072 22 6
4216400.000000 4022959.375000 828.415955 23 6
4216600.000000 4022959.375000 519.062561 24 6
4216800.000000 4022959.375000 209.239517 25 6
4217000.000000 4022959.375000 -100.512016 26 6
4217200.000000 4022959.375000 -410.194702 27 6
4217400.000000 4022959.375000 -719.680603 28 6
4217600.000000 4022959.375000 -1029.978149 29 6
4217800.000000 4022959.375000 -1340.086304 30 6
4218000.000000 4022959.375000 -1650.034058 31 6
4218200.000000 4022959.375000 -1959.239502 32 6
4218400.000000 4022959.375000 -2269.166992 33 6
4218600.000000 4022959.375000 -2578.903809 34 6
4218800.000000 4022959.375000 -2888.942139 35 6
4219000.000000 4022959.375000 -3199.201416 36 6
4219200.000000 4022959.375000 -3509.739990 37 6
4219400.000000 4022959.375000 -3820.061279 38 6
4219600.000000 4022959.375000 -4131.162598 39 6
4219800.000000 4022959.375000 -4442.552734 40 6
4220000.000000 4022959.375000 -4754.789551 41 6
4220200.000000 4022959.375000 -5066.381836 42 6
4212000.000000 4023331.250000 7617.057617 1 7
4212200.000000 4023331.250000 7313.636719 2 7
4212400.000000 4023331.250000 7010.581543 3 7
4212600.000000 4023331.250000 6707.372070 4 7
4212800.000000 4023331.250000 6404.493652 5 7
4213000.000000 4023331.250000 6101.428711 6 7
4213200.000000 4023331.250000 5797.681152 7 7
4213400.000000 4023331.250000 5493.716797 8 7
4213600.000000 4023331.250000 5190.044922 9 7
4213800.000000 4023331.250000 4886.199707 10 7
4214000.000000 4023331.250000 4581.668945 11 7
4214200.000000 4023331.250000 4276.381348 12 7
4214400.000000 4023331.250000 3971.368652 13 7
4214600.000000 4023331.250000 3665.668213 14 7
4214800.000000 4023331.250000 3359.757813 15 7
4215000.000000 4023331.250000 3053.117676 16 7
4215200.000000 4023331.250000 2746.211914 17 7
4215400.000000 4023331.250000 2438.635254 18 7
4215600.000000 4023331.250000 2130.952881 19 7
4215800.000000 4023331.250000 1822.619019 20 7
4216000.000000 4023331.250000 1514.165527 21 7
4216200.000000 4023331.250000 1205.614380 22 7
4216400.000000 4023331.250000 896.486084 23 7
4216600.000000 4023331.250000 587.383057 24 7
4216800.000000 4023331.250000 277.812164 25 7
4217000.000000 4023331.250000 -31.183960 26 7
4217200.000000 4023331.250000 -340.103851 27 7
4217400.000000 4023331.250000 -649.308899 28 7
4217600.000000 4023331.250000 -958.806030 29 7
4217800.000000 4023331.250000 -1268.096924 30 7
4218000.000000 4023331.250000 -1577.210571 31 7
4218200.000000 4023331.250000 -1886.042603 32 7
4218400.000000 4023331.250000 -2195.108398 33 7
4218600.000000 4023331.250000 -2503.950439 34 7
4218800.000000 4023331.250000 -2813.062500 35 7
4219000.000000 4023331.250000 -3122.411377 36 7
4219200.000000 4023331.250000 -3431.509033 37 7
4219400.000000 4023331.250000 -3740.859863 38 7
4219600.000000 4023331.250000 -4050.496826 39 7
4219800.000000 4023331.250000 -4360.910645 40 7
4220000.000000 4023331.250000 -4671.164551 41 7
4220200.000000 4023331.250000 -4981.766113 42 7
4212000.000000 4023703.125000 7675.503906 1 8
4212200.000000 4023703.125000 7372.112305 2 8
4212400.000000 4023703.125000 7069.083008 3 8
4212600.000000 4023703.125000 6765.896484 4 8
4212800.000000 4023703.125000 6463.038086 5 8
4213000.000000 4023703.125000 6160.490723 6 8
4213200.000000 4023703.125000 5857.258301 7 8
4213400.000000 4023703.125000 5554.305176 8 8
4213600.000000 4023703.125000 5251.139648 9 8
4213800.000000 4023703.125000 4947.794922 10 8
4214000.000000 4023703.125000 4643.755371 11 8
4214200.000000 4023703.125000 4339.461426 12 8
4214400.000000 4023703.125000 4034.890381 13 8
4214600.000000 4023703.125000 3729.630615 14 8
4214800.000000 4023703.125000 3424.656494 15 8
4215000.000000 4023703.125000 3118.889404 16 8
4215200.000000 4023703.125000 2812.335205 17 8
4215400.000000 4023703.125000 2505.101074 18 8
4215600.000000 4023703.125000 2197.706299 19 8
4215800.000000 4023703.125000 1889.667236 20 8
4216000.000000 4023703.125000 1581.463257 21 8
4216200.000000 4023703.125000 1273.120361 22 8
4216400.000000 4023703.125000 964.713989 23 8
4216600.000000 4023703.125000 655.793762 24 8
4216800.000000 4023703.125000 346.940308 25 8
4217000.000000 4023703.125000 38.150509 26 8
4217200.000000 4023703.125000 -270.553650 27 8
4217400.000000 4023703.125000 -579.021484 28 8
4217600.000000 4023703.125000 -887.756104 29 8
4217800.000000 4023703.125000 -1196.263184 30 8
4218000.000000 4023703.125000 -1505.071289 31 8
4218200.000000 4023703.125000 -1813.070801 32 8
4218400.000000 4023703.125000 -2121.277100 33 8
4218600.000000 4023703.125000 -2429.222900 34 8
4218800.000000 4023703.125000 -2737.454102 35 8
4219000.000000 4023703.125000 -3045.867676 36 8
4219200.000000 4023703.125000 -3353.530518 37 8
4219400.000000 4023703.125000 -3661.948242 38 8
4219600.000000 4023703.125000 -3970.605713 39 8
4219800.000000 4023703.125000 -4279.546387 40 8
4220000.000000 4023703.125000 -4588.818359 41 8
4220200.000000 4023703.125000 -4897.416016 42 8
4212000.000000 4024075.000000 7732.701660 1 9
4212200.000000 4024075.000000 7429.344727 2 9
4212400.000000 4024075.000000 7126.829590 3 9
4212600.000000 4024075.000000 6824.189453 4 9
4212800.000000 4024075.000000 6521.360840 5 9
4213000.000000 4024075.000000 6219.342773 6 9
4213200.000000 4024075.000000 5916.622559 7 9
4213400.000000 4024075.000000 5614.213379 8 9
4213600.000000 4024075.000000 5311.569824 9 9
4213800.000000 4024075.000000 5008.740723 10 9
4214000.000000 4024075.000000 4705.707520 11 9
4214200.000000 4024075.000000 4401.904785 12 9
4214400.000000 4024075.000000 4097.803223 13 9
4214600.000000 4024075.000000 3793.491211 14 9
4214800.000000 4024075.000000 3488.940674 15 9
4215000.000000 4024075.000000 3183.578125 16 9
4215200.000000 4024075.000000 2877.863281 17 9
4215400.000000 4024075.000000 2571.419678 18 9
4215600.000000 4024075.000000 2264.321533 19 9
4215800.000000 4024075.000000 1957.029419 20 9
4216000.000000 4024075.000000 1649.020142 21 9
4216200.000000 4024075.000000 1340.873779 22 9
4216400.000000 4024075.000000 1032.623291 23 9
4216600.000000 4024075.000000 724.349915 24 9
4216800.000000 4024075.000000 415.646149 25 9
4217000.000000 4024075.000000 107.494652 26 9
4217200.000000 4024075.000000 -201.025650 27 9
4217400.000000 4024075.000000 -509.299011 28 9
4217600.000000 4024075.000000 -817.308594 29 9
4217800.000000 4024075.000000 -1125.064819 30 9
4218000.000000 4024075.000000 -1433.096436 31 9
4218200.000000 4024075.000000 -1740.785767 32 9
4218400.000000 4024075.000000 -2048.133789 33 9
4218600.000000 4024075.000000 -2355.230225 34 9
4218800.000000 4024075.000000 -2662.558594 35 9
4219000.000000 4024075.000000 -2970.077881 36 9
4219200.000000 4024075.000000 -3276.793457 37 9
4219400.000000 4024075.000000 -3584.265137 38 9
4219600.000000 4024075.000000 -3891.962646 39 9
4219800.000000 4024075.000000 -4199.432617 40 9
4220000.000000 4024075.000000 -4506.728027 41 9
4220200.000000 4024075.000000 -4814.340332 42 9
4212000.000000 4024446.875000 7789.097168 1 10
4212200.000000 4024446.875000 7485.757813 2 10
4212400.000000 4024446.875000 7183.294922 3 10
4212600.000000 4024446.875000 6881.190430 4 10
4212800.000000 4024446.875000 6578.900391 5 10
4213000.000000 4024446.875000 6277.405762 6 10
4213200.000000 4024446.875000 5975.243164 7 10
4213400.000000 4024446.875000 5673.873535 8 10
4213600.000000 4024446.875000 5371.766602 9 10
4213800.000000 4024446.875000 5069.468262 10 10
4214000.000000 4024446.875000 4766.956543 11 10
4214200.000000 4024446.875000 4464.157227 12 10
4214400.000000 4024446.875000 4161.053223 13 10
4214600.000000 4024446.875000 3857.181152 14 10
4214800.000000 4024446.875000 3553.059814 15 10
4215000.000000 4024446.875000 3248.584473 16 10
4215200.000000 4024446.875000 2943.201172 17 10
4215400.000000 4024446.875000 2637.068115 18 10
4215600.000000 4024446.875000 2330.714111 19 10
4215800.000000 4024446.875000 2024.144409 20 10
4216000.000000 4024446.875000 1716.331787 21 10
4216200.000000 4024446.875000 1408.827759 22 10
4216400.000000 4024446.875000 1100.674927 23 10
4216600.000000 4024446.875000 793.021667 24 10
4216800.000000 4024446.875000 484.424652 25 10
4217000.000000 4024446.875000 176.386749 26 10
4217200.000000 4024446.875000 -131.507126 27 10
4217400.000000 4024446.875000 -439.122192 28 10
4217600.000000 4024446.875000 -746.936707 29 10
4217800.000000 4024446.875000 -1054.468018 30 10
4218000.000000 4024446.875000 -1361.729248 31 10
4218200.000000 4024446.875000 -1668.643555 32 10
4218400.000000 4024446.875000 -1975.163330 33 10
4218600.000000 4024446.875000 -2281.904297 34 10
4218800.000000 4024446.875000 -2588.354248 35 10
4219000.000000 4024446.875000 -2894.951416 36 10
4219200.000000 4024446.875000 -3200.756592 37 10
4219400.000000 4024446.875000 -3506.768555 38 10
4219600.000000 4024446.875000 -3813.025391 39 10
4219800.000000 4024446.875000 -4119.509766 40 10
4220000.000000 4024446.875000 -4425.830566 41 10
4220200.000000 4024446.875000 -4731.965820 42 10
4212000.000000 4024818.750000 7844.188965 1 11
4212200.000000 4024818.750000 7541.400391 2 11
4212400.000000 4024818.750000 7238.977539 3 11
4212600.000000 4024818.750000 6937.400879 4 11
4212800.000000 4024818.750000 6635.659180 5 11
4213000.000000 4024818.750000 6334.734863 6 11
4213200.000000 4024818.750000 6033.627930 7 11
4213400.000000 4024818.750000 5732.815430 8 11
4213600.000000 4024818.750000 5431.263184 9 11
4213800.000000 4024818.750000 5130.013672 10 11
4214000.000000 4024818.750000 4828.041016 11 11
4214200.000000 4024818.750000 4525.764160 12 11
4214400.000000 4024818.750000 4223.654785 13 11
4214600.000000 4024818.750000 3920.767822 14 11
4214800.000000 4024818.750000 3617.566650 15 11
4215000.000000 4024818.750000 3313.480713 16 11
4215200.000000 4024818.750000 3008.420898 17 11
4215400.000000 4024818.750000 2703.066162 18 11
4215600.000000 4024818.750000 2397.469238 19 11
4215800.000000 4024818.750000 2091.094727 20 11
4216000.000000 4024818.750000 1783.908936 21 11
4216200.000000 4024818.750000 1476.504761 22 11
4216400.000000 4024818.750000 1168.933594 23 11
4216600.000000 4024818.750000 861.334167 24 11
4216800.000000 4024818.750000 552.777466 25 11
4217000.000000 4024818.750000 245.320511 26 11
4217200.000000 4024818.750000 -62.492649 27 11
4217400.000000 4024818.750000 -369.490204 28 11
4217600.000000 4024818.750000 -676.644958 29 11
4217800.000000 4024818.750000 -983.981262 30 11
4218000.000000 4024818.750000 -1290.514160 31 11
4218200.000000 4024818.750000 -1596.656738 32 11
4218400.000000 4024818.750000 -1902.363159 33 11
4218600.000000 4024818.750000 -2208.243896 34 11
4218800.000000 4024818.750000 -2513.823975 35 11
4219000.000000 4024818.750000 -2819.537354 36 11
4219200.000000 4024818.750000 -3124.901367 37 11
4219400.000000 4024818.750000 -3429.988281 38 11
4219600.000000 4024818.750000 -3735.271729 39 11
4219800.000000 4024818.750000 -4040.290283 40 11
4220000.000000 4024818.750000 -4345.640625 41 11
4220200.000000 4024818.750000 -4650.305664 42 11
4212000.000000 4025190.625000 7897.579590 1 12
4212200.000000 4025190.625000 7595.339355 2 12
4212400.000000 4025190.625000 7293.469727 3 12
4212600.000000 4025190.625000 6992.468262 4 12
4212800.000000 4025190.625000 6691.295410 5 12
4213000.000000 4025190.625000 6390.947754 6 12
4213200.000000 4025190.625000 6090.923340 7 12
4213400.000000 4025190.625000 5791.197266 8 12
4213600.000000 4025190.625000 5490.731445 9 12
4213800.000000 4025190.625000 5190.063477 10 12
4214000.000000 4025190.625000 4889.163574 11 12
4214200.000000 4025190.625000 4587.940430 12 12
4214400.000000 4025190.625000 4286.354980 13 12
4214600.000000 4025190.625000 3984.459473 14 12
4214800.000000 4025190.625000 3681.728760 15 12
4215000.000000 4025190.625000 3378.537598 16 12
4215200.000000 4025190.625000 3074.273682 17 12
4215400.000000 4025190.625000 2769.176025 18 12
4215600.000000 4025190.625000 2463.786865 19 12
4215800.000000 4025190.625000 2158.061768 20 12
4216000.000000 4025190.625000 1851.476807 21 12
4216200.000000 4025190.625000 1544.600342 22 12
4216400.000000 4025190.625000 1237.013916 23 12
4216600.000000 4025190.625000 929.368042 24 12
4216800.000000 4025190.625000 621.301636 25 12
4217000.000000 4025190.625000 313.829407 26 12
4217200.000000 4025190.625000 6.520614 27 12
4217400.000000 4025190.625000 -300.424652 28 12
4217600.000000 4025190.625000 -606.975220 29 12
4217800.000000 4025190.625000 -913.664612 30 12
4218000.000000 4025190.625000 -1220.007935 31 12
4218200.000000 4025190.625000 -1525.392090 32 12
4218400.000000 4025190.625000 -1830.323730 33 12
4218600.000000 4025190.625000 -2135.376953 34 12
4218800.000000 4025190.625000 -2440.098389 35 12
4219000.000000 4025190.625000 -2744.901367 36 12
4219200.000000 4025190.625000 -3049.361572 37 12
4219400.000000 4025190.625000 -3353.491211 38 12
4219600.000000 4025190.625000 -3657.818359 39 12
4219800.000000 4025190.625000 -3961.887695 40 12
4220000.000000 4025190.625000 -4265.752441 41 12
4220200.000000 4025190.625000 -4569.443848 42 12
4212000.000000 4025562.500000 7949.760742 1 13
4212200.000000 4025562.500000 7648.064941 2 13
4212400.000000 4025562.500000 7347.263184 3 13
4212600.000000 4025562.500000 7046.839355 4 13
4212800.000000 4025562.500000 6746.756836 5 13
4213000.000000 4025562.500000 6447.012207 6 13
4213200.000000 4025562.500000 6147.601074 7 13
4213400.000000 4025562.500000 5848.495605 8 13
4213600.000000 4025562.500000 5549.152344 9 13
4213800.000000 4025562.500000 5249.604492 10 13
4214000.000000 4025562.500000 4949.831543 11 13
4214200.000000 4025562.500000 4650.199707 12 13
4214400.000000 4025562.500000 4349.172363 13 13
4214600.000000 4025562.500000 4048.297119 14 13
4214800.000000 4025562.500000 3746.541748 15 13
4215000.000000 4025562.500000 3443.756104 16 13
4215200.000000 4025562.500000 3140.313721 17 13
4215400.000000 4025562.500000 2835.451660 18 13
4215600.000000 4025562.500000 2530.736572 19 13
4215800.000000 4025562.500000 2225.096436 20 13
4216000.000000 4025562.500000 1919.030151 21 13
4216200.000000 4025562.500000 1612.103027 22 13
4216400.000000 4025562.500000 1304.911865 23 13
4216600.000000 4025562.500000 997.161072 24 13
4216800.000000 4025562.500000 689.478943 25 13
4217000.000000 4025562.500000 381.905884 26 13
4217200.000000 4025562.500000 74.505852 27 13
4217400.000000 4025562.500000 -231.955322 28 13
4217600.000000 4025562.500000 -537.940735 29 13
4217800.000000 4025562.500000 -844.029358 30 13
4218000.000000 4025562.500000 -1149.721191 31 13
4218200.000000 4025562.500000 -1454.890137 32 13
4218400.000000 4025562.500000 -1759.031860 33 13
4218600.000000 4025562.500000 -2063.286377 34 13
4218800.000000 4025562.500000 -2367.156738 35 13
4219000.000000 4025562.500000 -2671.068848 36 13
4219200.000000 4025562.500000 -2974.092041 37 13
4219400.000000 4025562.500000 -3277.279297 38 13
4219600.000000 4025562.500000 -3580.663330 39 13
4219800.000000 4025562.500000 -3883.747070 40 13
4220000.000000 4025562.500000 -4186.638672 41 13
4220200.000000 4025562.500000 -4489.354492 42 13
4212000.000000 4025934.375000 8000.635742 1 14
4212200.000000 4025934.375000 7699.525879 2 14
4212400.000000 4025934.375000 7399.304688 3 14
4212600.000000 4025934.375000 7099.474121 4 14
4212800.000000 4025934.375000 6800.500977 5 14
4213000.000000 4025934.375000 6502.380859 6 14
4213200.000000 4025934.375000 6204.107422 7 14
4213400.000000 4025934.375000 5905.651367 8 14
4213600.000000 4025934.375000 5607.462402 9 14
4213800.000000 4025934.375000 5309.066895 10 14
4214000.000000 4025934.375000 5010.422363 11 14
4214200.000000 4025934.375000 4711.914551 12 14
4214400.000000 4025934.375000 4411.992188 13 14
4214600.000000 4025934.375000 4111.664063 14 14
4214800.000000 4025934.375000 3810.904541 15 14
4215000.000000 4025934.375000 3509.534668 16 14
4215200.000000 4025934.375000 3206.393066 17 14
4215400.000000 4025934.375000 2902.249512 18 14
4215600.000000 4025934.375000 2598.180420 19 14
4215800.000000 4025934.375000 2293.116211 20 14
4216000.000000 4025934.375000 1987.012817 21 14
4216200.000000 4025934.375000 1679.965576 22 14
4216400.000000 4025934.375000 1372.591675 23 14
4216600.000000 4025934.375000 1065.139038 24 14
4216800.000000 4025934.375000 757.265381 25 14
4217000.000000 4025934.375000 450.001678 26 14
4217200.000000 4025934.375000 142.976608 27 14
4217400.000000 4025934.375000 -163.554504 28 14
4217600.000000 4025934.375000 -469.534485 29 14
4217800.000000 4025934.375000 -775.057983 30 14
4218000.000000 4025934.375000 -1080.126221 31 14
4218200.000000 4025934.375000 -1384.599731 32 14
4218400.000000 4025934.375000 -1687.979858 33 14
4218600.000000 4025934.375000 -1991.409058 34 14
4218800.000000 4025934.375000 -2294.431396 35 14
4219000.000000 4025934.375000 -2597.451660 36 14
4219200.000000 4025934.375000 -2899.567871 37 14
4219400.000000 4025934.375000 -3201.808105 38 14
4219600.000000 4025934.375000 -3503.712158 39 14
4219800.000000 4025934.375000 -3805.822266 40 14
4220000.000000 4025934.375000 -4107.737305 41 14
4220200.000000 4025934.375000 -4409.477051 42 14
4212000.000000 4026306.250000 8049.711914 1 15
4212200.000000 4026306.250000 7749.178711 2 15
4212400.000000 4026306.250000 7450.049805 3 15
4212600.000000 4026306.250000 7151.827148 4 15
4212800.000000 4026306.250000 6853.982422 5 15
4213000.000000 4026306.250000 6556.510742 6 15
4213200.000000 4026306.250000 6259.401855 7 15
4213400.000000 4026306.250000 5962.124023 8 15
4213600.000000 4026306.250000 5665.138184 9 15
4213800.000000 4026306.250000 5367.929199 10 15
4214000.000000 4026306.250000 5070.464355 11 15
4214200.000000 4026306.250000 4773.117188 12 15
4214400.000000 4026306.250000 4474.814453 13 15
4214600.000000 4026306.250000 4175.561035 14 15
4214800.000000 4026306.250000 3875.820801 15 15
4215000.000000 4026306.250000 3575.380859 16 15
4215200.000000 4026306.250000 3273.036133 17 15
4215400.000000 4026306.250000 2969.594727 18 15
4215600.000000 4026306.250000 2665.644287 19 15
4215800.000000 4026306.250000 2360.596680 20 15
4216000.000000 4026306.250000 2054.894287 21 15
4216200.000000 4026306.250000 1748.151123 22 15
4216400.000000 4026306.250000 1440.509521 23 15
4216600.000000 4026306.250000 1132.770630 24 15
4216800.000000 4026306.250000 825.124207 25 15
4217000.000000 4026306.250000 517.628235 26 15
4217200.000000 4026306.250000 210.893463 27 15
4217400.000000 4026306.250000 -95.761734 28 15
4217600.000000 4026306.250000 -401.279114 29 15
4217800.000000 4026306.250000 -706.270935 30 15
4218000.000000 4026306.250000 -1010.741028 31 15
4218200.000000 4026306.250000 -1314.535156 32 15
4218400.000000 4026306.250000 -1617.162231 33 15
4218600.000000 4026306.250000 -1919.786377 34 15
4218800.000000 4026306.250000 -2221.960938 35 15
4219000.000000 4026306.250000 -2524.085938 36 15
4219200.000000 4026306.250000 -2825.256104 37 15
4219400.000000 4026306.250000 -3126.543213 38 15
4219600.000000 4026306.250000 -3427.476074 39 15
4219800.000000 4026306.250000 -3728.606445 40 15
4220000.000000 4026306.250000 -4029.541016 41 15
4220200.000000 4026306.250000 -4330.303223 42 15
4212000.000000 4026678.125000 8097.019043 1 16
4212200.000000 4026678.125000 7797.578125 2 16
4212400.000000 4026678.125000 7499.558105 3 16
4212600.000000 4026678.125000 7202.462891 4 16
4212800.000000 4026678.125000 6905.771973 5 16
4213000.000000 4026678.125000 6609.478027 6 16
4213200.000000 4026678.125000 6313.567383 7 16
4213400.000000 4026678.125000 6018.021973 8 16
4213600.000000 4026678.125000 5722.249023 9 16
4213800.000000 4026678.125000 5426.771484 10 16
4214000.000000 4026678.125000 5130.549805 11 16
4214200.000000 4026678.125000 4834.410156 12 16
4214400.000000 4026678.125000 4537.256348 13 16
4214600.000000 4026678.125000 4239.635254 14 16
4214800.000000 4026678.125000 3940.948486 15 16
4215000.000000 4026678.125000 3641.460938 16 16
4215200.000000 4026678.125000 3339.914063 17 16
4215400.000000 4026678.125000 3037.156738 18 16
4215600.000000 4026678.125000 2733.803955 19 16
4215800.000000 4026678.125000 2429.211914 20 16
4216000.000000 4026678.125000 2123.323730 21 16
4216200.000000 4026678.125000 1816.275635 22 16
4216400.000000 4026678.125000 1508.241943 23 16
4216600.000000 4026678.125000 1200.593750 24 16
4216800.000000 4026678.125000 892.562073 25 16
4217000.000000 4026678.125000 585.213562 26 16
4217200.000000 4026678.125000 278.179871 27 16
4217400.000000 4026678.125000 -28.167763 28 16
4217600.000000 4026678.125000 -333.272675 29 16
4217800.000000 4026678.125000 -637.770325 30 16
4218000.000000 4026678.125000 -941.668274 31 16
4218200.000000 4026678.125000 -1244.796875 32 16
4218400.000000 4026678.125000 -1547.174438 33 16
4218600.000000 4026678.125000 -1848.492310 34 16
4218800.000000 4026678.125000 -2149.812256 35 16
4219000.000000 4026678.125000 -2451.031494 36 16
4219200.000000 4026678.125000 -2751.759521 37 16
4219400.000000 4026678.125000 -3052.080566 38 16
4219600.000000 4026678.125000 -3352.013428 39 16
4219800.000000 4026678.125000 -3652.153564 40 16
4220000.000000 4026678.125000 -3952.097412 41 16
4220200.000000 4026678.125000 -4251.887207 42 16
4212000.000000 4027050.000000 8142.971191 1 17
4212200.000000 4027050.000000 7844.629395 2 17
4212400.000000 4027050.000000 7548.245117 3 17
4212600.000000 4027050.000000 7252.291992 4 17
4212800.000000 4027050.000000 6956.771973 5 17
4213000.000000 4027050.000000 6661.676758 6 17
4213200.000000 4027050.000000 6367.006348 7 17
4213400.000000 4027050.000000 6073.189453 8 17
4213600.000000 4027050.000000 5779.193848 9 17
4213800.000000 4027050.000000 5484.983398 10 17
4214000.000000 4027050.000000 5190.507813 11 17
4214200.000000 4027050.000000 4895.631348 12 17
4214400.000000 4027050.000000 4600.181152 13 17
4214600.000000 4027050.000000 4303.711914 14 17
4214800.000000 4027050.000000 4006.612549 15 17
4215000.000000 4027050.000000 3708.104980 16 17
4215200.000000 4027050.000000 3407.384277 17 17
4215400.000000 4027050.000000 3105.305176 18 17
4215600.000000 4027050.000000 2801.992920 19 17
4215800.000000 4027050.000000 2497.306885 20 17
4216000.000000 4027050.000000 2191.151367 21 17
4216200.000000 4027050.000000 1884.189941 22 17
4216400.000000 4027050.000000 1576.139648 23 17
4216600.000000 4027050.000000 1267.964722 24 17
4216800.000000 4027050.000000 959.943420 25 17
4217000.000000 4027050.000000 652.169617 26 17
4217200.000000 4027050.000000 345.262939 27 17
4217400.000000 4027050.000000 39.174698 28 17
4217600.000000 4027050.000000 -266.047729 29 17
4217800.000000 4027050.000000 -570.070374 30 17
4218000.000000 4027050.000000 -873.405762 31 17
4218200.000000 4027050.000000 -1175.868652 32 17
4218400.000000 4027050.000000 -1477.490112 33 17
4218600.000000 4027050.000000 -1777.972900 34 17
4218800.000000 4027050.000000 -2078.423828 35 17
4219000.000000 4027050.000000 -2378.721191 36 17
4219200.000000 4027050.000000 -2678.490479 37 17
4219400.000000 4027050.000000 -2977.829346 38 17
4219600.000000 4027050.000000 -3276.780762 39 17
4219800.000000 4027050.000000 -3576.417236 40 17
4220000.000000 4027050.000000 -3875.359619 41 17
4220200.000000 4027050.000000 -4174.135742 42 17
4212000.000000 4027421.875000 8187.061035 1 18
4212200.000000 4027421.875000 7890.323242 2 18
4212400.000000 4027421.875000 7595.050781 3 18
4212600.000000 4027421.875000 7300.266602 4 18
4212800.000000 4027421.875000 7005.932129 5 18
4213000.000000 4027421.875000 6712.551758 6 18
4213200.000000 4027421.875000 6419.623535 7 18
4213400.000000 4027421.875000 6127.074219 8 18
4213600.000000 4027421.875000 5834.865234 9 18
4213800.000000 4027421.875000 5542.448730 10 18
4214000.000000 4027421.875000 5249.784180 11 18
4214200.000000 4027421.875000 4956.670410 12 18
4214400.000000 4027421.875000 4662.976074 13 18
4214600.000000 4027421.875000 4368.678711 14 18
4214800.000000 4027421.875000 4073.220459 15 18
4215000.000000 4027421.875000 3776.229492 16 18
4215200.000000 4027421.875000 3476.343506 17 18
4215400.000000 4027421.875000 3174.951172 18 18
4215600.000000 4027421.875000 2871.683350 19 18
4215800.000000 4027421.875000 2566.860352 20 18
4216000.000000 4027421.875000 2260.370850 21 18
4216200.000000 4027421.875000 1952.380859 22 18
4216400.000000 4027421.875000 1643.677002 23 18
4216600.000000 4027421.875000 1334.846802 24 18
4216800.000000 4027421.875000 1026.228394 25 18
4217000.000000 4027421.875000 718.405762 26 18
4217200.000000 4027421.875000 411.058594 27 18
4217400.000000 4027421.875000 105.192772 28 18
4217600.000000 4027421.875000 -199.149994 29 18
4217800.000000 4027421.875000 -502.704559 30 18
4218000.000000 4027421.875000 -805.475037 31 18
4218200.000000 4027421.875000 -1107.261597 32 18
4218400.000000 4027421.875000 -1408.094727 33 18
4218600.000000 4027421.875000 -1708.256470 34 18
4218800.000000 4027421.875000 -2007.817993 35 18
4219000.000000 4027421.875000 -2306.672607 36 18
4219200.000000 4027421.875000 -2605.462646 37 18
4219400.000000 4027421.875000 -2903.783203 38 18
4219600.000000 4027421.875000 -3201.718994 39 18
4219800.000000 4027421.875000 -3500.337646 40 18
4220000.000000 4027421.875000 -3798.765137 41 18
4220200.000000 4027421.875000 -4097.032227 42 18
4212000.000000 4027793.750000 8229.742188 1 19
4212200.000000 4027793.750000 7934.123047 2 19
4212400.000000 4027793.750000 7639.986816 3 19
4212600.000000 4027793.750000 7346.847168 4 19
4212800.000000 4027793.750000 7054.225586 5 19
4213000.000000 4027793.750000 6762.074707 6 19
4213200.000000 4027793.750000 6470.905273 7 19
4213400.000000 4027793.750000 6179.642090 8 19
4213600.000000 4027793.750000 5889.243164 9 19
4213800.000000 4027793.750000 5599.163086 10 19
4214000.000000 4027793.750000 5308.305176 11 19
4214200.000000 4027793.750000 5017.522461 12 19
4214400.000000 4027793.750000 4726.607910 13 19
4214600.000000 4027793.750000 4434.546387 14 19
4214800.000000 4027793.750000 4141.267578 15 19
4215000.000000 4027793.750000 3845.872559 16 19
4215200.000000 4027793.750000 3547.360596 17 19
4215400.000000 4027793.750000 3246.189941 18 19
4215600.000000 4027793.750000 2942.988525 19 19
4215800.000000 4027793.750000 2637.486084 20 19
4216000.000000 4027793.750000 2329.523926 21 19
4216200.000000 4027793.750000 2020.344971 22 19
4216400.000000 4027793.750000 1710.793091 23 19
4216600.000000 4027793.750000 1401.127930 24 19
4216800.000000 4027793.750000 1091.782959 25 19
4217000.000000 4027793.750000 783.812683 26 19
4217200.000000 4027793.750000 476.443420 27 19
4217400.000000 4027793.750000 170.767181 28 19
4217600.000000 4027793.750000 -133.218979 29 19
4217800.000000 4027793.750000 -436.298340 30 19
4218000.000000 4027793.750000 -738.485840 31 19
4218200.000000 4027793.750000 -1039.569458 32 19
4218400.000000 4027793.750000 -1339.100952 33 19
4218600.000000 4027793.750000 -1638.393311 34 19
4218800.000000 4027793.750000 -1937.032593 35 19
4219000.000000 4027793.750000 -2235.394287 36 19
4219200.000000 4027793.750000 -2533.174805 37 19
4219400.000000 4027793.750000 -2830.482178 38 19
4219600.000000 4027793.750000 -3127.377686 39 19
4219800.000000 4027793.750000 -3424.940186 40 19
4220000.000000 4027793.750000 -3722.333984 41 19
4220200.000000 4027793.750000 -4019.576172 42 19
4212000.000000 4028165.625000 8270.473633 1 20
4212200.000000 4028165.625000 7976.467285 2 20
4212400.000000 4028165.625000 7683.470215 3 20
4212600.000000 4028165.625000 7392.012695 4 20
4212800.000000 4028165.625000 7101.091309 5 20
4213000.000000 4028165.625000 6810.675293 6 20
4213200.000000 4028165.625000 6521.270996 7 20
4213400.000000 4028165.625000 6231.820313 8 20
4213600.000000 4028165.625000 5943.228516 9 20
4213800.000000 4028165.625000 5655.488281 10 20
4214000.000000 4028165.625000 5367.496582 11 20
4214200.000000 4028165.625000 5079.567871 12 20
4214400.000000 4028165.625000 4790.993164 13 20
4214600.000000 4028165.625000 4501.764160 14 20
4214800.000000 4028165.625000 4211.251465 15 20
4215000.000000 4028165.625000 3917.569580 16 20
4215200.000000 4028165.625000 3620.104248 17 20
4215400.000000 4028165.625000 3319.762207 18 20
4215600.000000 4028165.625000 3016.146484 19 20
4215800.000000 4028165.625000 2709.426758 20 20
4216000.000000 4028165.625000 2399.846680 21 20
4216200.000000 4028165.625000 2088.727295 22 20
4216400.000000 4028165.625000 1776.995117 23 20
4216600.000000 4028165.625000 1466.184937 24 20
4216800.000000 4028165.625000 1156.332397 25 20
4217000.000000 4028165.625000 848.028625 26 20
4217200.000000 4028165.625000 541.036621 27 20
4217400.000000 4028165.625000 235.520142 28 20
4217600.000000 4028165.625000 -68.608643 29 20
4217800.000000 4028165.625000 -371.155792 30 20
4218000.000000 4028165.625000 -672.704041 31 20
4218200.000000 4028165.625000 -972.519775 32 20
4218400.000000 4028165.625000 -1271.181885 33 20
4218600.000000 4028165.625000 -1569.539429 34 20
4218800.000000 4028165.625000 -1867.176636 35 20
4219000.000000 4028165.625000 -2164.521484 36 20
4219200.000000 4028165.625000 -2461.239258 37 20
4219400.000000 4028165.625000 -2757.452637 38 20
4219600.000000 4028165.625000 -3053.265381 39 20
4219800.000000 4028165.625000 -3349.269287 40 20
4220000.000000 4028165.625000 -3645.580322 41 20
4220200.000000 4028165.625000 -3942.266113 42 20
4212000.000000 4028537.500000 8309.216797 1 21
4212200.000000 4028537.500000 8016.811035 2 21
4212400.000000 4028537.500000 7725.465820 3 21
4212600.000000 4028537.500000 7435.653320 4 21
4212800.000000 4028537.500000 7146.428711 5 21
4213000.000000 4028537.500000 6858.257813 6 21
4213200.000000 4028537.500000 6570.613770 7 21
4213400.000000 4028537.500000 6283.454590 8 21
4213600.000000 4028537.500000 5997.186035 9 21
4213800.000000 4028537.500000 5711.290039 10 21
4214000.000000 4028537.500000 5426.161133 11 21
4214200.000000 4028537.500000 5141.112793 12 21
4214400.000000 4028537.500000 4855.944824 13 21
4214600.000000 4028537.500000 4570.108398 14 21
4214800.000000 4028537.500000 4282.005859 15 21
4215000.000000 4028537.500000 3990.667725 16 21
4215200.000000 4028537.500000 3694.895752 17 21
4215400.000000 4028537.500000 3395.036865 18 21
4215600.000000 4028537.500000 3091.108643 19 21
4215800.000000 4028537.500000 2782.661865 20 21
4216000.000000 4028537.500000 2470.317383 21 21
4216200.000000 4028537.500000 2156.958984 22 21
4216400.000000 4028537.500000 1843.205811 23 21
4216600.000000 4028537.500000 1530.941895 24 21
4216800.000000 4028537.500000 1220.375977 25 21
4217000.000000 4028537.500000 911.564392 26 21
4217200.000000 4028537.500000 604.314209 27 21
4217400.000000 4028537.500000 298.963501 28 21
4217600.000000 4028537.500000 -4.258461 29 21
4217800.000000 4028537.500000 -306.234924 30 21
4218000.000000 4028537.500000 -607.075012 31 21
4218200.000000 4028537.500000 -906.030273 32 21
4218400.000000 4028537.500000 -1203.767212 33 21
4218600.000000 4028537.500000 -1501.120972 34 21
4218800.000000 4028537.500000 -1797.708862 35 21
4219000.000000 4028537.500000 -2093.962646 36 21
4219200.000000 4028537.500000 -2389.550537 37 21
4219400.000000 4028537.500000 -2684.658447 38 21
4219600.000000 4028537.500000 -2979.333252 39 21
4219800.000000 4028537.500000 -3274.227539 40 21
4220000.000000 4028537.500000 -3569.459473 41 21
4220200.000000 4028537.500000 -3865.047852 42 21
4212000.000000 4028909.375000 8345.919922 1 22
4212200.000000 4028909.375000 8055.116211 2 22
4212400.000000 4028909.375000 7765.397949 3 22
4212600.000000 4028909.375000 7477.254395 4 22
4212800.000000 4028909.375000 7190.212891 5 22
4213000.000000 4028909.375000 6903.741211 6 22
4213200.000000 4028909.375000 6617.843262 7 22
4213400.000000 4028909.375000 6332.961914 8 22
4213600.000000 4028909.375000 6049.521973 9 22
4213800.000000 4028909.375000 5766.481934 10 22
4214000.000000 4028909.375000 5484.219727 11 22
4214200.000000 4028909.375000 5202.574707 12 22
4214400.000000 4028909.375000 4920.336426 13 22
4214600.000000 4028909.375000 4637.501953 14 22
4214800.000000 4028909.375000 4352.424316 15 22
4215000.000000 4028909.375000 4063.646729 16 22
4215200.000000 4028909.375000 3769.780029 17 22
4215400.000000 4028909.375000 3470.560059 18 22
4215600.000000 4028909.375000 3165.953613 19 22
4215800.000000 4028909.375000 2855.795654 20 22
4216000.000000 4028909.375000 2540.520264 21 22
4216200.000000 4028909.375000 2223.619385 22 22
4216400.000000 4028909.375000 1907.426270 23 22
4216600.000000 4028909.375000 1593.333740 24 22
4216800.000000 4028909.375000 1282.256958 25 22
4217000.000000 4028909.375000 973.238403 26 22
4217200.000000 4028909.375000 665.653259 27 22
4217400.000000 4028909.375000 361.433777 28 22
4217600.000000 4028909.375000 58.687466 29 22
4217800.000000 4028909.375000 -242.143433 30 22
4218000.000000 4028909.375000 -542.184570 31 22
4218200.000000 4028909.375000 -840.199768 32 22
4218400.000000 4028909.375000 -1136.904297 33 22
4218600.000000 4028909.375000 -1433.153931 34 22
4218800.000000 4028909.375000 -1728.632080 35 22
4219000.000000 4028909.375000 -2023.711182 36 22
4219200.000000 4028909.375000 -2318.144043 37 22
4219400.000000 4028909.375000 -2612.062256 38 22
4219600.000000 4028909.375000 -2906.087891 39 22
4219800.000000 4028909.375000 -3199.818604 40 22
4220000.000000 4028909.375000 -3493.921143 41 22
4220200.000000 4028909.375000 -3788.416260 42 22
4212000.000000 4029281.250000 8380.517578 1 23
4212200.000000 4029281.250000 8091.309570 2 23
4212400.000000 4029281.250000 7803.698730 3 23
4212600.000000 4029281.250000 7517.185059 4 23
4212800.000000 4029281.250000 7231.801758 5 23
4213000.000000 4029281.250000 6947.031738 6 23
4213200.000000 4029281.250000 6663.345703 7 23
4213400.000000 4029281.250000 6381.207031 8 23
4213600.000000 4029281.250000 6100.049316 9 23
4213800.000000 4029281.250000 5819.823730 10 23
4214000.000000 4029281.250000 5540.417480 11 23
4214200.000000 4029281.250000 5261.709473 12 23
4214400.000000 4029281.250000 4982.485352 13 23
4214600.000000 4029281.250000 4702.259766 14 23
4214800.000000 4029281.250000 4419.892090 15 23
4215000.000000 4029281.250000 4134.418945 16 23
4215200.000000 4029281.250000 3843.288330 17 23
4215400.000000 4029281.250000 3545.566895 18 23
4215600.000000 4029281.250000 3241.043701 19 23
4215800.000000 4029281.250000 2928.757568 20 23
4216000.000000 4029281.250000 2609.796875 21 23
4216200.000000 4029281.250000 2289.350830 22 23
4216400.000000 4029281.250000 1969.557617 23 23
4216600.000000 4029281.250000 1654.075928 24 23
4216800.000000 4029281.250000 1342.062012 25 23
4217000.000000 4029281.250000 1032.585205 26 23
4217200.000000 4029281.250000 725.505005 27 23
4217400.000000 4029281.250000 421.980804 28 23
4217600.000000 4029281.250000 120.294434 29 23
4217800.000000 4029281.250000 -179.773499 30 23
4218000.000000 4029281.250000 -478.347778 31 23
4218200.000000 4029281.250000 -775.268005 32 23
4218400.000000 4029281.250000 -1070.797485 33 23
4218600.000000 4029281.250000 -1365.829834 34 23
4218800.000000 4029281.250000 -1660.048584 35 23
4219000.000000 4029281.250000 -1953.886963 36 23
4219200.000000 4029281.250000 -2247.046387 37 23
4219400.000000 4029281.250000 -2539.735840 38 23
4219600.000000 4029281.250000 -2832.518311 39 23
4219800.000000 4029281.250000 -3126.065674 40 23
4220000.000000 4029281.250000 -3418.976074 41 23
4220200.000000 4029281.250000 -3712.318359 42 23
4212000.000000 4029653.125000 8412.941406 1 24
4212200.000000 4029653.125000 8125.788574 2 24
4212400.000000 4029653.125000 7839.753906 3 24
4212600.000000 4029653.125000 7554.832520 4 24
4212800.000000 4029653.125000 7271.061035 5 24
4213000.000000 4029653.125000 6988.421875 6 24
4213200.000000 4029653.125000 6707.403320 7 24
4213400.000000 4029653.125000 6427.441406 8 24
4213600.000000 4029653.125000 6148.495605 9 24
4213800.000000 4029653.125000 5870.519531 10 24
4214000.000000 4029653.125000 5593.913574 11 24
4214200.000000 4029653.125000 5317.595215 12 24
4214400.000000 4029653.125000 5040.922852 13 24
4214600.000000 4029653.125000 4763.362305 14 24
4214800.000000 4029653.125000 4483.860352 15 24
4215000.000000 4029653.125000 4201.435059 16 24
4215200.000000 4029653.125000 3913.919922 17 24
4215400.000000 4029653.125000 3619.122559 18 24
4215600.000000 4029653.125000 3315.099609 19 24
4215800.000000 4029653.125000 3000.405518 20 24
4216000.000000 4029653.125000 2677.494141 21 24
4216200.000000 4029653.125000 2352.811523 22 24
4216400.000000 4029653.125000 2029.523682 23 24
4216600.000000 4029653.125000 1712.426270 24 24
4216800.000000 4029653.125000 1399.550293 25 24
4217000.000000 4029653.125000 1089.873535 26 24
4217200.000000 4029653.125000 782.801575 27 24
4217400.000000 4029653.125000 480.597534 28 24
4217600.000000 4029653.125000 180.177902 29 24
4217800.000000 4029653.125000 -118.883858 30 24
4218000.000000 4029653.125000 -415.775726 31 24
4218200.000000 4029653.125000 -710.880554 32 24
4218400.000000 4029653.125000 -1005.039307 33 24
4218600.000000 4029653.125000 -1298.682007 34 24
4218800.000000 4029653.125000 -1591.507690 35 24
4219000.000000 4029653.125000 -1883.948120 36 24
4219200.000000 4029653.125000 -2176.264893 37 24
4219400.000000 4029653.125000 -2468.105957 38 24
4219600.000000 4029653.125000 -2759.607666 39 24
4219800.000000 4029653.125000 -3051.879639 40 24
4220000.000000 4029653.125000 -3344.077881 41 24
4220200.000000 4029653.125000 -3636.705566 42 24
4212000.000000 4030025.000000 8443.685547 1 25
4212200.000000 4030025.000000 8158.080078 2 25
4212400.000000 4030025.000000 7873.596680 3 25
4212600.000000 4030025.000000 7590.737305 4 25
4212800.000000 4030025.000000 7309.040039 5 25
4213000.000000 4030025.000000 7028.502441 6 25
4213200.000000 4030025.000000 6749.065430 7 25
4213400.000000 4030025.000000 6470.718262 8 25
4213600.000000 4030025.000000 6193.931641 9 25
4213800.000000 4030025.000000 5918.129883 10 25
4214000.000000 4030025.000000 5643.247070 11 25
4214200.000000 4030025.000000 5368.743164 12 25
4214400.000000 4030025.000000 5094.538086 13 25
4214600.000000 4030025.000000 4819.120605 14 25
4214800.000000 4030025.000000 4542.410156 15 25
4215000.000000 4030025.000000 4263.051758 16 25
4215200.000000 4030025.000000 3978.755127 17 25
4215400.000000 4030025.000000 3688.065674 18 25
4215600.000000 4030025.000000 3386.313721 19 25
4215800.000000 4030025.000000 3069.425781 20 25
4216000.000000 4030025.000000 2743.361084 21 25
4216200.000000 4030025.000000 2414.435547 22 25
4216400.000000 4030025.000000 2086.993408 23 25
4216600.000000 4030025.000000 1768.427612 24 25
4216800.000000 4030025.000000 1455.106323 25 25
4217000.000000 4030025.000000 1145.268799 26 25
4217200.000000 4030025.000000 838.833191 27 25
4217400.000000 4030025.000000 537.657227 28 25
4217600.000000 4030025.000000 238.735077 29 25
4217800.000000 4030025.000000 -58.585716 30 25
4218000.000000 4030025.000000 -354.091095 31 25
4218200.000000 4030025.000000 -647.700562 32 25
4218400.000000 4030025.000000 -940.320618 33 25
4218600.000000 4030025.000000 -1232.460327 34 25
4218800.000000 4030025.000000 -1523.781860 35 25
4219000.000000 4030025.000000 -1814.752686 36 25
4219200.000000 4030025.000000 -2105.622803 37 25
4219400.000000 4030025.000000 -2396.091309 38 25
4219600.000000 4030025.000000 -2686.730957 39 25
4219800.000000 4030025.000000 -2978.219482 40 25
4220000.000000 4030025.000000 -3269.635254 41 25
4220200.000000 4030025.000000 -3561.531250 42 25
4212000.000000 4030396.875000 8471.748047 1 26
4212200.000000 4030396.875000 8188.153809 2 26
4212400.000000 4030396.875000 7905.714355 3 26
4212600.000000 4030396.875000 7624.387207 4 26
4212800.000000 4030396.875000 7344.725098 5 26
4213000.000000 4030396.875000 7065.725098 6 26
4213200.000000 4030396.875000 6787.828125 7 26
4213400.000000 4030396.875000 6511.043457 8 26
4213600.000000 4030396.875000 6235.799805 9 26
4213800.000000 4030396.875000 5961.578613 10 26
4214000.000000 4030396.875000 5687.831055 11 26
4214200.000000 4030396.875000 5414.518555 12 26
4214400.000000 4030396.875000 5141.635742 13 26
4214600.000000 4030396.875000 4867.659180 14 26
4214800.000000 4030396.875000 4592.583984 15 26
4215000.000000 4030396.875000 4315.571289 16 26
4215200.000000 4030396.875000 4034.816895 17 26
4215400.000000 4030396.875000 3748.680908 18 26
4215600.000000 4030396.875000 3450.710449 19 26
4215800.000000 4030396.875000 3132.321289 20 26
4216000.000000 4030396.875000 2804.412598 21 26
4216200.000000 4030396.875000 2472.747803 22 26
4216400.000000 4030396.875000 2143.277100 23 26
4216600.000000 4030396.875000 1823.150635 24 26
4216800.000000 4030396.875000 1509.073853 25 26
4217000.000000 4030396.875000 1199.378662 26 26
4217200.000000 4030396.875000 893.914917 27 26
4217400.000000 4030396.875000 593.623047 28 26
4217600.000000 4030396.875000 296.489777 29 26
4217800.000000 4030396.875000 1.152421 30 26
4218000.000000 4030396.875000 -292.740295 31 26
4218200.000000 4030396.875000 -585.167053 32 26
4218400.000000 4030396.875000 -876.112488 33 26
4218600.000000 4030396.875000 -1166.587524 34 26
4218800.000000 4030396.875000 -1456.313843 35 26
4219000.000000 4030396.875000 -1745.731323 36 26
4219200.000000 4030396.875000 -2035.105347 37 26
4219400.000000 4030396.875000 -2324.614258 38 26
4219600.000000 4030396.875000 -2614.382080 39 26
4219800.000000 4030396.875000 -2904.517578 40 26
4220000.000000 4030396.875000 -3195.133057 41 26
4220200.000000 4030396.875000 -3486.279297 42 26
4212000.000000 4030768.750000 8497.534180 1 27
4212200.000000 4030768.750000 8215.950195 2 27
4212400.000000 4030768.750000 7935.485352 3 27
4212600.000000 4030768.750000 7655.647461 4 27
4212800.000000 4030768.750000 7377.480957 5 27
4213000.000000 4030768.750000 7099.931152 6 27
4213200.000000 4030768.750000 6823.503418 7 27
4213400.000000 4030768.750000 6547.656738 8 27
4213600.000000 4030768.750000 6273.333984 9 27
4213800.000000 4030768.750000 6000.028320 10 27
4214000.000000 4030768.750000 5726.697266 11 27
4214200.000000 4030768.750000 5453.814453 12 27
4214400.000000 4030768.750000 5181.397461 13 27
4214600.000000 4030768.750000 4907.940918 14 27
4214800.000000 4030768.750000 4633.416504 15 27
4215000.000000 4030768.750000 4357.007813 16 27
4215200.000000 4030768.750000 4076.946533 17 27
4215400.000000 4030768.750000 3792.923340 18 27
4215600.000000 4030768.750000 3497.078613 19 27
4215800.000000 4030768.750000 3183.603516 20 27
4216000.000000 4030768.750000 2857.362793 21 27
4216200.000000 4030768.750000 2524.847168 22 27
4216400.000000 4030768.750000 2195.648438 23 27
4216600.000000 4030768.750000 1874.382080 24 27
4216800.000000 4030768.750000 1560.577271 25 27
4217000.000000 4030768.750000 1251.546387 26 27
4217200.000000 4030768.750000 947.442627 27 27
4217400.000000 4030768.750000 648.679749 28 27
4217600.000000 4030768.750000 352.862579 29 27
4217800.000000 4030768.750000 59.448746 30 27
4218000.000000 4030768.750000 -232.470596 31 27
4218200.000000 4030768.750000 -522.936951 32 27
4218400.000000 4030768.750000 -811.990723 33 27
4218600.000000 4030768.750000 -1100.640869 34 27
4218800.000000 4030768.750000 -1388.594238 35 27
4219000.000000 4030768.750000 -1676.848022 36 27
4219200.000000 4030768.750000 -1965.157593 37 27
4219400.000000 4030768.750000 -2253.158203 38 27
4219600.000000 4030768.750000 -2541.968750 39 27
4219800.000000 4030768.750000 -2831.222656 40 27
4220000.000000 4030768.750000 -3121.012207 41 27
4220200.000000 4030768.750000 -3411.334473 42 27
4212000.000000 4031140.625000 8521.000000 1 28
4212200.000000 4031140.625000 8241.375000 2 28
4212400.000000 4031140.625000 7962.861816 3 28
4212600.000000 4031140.625000 7684.479492 4 28
4212800.000000 4031140.625000 7407.729980 5 28
4213000.000000 4031140.625000 7131.564941 6 28
4213200.000000 4031140.625000 6855.986816 7 28
4213400.000000 4031140.625000 6581.441406 8 28
4213600.000000 4031140.625000 6307.859863 9 28
4213800.000000 4031140.625000 6034.740723 10 28
4214000.000000 4031140.625000 5761.529785 11 28
4214200.000000 4031140.625000 5488.664551 12 28
4214400.000000 4031140.625000 5215.618164 13 28
4214600.000000 4031140.625000 4941.372559 14 28
4214800.000000 4031140.625000 4665.365723 15 28
4215000.000000 4031140.625000 4387.162109 16 28
4215200.000000 4031140.625000 4103.759277 17 28
4215400.000000 4031140.625000 3814.990479 18 28
4215600.000000 4031140.625000 3519.953125 19 28
4215800.000000 4031140.625000 3218.121338 20 28
4216000.000000 4031140.625000 2896.929688 21 28
4216200.000000 4031140.625000 2563.605225 22 28
4216400.000000 4031140.625000 2236.369629 23 28
4216600.000000 4031140.625000 1917.825195 24 28
4216800.000000 4031140.625000 1606.326416 25 28
4217000.000000 4031140.625000 1299.543213 26 28
4217200.000000 4031140.625000 997.951355 27 28
4217400.000000 4031140.625000 701.312378 28 28
4217600.000000 4031140.625000 408.091949 29 28
4217800.000000 4031140.625000 116.710190 30 28
4218000.000000 4031140.625000 -172.765732 31 28
4218200.000000 4031140.625000 -460.933441 32 28
4218400.000000 4031140.625000 -748.346008 33 28
4218600.000000 4031140.625000 -1034.977539 34 28
4218800.000000 4031140.625000 -1321.522217 35 28
4219000.000000 4031140.625000 -1608.002930 36 28
4219200.000000 4031140.625000 -1895.134033 37 28
4219400.000000 4031140.625000 -2182.065186 38 28
4219600.000000 4031140.625000 -2469.406982 39 28
4219800.000000 4031140.625000 -2757.741699 40 28
4220000.000000 4031140.625000 -3047.135498 41 28
4220200.000000 4031140.625000 -3336.632324 42 28
4212000.000000 4031512.500000 8542.683594 1 29
4212200.000000 4031512.500000 8264.999023 2 29
4212400.000000 4031512.500000 7988.425781 3 29
4212600.000000 4031512.500000 7711.931641 4 29
4212800.000000 4031512.500000 7436.056152 5 29
4213000.000000 4031512.500000 7161.236328 6 29
4213200.000000 4031512.500000 6886.432617 7 29
4213400.000000 4031512.500000 6612.572266 8 29
4213600.000000 4031512.500000 6339.606934 9 29
4213800.000000 4031512.500000 6066.490723 10 29
4214000.000000 4031512.500000 5793.153320 11 29
4214200.000000 4031512.500000 5519.451172 12 29
4214400.000000 4031512.500000 5245.735352 13 29
4214600.000000 4031512.500000 4969.967285 14 29
4214800.000000 4031512.500000 4692.008301 15 29
4215000.000000 4031512.500000 4410.652344 16 29
4215200.000000 4031512.500000 4122.475586 17 29
4215400.000000 4031512.500000 3827.061279 18 29
4215600.000000 4031512.500000 3530.040527 19 29
4215800.000000 4031512.500000 3233.065918 20 29
4216000.000000 4031512.500000 2917.217773 21 29
4216200.000000 4031512.500000 2589.050049 22 29
4216400.000000 4031512.500000 2266.458496 23 29
4216600.000000 4031512.500000 1952.711914 24 29
4216800.000000 4031512.500000 1646.010986 25 29
4217000.000000 4031512.500000 1343.554321 26 29
4217200.000000 4031512.500000 1045.588379 27 29
4217400.000000 4031512.500000 752.146729 28 29
4217600.000000 4031512.500000 462.256348 29 29
4217800.000000 4031512.500000 173.951080 30 29
4218000.000000 4031512.500000 -113.179298 31 29
4218200.000000 4031512.500000 -399.277344 32 29
4218400.000000 4031512.500000 -684.361877 33 29
4218600.000000 4031512.500000 -969.335388 34 29
4218800.000000 4031512.500000 -1254.367920 35 29
4219000.000000 4031512.500000 -1539.506226 36 29
4219200.000000 4031512.500000 -1824.929688 37 29
4219400.000000 4031512.500000 -2110.760010 38 29
4219600.000000 4031512.500000 -2397.078369 39 29
4219800.000000 4031512.500000 -2684.477539 40 29
4220000.000000 4031512.500000 -2973.492432 41 29
4220200.000000 4031512.500000 -3262.609863 42 29
4212000.000000 4031884.375000 8562.104492 1 30
4212200.000000 4031884.375000 8286.344727 2 30
4212400.000000 4031884.375000 8011.675781 3 30
4212600.000000 4031884.375000 7737.080566 4 30
4212800.000000 4031884.375000 7462.532715 5 30
4213000.000000 4031884.375000 7188.502441 6 30
4213200.000000 4031884.375000 6914.918945 7 30
4213400.000000 4031884.375000 6641.702637 8 30
4213600.000000 4031884.375000 6368.731934 9 30
4213800.000000 4031884.375000 6095.974121 10 30
4214000.000000 4031884.375000 5822.812012 11 30
4214200.000000 4031884.375000 5548.473633 12 30
4214400.000000 4031884.375000 5273.618164 13 30
4214600.000000 4031884.375000 4996.679199 14 30
4214800.000000 4031884.375000 4717.401855 15 30
4215000.000000 4031884.375000 4434.176758 16 30
4215200.000000 4031884.375000 4143.609863 17 30
4215400.000000 4031884.375000 3845.092285 18 30
4215600.000000 4031884.375000 3542.457031 19 30
4215800.000000 4031884.375000 3239.413330 20 30
4216000.000000 4031884.375000 2924.443604 21 30
4216200.000000 4031884.375000 2604.065430 22 30
4216400.000000 4031884.375000 2288.668945 23 30
4216600.000000 4031884.375000 1981.561157 24 30
4216800.000000 4031884.375000 1680.783081 25 30
4217000.000000 4031884.375000 1383.850586 26 30
4217200.000000 4031884.375000 1090.372559 27 30
4217400.000000 4031884.375000 801.609680 28 30
4217600.000000 4031884.375000 515.222717 29 30
4217800.000000 4031884.375000 230.487595 30 30
4218000.000000 4031884.375000 -53.939568 31 30
4218200.000000 4031884.375000 -337.235840 32 30
4218400.000000 4031884.375000 -620.321838 33 30
4218600.000000 4031884.375000 -903.529968 34 30
4218800.000000 4031884.375000 -1186.476196 35 30
4219000.000000 4031884.375000 -1470.226929 36 30
4219200.000000 4031884.375000 -1754.415527 37 30
4219400.000000 4031884.375000 -2039.646606 38 30
4219600.000000 4031884.375000 -2324.952637 39 30
4219800.000000 4031884.375000 -2611.912109 40 30
4220000.000000 4031884.375000 -2900.509766 41 30
4220200.000000 4031884.375000 -3189.268555 42 30
4212000.000000 4032256.250000 8579.282227 1 31
4212200.000000 4032256.250000 8305.451172 2 31
4212400.000000 4032256.250000 8032.183105 3 31
4212600.000000 4032256.250000 7759.465332 4 31
4212800.000000 4032256.250000 7486.772949 5 31
4213000.000000 4032256.250000 7214.024902 6 31
4213200.000000 4032256.250000 6941.652832 7 31
4213400.000000 4032256.250000 6669.050781 8 31
4213600.000000 4032256.250000 6396.550293 9 31
4213800.000000 4032256.250000 6124.109863 10 31
4214000.000000 4032256.250000 5851.552246 11 31
4214200.000000 4032256.250000 5577.447754 12 31
4214400.000000 4032256.250000 5302.703125 13 31
4214600.000000 4032256.250000 5025.732910 14 31
4214800.000000 4032256.250000 4746.161621 15 31
4215000.000000 4032256.250000 4461.980469 16 31
4215200.000000 4032256.250000 4170.355957 17 31
4215400.000000 4032256.250000 3871.979980 18 31
4215600.000000 4032256.250000 3568.286133 19 31
4215800.000000 4032256.250000 3257.972168 20 31
4216000.000000 4032256.250000 2938.875488 21 31
4216200.000000 4032256.250000 2620.172852 22 31
4216400.000000 4032256.250000 2309.461182 23 31
4216600.000000 4032256.250000 2007.806396 24 31
4216800.000000 4032256.250000 1713.059692 25 31
4217000.000000 4032256.250000 1421.913330 26 31
4217200.000000 4032256.250000 1134.265015 27 31
4217400.000000 4032256.250000 850.087036 28 31
4217600.000000 4032256.250000 568.108643 29 31
4217800.000000 4032256.250000 286.790771 30 31
4218000.000000 4032256.250000 5.333621 31 31
4218200.000000 4032256.250000 -274.973389 32 31
4218400.000000 4032256.250000 -555.990417 33 31
4218600.000000 4032256.250000 -837.369995 34 31
4218800.000000 4032256.250000 -1118.693848 35 31
4219000.000000 4032256.250000 -1401.043701 36 31
4219200.000000 4032256.250000 -1683.997681 37 31
4219400.000000 4032256.250000 -1968.105591 38 31
4219600.000000 4032256.250000 -2253.411621 39 31
4219800.000000 4032256.250000 -2539.962891 40 31
4220000.000000 4032256.250000 -2828.167969 41 31
4220200.000000 4032256.250000 -3116.538818 42 31
4212000.000000 4032628.125000 8594.816406 1 32
4212200.000000 4032628.125000 8322.908203 2 32
4212400.000000 4032628.125000 8051.552246 3 32
4212600.000000 4032628.125000 7780.221680 4 32
4212800.000000 4032628.125000 7508.883301 5 32
4213000.000000 4032628.125000 7237.439453 6 32
4213200.000000 4032628.125000 6966.309082 7 32
4213400.000000 4032628.125000 6694.860352 8 32
4213600.000000 4032628.125000 6423.382813 9 32
4213800.000000 4032628.125000 6151.818359 10 32
4214000.000000 4032628.125000 5879.946289 11 32
4214200.000000 4032628.125000 5607.136230 12 32
4214400.000000 4032628.125000 5333.032715 13 32
4214600.000000 4032628.125000 5056.518066 14 32
4214800.000000 4032628.125000 4777.597656 15 32
4215000.000000 4032628.125000 4493.820313 16 32
4215200.000000 4032628.125000 4202.214355 17 32
4215400.000000 4032628.125000 3904.157959 18 32
4215600.000000 4032628.125000 3600.205811 19 32
4215800.000000 4032628.125000 3284.129883 20 32
4216000.000000 4032628.125000 2960.026367 21 32
4216200.000000 4032628.125000 2639.702148 22 32
4216400.000000 4032628.125000 2330.142090 23 32
4216600.000000 4032628.125000 2033.565796 24 32
4216800.000000 4032628.125000 1744.469604 25 32
4217000.000000 4032628.125000 1458.778320 26 32
4217200.000000 4032628.125000 1176.670898 27 32
4217400.000000 4032628.125000 897.666443 28 32
4217600.000000 4032628.125000 620.317322 29 32
4217800.000000 4032628.125000 343.133942 30 32
4218000.000000 4032628.125000 65.333336 31 32
4218200.000000 4032628.125000 -212.414368 32 32
4218400.000000 4032628.125000 -491.289490 33 32
4218600.000000 4032628.125000 -770.814575 34 32
4218800.000000 4032628.125000 -1050.512573 35 32
4219000.000000 4032628.125000 -1331.469971 36 32
4219200.000000 4032628.125000 -1613.204834 37 32
4219400.000000 4032628.125000 -1896.724609 38 32
4219600.000000 4032628.125000 -2182.052490 39 32
4219800.000000 4032628.125000 -2468.686035 40 32
4220000.000000 4032628.125000 -2756.038086 41 32
4220200.000000 4032628.125000 -3044.049316 42 32
4212000.000000 4033000.000000 8609.756836 1 33
4212200.000000 4033000.000000 8339.769531 2 33
4212400.000000 4033000.000000 8069.816895 3 33
4212600.000000 4033000.000000 7799.904297 4 33
4212800.000000 4033000.000000 7529.944336 5 33
4213000.000000 4033000.000000 7259.842285 6 33
4213200.000000 4033000.000000 6990.000977 7 33
4213400.000000 4033000.000000 6719.767090 8 33
4213600.000000 4033000.000000 6449.429688 9 33
4213800.000000 4033000.000000 6178.859375 10 33
4214000.000000 4033000.000000 5908.271973 11 33
4214200.000000 4033000.000000 5636.914063 12 33
4214400.000000 4033000.000000 5364.161133 13 33
4214600.000000 4033000.000000 5089.304688 14 33
4214800.000000 4033000.000000 4811.613281 15 33
4215000.000000 4033000.000000 4528.729492 16 33
4215200.000000 4033000.000000 4237.392090 17 33
4215400.000000 4033000.000000 3938.925537 18 33
4215600.000000 4033000.000000 3633.487061 19 33
4215800.000000 4033000.000000 3312.675049 20 33
4216000.000000 4033000.000000 2985.390137 21 33
4216200.000000 4033000.000000 2663.902588 22 33
4216400.000000 4033000.000000 2354.617676 23 33
4216600.000000 4033000.000000 2059.941406 24 33
4216800.000000 4033000.000000 1774.743530 25 33
4217000.000000 4033000.000000 1494.303345 26 33
4217200.000000 4033000.000000 1218.096680 27 33
4217400.000000 4033000.000000 944.836060 28 33
4217600.000000 4033000.000000 672.382507 29 33
4217800.000000 4033000.000000 399.561920 30 33
4218000.000000 4033000.000000 125.551453 31 33
4218200.000000 4033000.000000 -149.529648 32 33
4218400.000000 4033000.000000 -425.716309 33 33
4218600.000000 4033000.000000 -702.874023 34 33
4218800.000000 4033000.000000 -980.942078 35 33
4219000.000000 4033000.000000 -1260.518677 36 33
4219200.000000 4033000.000000 -1541.552002 37 33
4219400.000000 4033000.000000 -1824.506958 38 33
4219600.000000 4033000.000000 -2109.899414 39 33
4219800.000000 4033000.000000 -2396.158936 40 33
4220000.000000 4033000.000000 -2683.654785 41 33
4220200.000000 4033000.000000 -2970.850342 42 33
