# Type: scattered data
# Version: 6
# Description: No description
# Format: free
# Field: 1 x
# Field: 2 y
# Field: 3 z undefined
# Field: 4 column
# Field: 5 row
# Projection: Local Rectangular
# Units: undefined
# End:
# Information from grid:
# Grid_size: 42 x 33
# Grid_space: 4212000.000000,4220200.000000,4021100.000000,4033000.000000
# Scattered data: Not_available
# Z_field: z
# Vertical_faults: Not_available
# History: No history
# Z_units: undefined
4212000.000000 4021100.000000 -2392.905273 1 1
4212200.000000 4021100.000000 -2185.314941 2 1
4212400.000000 4021100.000000 -1977.584229 3 1
4212600.000000 4021100.000000 -1769.582886 4 1
4212800.000000 4021100.000000 -1561.238281 5 1
4213000.000000 4021100.000000 -1352.992188 6 1
4213200.000000 4021100.000000 -1144.243408 7 1
4213400.000000 4021100.000000 -934.444275 8 1
4213600.000000 4021100.000000 -724.561646 9 1
4213800.000000 4021100.000000 -513.544006 10 1
4214000.000000 4021100.000000 -301.916779 11 1
4214200.000000 4021100.000000 -89.235863 12 1
4214400.000000 4021100.000000 123.954941 13 1
4214600.000000 4021100.000000 337.521423 14 1
4214800.000000 4021100.000000 551.309082 15 1
4215000.000000 4021100.000000 764.712769 16 1
4215200.000000 4021100.000000 978.069519 17 1
4215400.000000 4021100.000000 1191.184326 18 1
4215600.000000 4021100.000000 1403.858887 19 1
4215800.000000 4021100.000000 1615.788940 20 1
4216000.000000 4021100.000000 1827.194092 21 1
4216200.000000 4021100.000000 2036.782471 22 1
4216400.000000 4021100.000000 2244.843506 23 1
4216600.000000 4021100.000000 2450.784912 24 1
4216800.000000 4021100.000000 2655.145264 25 1
4217000.000000 4021100.000000 2858.612061 26 1
4217200.000000 4021100.000000 3060.910400 27 1
4217400.000000 4021100.000000 3262.281738 28 1
4217600.000000 4021100.000000 3462.966797 29 1
4217800.000000 4021100.000000 3663.266113 30 1
4218000.000000 4021100.000000 3863.489502 31 1
4218200.000000 4021100.000000 4063.891113 32 1
4218400.000000 4021100.000000 4264.690430 33 1
4218600.000000 4021100.000000 4466.040039 34 1
4218800.000000 4021100.000000 4668.003906 35 1
4219000.000000 4021100.000000 4870.106445 36 1
4219200.000000 4021100.000000 5072.818848 37 1
4219400.000000 4021100.000000 5276.056152 38 1
4219600.000000 4021100.000000 5479.749512 39 1
4219800.000000 4021100.000000 5683.815430 40 1
4220000.000000 4021100.000000 5888.165039 41 1
4220200.000000 4021100.000000 6093.181641 42 1
4212000.000000 4021471.875000 -2249.069824 1 2
4212200.000000 4021471.875000 -2041.462280 2 2
4212400.000000 4021471.875000 -1833.688965 3 2
4212600.000000 4021471.875000 -1625.669312 4 2
4212800.000000 4021471.875000 -1417.285400 5 2
4213000.000000 4021471.875000 -1208.489258 6 2
4213200.000000 4021471.875000 -999.742249 7 2
4213400.000000 4021471.875000 -789.964478 8 2
4213600.000000 4021471.875000 -580.163025 9 2
4213800.000000 4021471.875000 -369.314880 10 2
4214000.000000 4021471.875000 -157.970245 11 2
4214200.000000 4021471.875000 53.805683 12 2
4214400.000000 4021471.875000 266.480988 13 2
4214600.000000 4021471.875000 479.465729 14 2
4214800.000000 4021471.875000 692.699951 15 2
4215000.000000 4021471.875000 905.630249 16 2
4215200.000000 4021471.875000 1118.740112 17 2
4215400.000000 4021471.875000 1331.893921 18 2
4215600.000000 4021471.875000 1544.343872 19 2
4215800.000000 4021471.875000 1756.778931 20 2
4216000.000000 4021471.875000 1968.768188 21 2
4216200.000000 4021471.875000 2178.918457 22 2
4216400.000000 4021471.875000 2387.412598 23 2
4216600.000000 4021471.875000 2594.085693 24 2
4216800.000000 4021471.875000 2798.541992 25 2
4217000.000000 4021471.875000 3002.059814 26 2
4217200.000000 4021471.875000 3204.426025 27 2
4217400.000000 4021471.875000 3405.905273 28 2
4217600.000000 4021471.875000 3606.236084 29 2
4217800.000000 4021471.875000 3806.182373 30 2
4218000.000000 4021471.875000 4006.499756 31 2
4218200.000000 4021471.875000 4207.454102 32 2
4218400.000000 4021471.875000 4408.267578 33 2
4218600.000000 4021471.875000 4609.576172 34 2
4218800.000000 4021471.875000 4811.479492 35 2
4219000.000000 4021471.875000 5014.008301 36 2
4219200.000000 4021471.875000 5216.611816 37 2
4219400.000000 4021471.875000 5419.731445 38 2
4219600.000000 4021471.875000 5623.798340 39 2
4219800.000000 4021471.875000 5828.248535 40 2
4220000.000000 4021471.875000 6032.476563 41 2
4220200.000000 4021471.875000 6237.895996 42 2
4212000.000000 4021843.750000 -2104.816406 1 3
4212200.000000 4021843.750000 -1897.228882 2 3
4212400.000000 4021843.750000 -1689.473022 3 3
4212600.000000 4021843.750000 -1481.465698 4 3
4212800.000000 4021843.750000 -1273.091553 5 3
4213000.000000 4021843.750000 -1064.311035 6 3
4213200.000000 4021843.750000 -855.600586 7 3
4213400.000000 4021843.750000 -645.901855 8 3
4213600.000000 4021843.750000 -436.232513 9 3
4213800.000000 4021843.750000 -225.648102 10 3
4214000.000000 4021843.750000 -14.668490 11 3
4214200.000000 4021843.750000 196.642197 12 3
4214400.000000 4021843.750000 408.733276 13 3
4214600.000000 4021843.750000 621.133423 14 3
4214800.000000 4021843.750000 833.373169 15 3
4215000.000000 4021843.750000 1046.522217 16 3
4215200.000000 4021843.750000 1259.171021 17 3
4215400.000000 4021843.750000 1472.229004 18 3
4215600.000000 4021843.750000 1685.423340 19 3
4215800.000000 4021843.750000 1898.805664 20 3
4216000.000000 4021843.750000 2111.799561 21 3
4216200.000000 4021843.750000 2323.323242 22 3
4216400.000000 4021843.750000 2532.374756 23 3
4216600.000000 4021843.750000 2739.242676 24 3
4216800.000000 4021843.750000 2944.091309 25 3
4217000.000000 4021843.750000 3147.332031 26 3
4217200.000000 4021843.750000 3348.927246 27 3
4217400.000000 4021843.750000 3549.713867 28 3
4217600.000000 4021843.750000 3749.909180 29 3
4217800.000000 4021843.750000 3949.741455 30 3
4218000.000000 4021843.750000 4149.953125 31 3
4218200.000000 4021843.750000 4350.801758 32 3
4218400.000000 4021843.750000 4551.990723 33 3
4218600.000000 4021843.750000 4753.194336 34 3
4218800.000000 4021843.750000 4955.018555 35 3
4219000.000000 4021843.750000 5156.969727 36 3
4219200.000000 4021843.750000 5359.510254 37 3
4219400.000000 4021843.750000 5563.073242 38 3
4219600.000000 4021843.750000 5767.073730 39 3
4219800.000000 4021843.750000 5971.950195 40 3
4220000.000000 4021843.750000 6176.626953 41 3
4220200.000000 4021843.750000 6381.995605 42 3
4212000.000000 4022215.625000 -1960.108643 1 4
4212200.000000 4022215.625000 -1753.081055 2 4
4212400.000000 4022215.625000 -1545.370605 3 4
4212600.000000 4022215.625000 -1337.392578 4 4
4212800.000000 4022215.625000 -1129.085449 5 4
4213000.000000 4022215.625000 -920.371582 6 4
4213200.000000 4022215.625000 -711.748291 7 4
4213400.000000 4022215.625000 -502.237701 8 4
4213600.000000 4022215.625000 -292.841522 9 4
4213800.000000 4022215.625000 -82.641792 10 4
4214000.000000 4022215.625000 127.787033 11 4
4214200.000000 4022215.625000 338.459595 12 4
4214400.000000 4022215.625000 549.894592 13 4
4214600.000000 4022215.625000 761.681763 14 4
4214800.000000 4022215.625000 974.042847 15 4
4215000.000000 4022215.625000 1187.189453 16 4
4215200.000000 4022215.625000 1400.257935 17 4
4215400.000000 4022215.625000 1613.728760 18 4
4215600.000000 4022215.625000 1827.736206 19 4
4215800.000000 4022215.625000 2042.155762 20 4
4216000.000000 4022215.625000 2256.178467 21 4
4216200.000000 4022215.625000 2469.444824 22 4
4216400.000000 4022215.625000 2680.264404 23 4
4216600.000000 4022215.625000 2887.790283 24 4
4216800.000000 4022215.625000 3092.263428 25 4
4217000.000000 4022215.625000 3294.350098 26 4
4217200.000000 4022215.625000 3495.237793 27 4
4217400.000000 4022215.625000 3694.914795 28 4
4217600.000000 4022215.625000 3894.638184 29 4
4217800.000000 4022215.625000 4094.087646 30 4
4218000.000000 4022215.625000 4293.974121 31 4
4218200.000000 4022215.625000 4494.518555 32 4
4218400.000000 4022215.625000 4695.466797 33 4
4218600.000000 4022215.625000 4896.481445 34 4
4218800.000000 4022215.625000 5098.172852 35 4
4219000.000000 4022215.625000 5300.055176 36 4
4219200.000000 4022215.625000 5502.569824 37 4
4219400.000000 4022215.625000 5706.105957 38 4
4219600.000000 4022215.625000 5910.089844 39 4
4219800.000000 4022215.625000 6115.456055 40 4
4220000.000000 4022215.625000 6320.606445 41 4
4220200.000000 4022215.625000 6526.466309 42 4
4212000.000000 4022587.500000 -1815.959351 1 5
4212200.000000 4022587.500000 -1608.977417 2 5
4212400.000000 4022587.500000 -1401.850220 3 5
4212600.000000 4022587.500000 -1193.947632 4 5
4212800.000000 4022587.500000 -985.217468 5 5
4213000.000000 4022587.500000 -776.649353 6 5
4213200.000000 4022587.500000 -568.222412 7 5
4213400.000000 4022587.500000 -358.999634 8 5
4213600.000000 4022587.500000 -150.070190 9 5
4213800.000000 4022587.500000 59.519478 10 5
4214000.000000 4022587.500000 269.221832 11 5
4214200.000000 4022587.500000 479.078094 12 5
4214400.000000 4022587.500000 690.277771 13 5
4214600.000000 4022587.500000 902.560852 14 5
4214800.000000 4022587.500000 1115.252441 15 5
4215000.000000 4022587.500000 1328.736206 16 5
4215200.000000 4022587.500000 1541.713745 17 5
4215400.000000 4022587.500000 1755.142212 18 5
4215600.000000 4022587.500000 1969.565552 19 5
4215800.000000 4022587.500000 2185.094727 20 5
4216000.000000 4022587.500000 2401.610596 21 5
4216200.000000 4022587.500000 2617.983398 22 5
4216400.000000 4022587.500000 2831.250977 23 5
4216600.000000 4022587.500000 3039.915283 24 5
4216800.000000 4022587.500000 3244.289551 25 5
4217000.000000 4022587.500000 3444.826660 26 5
4217200.000000 4022587.500000 3643.565186 27 5
4217400.000000 4022587.500000 3841.715332 28 5
4217600.000000 4022587.500000 4040.110596 29 5
4217800.000000 4022587.500000 4238.375000 30 5
4218000.000000 4022587.500000 4437.668945 31 5
4218200.000000 4022587.500000 4638.221191 32 5
4218400.000000 4022587.500000 4838.758301 33 5
4218600.000000 4022587.500000 5039.981445 34 5
4218800.000000 4022587.500000 5241.505371 35 5
4219000.000000 4022587.500000 5443.309082 36 5
4219200.000000 4022587.500000 5645.803223 37 5
4219400.000000 4022587.500000 5848.859375 38 5
4219600.000000 4022587.500000 6053.378906 39 5
4219800.000000 4022587.500000 6258.761719 40 5
4220000.000000 4022587.500000 6464.937012 41 5
4220200.000000 4022587.500000 6671.300781 42 5
4212000.000000 4022959.375000 -1671.838135 1 6
4212200.000000 4022959.375000 -1464.935669 2 6
4212400.000000 4022959.375000 -1257.879150 3 6
4212600.000000 4022959.375000 -1050.098633 4 6
4212800.000000 4022959.375000 -842.009277 5 6
4213000.000000 4022959.375000 -633.646667 6 6
4213200.000000 4022959.375000 -425.031769 7 6
4213400.000000 4022959.375000 -216.273605 8 6
4213600.000000 4022959.375000 -7.992827 9 6
4213800.000000 4022959.375000 200.778625 10 6
4214000.000000 4022959.375000 409.571014 11 6
4214200.000000 4022959.375000 618.562195 12 6
4214400.000000 4022959.375000 829.606567 13 6
4214600.000000 4022959.375000 1043.093140 14 6
4214800.000000 4022959.375000 1257.467529 15 6
4215000.000000 4022959.375000 1472.149292 16 6
4215200.000000 4022959.375000 1684.418457 17 6
4215400.000000 4022959.375000 1896.774780 18 6
4215600.000000 4022959.375000 2110.074463 19 6
4215800.000000 4022959.375000 2326.041260 20 6
4216000.000000 4022959.375000 2545.702148 21 6
4216200.000000 4022959.375000 2767.336670 22 6
4216400.000000 4022959.375000 2984.611816 23 6
4216600.000000 4022959.375000 3193.786621 24 6
4216800.000000 4022959.375000 3397.375977 25 6
4217000.000000 4022959.375000 3596.170654 26 6
4217200.000000 4022959.375000 3792.542236 27 6
4217400.000000 4022959.375000 3988.421631 28 6
4217600.000000 4022959.375000 4184.721680 29 6
4217800.000000 4022959.375000 4382.564941 30 6
4218000.000000 4022959.375000 4581.062500 31 6
4218200.000000 4022959.375000 4781.431152 32 6
4218400.000000 4022959.375000 4981.918457 33 6
4218600.000000 4022959.375000 5183.257813 34 6
4218800.000000 4022959.375000 5384.541504 35 6
4219000.000000 4022959.375000 5585.752441 36 6
4219200.000000 4022959.375000 5788.257324 37 6
4219400.000000 4022959.375000 5991.865234 38 6
4219600.000000 4022959.375000 6196.942383 39 6
4219800.000000 4022959.375000 6402.395996 40 6
4220000.000000 4022959.375000 6609.112793 41 6
4220200.000000 4022959.375000 6816.022461 42 6
4212000.000000 4023331.250000 -1527.223389 1 7
4212200.000000 4023331.250000 -1320.932983 2 7
4212400.000000 4023331.250000 -1113.984253 3 7
4212600.000000 4023331.250000 -906.341614 4 7
4212800.000000 4023331.250000 -698.447632 5 7
4213000.000000 4023331.250000 -490.359863 6 7
4213200.000000 4023331.250000 -282.197815 7 7
4213400.000000 4023331.250000 -74.064278 8 7
4213600.000000 4023331.250000 133.912430 9 7
4213800.000000 4023331.250000 341.215088 10 7
4214000.000000 4023331.250000 548.564331 11 7
4214200.000000 4023331.250000 757.325134 12 7
4214400.000000 4023331.250000 968.984131 13 7
4214600.000000 4023331.250000 1184.519531 14 7
4214800.000000 4023331.250000 1401.367798 15 7
4215000.000000 4023331.250000 1617.461548 16 7
4215200.000000 4023331.250000 1829.237671 17 7
4215400.000000 4023331.250000 2039.255493 18 7
4215600.000000 4023331.250000 2249.519287 19 7
4215800.000000 4023331.250000 2464.037842 20 7
4216000.000000 4023331.250000 2686.267334 21 7
4216200.000000 4023331.250000 2914.100342 22 7
4216400.000000 4023331.250000 3135.484619 23 7
4216600.000000 4023331.250000 3344.875244 24 7
4216800.000000 4023331.250000 3546.827881 25 7
4217000.000000 4023331.250000 3743.401611 26 7
4217200.000000 4023331.250000 3938.682861 27 7
4217400.000000 4023331.250000 4133.550293 28 7
4217600.000000 4023331.250000 4328.876465 29 7
4217800.000000 4023331.250000 4526.294922 30 7
4218000.000000 4023331.250000 4724.939941 31 7
4218200.000000 4023331.250000 4924.035156 32 7
4218400.000000 4023331.250000 5124.402832 33 7
4218600.000000 4023331.250000 5325.282715 34 7
4218800.000000 4023331.250000 5526.312988 35 7
4219000.000000 4023331.250000 5727.925293 36 7
4219200.000000 4023331.250000 5930.939941 37 7
4219400.000000 4023331.250000 6135.129395 38 7
4219600.000000 4023331.250000 6340.317383 39 7
4219800.000000 4023331.250000 6546.366699 40 7
4220000.000000 4023331.250000 6753.163574 41 7
4220200.000000 4023331.250000 6960.634766 42 7
4212000.000000 4023703.125000 -1383.150513 1 8
4212200.000000 4023703.125000 -1176.972046 2 8
4212400.000000 4023703.125000 -970.151184 3 8
4212600.000000 4023703.125000 -763.162415 4 8
4212800.000000 4023703.125000 -555.535828 5 8
4213000.000000 4023703.125000 -347.824371 6 8
4213200.000000 4023703.125000 -140.195099 7 8
4213400.000000 4023703.125000 67.673325 8 8
4213600.000000 4023703.125000 274.739410 9 8
4213800.000000 4023703.125000 481.609955 10 8
4214000.000000 4023703.125000 688.157227 11 8
4214200.000000 4023703.125000 895.994934 12 8
4214400.000000 4023703.125000 1108.675171 13 8
4214600.000000 4023703.125000 1327.089722 14 8
4214800.000000 4023703.125000 1547.036499 15 8
4215000.000000 4023703.125000 1764.466431 16 8
4215200.000000 4023703.125000 1975.583862 17 8
4215400.000000 4023703.125000 2181.423340 18 8
4215600.000000 4023703.125000 2385.063477 19 8
4215800.000000 4023703.125000 2593.878906 20 8
4216000.000000 4023703.125000 2814.559570 21 8
4216200.000000 4023703.125000 3048.389404 22 8
4216400.000000 4023703.125000 3278.041016 23 8
4216600.000000 4023703.125000 3491.545410 24 8
4216800.000000 4023703.125000 3691.566650 25 8
4217000.000000 4023703.125000 3884.903809 26 8
4217200.000000 4023703.125000 4076.452393 27 8
4217400.000000 4023703.125000 4272.842285 28 8
4217600.000000 4023703.125000 4472.924805 29 8
4217800.000000 4023703.125000 4672.816406 30 8
4218000.000000 4023703.125000 4870.785156 31 8
4218200.000000 4023703.125000 5067.719238 32 8
4218400.000000 4023703.125000 5266.004395 33 8
4218600.000000 4023703.125000 5465.970215 34 8
4218800.000000 4023703.125000 5666.768555 35 8
4219000.000000 4023703.125000 5869.312500 36 8
4219200.000000 4023703.125000 6072.886719 37 8
4219400.000000 4023703.125000 6277.691895 38 8
4219600.000000 4023703.125000 6483.007324 39 8
4219800.000000 4023703.125000 6689.683594 40 8
4220000.000000 4023703.125000 6897.095703 41 8
4220200.000000 4023703.125000 7105.150391 42 8
4212000.000000 4024075.000000 -1239.113770 1 9
4212200.000000 4024075.000000 -1033.042847 2 9
4212400.000000 4024075.000000 -826.383972 3 9
4212600.000000 4024075.000000 -619.595276 4 9
4212800.000000 4024075.000000 -412.765961 5 9
4213000.000000 4024075.000000 -204.998306 6 9
4213200.000000 4024075.000000 2.006586 7 9
4213400.000000 4024075.000000 209.094009 8 9
4213600.000000 4024075.000000 415.762909 9 9
4213800.000000 4024075.000000 622.355957 10 9
4214000.000000 4024075.000000 828.469543 11 9
4214200.000000 4024075.000000 1035.301392 12 9
4214400.000000 4024075.000000 1249.360962 13 9
4214600.000000 4024075.000000 1470.731445 14 9
4214800.000000 4024075.000000 1693.431763 15 9
4215000.000000 4024075.000000 1911.504395 16 9
4215200.000000 4024075.000000 2120.891357 17 9
4215400.000000 4024075.000000 2319.651855 18 9
4215600.000000 4024075.000000 2510.879150 19 9
4215800.000000 4024075.000000 2705.678467 20 9
4216000.000000 4024075.000000 2919.324219 21 9
4216200.000000 4024075.000000 3167.834473 22 9
4216400.000000 4024075.000000 3420.326904 23 9
4216600.000000 4024075.000000 3644.421875 24 9
4216800.000000 4024075.000000 3841.951904 25 9
4217000.000000 4024075.000000 4028.989746 26 9
4217200.000000 4024075.000000 4215.042969 27 9
4217400.000000 4024075.000000 4416.270508 28 9
4217600.000000 4024075.000000 4627.482422 29 9
4217800.000000 4024075.000000 4830.179688 30 9
4218000.000000 4024075.000000 5024.459961 31 9
4218200.000000 4024075.000000 5216.027832 32 9
4218400.000000 4024075.000000 5408.960449 33 9
4218600.000000 4024075.000000 5605.666504 34 9
4218800.000000 4024075.000000 5806.351563 35 9
4219000.000000 4024075.000000 6009.413086 36 9
4219200.000000 4024075.000000 6214.098633 37 9
4219400.000000 4024075.000000 6419.563477 38 9
4219600.000000 4024075.000000 6625.557617 39 9
4219800.000000 4024075.000000 6832.889160 40 9
4220000.000000 4024075.000000 7040.922852 41 9
4220200.000000 4024075.000000 7249.580566 42 9
4212000.000000 4024446.875000 -1095.126099 1 10
4212200.000000 4024446.875000 -889.186340 2 10
4212400.000000 4024446.875000 -683.183899 3 10
4212600.000000 4024446.875000 -476.614410 4 10
4212800.000000 4024446.875000 -270.094543 5 10
4213000.000000 4024446.875000 -62.818436 6 10
4213200.000000 4024446.875000 144.047272 7 10
4213400.000000 4024446.875000 350.881653 8 10
4213600.000000 4024446.875000 557.843933 9 10
4213800.000000 4024446.875000 764.445007 10 10
4214000.000000 4024446.875000 971.010254 11 10
4214200.000000 4024446.875000 1177.210693 12 10
4214400.000000 4024446.875000 1391.161865 13 10
4214600.000000 4024446.875000 1612.478271 14 10
4214800.000000 4024446.875000 1834.783691 15 10
4215000.000000 4024446.875000 2054.645752 16 10
4215200.000000 4024446.875000 2264.535889 17 10
4215400.000000 4024446.875000 2451.533691 18 10
4215600.000000 4024446.875000 2619.613281 19 10
4215800.000000 4024446.875000 2788.063232 20 10
4216000.000000 4024446.875000 2990.104980 21 10
4216200.000000 4024446.875000 3285.825684 22 10
4216400.000000 4024446.875000 3593.355225 23 10
4216600.000000 4024446.875000 3825.062988 24 10
4216800.000000 4024446.875000 4013.351318 25 10
4217000.000000 4024446.875000 4199.069336 26 10
4217200.000000 4024446.875000 4394.021484 27 10
4217400.000000 4024446.875000 4603.366699 28 10
4217600.000000 4024446.875000 4813.415039 29 10
4217800.000000 4024446.875000 5007.009766 30 10
4218000.000000 4024446.875000 5189.331055 31 10
4218200.000000 4024446.875000 5369.529297 32 10
4218400.000000 4024446.875000 5553.985352 33 10
4218600.000000 4024446.875000 5745.732422 34 10
4218800.000000 4024446.875000 5945.007813 35 10
4219000.000000 4024446.875000 6148.729492 36 10
4219200.000000 4024446.875000 6354.115723 37 10
4219400.000000 4024446.875000 6560.803711 38 10
4219600.000000 4024446.875000 6767.993652 39 10
4219800.000000 4024446.875000 6976.004883 40 10
4220000.000000 4024446.875000 7184.194824 41 10
4220200.000000 4024446.875000 7392.969238 42 10
4212000.000000 4024818.750000 -950.683411 1 11
4212200.000000 4024818.750000 -745.393616 2 11
4212400.000000 4024818.750000 -540.036377 3 11
4212600.000000 4024818.750000 -333.709351 4 11
4212800.000000 4024818.750000 -127.519142 5 11
4213000.000000 4024818.750000 79.310120 6 11
4213200.000000 4024818.750000 286.072632 7 11
4213400.000000 4024818.750000 493.286774 8 11
4213600.000000 4024818.750000 700.773132 9 11
4213800.000000 4024818.750000 908.257507 10 11
4214000.000000 4024818.750000 1115.069336 11 11
4214200.000000 4024818.750000 1321.147095 12 11
4214400.000000 4024818.750000 1531.957031 13 11
4214600.000000 4024818.750000 1746.842041 14 11
4214800.000000 4024818.750000 1962.998535 15 11
4215000.000000 4024818.750000 2180.835938 16 11
4215200.000000 4024818.750000 2391.268799 17 11
4215400.000000 4024818.750000 2564.375488 18 11
4215600.000000 4024818.750000 2704.116211 19 11
4215800.000000 4024818.750000 2839.928223 20 11
4216000.000000 4024818.750000 3009.330078 21 11
4216200.000000 4024818.750000 3407.452881 22 11
4216400.000000 4024818.750000 3816.709717 23 11
4216600.000000 4024818.750000 4036.436035 24 11
4216800.000000 4024818.750000 4196.813965 25 11
4217000.000000 4024818.750000 4386.715332 26 11
4217200.000000 4024818.750000 4608.166504 27 11
4217400.000000 4024818.750000 4828.156738 28 11
4217600.000000 4024818.750000 5021.999512 29 11
4217800.000000 4024818.750000 5195.630371 30 11
4218000.000000 4024818.750000 5359.384277 31 11
4218200.000000 4024818.750000 5523.911133 32 11
4218400.000000 4024818.750000 5696.899902 33 11
4218600.000000 4024818.750000 5883.581055 34 11
4218800.000000 4024818.750000 6082.234375 35 11
4219000.000000 4024818.750000 6286.798828 36 11
4219200.000000 4024818.750000 6493.993164 37 11
4219400.000000 4024818.750000 6701.954102 38 11
4219600.000000 4024818.750000 6910.386719 39 11
4219800.000000 4024818.750000 7118.594238 40 11
4220000.000000 4024818.750000 7326.933594 41 11
4220200.000000 4024818.750000 7535.831543 42 11
4212000.000000 4025190.625000 -806.323608 1 12
4212200.000000 4025190.625000 -601.670349 2 12
4212400.000000 4025190.625000 -396.478851 3 12
4212600.000000 4025190.625000 -190.874023 4 12
4212800.000000 4025190.625000 15.004720 5 12
4213000.000000 4025190.625000 220.920364 6 12
4213200.000000 4025190.625000 427.718536 7 12
4213400.000000 4025190.625000 635.486023 8 12
4213600.000000 4025190.625000 844.774475 9 12
4213800.000000 4025190.625000 1054.422607 10 12
4214000.000000 4025190.625000 1262.135010 11 12
4214200.000000 4025190.625000 1466.706177 12 12
4214400.000000 4025190.625000 1669.159668 13 12
4214600.000000 4025190.625000 1868.928467 14 12
4214800.000000 4025190.625000 2065.180664 15 12
4215000.000000 4025190.625000 2264.570068 16 12
4215200.000000 4025190.625000 2459.947266 17 12
4215400.000000 4025190.625000 2624.871094 18 12
4215600.000000 4025190.625000 2769.962891 19 12
4215800.000000 4025190.625000 2920.097900 20 12
4216000.000000 4025190.625000 3057.556396 21 12
4216200.000000 4025190.625000 3541.259033 22 12
4216400.000000 4025190.625000 4061.687012 23 12
4216600.000000 4025190.625000 4235.360352 24 12
4216800.000000 4025190.625000 4346.633301 25 12
4217000.000000 4025190.625000 4543.580078 26 12
4217200.000000 4025190.625000 4799.882813 27 12
4217400.000000 4025190.625000 5036.189453 28 12
4217600.000000 4025190.625000 5217.396973 29 12
4217800.000000 4025190.625000 5373.965332 30 12
4218000.000000 4025190.625000 5522.861816 31 12
4218200.000000 4025190.625000 5675.091797 32 12
4218400.000000 4025190.625000 5839.245117 33 12
4218600.000000 4025190.625000 6021.290039 34 12
4218800.000000 4025190.625000 6219.619629 35 12
4219000.000000 4025190.625000 6425.710449 36 12
4219200.000000 4025190.625000 6634.314453 37 12
4219400.000000 4025190.625000 6843.595703 38 12
4219600.000000 4025190.625000 7052.283203 39 12
4219800.000000 4025190.625000 7261.190430 40 12
4220000.000000 4025190.625000 7469.695801 41 12
4220200.000000 4025190.625000 7678.215820 42 12
4212000.000000 4025562.500000 -662.025452 1 13
4212200.000000 4025562.500000 -458.003387 2 13
4212400.000000 4025562.500000 -253.502319 3 13
4212600.000000 4025562.500000 -48.598976 4 13
4212800.000000 4025562.500000 156.981750 5 13
4213000.000000 4025562.500000 363.056030 6 13
4213200.000000 4025562.500000 569.512573 7 13
4213400.000000 4025562.500000 778.587463 8 13
4213600.000000 4025562.500000 990.967407 9 13
4213800.000000 4025562.500000 1203.546509 10 13
4214000.000000 4025562.500000 1413.158813 11 13
4214200.000000 4025562.500000 1614.129395 12 13
4214400.000000 4025562.500000 1801.683472 13 13
4214600.000000 4025562.500000 1974.275146 14 13
4214800.000000 4025562.500000 2138.384033 15 13
4215000.000000 4025562.500000 2305.952881 16 13
4215200.000000 4025562.500000 2474.764648 17 13
4215400.000000 4025562.500000 2641.646729 18 13
4215600.000000 4025562.500000 2846.531250 19 13
4215800.000000 4025562.500000 3153.635986 20 13
4216000.000000 4025562.500000 3360.544922 21 13
4216200.000000 4025562.500000 3765.609863 22 13
4216400.000000 4025562.500000 4208.334961 23 13
4216600.000000 4025562.500000 4313.596680 24 13
4216800.000000 4025562.500000 4400.082031 25 13
4217000.000000 4025562.500000 4621.000488 26 13
4217200.000000 4025562.500000 4907.002441 27 13
4217400.000000 4025562.500000 5163.954590 28 13
4217600.000000 4025562.500000 5355.959473 29 13
4217800.000000 4025562.500000 5517.479980 30 13
4218000.000000 4025562.500000 5666.083008 31 13
4218200.000000 4025562.500000 5816.456055 32 13
4218400.000000 4025562.500000 5978.845215 33 13
4218600.000000 4025562.500000 6160.623535 34 13
4218800.000000 4025562.500000 6359.366699 35 13
4219000.000000 4025562.500000 6566.128418 36 13
4219200.000000 4025562.500000 6775.705078 37 13
4219400.000000 4025562.500000 6985.825684 38 13
4219600.000000 4025562.500000 7194.264648 39 13
4219800.000000 4025562.500000 7402.854492 40 13
4220000.000000 4025562.500000 7611.506348 41 13
4220200.000000 4025562.500000 7819.640625 42 13
4212000.000000 4025934.375000 -517.278381 1 14
4212200.000000 4025934.375000 -313.933258 2 14
4212400.000000 4025934.375000 -110.130875 3 14
4212600.000000 4025934.375000 94.048409 4 14
4212800.000000 4025934.375000 299.378967 5 14
4213000.000000 4025934.375000 504.701355 6 14
4213200.000000 4025934.375000 711.482056 7 14
4213400.000000 4025934.375000 922.609497 8 14
4213600.000000 4025934.375000 1138.952637 9 14
4213800.000000 4025934.375000 1356.343506 10 14
4214000.000000 4025934.375000 1568.560425 11 14
4214200.000000 4025934.375000 1764.598267 12 14
4214400.000000 4025934.375000 1931.034424 13 14
4214600.000000 4025934.375000 2069.170654 14 14
4214800.000000 4025934.375000 2198.161377 15 14
4215000.000000 4025934.375000 2336.342285 16 14
4215200.000000 4025934.375000 2489.411865 17 14
4215400.000000 4025934.375000 2659.020752 18 14
4215600.000000 4025934.375000 2907.432861 19 14
4215800.000000 4025934.375000 3296.384277 20 14
4216000.000000 4025934.375000 3659.122803 21 14
4216200.000000 4025934.375000 4022.790283 22 14
4216400.000000 4025934.375000 4287.317383 23 14
4216600.000000 4025934.375000 4315.895996 24 14
4216800.000000 4025934.375000 4405.283691 25 14
4217000.000000 4025934.375000 4656.055176 26 14
4217200.000000 4025934.375000 4953.405762 27 14
4217400.000000 4025934.375000 5223.160156 28 14
4217600.000000 4025934.375000 5440.285645 29 14
4217800.000000 4025934.375000 5623.664063 30 14
4218000.000000 4025934.375000 5788.199219 31 14
4218200.000000 4025934.375000 5947.971680 32 14
4218400.000000 4025934.375000 6115.835449 33 14
4218600.000000 4025934.375000 6301.025391 34 14
4218800.000000 4025934.375000 6501.777344 35 14
4219000.000000 4025934.375000 6709.233398 36 14
4219200.000000 4025934.375000 6918.782227 37 14
4219400.000000 4025934.375000 7128.721191 38 14
4219600.000000 4025934.375000 7336.881836 39 14
4219800.000000 4025934.375000 7545.143555 40 14
4220000.000000 4025934.375000 7752.922363 41 14
4220200.000000 4025934.375000 7960.645996 42 14
4212000.000000 4026306.250000 -373.052887 1 15
4212200.000000 4026306.250000 -170.458771 2 15
4212400.000000 4026306.250000 32.608757 3 15
4212600.000000 4026306.250000 236.519897 4 15
4212800.000000 4026306.250000 441.141235 5 15
4213000.000000 4026306.250000 646.292480 6 15
4213200.000000 4026306.250000 853.593384 7 15
4213400.000000 4026306.250000 1066.596313 8 15
4213600.000000 4026306.250000 1287.369873 9 15
4213800.000000 4026306.250000 1510.745850 10 15
4214000.000000 4026306.250000 1726.786865 11 15
4214200.000000 4026306.250000 1918.851929 12 15
4214400.000000 4026306.250000 2063.601318 13 15
4214600.000000 4026306.250000 2167.217773 14 15
4214800.000000 4026306.250000 2264.115723 15 15
4215000.000000 4026306.250000 2392.179688 16 15
4215200.000000 4026306.250000 2568.650879 17 15
4215400.000000 4026306.250000 2838.405273 18 15
4215600.000000 4026306.250000 3255.575195 19 15
4215800.000000 4026306.250000 3615.070801 20 15
4216000.000000 4026306.250000 3926.251953 21 15
4216200.000000 4026306.250000 4219.508301 22 15
4216400.000000 4026306.250000 4376.625977 23 15
4216600.000000 4026306.250000 4442.997559 24 15
4216800.000000 4026306.250000 4558.666992 25 15
4217000.000000 4026306.250000 4774.821777 26 15
4217200.000000 4026306.250000 5029.348145 27 15
4217400.000000 4026306.250000 5282.806152 28 15
4217600.000000 4026306.250000 5511.416016 29 15
4217800.000000 4026306.250000 5714.212402 30 15
4218000.000000 4026306.250000 5898.047363 31 15
4218200.000000 4026306.250000 6073.414063 32 15
4218400.000000 4026306.250000 6252.460449 33 15
4218600.000000 4026306.250000 6443.946289 34 15
4218800.000000 4026306.250000 6646.635254 35 15
4219000.000000 4026306.250000 6854.227051 36 15
4219200.000000 4026306.250000 7063.182617 37 15
4219400.000000 4026306.250000 7271.878906 38 15
4219600.000000 4026306.250000 7479.710449 39 15
4219800.000000 4026306.250000 7686.587891 40 15
4220000.000000 4026306.250000 7893.462891 41 15
4220200.000000 4026306.250000 8100.763672 42 15
4212000.000000 4026678.125000 -228.872208 1 16
4212200.000000 4026678.125000 -26.607286 2 16
4212400.000000 4026678.125000 175.617371 3 16
4212600.000000 4026678.125000 378.719055 4 16
4212800.000000 4026678.125000 583.118530 5 16
4213000.000000 4026678.125000 788.206604 6 16
4213200.000000 4026678.125000 995.224915 7 16
4213400.000000 4026678.125000 1210.452148 8 16
4213600.000000 4026678.125000 1434.707153 9 16
4213800.000000 4026678.125000 1662.939941 10 16
4214000.000000 4026678.125000 1883.127686 11 16
4214200.000000 4026678.125000 2072.324463 12 16
4214400.000000 4026678.125000 2201.403076 13 16
4214600.000000 4026678.125000 2278.023193 14 16
4214800.000000 4026678.125000 2351.684570 15 16
4215000.000000 4026678.125000 2483.701416 16 16
4215200.000000 4026678.125000 2671.735352 17 16
4215400.000000 4026678.125000 2984.729492 18 16
4215600.000000 4026678.125000 3561.939453 19 16
4215800.000000 4026678.125000 3927.000244 20 16
4216000.000000 4026678.125000 4031.728516 21 16
4216200.000000 4026678.125000 4208.759766 22 16
4216400.000000 4026678.125000 4399.586914 23 16
4216600.000000 4026678.125000 4639.885254 24 16
4216800.000000 4026678.125000 4818.235352 25 16
4217000.000000 4026678.125000 4957.395996 26 16
4217200.000000 4026678.125000 5137.586426 27 16
4217400.000000 4026678.125000 5360.495117 28 16
4217600.000000 4026678.125000 5587.946289 29 16
4217800.000000 4026678.125000 5803.646484 30 16
4218000.000000 4026678.125000 6005.259766 31 16
4218200.000000 4026678.125000 6197.524414 32 16
4218400.000000 4026678.125000 6390.202637 33 16
4218600.000000 4026678.125000 6588.689941 34 16
4218800.000000 4026678.125000 6793.624512 35 16
4219000.000000 4026678.125000 7001.216797 36 16
4219200.000000 4026678.125000 7208.961426 37 16
4219400.000000 4026678.125000 7415.832520 38 16
4219600.000000 4026678.125000 7622.264648 39 16
4219800.000000 4026678.125000 7828.220703 40 16
4220000.000000 4026678.125000 8034.160156 41 16
4220200.000000 4026678.125000 8240.515625 42 16
4212000.000000 4027050.000000 -85.197586 1 17
4212200.000000 4027050.000000 116.615952 2 17
4212400.000000 4027050.000000 318.339691 3 17
4212600.000000 4027050.000000 521.027832 4 17
4212800.000000 4027050.000000 725.171753 5 17
4213000.000000 4027050.000000 930.262024 6 17
4213200.000000 4027050.000000 1137.621582 7 17
4213400.000000 4027050.000000 1353.253662 8 17
4213600.000000 4027050.000000 1580.385620 9 17
4213800.000000 4027050.000000 1812.301392 10 17
4214000.000000 4027050.000000 2036.674683 11 17
4214200.000000 4027050.000000 2228.200684 12 17
4214400.000000 4027050.000000 2354.522949 13 17
4214600.000000 4027050.000000 2419.965820 14 17
4214800.000000 4027050.000000 2477.979248 15 17
4215000.000000 4027050.000000 2651.548828 16 17
4215200.000000 4027050.000000 2872.409180 17 17
4215400.000000 4027050.000000 3176.928223 18 17
4215600.000000 4027050.000000 3704.958740 19 17
4215800.000000 4027050.000000 3980.153320 20 17
4216000.000000 4027050.000000 3910.204834 21 17
4216200.000000 4027050.000000 4049.144043 22 17
4216400.000000 4027050.000000 4327.890137 23 17
4216600.000000 4027050.000000 4667.140625 24 17
4216800.000000 4027050.000000 4895.210938 25 17
4217000.000000 4027050.000000 5042.246582 26 17
4217200.000000 4027050.000000 5216.476074 27 17
4217400.000000 4027050.000000 5434.774414 28 17
4217600.000000 4027050.000000 5666.227539 29 17
4217800.000000 4027050.000000 5893.453613 30 17
4218000.000000 4027050.000000 6112.390137 31 17
4218200.000000 4027050.000000 6322.323242 32 17
4218400.000000 4027050.000000 6528.671875 33 17
4218600.000000 4027050.000000 6735.340332 34 17
4218800.000000 4027050.000000 6942.284668 35 17
4219000.000000 4027050.000000 7149.198242 36 17
4219200.000000 4027050.000000 7354.619141 37 17
4219400.000000 4027050.000000 7560.070801 38 17
4219600.000000 4027050.000000 7764.554199 39 17
4219800.000000 4027050.000000 7969.556152 40 17
4220000.000000 4027050.000000 8174.522949 41 17
4220200.000000 4027050.000000 8379.913086 42 17
4212000.000000 4027421.875000 58.025497 1 18
4212200.000000 4027421.875000 259.178528 2 18
4212400.000000 4027421.875000 461.215088 3 18
4212600.000000 4027421.875000 663.843933 4 18
4212800.000000 4027421.875000 867.626953 5 18
4213000.000000 4027421.875000 1072.182861 6 18
4213200.000000 4027421.875000 1278.888428 7 18
4213400.000000 4027421.875000 1495.421875 8 18
4213600.000000 4027421.875000 1723.913940 9 18
4213800.000000 4027421.875000 1958.144531 10 18
4214000.000000 4027421.875000 2186.918945 11 18
4214200.000000 4027421.875000 2387.626221 12 18
4214400.000000 4027421.875000 2529.209229 13 18
4214600.000000 4027421.875000 2607.351074 14 18
4214800.000000 4027421.875000 2676.357666 15 18
4215000.000000 4027421.875000 2889.407715 16 18
4215200.000000 4027421.875000 3152.344727 17 18
4215400.000000 4027421.875000 3441.836914 18 18
4215600.000000 4027421.875000 3816.679443 19 18
4215800.000000 4027421.875000 4040.650635 20 18
4216000.000000 4027421.875000 4040.305176 21 18
4216200.000000 4027421.875000 4162.515137 22 18
4216400.000000 4027421.875000 4390.610840 23 18
4216600.000000 4027421.875000 4672.531250 24 18
4216800.000000 4027421.875000 4898.490234 25 18
4217000.000000 4027421.875000 5081.474121 26 18
4217200.000000 4027421.875000 5278.177246 27 18
4217400.000000 4027421.875000 5506.901855 28 18
4217600.000000 4027421.875000 5748.174316 29 18
4217800.000000 4027421.875000 5989.269043 30 18
4218000.000000 4027421.875000 6224.982910 31 18
4218200.000000 4027421.875000 6451.023438 32 18
4218400.000000 4027421.875000 6668.795410 33 18
4218600.000000 4027421.875000 6881.859863 34 18
4218800.000000 4027421.875000 7090.584473 35 18
4219000.000000 4027421.875000 7296.135254 36 18
4219200.000000 4027421.875000 7500.114258 37 18
4219400.000000 4027421.875000 7703.582031 38 18
4219600.000000 4027421.875000 7907.068848 39 18
4219800.000000 4027421.875000 8111.069336 40 18
4220000.000000 4027421.875000 8315.550781 41 18
4220200.000000 4027421.875000 8519.961914 42 18
4212000.000000 4027793.750000 201.932266 1 19
4212200.000000 4027793.750000 402.151825 2 19
4212400.000000 4027793.750000 603.748047 3 19
4212600.000000 4027793.750000 806.560364 4 19
4212800.000000 4027793.750000 1009.378662 5 19
4213000.000000 4027793.750000 1213.815063 6 19
4213200.000000 4027793.750000 1420.283569 7 19
4213400.000000 4027793.750000 1635.990723 8 19
4213600.000000 4027793.750000 1864.252075 9 19
4213800.000000 4027793.750000 2099.585205 10 19
4214000.000000 4027793.750000 2331.029297 11 19
4214200.000000 4027793.750000 2541.536133 12 19
4214400.000000 4027793.750000 2712.716553 13 19
4214600.000000 4027793.750000 2855.038086 14 19
4214800.000000 4027793.750000 2983.559326 15 19
4215000.000000 4027793.750000 3159.760498 16 19
4215200.000000 4027793.750000 3361.143311 17 19
4215400.000000 4027793.750000 3641.280762 18 19
4215600.000000 4027793.750000 3942.852295 19 19
4215800.000000 4027793.750000 4153.449707 20 19
4216000.000000 4027793.750000 4258.970215 21 19
4216200.000000 4027793.750000 4382.559570 22 19
4216400.000000 4027793.750000 4540.967773 23 19
4216600.000000 4027793.750000 4747.080078 24 19
4216800.000000 4027793.750000 4946.308594 25 19
4217000.000000 4027793.750000 5139.427734 26 19
4217200.000000 4027793.750000 5351.621582 27 19
4217400.000000 4027793.750000 5589.581055 28 19
4217600.000000 4027793.750000 5841.342773 29 19
4217800.000000 4027793.750000 6095.958496 30 19
4218000.000000 4027793.750000 6345.751953 31 19
4218200.000000 4027793.750000 6584.524414 32 19
4218400.000000 4027793.750000 6811.511719 33 19
4218600.000000 4027793.750000 7029.199219 34 19
4218800.000000 4027793.750000 7238.449707 35 19
4219000.000000 4027793.750000 7442.972168 36 19
4219200.000000 4027793.750000 7645.403809 37 19
4219400.000000 4027793.750000 7847.817383 38 19
4219600.000000 4027793.750000 8050.272949 39 19
4219800.000000 4027793.750000 8253.260742 40 19
4220000.000000 4027793.750000 8456.743164 41 19
4220200.000000 4027793.750000 8660.663086 42 19
4212000.000000 4028165.625000 346.712036 1 20
4212200.000000 4028165.625000 545.689697 2 20
4212400.000000 4028165.625000 746.494507 3 20
4212600.000000 4028165.625000 948.755005 4 20
4212800.000000 4028165.625000 1150.921509 5 20
4213000.000000 4028165.625000 1354.723633 6 20
4213200.000000 4028165.625000 1561.890991 7 20
4213400.000000 4028165.625000 1776.963745 8 20
4213600.000000 4028165.625000 2002.589111 9 20
4213800.000000 4028165.625000 2235.769531 10 20
4214000.000000 4028165.625000 2466.104248 11 20
4214200.000000 4028165.625000 2675.979004 12 20
4214400.000000 4028165.625000 2846.739502 13 20
4214600.000000 4028165.625000 3002.389160 14 20
4214800.000000 4028165.625000 3226.995850 15 20
4215000.000000 4028165.625000 3470.885986 16 20
4215200.000000 4028165.625000 3648.806885 17 20
4215400.000000 4028165.625000 3881.995117 18 20
4215600.000000 4028165.625000 4106.919434 19 20
4215800.000000 4028165.625000 4271.083496 20 20
4216000.000000 4028165.625000 4434.643066 21 20
4216200.000000 4028165.625000 4611.439941 22 20
4216400.000000 4028165.625000 4721.381348 23 20
4216600.000000 4028165.625000 4870.523926 24 20
4216800.000000 4028165.625000 5036.667969 25 20
4217000.000000 4028165.625000 5224.938965 26 20
4217200.000000 4028165.625000 5447.617188 27 20
4217400.000000 4028165.625000 5695.181152 28 20
4217600.000000 4028165.625000 5955.410645 29 20
4217800.000000 4028165.625000 6218.599609 30 20
4218000.000000 4028165.625000 6476.665039 31 20
4218200.000000 4028165.625000 6722.972168 32 20
4218400.000000 4028165.625000 6955.324707 33 20
4218600.000000 4028165.625000 7175.296875 34 20
4218800.000000 4028165.625000 7385.317871 35 20
4219000.000000 4028165.625000 7589.149902 36 20
4219200.000000 4028165.625000 7790.434570 37 20
4219400.000000 4028165.625000 7991.766113 38 20
4219600.000000 4028165.625000 8193.160156 39 20
4219800.000000 4028165.625000 8395.619141 40 20
4220000.000000 4028165.625000 8598.590820 41 20
4220200.000000 4028165.625000 8802.013672 42 20
4212000.000000 4028537.500000 490.740601 1 21
4212200.000000 4028537.500000 689.614136 2 21
4212400.000000 4028537.500000 889.239990 3 21
4212600.000000 4028537.500000 1090.145752 4 21
4212800.000000 4028537.500000 1291.540771 5 21
4213000.000000 4028537.500000 1495.721313 6 21
4213200.000000 4028537.500000 1703.197632 7 21
4213400.000000 4028537.500000 1916.564575 8 21
4213600.000000 4028537.500000 2139.058594 9 21
4213800.000000 4028537.500000 2368.277100 10 21
4214000.000000 4028537.500000 2596.689453 11 21
4214200.000000 4028537.500000 2806.094238 12 21
4214400.000000 4028537.500000 2975.180664 13 21
4214600.000000 4028537.500000 3149.164063 14 21
4214800.000000 4028537.500000 3458.686768 15 21
4215000.000000 4028537.500000 3783.659180 16 21
4215200.000000 4028537.500000 3982.094727 17 21
4215400.000000 4028537.500000 4189.329590 18 21
4215600.000000 4028537.500000 4397.373535 19 21
4215800.000000 4028537.500000 4577.055664 20 21
4216000.000000 4028537.500000 4758.077148 21 21
4216200.000000 4028537.500000 4901.731445 22 21
4216400.000000 4028537.500000 4933.474121 23 21
4216600.000000 4028537.500000 5031.993164 24 21
4216800.000000 4028537.500000 5172.980957 25 21
4217000.000000 4028537.500000 5356.019043 26 21
4217200.000000 4028537.500000 5585.697754 27 21
4217400.000000 4028537.500000 5837.713867 28 21
4217600.000000 4028537.500000 6099.199707 29 21
4217800.000000 4028537.500000 6363.104980 30 21
4218000.000000 4028537.500000 6621.695313 31 21
4218200.000000 4028537.500000 6867.883789 32 21
4218400.000000 4028537.500000 7099.599121 33 21
4218600.000000 4028537.500000 7319.987793 34 21
4218800.000000 4028537.500000 7530.558594 35 21
4219000.000000 4028537.500000 7734.077637 36 21
4219200.000000 4028537.500000 7935.171875 37 21
4219400.000000 4028537.500000 8135.878418 38 21
4219600.000000 4028537.500000 8336.714844 39 21
4219800.000000 4028537.500000 8538.638672 40 21
4220000.000000 4028537.500000 8741.583008 41 21
4220200.000000 4028537.500000 8944.500977 42 21
4212000.000000 4028909.375000 633.022217 1 22
4212200.000000 4028909.375000 831.916016 2 22
4212400.000000 4028909.375000 1030.538330 3 22
4212600.000000 4028909.375000 1229.806885 4 22
4212800.000000 4028909.375000 1429.788452 5 22
4213000.000000 4028909.375000 1633.925537 6 22
4213200.000000 4028909.375000 1842.469604 7 22
4213400.000000 4028909.375000 2054.816162 8 22
4213600.000000 4028909.375000 2273.201416 9 22
4213800.000000 4028909.375000 2497.649414 10 22
4214000.000000 4028909.375000 2726.499756 11 22
4214200.000000 4028909.375000 2951.566406 12 22
4214400.000000 4028909.375000 3164.329590 13 22
4214600.000000 4028909.375000 3389.027588 14 22
4214800.000000 4028909.375000 3701.423096 15 22
4215000.000000 4028909.375000 4013.021484 16 22
4215200.000000 4028909.375000 4244.823730 17 22
4215400.000000 4028909.375000 4462.566895 18 22
4215600.000000 4028909.375000 4671.006348 19 22
4215800.000000 4028909.375000 4847.988281 20 22
4216000.000000 4028909.375000 4983.045898 21 22
4216200.000000 4028909.375000 5065.514160 22 22
4216400.000000 4028909.375000 5108.191406 23 22
4216600.000000 4028909.375000 5232.402832 24 22
4216800.000000 4028909.375000 5391.453125 25 22
4217000.000000 4028909.375000 5575.990723 26 22
4217200.000000 4028909.375000 5791.504883 27 22
4217400.000000 4028909.375000 6026.750977 28 22
4217600.000000 4028909.375000 6275.900879 29 22
4217800.000000 4028909.375000 6530.170410 30 22
4218000.000000 4028909.375000 6781.036133 31 22
4218200.000000 4028909.375000 7020.829102 32 22
4218400.000000 4028909.375000 7247.432617 33 22
4218600.000000 4028909.375000 7465.005371 34 22
4218800.000000 4028909.375000 7674.509277 35 22
4219000.000000 4028909.375000 7877.673340 36 22
4219200.000000 4028909.375000 8079.044434 37 22
4219400.000000 4028909.375000 8279.639648 38 22
4219600.000000 4028909.375000 8480.899414 39 22
4219800.000000 4028909.375000 8682.782227 40 22
4220000.000000 4028909.375000 8885.710938 41 22
4220200.000000 4028909.375000 9088.616211 42 22
4212000.000000 4029281.250000 772.694641 1 23
4212200.000000 4029281.250000 974.433350 2 23
4212400.000000 4029281.250000 1174.395508 3 23
4212600.000000 4029281.250000 1372.740112 4 23
4212800.000000 4029281.250000 1570.474121 5 23
4213000.000000 4029281.250000 1773.041992 6 23
4213200.000000 4029281.250000 1982.022339 7 23
4213400.000000 4029281.250000 2193.176025 8 23
4213600.000000 4029281.250000 2405.862549 9 23
4213800.000000 4029281.250000 2623.921143 10 23
4214000.000000 4029281.250000 2849.066650 11 23
4214200.000000 4029281.250000 3082.932373 12 23
4214400.000000 4029281.250000 3329.328369 13 23
4214600.000000 4029281.250000 3596.277344 14 23
4214800.000000 4029281.250000 3895.771240 15 23
4215000.000000 4029281.250000 4188.855469 16 23
4215200.000000 4029281.250000 4441.722656 17 23
4215400.000000 4029281.250000 4675.879883 18 23
4215600.000000 4029281.250000 4893.005371 19 23
4215800.000000 4029281.250000 5069.208008 20 23
4216000.000000 4029281.250000 5175.773438 21 23
4216200.000000 4029281.250000 5226.547852 22 23
4216400.000000 4029281.250000 5303.044922 23 23
4216600.000000 4029281.250000 5468.937988 24 23
4216800.000000 4029281.250000 5671.933105 25 23
4217000.000000 4029281.250000 5863.350586 26 23
4217200.000000 4029281.250000 6045.096680 27 23
4217400.000000 4029281.250000 6247.723145 28 23
4217600.000000 4029281.250000 6473.218262 29 23
4217800.000000 4029281.250000 6710.588867 30 23
4218000.000000 4029281.250000 6947.950195 31 23
4218200.000000 4029281.250000 7176.941895 32 23
4218400.000000 4029281.250000 7396.303223 33 23
4218600.000000 4029281.250000 7609.038086 34 23
4218800.000000 4029281.250000 7817.000488 35 23
4219000.000000 4029281.250000 8020.328613 36 23
4219200.000000 4029281.250000 8222.522461 37 23
4219400.000000 4029281.250000 8424.005859 38 23
4219600.000000 4029281.250000 8625.210938 39 23
4219800.000000 4029281.250000 8827.550781 40 23
4220000.000000 4029281.250000 9030.447266 41 23
4220200.000000 4029281.250000 9233.327148 42 23
4212000.000000 4029653.125000 909.457642 1 24
4212200.000000 4029653.125000 1119.359009 2 24
4212400.000000 4029653.125000 1325.916382 3 24
4212600.000000 4029653.125000 1526.185791 4 24
4212800.000000 4029653.125000 1718.819092 5 24
4213000.000000 4029653.125000 1915.787354 6 24
4213200.000000 4029653.125000 2125.102295 7 24
4213400.000000 4029653.125000 2335.046875 8 24
4213600.000000 4029653.125000 2541.052490 9 24
4213800.000000 4029653.125000 2750.697021 10 24
4214000.000000 4029653.125000 2968.727539 11 24
4214200.000000 4029653.125000 3199.039795 12 24
4214400.000000 4029653.125000 3456.929688 13 24
4214600.000000 4029653.125000 3739.639404 14 24
4214800.000000 4029653.125000 4033.863525 15 24
4215000.000000 4029653.125000 4318.430664 16 24
4215200.000000 4029653.125000 4579.763184 17 24
4215400.000000 4029653.125000 4826.149414 18 24
4215600.000000 4029653.125000 5057.494629 19 24
4215800.000000 4029653.125000 5246.808594 20 24
4216000.000000 4029653.125000 5353.281250 21 24
4216200.000000 4029653.125000 5399.222168 22 24
4216400.000000 4029653.125000 5493.318359 23 24
4216600.000000 4029653.125000 5679.064941 24 24
4216800.000000 4029653.125000 5904.498535 25 24
4217000.000000 4029653.125000 6103.850098 26 24
4217200.000000 4029653.125000 6276.440430 27 24
4217400.000000 4029653.125000 6462.787598 28 24
4217600.000000 4029653.125000 6671.516113 29 24
4217800.000000 4029653.125000 6892.207520 30 24
4218000.000000 4029653.125000 7114.409668 31 24
4218200.000000 4029653.125000 7331.863770 32 24
4218400.000000 4029653.125000 7544.213379 33 24
4218600.000000 4029653.125000 7752.806152 34 24
4218800.000000 4029653.125000 7958.882324 35 24
4219000.000000 4029653.125000 8162.985840 36 24
4219200.000000 4029653.125000 8365.554688 37 24
4219400.000000 4029653.125000 8567.969727 38 24
4219600.000000 4029653.125000 8770.112305 39 24
4219800.000000 4029653.125000 8972.905273 40 24
4220000.000000 4029653.125000 9175.763672 41 24
4220200.000000 4029653.125000 9379.125977 42 24
4212000.000000 4030025.000000 1042.886841 1 25
4212200.000000 4030025.000000 1267.571289 2 25
4212400.000000 4030025.000000 1489.427612 3 25
4212600.000000 4030025.000000 1698.462891 4 25
4212800.000000 4030025.000000 1880.442017 5 25
4213000.000000 4030025.000000 2063.807617 6 25
4213200.000000 4030025.000000 2270.715088 7 25
4213400.000000 4030025.000000 2479.178223 8 25
4213600.000000 4030025.000000 2681.158203 9 25
4213800.000000 4030025.000000 2885.735840 10 25
4214000.000000 4030025.000000 3098.485352 11 25
4214200.000000 4030025.000000 3324.500977 12 25
4214400.000000 4030025.000000 3578.985596 13 25
4214600.000000 4030025.000000 3856.256836 14 25
4214800.000000 4030025.000000 4137.580566 15 25
4215000.000000 4030025.000000 4410.139160 16 25
4215200.000000 4030025.000000 4666.710449 17 25
4215400.000000 4030025.000000 4912.734863 18 25
4215600.000000 4030025.000000 5145.028809 19 25
4215800.000000 4030025.000000 5341.126465 20 25
4216000.000000 4030025.000000 5468.675293 21 25
4216200.000000 4030025.000000 5542.147461 22 25
4216400.000000 4030025.000000 5655.421387 23 25
4216600.000000 4030025.000000 5842.696289 24 25
4216800.000000 4030025.000000 6063.779297 25 25
4217000.000000 4030025.000000 6271.290527 26 25
4217200.000000 4030025.000000 6459.223633 27 25
4217400.000000 4030025.000000 6651.665039 28 25
4217600.000000 4030025.000000 6855.678711 29 25
4217800.000000 4030025.000000 7065.905273 30 25
4218000.000000 4030025.000000 7275.991699 31 25
4218200.000000 4030025.000000 7484.106445 32 25
4218400.000000 4030025.000000 7690.923340 33 25
4218600.000000 4030025.000000 7896.701660 34 25
4218800.000000 4030025.000000 8101.605957 35 25
4219000.000000 4030025.000000 8305.613281 36 25
4219200.000000 4030025.000000 8508.622070 37 25
4219400.000000 4030025.000000 8711.989258 38 25
4219600.000000 4030025.000000 8915.090820 39 25
4219800.000000 4030025.000000 9118.333984 40 25
4220000.000000 4030025.000000 9321.648438 41 25
4220200.000000 4030025.000000 9524.979492 42 25
4212000.000000 4030396.875000 1177.856689 1 26
4212200.000000 4030396.875000 1422.688721 2 26
4212400.000000 4030396.875000 1671.842163 3 26
4212600.000000 4030396.875000 1903.414795 4 26
4212800.000000 4030396.875000 2075.552490 5 26
4213000.000000 4030396.875000 2230.600098 6 26
4213200.000000 4030396.875000 2426.595459 7 26
4213400.000000 4030396.875000 2628.990479 8 26
4213600.000000 4030396.875000 2827.311279 9 26
4213800.000000 4030396.875000 3030.045898 10 26
4214000.000000 4030396.875000 3242.989014 11 26
4214200.000000 4030396.875000 3469.078613 12 26
4214400.000000 4030396.875000 3714.127197 13 26
4214600.000000 4030396.875000 3971.692871 14 26
4214800.000000 4030396.875000 4230.618164 15 26
4215000.000000 4030396.875000 4482.954102 16 26
4215200.000000 4030396.875000 4724.978516 17 26
4215400.000000 4030396.875000 4961.828613 18 26
4215600.000000 4030396.875000 5187.846680 19 26
4215800.000000 4030396.875000 5383.752441 20 26
4216000.000000 4030396.875000 5531.831543 21 26
4216200.000000 4030396.875000 5642.448242 22 26
4216400.000000 4030396.875000 5783.649902 23 26
4216600.000000 4030396.875000 5979.183594 24 26
4216800.000000 4030396.875000 6198.443359 25 26
4217000.000000 4030396.875000 6412.218750 26 26
4217200.000000 4030396.875000 6615.630371 27 26
4217400.000000 4030396.875000 6817.593262 28 26
4217600.000000 4030396.875000 7021.424316 29 26
4217800.000000 4030396.875000 7224.837402 30 26
4218000.000000 4030396.875000 7428.248047 31 26
4218200.000000 4030396.875000 7631.723145 32 26
4218400.000000 4030396.875000 7835.481934 33 26
4218600.000000 4030396.875000 8039.773438 34 26
4218800.000000 4030396.875000 8244.188477 35 26
4219000.000000 4030396.875000 8448.206055 36 26
4219200.000000 4030396.875000 8652.205078 37 26
4219400.000000 4030396.875000 8856.049805 38 26
4219600.000000 4030396.875000 9059.606445 39 26
4219800.000000 4030396.875000 9263.297852 40 26
4220000.000000 4030396.875000 9467.063477 41 26
4220200.000000 4030396.875000 9670.857422 42 26
4212000.000000 4030768.750000 1317.688843 1 27
4212200.000000 4030768.750000 1584.778809 2 27
4212400.000000 4030768.750000 1869.079468 3 27
4212600.000000 4030768.750000 2143.669189 4 27
4212800.000000 4030768.750000 2324.652832 5 27
4213000.000000 4030768.750000 2445.076416 6 27
4213200.000000 4030768.750000 2604.616943 7 27
4213400.000000 4030768.750000 2786.496582 8 27
4213600.000000 4030768.750000 2978.179932 9 27
4213800.000000 4030768.750000 3180.372559 10 27
4214000.000000 4030768.750000 3394.534668 11 27
4214200.000000 4030768.750000 3620.121826 12 27
4214400.000000 4030768.750000 3855.272949 13 27
4214600.000000 4030768.750000 4093.354004 14 27
4214800.000000 4030768.750000 4330.029297 15 27
4215000.000000 4030768.750000 4559.540039 16 27
4215200.000000 4030768.750000 4780.711914 17 27
4215400.000000 4030768.750000 5004.727539 18 27
4215600.000000 4030768.750000 5228.458496 19 27
4215800.000000 4030768.750000 5431.507324 20 27
4216000.000000 4030768.750000 5602.047363 21 27
4216200.000000 4030768.750000 5749.234863 22 27
4216400.000000 4030768.750000 5915.969727 23 27
4216600.000000 4030768.750000 6117.531738 24 27
4216800.000000 4030768.750000 6334.191406 25 27
4217000.000000 4030768.750000 6549.325684 26 27
4217200.000000 4030768.750000 6759.385254 27 27
4217400.000000 4030768.750000 6966.478516 28 27
4217600.000000 4030768.750000 7171.007813 29 27
4217800.000000 4030768.750000 7373.058105 30 27
4218000.000000 4030768.750000 7574.353516 31 27
4218200.000000 4030768.750000 7776.120605 32 27
4218400.000000 4030768.750000 7978.637207 33 27
4218600.000000 4030768.750000 8182.131348 34 27
4218800.000000 4030768.750000 8386.682617 35 27
4219000.000000 4030768.750000 8591.269531 36 27
4219200.000000 4030768.750000 8795.791992 37 27
4219400.000000 4030768.750000 9000.106445 38 27
4219600.000000 4030768.750000 9204.117188 39 27
4219800.000000 4030768.750000 9408.255859 40 27
4220000.000000 4030768.750000 9612.471680 41 27
4220200.000000 4030768.750000 9816.727539 42 27
4212000.000000 4031140.625000 1460.859009 1 28
4212200.000000 4031140.625000 1736.576660 2 28
4212400.000000 4031140.625000 2033.994019 3 28
4212600.000000 4031140.625000 2327.189453 4 28
4212800.000000 4031140.625000 2528.304443 5 28
4213000.000000 4031140.625000 2647.310303 6 28
4213200.000000 4031140.625000 2778.881104 7 28
4213400.000000 4031140.625000 2940.777100 8 28
4213600.000000 4031140.625000 3129.018066 9 28
4213800.000000 4031140.625000 3332.677002 10 28
4214000.000000 4031140.625000 3548.836670 11 28
4214200.000000 4031140.625000 3773.297607 12 28
4214400.000000 4031140.625000 4000.097900 13 28
4214600.000000 4031140.625000 4224.007813 14 28
4214800.000000 4031140.625000 4443.260254 15 28
4215000.000000 4031140.625000 4652.929688 16 28
4215200.000000 4031140.625000 4853.866211 17 28
4215400.000000 4031140.625000 5068.050293 18 28
4215600.000000 4031140.625000 5294.592285 19 28
4215800.000000 4031140.625000 5508.936035 20 28
4216000.000000 4031140.625000 5702.340820 21 28
4216200.000000 4031140.625000 5880.796875 22 28
4216400.000000 4031140.625000 6065.589355 23 28
4216600.000000 4031140.625000 6267.047363 24 28
4216800.000000 4031140.625000 6476.692871 25 28
4217000.000000 4031140.625000 6688.335449 26 28
4217200.000000 4031140.625000 6898.479980 27 28
4217400.000000 4031140.625000 7106.718750 28 28
4217600.000000 4031140.625000 7312.027344 29 28
4217800.000000 4031140.625000 7515.230469 30 28
4218000.000000 4031140.625000 7717.555176 31 28
4218200.000000 4031140.625000 7919.775391 32 28
4218400.000000 4031140.625000 8122.653320 33 28
4218600.000000 4031140.625000 8325.907227 34 28
4218800.000000 4031140.625000 8530.129883 35 28
4219000.000000 4031140.625000 8734.811523 36 28
4219200.000000 4031140.625000 8939.345703 37 28
4219400.000000 4031140.625000 9144.135742 38 28
4219600.000000 4031140.625000 9348.602539 39 28
4219800.000000 4031140.625000 9553.197266 40 28
4220000.000000 4031140.625000 9757.864258 41 28
4220200.000000 4031140.625000 9962.581055 42 28
4212000.000000 4031512.500000 1610.283569 1 29
4212200.000000 4031512.500000 1882.847534 2 29
4212400.000000 4031512.500000 2167.001709 3 29
4212600.000000 4031512.500000 2443.030029 4 29
4212800.000000 4031512.500000 2652.510742 5 29
4213000.000000 4031512.500000 2796.452881 6 29
4213200.000000 4031512.500000 2932.981445 7 29
4213400.000000 4031512.500000 3093.520508 8 29
4213600.000000 4031512.500000 3282.061035 9 29
4213800.000000 4031512.500000 3486.363770 10 29
4214000.000000 4031512.500000 3702.595215 11 29
4214200.000000 4031512.500000 3925.691406 12 29
4214400.000000 4031512.500000 4146.558594 13 29
4214600.000000 4031512.500000 4361.624023 14 29
4214800.000000 4031512.500000 4571.406738 15 29
4215000.000000 4031512.500000 4773.617676 16 29
4215200.000000 4031512.500000 4969.357910 17 29
4215400.000000 4031512.500000 5178.473633 18 29
4215600.000000 4031512.500000 5402.001465 19 29
4215800.000000 4031512.500000 5619.685547 20 29
4216000.000000 4031512.500000 5824.640137 21 29
4216200.000000 4031512.500000 6020.753906 22 29
4216400.000000 4031512.500000 6216.130859 23 29
4216600.000000 4031512.500000 6417.062988 24 29
4216800.000000 4031512.500000 6622.510254 25 29
4217000.000000 4031512.500000 6830.906250 26 29
4217200.000000 4031512.500000 7039.417969 27 29
4217400.000000 4031512.500000 7246.274414 28 29
4217600.000000 4031512.500000 7451.976074 29 29
4217800.000000 4031512.500000 7656.626465 30 29
4218000.000000 4031512.500000 7860.373047 31 29
4218200.000000 4031512.500000 8062.970703 32 29
4218400.000000 4031512.500000 8266.172852 33 29
4218600.000000 4031512.500000 8469.677734 34 29
4218800.000000 4031512.500000 8674.053711 35 29
4219000.000000 4031512.500000 8878.798828 36 29
4219200.000000 4031512.500000 9083.345703 37 29
4219400.000000 4031512.500000 9288.119141 38 29
4219600.000000 4031512.500000 9493.042969 39 29
4219800.000000 4031512.500000 9698.082031 40 29
4220000.000000 4031512.500000 9903.205078 41 29
4220200.000000 4031512.500000 10108.394531 42 29
4212000.000000 4031884.375000 1768.019531 1 30
4212200.000000 4031884.375000 2034.249023 2 30
4212400.000000 4031884.375000 2299.905762 3 30
4212600.000000 4031884.375000 2552.255859 4 30
4212800.000000 4031884.375000 2760.801025 5 30
4213000.000000 4031884.375000 2926.236816 6 30
4213200.000000 4031884.375000 3078.782959 7 30
4213400.000000 4031884.375000 3246.256348 8 30
4213600.000000 4031884.375000 3436.601074 9 30
4213800.000000 4031884.375000 3640.838623 10 30
4214000.000000 4031884.375000 3855.561768 11 30
4214200.000000 4031884.375000 4076.122559 12 30
4214400.000000 4031884.375000 4293.915527 13 30
4214600.000000 4031884.375000 4505.432617 14 30
4214800.000000 4031884.375000 4712.826172 15 30
4215000.000000 4031884.375000 4917.388672 16 30
4215200.000000 4031884.375000 5121.082520 17 30
4215400.000000 4031884.375000 5329.471680 18 30
4215600.000000 4031884.375000 5542.388184 19 30
4215800.000000 4031884.375000 5754.802246 20 30
4216000.000000 4031884.375000 5961.580078 21 30
4216200.000000 4031884.375000 6163.295898 22 30
4216400.000000 4031884.375000 6363.043457 23 30
4216600.000000 4031884.375000 6564.931641 24 30
4216800.000000 4031884.375000 6769.260742 25 30
4217000.000000 4031884.375000 6975.656250 26 30
4217200.000000 4031884.375000 7182.641602 27 30
4217400.000000 4031884.375000 7388.857910 28 30
4217600.000000 4031884.375000 7594.138672 29 30
4217800.000000 4031884.375000 7798.969727 30 30
4218000.000000 4031884.375000 8002.951172 31 30
4218200.000000 4031884.375000 8206.301758 32 30
4218400.000000 4031884.375000 8409.745117 33 30
4218600.000000 4031884.375000 8613.423828 34 30
4218800.000000 4031884.375000 8817.415039 35 30
4219000.000000 4031884.375000 9022.219727 36 30
4219200.000000 4031884.375000 9227.269531 37 30
4219400.000000 4031884.375000 9432.511719 38 30
4219600.000000 4031884.375000 9637.400391 39 30
4219800.000000 4031884.375000 9842.910156 40 30
4220000.000000 4031884.375000 10048.497070 41 30
4220200.000000 4031884.375000 10254.147461 42 30
4212000.000000 4032256.250000 1929.747803 1 31
4212200.000000 4032256.250000 2183.964600 2 31
4212400.000000 4032256.250000 2434.124268 3 31
4212600.000000 4032256.250000 2669.543945 4 31
4212800.000000 4032256.250000 2876.189453 5 31
4213000.000000 4032256.250000 3055.186523 6 31
4213200.000000 4032256.250000 3221.878662 7 31
4213400.000000 4032256.250000 3396.944336 8 31
4213600.000000 4032256.250000 3589.521973 9 31
4213800.000000 4032256.250000 3794.234619 10 31
4214000.000000 4032256.250000 4007.202881 11 31
4214200.000000 4032256.250000 4224.875977 12 31
4214400.000000 4032256.250000 4440.700195 13 31
4214600.000000 4032256.250000 4652.250000 14 31
4214800.000000 4032256.250000 4860.211426 15 31
4215000.000000 4032256.250000 5066.914551 16 31
4215200.000000 4032256.250000 5274.788086 17 31
4215400.000000 4032256.250000 5482.778320 18 31
4215600.000000 4032256.250000 5690.712402 19 31
4215800.000000 4032256.250000 5899.215332 20 31
4216000.000000 4032256.250000 6104.493164 21 31
4216200.000000 4032256.250000 6307.144043 22 31
4216400.000000 4032256.250000 6509.313477 23 31
4216600.000000 4032256.250000 6712.212402 24 31
4216800.000000 4032256.250000 6916.173340 25 31
4217000.000000 4032256.250000 7121.111816 26 31
4217200.000000 4032256.250000 7327.210449 27 31
4217400.000000 4032256.250000 7532.692871 28 31
4217600.000000 4032256.250000 7737.854004 29 31
4217800.000000 4032256.250000 7942.166992 30 31
4218000.000000 4032256.250000 8146.237793 31 31
4218200.000000 4032256.250000 8349.724609 32 31
4218400.000000 4032256.250000 8553.809570 33 31
4218600.000000 4032256.250000 8757.612305 34 31
4218800.000000 4032256.250000 8961.692383 35 31
4219000.000000 4032256.250000 9166.524414 36 31
4219200.000000 4032256.250000 9371.576172 37 31
4219400.000000 4032256.250000 9576.811523 38 31
4219600.000000 4032256.250000 9782.175781 39 31
4219800.000000 4032256.250000 9987.652344 40 31
4220000.000000 4032256.250000 10193.722656 41 31
4220200.000000 4032256.250000 10399.848633 42 31
4212000.000000 4032628.125000 2093.654785 1 32
4212200.000000 4032628.125000 2333.418945 2 32
4212400.000000 4032628.125000 2570.293701 3 32
4212600.000000 4032628.125000 2796.558594 4 32
4212800.000000 4032628.125000 3001.207764 5 32
4213000.000000 4032628.125000 3187.354736 6 32
4213200.000000 4032628.125000 3364.262207 7 32
4213400.000000 4032628.125000 3546.790283 8 32
4213600.000000 4032628.125000 3741.466309 9 32
4213800.000000 4032628.125000 3946.383545 10 32
4214000.000000 4032628.125000 4158.264648 11 32
4214200.000000 4032628.125000 4373.656250 12 32
4214400.000000 4032628.125000 4588.615234 13 32
4214600.000000 4032628.125000 4799.734375 14 32
4214800.000000 4032628.125000 5008.258789 15 32
4215000.000000 4032628.125000 5214.512695 16 32
4215200.000000 4032628.125000 5421.427734 17 32
4215400.000000 4032628.125000 5628.945801 18 32
4215600.000000 4032628.125000 5835.945313 19 32
4215800.000000 4032628.125000 6042.202637 20 32
4216000.000000 4032628.125000 6247.078613 21 32
4216200.000000 4032628.125000 6450.674316 22 32
4216400.000000 4032628.125000 6654.374512 23 32
4216600.000000 4032628.125000 6858.096680 24 32
4216800.000000 4032628.125000 7062.091309 25 32
4217000.000000 4032628.125000 7266.839844 26 32
4217200.000000 4032628.125000 7472.172852 27 32
4217400.000000 4032628.125000 7676.874023 28 32
4217600.000000 4032628.125000 7881.827148 29 32
4217800.000000 4032628.125000 8086.038086 30 32
4218000.000000 4032628.125000 8290.089844 31 32
4218200.000000 4032628.125000 8493.635742 32 32
4218400.000000 4032628.125000 8697.818359 33 32
4218600.000000 4032628.125000 8901.705078 34 32
4218800.000000 4032628.125000 9105.834961 35 32
4219000.000000 4032628.125000 9310.697266 36 32
4219200.000000 4032628.125000 9515.767578 37 32
4219400.000000 4032628.125000 9720.991211 38 32
4219600.000000 4032628.125000 9926.847656 39 32
4219800.000000 4032628.125000 10132.822266 40 32
4220000.000000 4032628.125000 10339.372070 41 32
4220200.000000 4032628.125000 10545.993164 42 32
4212000.000000 4033000.000000 2261.364990 1 33
4212200.000000 4033000.000000 2488.283203 2 33
4212400.000000 4033000.000000 2713.090820 3 33
4212600.000000 4033000.000000 2931.418457 4 33
4212800.000000 4033000.000000 3134.044434 5 33
4213000.000000 4033000.000000 3323.587646 6 33
4213200.000000 4033000.000000 3507.550781 7 33
4213400.000000 4033000.000000 3694.995361 8 33
4213600.000000 4033000.000000 3891.806152 9 33
4213800.000000 4033000.000000 4097.541992 10 33
4214000.000000 4033000.000000 4308.985352 11 33
4214200.000000 4033000.000000 4522.768555 12 33
4214400.000000 4033000.000000 4736.499023 13 33
4214600.000000 4033000.000000 4947.822754 14 33
4214800.000000 4033000.000000 5156.476074 15 33
4215000.000000 4033000.000000 5362.303223 16 33
4215200.000000 4033000.000000 5568.254883 17 33
4215400.000000 4033000.000000 5773.811523 18 33
4215600.000000 4033000.000000 5979.922852 19 33
4215800.000000 4033000.000000 6185.504395 20 33
4216000.000000 4033000.000000 6390.513672 21 33
4216200.000000 4033000.000000 6594.507324 22 33
4216400.000000 4033000.000000 6798.693359 23 33
4216600.000000 4033000.000000 7003.296875 24 33
4216800.000000 4033000.000000 7207.455078 25 33
4217000.000000 4033000.000000 7412.138184 26 33
4217200.000000 4033000.000000 7616.750977 27 33
4217400.000000 4033000.000000 7821.194824 28 33
4217600.000000 4033000.000000 8025.409668 29 33
4217800.000000 4033000.000000 8229.449219 30 33
4218000.000000 4033000.000000 8433.435547 31 33
4218200.000000 4033000.000000 8637.482422 32 33
4218400.000000 4033000.000000 8841.698242 33 33
4218600.000000 4033000.000000 9045.641602 34 33
4218800.000000 4033000.000000 9249.829102 35 33
4219000.000000 4033000.000000 9454.727539 36 33
4219200.000000 4033000.000000 9660.312500 37 33
4219400.000000 4033000.000000 9865.560547 38 33
4219600.000000 4033000.000000 10071.429688 39 33
4219800.000000 4033000.000000 10277.913086 40 33
4220000.000000 4033000.000000 10484.967773 41 33
4220200.000000 4033000.000000 10692.087891 42 33
