# Type: scattered data
# Version: 6
# Description: No description
# Format: free
# Field: 1 x
# Field: 2 y
# Field: 3 z undefined
# Field: 4 column
# Field: 5 row
# Projection: Local Rectangular
# Units: undefined
# End:
# Information from grid:
# Grid_size: 42 x 33
# Grid_space: 4212000.000000,4220200.000000,4021100.000000,4033000.000000
# Scattered data: Not_available
# Z_field: z
# Vertical_faults: Not_available
# History: No history
# Z_units: undefined
4212000.000000 4021100.000000 -939.606506 1 1
4212200.000000 4021100.000000 -763.183228 2 1
4212400.000000 4021100.000000 -586.722839 3 1
4212600.000000 4021100.000000 -410.221161 4 1
4212800.000000 4021100.000000 -233.675507 5 1
4213000.000000 4021100.000000 -57.085796 6 1
4213200.000000 4021100.000000 120.046684 7 1
4213400.000000 4021100.000000 296.722443 8 1
4213600.000000 4021100.000000 473.430206 9 1
4213800.000000 4021100.000000 650.184082 10 1
4214000.000000 4021100.000000 827.478577 11 1
4214200.000000 4021100.000000 1004.330139 12 1
4214400.000000 4021100.000000 1181.261353 13 1
4214600.000000 4021100.000000 1358.299438 14 1
4214800.000000 4021100.000000 1535.484375 15 1
4215000.000000 4021100.000000 1712.874634 16 1
4215200.000000 4021100.000000 1890.520142 17 1
4215400.000000 4021100.000000 2067.936523 18 1
4215600.000000 4021100.000000 2246.151855 19 1
4215800.000000 4021100.000000 2424.659912 20 1
4216000.000000 4021100.000000 2603.427734 21 1
4216200.000000 4021100.000000 2782.399170 22 1
4216400.000000 4021100.000000 2961.024658 23 1
4216600.000000 4021100.000000 3139.736084 24 1
4216800.000000 4021100.000000 3318.447754 25 1
4217000.000000 4021100.000000 3496.994141 26 1
4217200.000000 4021100.000000 3675.164307 27 1
4217400.000000 4021100.000000 3852.736572 28 1
4217600.000000 4021100.000000 4029.560059 29 1
4217800.000000 4021100.000000 4205.606934 30 1
4218000.000000 4021100.000000 4380.847656 31 1
4218200.000000 4021100.000000 4555.801270 32 1
4218400.000000 4021100.000000 4730.086914 33 1
4218600.000000 4021100.000000 4903.899414 34 1
4218800.000000 4021100.000000 5077.950195 35 1
4219000.000000 4021100.000000 5251.953613 36 1
4219200.000000 4021100.000000 5426.604980 37 1
4219400.000000 4021100.000000 5601.544922 38 1
4219600.000000 4021100.000000 5777.344727 39 1
4219800.000000 4021100.000000 5953.504395 40 1
4220000.000000 4021100.000000 6130.444336 41 1
4220200.000000 4021100.000000 6307.052246 42 1
4212000.000000 4021471.875000 -806.577087 1 2
4212200.000000 4021471.875000 -630.199280 2 2
4212400.000000 4021471.875000 -453.783234 3 2
4212600.000000 4021471.875000 -277.343079 4 2
4212800.000000 4021471.875000 -100.866920 5 2
4213000.000000 4021471.875000 75.631241 6 2
4213200.000000 4021471.875000 252.146179 7 2
4213400.000000 4021471.875000 428.673492 8 2
4213600.000000 4021471.875000 605.210388 9 2
4213800.000000 4021471.875000 781.758728 10 2
4214000.000000 4021471.875000 958.829163 11 2
4214200.000000 4021471.875000 1135.448853 12 2
4214400.000000 4021471.875000 1312.145508 13 2
4214600.000000 4021471.875000 1488.978271 14 2
4214800.000000 4021471.875000 1666.003052 15 2
4215000.000000 4021471.875000 1843.315186 16 2
4215200.000000 4021471.875000 2020.496826 17 2
4215400.000000 4021471.875000 2198.576172 18 2
4215600.000000 4021471.875000 2377.055176 19 2
4215800.000000 4021471.875000 2555.903076 20 2
4216000.000000 4021471.875000 2735.073730 21 2
4216200.000000 4021471.875000 2914.493164 22 2
4216400.000000 4021471.875000 3093.633789 23 2
4216600.000000 4021471.875000 3273.462891 24 2
4216800.000000 4021471.875000 3452.871582 25 2
4217000.000000 4021471.875000 3632.145996 26 2
4217200.000000 4021471.875000 3811.009521 27 2
4217400.000000 4021471.875000 3989.137451 28 2
4217600.000000 4021471.875000 4166.344238 29 2
4217800.000000 4021471.875000 4343.122559 30 2
4218000.000000 4021471.875000 4518.505859 31 2
4218200.000000 4021471.875000 4693.530762 32 2
4218400.000000 4021471.875000 4867.834473 33 2
4218600.000000 4021471.875000 5041.577637 34 2
4218800.000000 4021471.875000 5215.440918 35 2
4219000.000000 4021471.875000 5388.636719 36 2
4219200.000000 4021471.875000 5562.395020 37 2
4219400.000000 4021471.875000 5736.401367 38 2
4219600.000000 4021471.875000 5911.268555 39 2
4219800.000000 4021471.875000 6086.524902 40 2
4220000.000000 4021471.875000 6262.100098 41 2
4220200.000000 4021471.875000 6437.872559 42 2
4212000.000000 4021843.750000 -673.613647 1 3
4212200.000000 4021843.750000 -497.287323 2 3
4212400.000000 4021843.750000 -320.922546 3 3
4212600.000000 4021843.750000 -144.535110 4 3
4212800.000000 4021843.750000 31.362803 5 3
4213000.000000 4021843.750000 207.758560 6 3
4213200.000000 4021843.750000 384.134491 7 3
4213400.000000 4021843.750000 560.997253 8 3
4213600.000000 4021843.750000 737.335205 9 3
4213800.000000 4021843.750000 913.653442 10 3
4214000.000000 4021843.750000 1089.969360 11 3
4214200.000000 4021843.750000 1266.316772 12 3
4214400.000000 4021843.750000 1442.745728 13 3
4214600.000000 4021843.750000 1619.318726 14 3
4214800.000000 4021843.750000 1796.135010 15 3
4215000.000000 4021843.750000 1973.331909 16 3
4215200.000000 4021843.750000 2150.547119 17 3
4215400.000000 4021843.750000 2328.802490 18 3
4215600.000000 4021843.750000 2507.571289 19 3
4215800.000000 4021843.750000 2686.790527 20 3
4216000.000000 4021843.750000 2866.367676 21 3
4216200.000000 4021843.750000 3046.249512 22 3
4216400.000000 4021843.750000 3225.958252 23 3
4216600.000000 4021843.750000 3406.525391 24 3
4216800.000000 4021843.750000 3586.820068 25 3
4217000.000000 4021843.750000 3767.564209 26 3
4217200.000000 4021843.750000 3947.333740 27 3
4217400.000000 4021843.750000 4126.144531 28 3
4217600.000000 4021843.750000 4303.698730 29 3
4217800.000000 4021843.750000 4480.062012 30 3
4218000.000000 4021843.750000 4655.893555 31 3
4218200.000000 4021843.750000 4830.847656 32 3
4218400.000000 4021843.750000 5005.578613 33 3
4218600.000000 4021843.750000 5179.718262 34 3
4218800.000000 4021843.750000 5352.886230 35 3
4219000.000000 4021843.750000 5525.765625 36 3
4219200.000000 4021843.750000 5698.605469 37 3
4219400.000000 4021843.750000 5871.660645 38 3
4219600.000000 4021843.750000 6045.086426 39 3
4219800.000000 4021843.750000 6219.443848 40 3
4220000.000000 4021843.750000 6393.670410 41 3
4220200.000000 4021843.750000 6568.633301 42 3
4212000.000000 4022215.625000 -540.725464 1 4
4212200.000000 4022215.625000 -364.456818 2 4
4212400.000000 4022215.625000 -188.160828 3 4
4212600.000000 4022215.625000 -11.846291 4 4
4212800.000000 4022215.625000 163.957626 5 4
4213000.000000 4022215.625000 340.232697 6 4
4213200.000000 4022215.625000 516.464661 7 4
4213400.000000 4022215.625000 692.638245 8 4
4213600.000000 4022215.625000 868.746033 9 4
4213800.000000 4022215.625000 1044.787964 10 4
4214000.000000 4022215.625000 1220.801758 11 4
4214200.000000 4022215.625000 1396.819824 12 4
4214400.000000 4022215.625000 1572.908569 13 4
4214600.000000 4022215.625000 1749.162231 14 4
4214800.000000 4022215.625000 1925.732056 15 4
4215000.000000 4022215.625000 2102.828369 16 4
4215200.000000 4022215.625000 2280.110596 17 4
4215400.000000 4022215.625000 2458.582520 18 4
4215600.000000 4022215.625000 2637.674561 19 4
4215800.000000 4022215.625000 2817.252686 20 4
4216000.000000 4022215.625000 2997.201660 21 4
4216200.000000 4022215.625000 3177.520020 22 4
4216400.000000 4022215.625000 3357.840332 23 4
4216600.000000 4022215.625000 3539.236816 24 4
4216800.000000 4022215.625000 3721.057861 25 4
4217000.000000 4022215.625000 3902.989258 26 4
4217200.000000 4022215.625000 4083.944092 27 4
4217400.000000 4022215.625000 4263.153809 28 4
4217600.000000 4022215.625000 4441.066895 29 4
4217800.000000 4022215.625000 4617.775391 30 4
4218000.000000 4022215.625000 4792.710938 31 4
4218200.000000 4022215.625000 4967.807617 32 4
4218400.000000 4022215.625000 5142.332520 33 4
4218600.000000 4022215.625000 5316.372559 34 4
4218800.000000 4022215.625000 5489.929688 35 4
4219000.000000 4022215.625000 5662.598145 36 4
4219200.000000 4022215.625000 5835.120605 37 4
4219400.000000 4022215.625000 6006.779785 38 4
4219600.000000 4022215.625000 6179.286621 39 4
4219800.000000 4022215.625000 6352.265137 40 4
4220000.000000 4022215.625000 6525.163086 41 4
4220200.000000 4022215.625000 6698.842285 42 4
4212000.000000 4022587.500000 -407.943787 1 5
4212200.000000 4022587.500000 -231.738739 2 5
4212400.000000 4022587.500000 -55.505333 3 5
4212600.000000 4022587.500000 120.721939 4 5
4212800.000000 4022587.500000 296.413483 5 5
4213000.000000 4022587.500000 472.537262 6 5
4213200.000000 4022587.500000 648.590881 7 5
4213400.000000 4022587.500000 824.044556 8 5
4213600.000000 4022587.500000 999.885071 9 5
4213800.000000 4022587.500000 1175.621704 10 5
4214000.000000 4022587.500000 1351.277954 11 5
4214200.000000 4022587.500000 1526.903442 12 5
4214400.000000 4022587.500000 1703.091553 13 5
4214600.000000 4022587.500000 1879.479248 14 5
4214800.000000 4022587.500000 2056.305664 15 5
4215000.000000 4022587.500000 2233.344482 16 5
4215200.000000 4022587.500000 2410.277588 17 5
4215400.000000 4022587.500000 2588.060547 18 5
4215600.000000 4022587.500000 2767.011230 19 5
4215800.000000 4022587.500000 2946.924561 20 5
4216000.000000 4022587.500000 3127.190430 21 5
4216200.000000 4022587.500000 3308.380127 22 5
4216400.000000 4022587.500000 3489.746338 23 5
4216600.000000 4022587.500000 3671.872559 24 5
4216800.000000 4022587.500000 3854.592285 25 5
4217000.000000 4022587.500000 4037.702148 26 5
4217200.000000 4022587.500000 4220.119629 27 5
4217400.000000 4022587.500000 4400.632813 28 5
4217600.000000 4022587.500000 4579.077148 29 5
4217800.000000 4022587.500000 4754.936035 30 5
4218000.000000 4022587.500000 4929.083496 31 5
4218200.000000 4022587.500000 5103.446777 32 5
4218400.000000 4022587.500000 5278.070801 33 5
4218600.000000 4022587.500000 5452.519043 34 5
4218800.000000 4022587.500000 5626.615723 35 5
4219000.000000 4022587.500000 5799.279785 36 5
4219200.000000 4022587.500000 5971.160156 37 5
4219400.000000 4022587.500000 6142.068359 38 5
4219600.000000 4022587.500000 6313.272461 39 5
4219800.000000 4022587.500000 6484.429199 40 5
4220000.000000 4022587.500000 6656.545410 41 5
4220200.000000 4022587.500000 6828.984863 42 5
4212000.000000 4022959.375000 -275.250000 1 6
4212200.000000 4022959.375000 -99.119987 2 6
4212400.000000 4022959.375000 77.033768 3 6
4212600.000000 4022959.375000 253.160614 4 6
4212800.000000 4022959.375000 428.722717 5 6
4213000.000000 4022959.375000 604.691345 6 6
4213200.000000 4022959.375000 780.043518 7 6
4213400.000000 4022959.375000 955.739563 8 6
4213600.000000 4022959.375000 1131.278320 9 6
4213800.000000 4022959.375000 1306.159180 10 6
4214000.000000 4022959.375000 1481.408447 11 6
4214200.000000 4022959.375000 1656.595581 12 6
4214400.000000 4022959.375000 1832.860229 13 6
4214600.000000 4022959.375000 2009.918457 14 6
4214800.000000 4022959.375000 2187.574951 15 6
4215000.000000 4022959.375000 2365.169922 16 6
4215200.000000 4022959.375000 2541.372070 17 6
4215400.000000 4022959.375000 2718.039063 18 6
4215600.000000 4022959.375000 2896.416260 19 6
4215800.000000 4022959.375000 3076.258301 20 6
4216000.000000 4022959.375000 3256.907715 21 6
4216200.000000 4022959.375000 3438.492676 22 6
4216400.000000 4022959.375000 3621.253662 23 6
4216600.000000 4022959.375000 3804.538086 24 6
4216800.000000 4022959.375000 3987.613281 25 6
4217000.000000 4022959.375000 4171.031250 26 6
4217200.000000 4022959.375000 4354.882324 27 6
4217400.000000 4022959.375000 4537.453125 28 6
4217600.000000 4022959.375000 4716.128418 29 6
4217800.000000 4022959.375000 4891.291992 30 6
4218000.000000 4022959.375000 5063.895508 31 6
4218200.000000 4022959.375000 5237.700195 32 6
4218400.000000 4022959.375000 5412.252930 33 6
4218600.000000 4022959.375000 5587.649414 34 6
4218800.000000 4022959.375000 5761.987793 35 6
4219000.000000 4022959.375000 5934.925293 36 6
4219200.000000 4022959.375000 6106.455566 37 6
4219400.000000 4022959.375000 6276.830078 38 6
4219600.000000 4022959.375000 6446.888672 39 6
4219800.000000 4022959.375000 6616.845215 40 6
4220000.000000 4022959.375000 6787.262695 41 6
4220200.000000 4022959.375000 6958.524902 42 6
4212000.000000 4023331.250000 -142.649750 1 7
4212200.000000 4023331.250000 33.420944 2 7
4212400.000000 4023331.250000 209.488861 3 7
4212600.000000 4023331.250000 385.505219 4 7
4212800.000000 4023331.250000 560.916504 5 7
4213000.000000 4023331.250000 736.207153 6 7
4213200.000000 4023331.250000 911.839172 7 7
4213400.000000 4023331.250000 1087.274414 8 7
4213600.000000 4023331.250000 1262.486084 9 7
4213800.000000 4023331.250000 1437.480957 10 7
4214000.000000 4023331.250000 1612.298584 11 7
4214200.000000 4023331.250000 1786.537720 12 7
4214400.000000 4023331.250000 1963.429077 13 7
4214600.000000 4023331.250000 2141.747070 14 7
4214800.000000 4023331.250000 2320.369873 15 7
4215000.000000 4023331.250000 2498.151123 16 7
4215200.000000 4023331.250000 2673.201660 17 7
4215400.000000 4023331.250000 2848.859375 18 7
4215600.000000 4023331.250000 3026.897949 19 7
4215800.000000 4023331.250000 3207.171143 20 7
4216000.000000 4023331.250000 3388.889893 21 7
4216200.000000 4023331.250000 3571.426514 22 7
4216400.000000 4023331.250000 3754.541748 23 7
4216600.000000 4023331.250000 3937.583252 24 7
4216800.000000 4023331.250000 4119.172363 25 7
4217000.000000 4023331.250000 4300.944336 26 7
4217200.000000 4023331.250000 4484.117188 27 7
4217400.000000 4023331.250000 4668.750000 28 7
4217600.000000 4023331.250000 4849.226563 29 7
4217800.000000 4023331.250000 5024.160645 30 7
4218000.000000 4023331.250000 5196.009277 31 7
4218200.000000 4023331.250000 5369.235352 32 7
4218400.000000 4023331.250000 5544.737793 33 7
4218600.000000 4023331.250000 5721.253418 34 7
4218800.000000 4023331.250000 5897.125977 35 7
4219000.000000 4023331.250000 6070.683105 36 7
4219200.000000 4023331.250000 6241.695801 37 7
4219400.000000 4023331.250000 6411.339844 38 7
4219600.000000 4023331.250000 6579.973633 39 7
4219800.000000 4023331.250000 6748.396484 40 7
4220000.000000 4023331.250000 6917.238281 41 7
4220200.000000 4023331.250000 7086.929688 42 7
4212000.000000 4023703.125000 -10.118582 1 8
4212200.000000 4023703.125000 165.885117 2 8
4212400.000000 4023703.125000 341.863922 3 8
4212600.000000 4023703.125000 517.764099 4 8
4212800.000000 4023703.125000 692.534912 5 8
4213000.000000 4023703.125000 868.139038 6 8
4213200.000000 4023703.125000 1043.535767 7 8
4213400.000000 4023703.125000 1218.693726 8 8
4213600.000000 4023703.125000 1393.570557 9 8
4213800.000000 4023703.125000 1568.677490 10 8
4214000.000000 4023703.125000 1743.081543 11 8
4214200.000000 4023703.125000 1916.947266 12 8
4214400.000000 4023703.125000 2094.558594 13 8
4214600.000000 4023703.125000 2274.785400 14 8
4214800.000000 4023703.125000 2454.983643 15 8
4215000.000000 4023703.125000 2632.448242 16 8
4215200.000000 4023703.125000 2805.257080 17 8
4215400.000000 4023703.125000 2979.947510 18 8
4215600.000000 4023703.125000 3159.818115 19 8
4215800.000000 4023703.125000 3343.012939 20 8
4216000.000000 4023703.125000 3527.342041 21 8
4216200.000000 4023703.125000 3710.309814 22 8
4216400.000000 4023703.125000 3894.019287 23 8
4216600.000000 4023703.125000 4075.829834 24 8
4216800.000000 4023703.125000 4251.748047 25 8
4217000.000000 4023703.125000 4425.641113 26 8
4217200.000000 4023703.125000 4605.428711 27 8
4217400.000000 4023703.125000 4791.970703 28 8
4217600.000000 4023703.125000 4974.759766 29 8
4217800.000000 4023703.125000 5149.560059 30 8
4218000.000000 4023703.125000 5321.754883 31 8
4218200.000000 4023703.125000 5496.481934 32 8
4218400.000000 4023703.125000 5674.273438 33 8
4218600.000000 4023703.125000 5853.293945 34 8
4218800.000000 4023703.125000 6031.131348 35 8
4219000.000000 4023703.125000 6205.733398 36 8
4219200.000000 4023703.125000 6376.609863 37 8
4219400.000000 4023703.125000 6544.862793 38 8
4219600.000000 4023703.125000 6711.856445 39 8
4219800.000000 4023703.125000 6879.457520 40 8
4220000.000000 4023703.125000 7046.875000 41 8
4220200.000000 4023703.125000 7214.624023 42 8
4212000.000000 4024075.000000 122.377068 1 9
4212200.000000 4024075.000000 298.317352 2 9
4212400.000000 4024075.000000 473.700623 3 9
4212600.000000 4024075.000000 648.985962 4 9
4212800.000000 4024075.000000 824.108459 5 9
4213000.000000 4024075.000000 999.530151 6 9
4213200.000000 4024075.000000 1174.714111 7 9
4213400.000000 4024075.000000 1350.603149 8 9
4213600.000000 4024075.000000 1526.161255 9 9
4213800.000000 4024075.000000 1700.914673 10 9
4214000.000000 4024075.000000 1874.970947 11 9
4214200.000000 4024075.000000 2047.553833 12 9
4214400.000000 4024075.000000 2224.531250 13 9
4214600.000000 4024075.000000 2406.737549 14 9
4214800.000000 4024075.000000 2588.407471 15 9
4215000.000000 4024075.000000 2765.148193 16 9
4215200.000000 4024075.000000 2936.629883 17 9
4215400.000000 4024075.000000 3111.685059 18 9
4215600.000000 4024075.000000 3294.962402 19 9
4215800.000000 4024075.000000 3484.398438 20 9
4216000.000000 4024075.000000 3676.043213 21 9
4216200.000000 4024075.000000 3863.310547 22 9
4216400.000000 4024075.000000 4050.023438 23 9
4216600.000000 4024075.000000 4230.851074 24 9
4216800.000000 4024075.000000 4395.464355 25 9
4217000.000000 4024075.000000 4552.396973 26 9
4217200.000000 4024075.000000 4723.070313 27 9
4217400.000000 4024075.000000 4909.395996 28 9
4217600.000000 4024075.000000 5090.817871 29 9
4217800.000000 4024075.000000 5263.594727 30 9
4218000.000000 4024075.000000 5437.805176 31 9
4218200.000000 4024075.000000 5616.837891 32 9
4218400.000000 4024075.000000 5799.682129 33 9
4218600.000000 4024075.000000 5983.227051 34 9
4218800.000000 4024075.000000 6164.505371 35 9
4219000.000000 4024075.000000 6339.583496 36 9
4219200.000000 4024075.000000 6510.200195 37 9
4219400.000000 4024075.000000 6677.876953 38 9
4219600.000000 4024075.000000 6843.496582 39 9
4219800.000000 4024075.000000 7009.483398 40 9
4220000.000000 4024075.000000 7175.155762 41 9
4220200.000000 4024075.000000 7341.096680 42 9
4212000.000000 4024446.875000 255.353104 1 10
4212200.000000 4024446.875000 430.737518 2 10
4212400.000000 4024446.875000 605.548401 3 10
4212600.000000 4024446.875000 780.726135 4 10
4212800.000000 4024446.875000 955.703552 5 10
4213000.000000 4024446.875000 1130.958252 6 10
4213200.000000 4024446.875000 1306.441406 7 10
4213400.000000 4024446.875000 1483.090820 8 10
4213600.000000 4024446.875000 1658.882568 9 10
4213800.000000 4024446.875000 1834.348267 10 10
4214000.000000 4024446.875000 2008.144043 11 10
4214200.000000 4024446.875000 2179.569580 12 10
4214400.000000 4024446.875000 2354.954834 13 10
4214600.000000 4024446.875000 2536.008057 14 10
4214800.000000 4024446.875000 2719.104004 15 10
4215000.000000 4024446.875000 2900.985596 16 10
4215200.000000 4024446.875000 3078.668457 17 10
4215400.000000 4024446.875000 3251.193604 18 10
4215600.000000 4024446.875000 3429.412598 19 10
4215800.000000 4024446.875000 3627.127441 20 10
4216000.000000 4024446.875000 3839.802490 21 10
4216200.000000 4024446.875000 4048.190186 22 10
4216400.000000 4024446.875000 4242.891113 23 10
4216600.000000 4024446.875000 4416.661133 24 10
4216800.000000 4024446.875000 4562.466797 25 10
4217000.000000 4024446.875000 4691.076172 26 10
4217200.000000 4024446.875000 4847.833496 27 10
4217400.000000 4024446.875000 5035.426270 28 10
4217600.000000 4024446.875000 5203.118164 29 10
4217800.000000 4024446.875000 5363.526855 30 10
4218000.000000 4024446.875000 5541.416992 31 10
4218200.000000 4024446.875000 5730.015137 32 10
4218400.000000 4024446.875000 5921.665039 33 10
4218600.000000 4024446.875000 6112.283203 34 10
4218800.000000 4024446.875000 6297.844238 35 10
4219000.000000 4024446.875000 6474.160156 36 10
4219200.000000 4024446.875000 6643.749512 37 10
4219400.000000 4024446.875000 6809.561035 38 10
4219600.000000 4024446.875000 6973.989746 39 10
4219800.000000 4024446.875000 7138.539551 40 10
4220000.000000 4024446.875000 7303.105957 41 10
4220200.000000 4024446.875000 7467.343262 42 10
4212000.000000 4024818.750000 388.863007 1 11
4212200.000000 4024818.750000 563.202576 2 11
4212400.000000 4024818.750000 737.436401 3 11
4212600.000000 4024818.750000 912.022583 4 11
4212800.000000 4024818.750000 1086.892700 5 11
4213000.000000 4024818.750000 1262.008301 6 11
4213200.000000 4024818.750000 1438.326660 7 11
4213400.000000 4024818.750000 1615.286255 8 11
4213600.000000 4024818.750000 1792.860107 9 11
4213800.000000 4024818.750000 1969.134521 10 11
4214000.000000 4024818.750000 2143.284424 11 11
4214200.000000 4024818.750000 2313.596680 12 11
4214400.000000 4024818.750000 2484.305664 13 11
4214600.000000 4024818.750000 2659.761719 14 11
4214800.000000 4024818.750000 2838.697998 15 11
4215000.000000 4024818.750000 3023.298584 16 11
4215200.000000 4024818.750000 3206.665283 17 11
4215400.000000 4024818.750000 3370.033203 18 11
4215600.000000 4024818.750000 3535.287598 19 11
4215800.000000 4024818.750000 3750.563477 20 11
4216000.000000 4024818.750000 4009.747559 21 11
4216200.000000 4024818.750000 4264.694824 22 11
4216400.000000 4024818.750000 4465.295898 23 11
4216600.000000 4024818.750000 4617.928223 24 11
4216800.000000 4024818.750000 4746.223145 25 11
4217000.000000 4024818.750000 4840.023438 26 11
4217200.000000 4024818.750000 4986.520508 27 11
4217400.000000 4024818.750000 5185.701172 28 11
4217600.000000 4024818.750000 5317.619629 29 11
4217800.000000 4024818.750000 5442.483398 30 11
4218000.000000 4024818.750000 5628.881348 31 11
4218200.000000 4024818.750000 5835.879883 32 11
4218400.000000 4024818.750000 6041.468262 33 11
4218600.000000 4024818.750000 6240.712891 34 11
4218800.000000 4024818.750000 6431.118652 35 11
4219000.000000 4024818.750000 6608.168945 36 11
4219200.000000 4024818.750000 6776.724609 37 11
4219400.000000 4024818.750000 6941.203613 38 11
4219600.000000 4024818.750000 7104.029297 39 11
4219800.000000 4024818.750000 7266.739746 40 11
4220000.000000 4024818.750000 7429.788574 41 11
4220200.000000 4024818.750000 7592.911621 42 11
4212000.000000 4025190.625000 522.426331 1 12
4212200.000000 4025190.625000 696.234619 2 12
4212400.000000 4025190.625000 869.925293 3 12
4212600.000000 4025190.625000 1043.434814 4 12
4212800.000000 4025190.625000 1218.218872 5 12
4213000.000000 4025190.625000 1393.234009 6 12
4213200.000000 4025190.625000 1569.937622 7 12
4213400.000000 4025190.625000 1748.269409 8 12
4213600.000000 4025190.625000 1927.722168 9 12
4213800.000000 4025190.625000 2105.388428 10 12
4214000.000000 4025190.625000 2279.965332 11 12
4214200.000000 4025190.625000 2448.186523 12 12
4214400.000000 4025190.625000 2611.555420 13 12
4214600.000000 4025190.625000 2771.891357 14 12
4214800.000000 4025190.625000 2933.540283 15 12
4215000.000000 4025190.625000 3096.944336 16 12
4215200.000000 4025190.625000 3258.171387 17 12
4215400.000000 4025190.625000 3397.823486 18 12
4215600.000000 4025190.625000 3557.674316 19 12
4215800.000000 4025190.625000 3817.625000 20 12
4216000.000000 4025190.625000 4162.089844 21 12
4216200.000000 4025190.625000 4486.441406 22 12
4216400.000000 4025190.625000 4667.080566 23 12
4216600.000000 4025190.625000 4773.188477 24 12
4216800.000000 4025190.625000 4915.635254 25 12
4217000.000000 4025190.625000 4968.616211 26 12
4217200.000000 4025190.625000 5108.585938 27 12
4217400.000000 4025190.625000 5328.690918 28 12
4217600.000000 4025190.625000 5413.504395 29 12
4217800.000000 4025190.625000 5496.982422 30 12
4218000.000000 4025190.625000 5700.898926 31 12
4218200.000000 4025190.625000 5937.118164 32 12
4218400.000000 4025190.625000 6162.067871 33 12
4218600.000000 4025190.625000 6371.016602 34 12
4218800.000000 4025190.625000 6564.490723 35 12
4219000.000000 4025190.625000 6742.410156 36 12
4219200.000000 4025190.625000 6910.177734 37 12
4219400.000000 4025190.625000 7072.688965 38 12
4219600.000000 4025190.625000 7233.354980 39 12
4219800.000000 4025190.625000 7395.236816 40 12
4220000.000000 4025190.625000 7557.315430 41 12
4220200.000000 4025190.625000 7718.867188 42 12
4212000.000000 4025562.500000 656.087402 1 13
4212200.000000 4025562.500000 828.871704 2 13
4212400.000000 4025562.500000 1001.530579 3 13
4212600.000000 4025562.500000 1174.495728 4 13
4212800.000000 4025562.500000 1348.726807 5 13
4213000.000000 4025562.500000 1524.181763 6 13
4213200.000000 4025562.500000 1701.321533 7 13
4213400.000000 4025562.500000 1881.097046 8 13
4213600.000000 4025562.500000 2062.994629 9 13
4213800.000000 4025562.500000 2243.630859 10 13
4214000.000000 4025562.500000 2419.702393 11 13
4214200.000000 4025562.500000 2585.373535 12 13
4214400.000000 4025562.500000 2736.897949 13 13
4214600.000000 4025562.500000 2875.572754 14 13
4214800.000000 4025562.500000 3006.886719 15 13
4215000.000000 4025562.500000 3130.397705 16 13
4215200.000000 4025562.500000 3242.815674 17 13
4215400.000000 4025562.500000 3344.086426 18 13
4215600.000000 4025562.500000 3496.587646 19 13
4215800.000000 4025562.500000 3818.590820 20 13
4216000.000000 4025562.500000 4275.727051 21 13
4216200.000000 4025562.500000 4661.082520 22 13
4216400.000000 4025562.500000 4756.688477 23 13
4216600.000000 4025562.500000 4787.321777 24 13
4216800.000000 4025562.500000 4995.886230 25 13
4217000.000000 4025562.500000 5025.482910 26 13
4217200.000000 4025562.500000 5136.053223 27 13
4217400.000000 4025562.500000 5349.467285 28 13
4217600.000000 4025562.500000 5445.339844 29 13
4217800.000000 4025562.500000 5558.830566 30 13
4218000.000000 4025562.500000 5790.769531 31 13
4218200.000000 4025562.500000 6047.211426 32 13
4218400.000000 4025562.500000 6287.308594 33 13
4218600.000000 4025562.500000 6504.624512 34 13
4218800.000000 4025562.500000 6699.394043 35 13
4219000.000000 4025562.500000 6877.083496 36 13
4219200.000000 4025562.500000 7043.115234 37 13
4219400.000000 4025562.500000 7203.865234 38 13
4219600.000000 4025562.500000 7363.226563 39 13
4219800.000000 4025562.500000 7524.216309 40 13
4220000.000000 4025562.500000 7685.305664 41 13
4220200.000000 4025562.500000 7845.775391 42 13
4212000.000000 4025934.375000 789.860718 1 14
4212200.000000 4025934.375000 961.642212 2 14
4212400.000000 4025934.375000 1133.777832 3 14
4212600.000000 4025934.375000 1306.229980 4 14
4212800.000000 4025934.375000 1479.929199 5 14
4213000.000000 4025934.375000 1655.360718 6 14
4213200.000000 4025934.375000 1833.487671 7 14
4213400.000000 4025934.375000 2015.248901 8 14
4213600.000000 4025934.375000 2200.147705 9 14
4213800.000000 4025934.375000 2383.821533 10 14
4214000.000000 4025934.375000 2560.460449 11 14
4214200.000000 4025934.375000 2722.711182 12 14
4214400.000000 4025934.375000 2861.744629 13 14
4214600.000000 4025934.375000 2979.099121 14 14
4214800.000000 4025934.375000 3082.932129 15 14
4215000.000000 4025934.375000 3173.314697 16 14
4215200.000000 4025934.375000 3246.220947 17 14
4215400.000000 4025934.375000 3312.293457 18 14
4215600.000000 4025934.375000 3449.464600 19 14
4215800.000000 4025934.375000 3822.781250 20 14
4216000.000000 4025934.375000 4349.878906 21 14
4216200.000000 4025934.375000 4714.593750 22 14
4216400.000000 4025934.375000 4697.811523 23 14
4216600.000000 4025934.375000 4682.448730 24 14
4216800.000000 4025934.375000 4980.157715 25 14
4217000.000000 4025934.375000 5061.142578 26 14
4217200.000000 4025934.375000 5172.979980 27 14
4217400.000000 4025934.375000 5355.523926 28 14
4217600.000000 4025934.375000 5499.353516 29 14
4217800.000000 4025934.375000 5676.461426 30 14
4218000.000000 4025934.375000 5918.741699 31 14
4218200.000000 4025934.375000 6173.692383 32 14
4218400.000000 4025934.375000 6417.374023 33 14
4218600.000000 4025934.375000 6638.014160 34 14
4218800.000000 4025934.375000 6833.234375 35 14
4219000.000000 4025934.375000 7010.040527 36 14
4219200.000000 4025934.375000 7175.346680 37 14
4219400.000000 4025934.375000 7335.515625 38 14
4219600.000000 4025934.375000 7494.369629 39 14
4219800.000000 4025934.375000 7654.844238 40 14
4220000.000000 4025934.375000 7815.379883 41 14
4220200.000000 4025934.375000 7975.234863 42 14
4212000.000000 4026306.250000 923.765320 1 15
4212200.000000 4026306.250000 1094.556885 2 15
4212400.000000 4026306.250000 1265.695313 3 15
4212600.000000 4026306.250000 1437.647583 4 15
4212800.000000 4026306.250000 1611.348389 5 15
4213000.000000 4026306.250000 1786.287109 6 15
4213200.000000 4026306.250000 1965.426392 7 15
4213400.000000 4026306.250000 2150.208008 8 15
4213600.000000 4026306.250000 2338.652100 9 15
4213800.000000 4026306.250000 2525.892822 10 15
4214000.000000 4026306.250000 2704.174316 11 15
4214200.000000 4026306.250000 2862.708740 12 15
4214400.000000 4026306.250000 2990.334229 13 15
4214600.000000 4026306.250000 3091.384033 14 15
4214800.000000 4026306.250000 3180.118408 15 15
4215000.000000 4026306.250000 3262.610840 16 15
4215200.000000 4026306.250000 3340.366699 17 15
4215400.000000 4026306.250000 3434.462646 18 15
4215600.000000 4026306.250000 3630.236572 19 15
4215800.000000 4026306.250000 4061.546875 20 15
4216000.000000 4026306.250000 4584.271973 21 15
4216200.000000 4026306.250000 4920.359375 22 15
4216400.000000 4026306.250000 5001.011230 23 15
4216600.000000 4026306.250000 5056.719727 24 15
4216800.000000 4026306.250000 5322.623047 25 15
4217000.000000 4026306.250000 5347.449219 26 15
4217200.000000 4026306.250000 5384.854004 27 15
4217400.000000 4026306.250000 5494.805176 28 15
4217600.000000 4026306.250000 5640.248535 29 15
4217800.000000 4026306.250000 5832.204102 30 15
4218000.000000 4026306.250000 6064.342773 31 15
4218200.000000 4026306.250000 6310.088867 32 15
4218400.000000 4026306.250000 6550.885742 33 15
4218600.000000 4026306.250000 6770.724609 34 15
4218800.000000 4026306.250000 6965.429199 35 15
4219000.000000 4026306.250000 7142.348145 36 15
4219200.000000 4026306.250000 7307.508301 37 15
4219400.000000 4026306.250000 7467.296387 38 15
4219600.000000 4026306.250000 7626.433594 39 15
4219800.000000 4026306.250000 7786.758789 40 15
4220000.000000 4026306.250000 7947.143066 41 15
4220200.000000 4026306.250000 8106.812500 42 15
4212000.000000 4026678.125000 1057.841187 1 16
4212200.000000 4026678.125000 1227.656860 2 16
4212400.000000 4026678.125000 1398.314087 3 16
4212600.000000 4026678.125000 1569.777710 4 16
4212800.000000 4026678.125000 1743.010742 5 16
4213000.000000 4026678.125000 1917.978760 6 16
4213200.000000 4026678.125000 2097.645020 7 16
4213400.000000 4026678.125000 2284.476318 8 16
4213600.000000 4026678.125000 2477.977539 9 16
4213800.000000 4026678.125000 2669.789551 10 16
4214000.000000 4026678.125000 2849.226318 11 16
4214200.000000 4026678.125000 3004.171875 12 16
4214400.000000 4026678.125000 3122.310791 13 16
4214600.000000 4026678.125000 3211.189453 14 16
4214800.000000 4026678.125000 3297.390869 15 16
4215000.000000 4026678.125000 3396.561768 16 16
4215200.000000 4026678.125000 3522.091797 17 16
4215400.000000 4026678.125000 3705.879395 18 16
4215600.000000 4026678.125000 4028.616699 19 16
4215800.000000 4026678.125000 4509.954590 20 16
4216000.000000 4026678.125000 4895.592773 21 16
4216200.000000 4026678.125000 5047.739746 22 16
4216400.000000 4026678.125000 5123.496582 23 16
4216600.000000 4026678.125000 5170.656250 24 16
4216800.000000 4026678.125000 5392.895508 25 16
4217000.000000 4026678.125000 5489.745117 26 16
4217200.000000 4026678.125000 5560.766602 27 16
4217400.000000 4026678.125000 5662.075195 28 16
4217600.000000 4026678.125000 5807.277832 29 16
4217800.000000 4026678.125000 5996.611816 30 16
4218000.000000 4026678.125000 6217.501465 31 16
4218200.000000 4026678.125000 6452.758789 32 16
4218400.000000 4026678.125000 6685.913086 33 16
4218600.000000 4026678.125000 6902.713867 34 16
4218800.000000 4026678.125000 7096.621094 35 16
4219000.000000 4026678.125000 7273.331543 36 16
4219200.000000 4026678.125000 7439.091309 37 16
4219400.000000 4026678.125000 7599.783691 38 16
4219600.000000 4026678.125000 7759.520020 39 16
4219800.000000 4026678.125000 7920.050293 40 16
4220000.000000 4026678.125000 8080.660645 41 16
4220200.000000 4026678.125000 8240.564453 42 16
4212000.000000 4027050.000000 1191.578857 1 17
4212200.000000 4027050.000000 1360.927734 2 17
4212400.000000 4027050.000000 1530.617676 3 17
4212600.000000 4027050.000000 1702.115356 4 17
4212800.000000 4027050.000000 1874.888306 5 17
4213000.000000 4027050.000000 2050.399902 6 17
4213200.000000 4027050.000000 2229.614746 7 17
4213400.000000 4027050.000000 2419.000244 8 17
4213600.000000 4027050.000000 2617.540771 9 17
4213800.000000 4027050.000000 2813.899658 10 17
4214000.000000 4027050.000000 2995.429199 11 17
4214200.000000 4027050.000000 3146.667236 12 17
4214400.000000 4027050.000000 3252.683350 13 17
4214600.000000 4027050.000000 3328.209229 14 17
4214800.000000 4027050.000000 3414.487793 15 17
4215000.000000 4027050.000000 3543.512695 16 17
4215200.000000 4027050.000000 3733.925781 17 17
4215400.000000 4027050.000000 4009.561523 18 17
4215600.000000 4027050.000000 4417.926758 19 17
4215800.000000 4027050.000000 4909.008789 20 17
4216000.000000 4027050.000000 5231.333008 21 17
4216200.000000 4027050.000000 5314.103516 22 17
4216400.000000 4027050.000000 5361.779297 23 17
4216600.000000 4027050.000000 5384.086914 24 17
4216800.000000 4027050.000000 5511.222656 25 17
4217000.000000 4027050.000000 5611.227051 26 17
4217200.000000 4027050.000000 5705.542969 27 17
4217400.000000 4027050.000000 5822.195801 28 17
4217600.000000 4027050.000000 5974.549805 29 17
4217800.000000 4027050.000000 6161.475586 30 17
4218000.000000 4027050.000000 6373.500000 31 17
4218200.000000 4027050.000000 6598.916992 32 17
4218400.000000 4027050.000000 6822.009766 33 17
4218600.000000 4027050.000000 7033.203613 34 17
4218800.000000 4027050.000000 7227.215820 35 17
4219000.000000 4027050.000000 7403.641602 36 17
4219200.000000 4027050.000000 7570.413086 37 17
4219400.000000 4027050.000000 7732.370117 38 17
4219600.000000 4027050.000000 7893.074707 39 17
4219800.000000 4027050.000000 8054.697266 40 17
4220000.000000 4027050.000000 8215.939453 41 17
4220200.000000 4027050.000000 8376.985352 42 17
4212000.000000 4027421.875000 1325.495483 1 18
4212200.000000 4027421.875000 1494.383911 2 18
4212400.000000 4027421.875000 1664.106812 3 18
4212600.000000 4027421.875000 1835.159790 4 18
4212800.000000 4027421.875000 2007.477539 5 18
4213000.000000 4027421.875000 2183.545654 6 18
4213200.000000 4027421.875000 2363.325928 7 18
4213400.000000 4027421.875000 2554.752686 8 18
4213600.000000 4027421.875000 2757.331299 9 18
4213800.000000 4027421.875000 2958.703369 10 18
4214000.000000 4027421.875000 3142.196777 11 18
4214200.000000 4027421.875000 3288.968994 12 18
4214400.000000 4027421.875000 3378.786865 13 18
4214600.000000 4027421.875000 3431.322510 14 18
4214800.000000 4027421.875000 3508.371338 15 18
4215000.000000 4027421.875000 3663.687256 16 18
4215200.000000 4027421.875000 3917.095215 17 18
4215400.000000 4027421.875000 4263.519043 18 18
4215600.000000 4027421.875000 4697.088867 19 18
4215800.000000 4027421.875000 5144.212402 20 18
4216000.000000 4027421.875000 5433.521484 21 18
4216200.000000 4027421.875000 5531.072266 22 18
4216400.000000 4027421.875000 5569.672852 23 18
4216600.000000 4027421.875000 5593.303711 24 18
4216800.000000 4027421.875000 5660.108887 25 18
4217000.000000 4027421.875000 5746.723145 26 18
4217200.000000 4027421.875000 5851.613770 27 18
4217400.000000 4027421.875000 5981.499512 28 18
4217600.000000 4027421.875000 6139.679199 29 18
4217800.000000 4027421.875000 6324.696289 30 18
4218000.000000 4027421.875000 6529.605469 31 18
4218200.000000 4027421.875000 6746.068359 32 18
4218400.000000 4027421.875000 6959.958008 33 18
4218600.000000 4027421.875000 7165.017578 34 18
4218800.000000 4027421.875000 7356.733887 35 18
4219000.000000 4027421.875000 7532.956055 36 18
4219200.000000 4027421.875000 7700.739258 37 18
4219400.000000 4027421.875000 7864.923828 38 18
4219600.000000 4027421.875000 8027.522949 39 18
4219800.000000 4027421.875000 8190.133789 40 18
4220000.000000 4027421.875000 8352.936523 41 18
4220200.000000 4027421.875000 8515.556641 42 18
4212000.000000 4027793.750000 1459.584473 1 19
4212200.000000 4027793.750000 1628.020264 2 19
4212400.000000 4027793.750000 1797.803955 3 19
4212600.000000 4027793.750000 1968.409912 4 19
4212800.000000 4027793.750000 2140.797119 5 19
4213000.000000 4027793.750000 2316.442139 6 19
4213200.000000 4027793.750000 2497.299316 7 19
4213400.000000 4027793.750000 2690.804199 8 19
4213600.000000 4027793.750000 2896.437988 9 19
4213800.000000 4027793.750000 3101.295654 10 19
4214000.000000 4027793.750000 3287.199951 11 19
4214200.000000 4027793.750000 3430.253174 12 19
4214400.000000 4027793.750000 3500.279297 13 19
4214600.000000 4027793.750000 3518.580566 14 19
4214800.000000 4027793.750000 3568.251953 15 19
4215000.000000 4027793.750000 3735.583984 16 19
4215200.000000 4027793.750000 4036.856934 17 19
4215400.000000 4027793.750000 4428.639160 18 19
4215600.000000 4027793.750000 4868.789551 19 19
4215800.000000 4027793.750000 5283.574707 20 19
4216000.000000 4027793.750000 5550.526855 21 19
4216200.000000 4027793.750000 5654.698730 22 19
4216400.000000 4027793.750000 5697.193848 23 19
4216600.000000 4027793.750000 5732.235840 24 19
4216800.000000 4027793.750000 5794.154297 25 19
4217000.000000 4027793.750000 5884.433594 26 19
4217200.000000 4027793.750000 5999.258301 27 19
4217400.000000 4027793.750000 6137.903809 28 19
4217600.000000 4027793.750000 6300.036621 29 19
4217800.000000 4027793.750000 6483.328125 30 19
4218000.000000 4027793.750000 6682.684082 31 19
4218200.000000 4027793.750000 6891.032227 32 19
4218400.000000 4027793.750000 7097.224121 33 19
4218600.000000 4027793.750000 7296.819824 34 19
4218800.000000 4027793.750000 7486.440918 35 19
4219000.000000 4027793.750000 7662.607422 36 19
4219200.000000 4027793.750000 7831.946289 37 19
4219400.000000 4027793.750000 7997.834961 38 19
4219600.000000 4027793.750000 8162.270020 39 19
4219800.000000 4027793.750000 8326.822266 40 19
4220000.000000 4027793.750000 8491.116211 41 19
4220200.000000 4027793.750000 8655.756836 42 19
4212000.000000 4028165.625000 1593.865845 1 20
4212200.000000 4028165.625000 1762.349854 2 20
4212400.000000 4028165.625000 1931.700317 3 20
4212600.000000 4028165.625000 2102.384277 4 20
4212800.000000 4028165.625000 2274.872314 5 20
4213000.000000 4028165.625000 2450.123535 6 20
4213200.000000 4028165.625000 2631.097168 7 20
4213400.000000 4028165.625000 2825.214355 8 20
4213600.000000 4028165.625000 3032.458252 9 20
4213800.000000 4028165.625000 3238.891113 10 20
4214000.000000 4028165.625000 3425.254883 11 20
4214200.000000 4028165.625000 3564.573486 12 20
4214400.000000 4028165.625000 3618.579346 13 20
4214600.000000 4028165.625000 3606.590576 14 20
4214800.000000 4028165.625000 3621.904053 15 20
4215000.000000 4028165.625000 3787.725586 16 20
4215200.000000 4028165.625000 4117.535645 17 20
4215400.000000 4028165.625000 4522.425781 18 20
4215600.000000 4028165.625000 4946.567871 19 20
4215800.000000 4028165.625000 5327.343262 20 20
4216000.000000 4028165.625000 5579.743164 21 20
4216200.000000 4028165.625000 5698.535156 22 20
4216400.000000 4028165.625000 5765.329102 23 20
4216600.000000 4028165.625000 5828.463867 24 20
4216800.000000 4028165.625000 5910.247559 25 20
4217000.000000 4028165.625000 6015.637695 26 20
4217200.000000 4028165.625000 6142.418945 27 20
4217400.000000 4028165.625000 6289.050293 28 20
4217600.000000 4028165.625000 6454.562500 29 20
4217800.000000 4028165.625000 6636.470703 30 20
4218000.000000 4028165.625000 6831.599609 31 20
4218200.000000 4028165.625000 7033.535156 32 20
4218400.000000 4028165.625000 7234.189453 33 20
4218600.000000 4028165.625000 7429.034668 34 20
4218800.000000 4028165.625000 7616.241699 35 20
4219000.000000 4028165.625000 7792.952148 36 20
4219200.000000 4028165.625000 7963.396484 37 20
4219400.000000 4028165.625000 8131.000977 38 20
4219600.000000 4028165.625000 8297.248047 39 20
4219800.000000 4028165.625000 8463.694336 40 20
4220000.000000 4028165.625000 8629.936523 41 20
4220200.000000 4028165.625000 8796.566406 42 20
4212000.000000 4028537.500000 1727.308838 1 21
4212200.000000 4028537.500000 1896.363892 2 21
4212400.000000 4028537.500000 2065.792236 3 21
4212600.000000 4028537.500000 2236.572021 4 21
4212800.000000 4028537.500000 2409.168945 5 21
4213000.000000 4028537.500000 2584.561279 6 21
4213200.000000 4028537.500000 2765.200684 7 21
4213400.000000 4028537.500000 2959.019043 8 21
4213600.000000 4028537.500000 3165.470215 9 21
4213800.000000 4028537.500000 3371.118408 10 21
4214000.000000 4028537.500000 3557.147705 11 21
4214200.000000 4028537.500000 3697.006348 12 21
4214400.000000 4028537.500000 3752.922852 13 21
4214600.000000 4028537.500000 3743.267578 14 21
4214800.000000 4028537.500000 3756.962158 15 21
4215000.000000 4028537.500000 3915.023682 16 21
4215200.000000 4028537.500000 4227.184570 17 21
4215400.000000 4028537.500000 4600.621094 18 21
4215600.000000 4028537.500000 4976.007813 19 21
4215800.000000 4028537.500000 5307.519043 20 21
4216000.000000 4028537.500000 5546.756348 21 21
4216200.000000 4028537.500000 5693.606445 22 21
4216400.000000 4028537.500000 5800.674316 23 21
4216600.000000 4028537.500000 5903.326172 24 21
4216800.000000 4028537.500000 6014.600586 25 21
4217000.000000 4028537.500000 6139.465332 26 21
4217200.000000 4028537.500000 6279.163086 27 21
4217400.000000 4028537.500000 6434.373535 28 21
4217600.000000 4028537.500000 6603.997559 29 21
4217800.000000 4028537.500000 6785.744141 30 21
4218000.000000 4028537.500000 6977.551758 31 21
4218200.000000 4028537.500000 7175.237793 32 21
4218400.000000 4028537.500000 7370.475586 33 21
4218600.000000 4028537.500000 7561.657227 34 21
4218800.000000 4028537.500000 7746.537598 35 21
4219000.000000 4028537.500000 7923.354492 36 21
4219200.000000 4028537.500000 8095.455078 37 21
4219400.000000 4028537.500000 8264.784180 38 21
4219600.000000 4028537.500000 8432.846680 39 21
4219800.000000 4028537.500000 8600.672852 40 21
4220000.000000 4028537.500000 8769.351563 41 21
4220200.000000 4028537.500000 8937.934570 42 21
4212000.000000 4028909.375000 1860.900513 1 22
4212200.000000 4028909.375000 2030.023682 2 22
4212400.000000 4028909.375000 2200.039063 3 22
4212600.000000 4028909.375000 2371.430176 4 22
4212800.000000 4028909.375000 2544.676514 5 22
4213000.000000 4028909.375000 2720.244385 6 22
4213200.000000 4028909.375000 2900.592285 7 22
4213400.000000 4028909.375000 3092.681152 8 22
4213600.000000 4028909.375000 3295.965820 9 22
4213800.000000 4028909.375000 3497.997314 10 22
4214000.000000 4028909.375000 3681.957275 11 22
4214200.000000 4028909.375000 3826.766602 12 22
4214400.000000 4028909.375000 3903.668457 13 22
4214600.000000 4028909.375000 3931.677979 14 22
4214800.000000 4028909.375000 3981.625488 15 22
4215000.000000 4028909.375000 4132.723633 16 22
4215200.000000 4028909.375000 4394.033203 17 22
4215400.000000 4028909.375000 4705.954590 18 22
4215600.000000 4028909.375000 5020.598145 19 22
4215800.000000 4028909.375000 5301.386230 20 22
4216000.000000 4028909.375000 5524.500488 21 22
4216200.000000 4028909.375000 5692.515137 22 22
4216400.000000 4028909.375000 5836.001953 23 22
4216600.000000 4028909.375000 5977.009277 24 22
4216800.000000 4028909.375000 6117.565918 25 22
4217000.000000 4028909.375000 6261.690918 26 22
4217200.000000 4028909.375000 6414.748535 27 22
4217400.000000 4028909.375000 6578.223145 28 22
4217600.000000 4028909.375000 6751.416504 29 22
4217800.000000 4028909.375000 6933.346191 30 22
4218000.000000 4028909.375000 7122.453125 31 22
4218200.000000 4028909.375000 7315.371582 32 22
4218400.000000 4028909.375000 7507.146973 33 22
4218600.000000 4028909.375000 7695.168945 34 22
4218800.000000 4028909.375000 7878.244141 35 22
4219000.000000 4028909.375000 8054.729492 36 22
4219200.000000 4028909.375000 8227.520508 37 22
4219400.000000 4028909.375000 8398.102539 38 22
4219600.000000 4028909.375000 8567.984375 39 22
4219800.000000 4028909.375000 8737.701172 40 22
4220000.000000 4028909.375000 8908.304688 41 22
4220200.000000 4028909.375000 9078.849609 42 22
4212000.000000 4029281.250000 1994.633911 1 23
4212200.000000 4029281.250000 2164.330078 2 23
4212400.000000 4029281.250000 2334.442383 3 23
4212600.000000 4029281.250000 2506.458008 4 23
4212800.000000 4029281.250000 2680.357422 5 23
4213000.000000 4029281.250000 2856.129639 6 23
4213200.000000 4029281.250000 3036.743652 7 23
4213400.000000 4029281.250000 3226.656738 8 23
4213600.000000 4029281.250000 3424.859619 9 23
4213800.000000 4029281.250000 3620.918945 10 23
4214000.000000 4029281.250000 3801.483398 11 23
4214200.000000 4029281.250000 3951.484863 12 23
4214400.000000 4029281.250000 4055.116943 13 23
4214600.000000 4029281.250000 4128.313477 14 23
4214800.000000 4029281.250000 4217.688965 15 23
4215000.000000 4029281.250000 4368.480957 16 23
4215200.000000 4029281.250000 4589.123047 17 23
4215400.000000 4029281.250000 4847.921387 18 23
4215600.000000 4029281.250000 5108.429688 19 23
4215800.000000 4029281.250000 5346.725098 20 23
4216000.000000 4029281.250000 5555.232910 21 23
4216200.000000 4029281.250000 5737.500488 22 23
4216400.000000 4029281.250000 5904.884766 23 23
4216600.000000 4029281.250000 6069.594727 24 23
4216800.000000 4029281.250000 6229.210938 25 23
4217000.000000 4029281.250000 6389.379395 26 23
4217200.000000 4029281.250000 6553.507324 27 23
4217400.000000 4029281.250000 6723.237305 28 23
4217600.000000 4029281.250000 6899.575195 29 23
4217800.000000 4029281.250000 7080.672852 30 23
4218000.000000 4029281.250000 7266.473633 31 23
4218200.000000 4029281.250000 7455.487305 32 23
4218400.000000 4029281.250000 7643.208984 33 23
4218600.000000 4029281.250000 7828.023926 34 23
4218800.000000 4029281.250000 8009.316895 35 23
4219000.000000 4029281.250000 8186.004395 36 23
4219200.000000 4029281.250000 8360.038086 37 23
4219400.000000 4029281.250000 8531.908203 38 23
4219600.000000 4029281.250000 8703.134766 39 23
4219800.000000 4029281.250000 8874.745117 40 23
4220000.000000 4029281.250000 9046.780273 41 23
4220200.000000 4029281.250000 9219.277344 42 23
4212000.000000 4029653.125000 2128.469727 1 24
4212200.000000 4029653.125000 2298.742920 2 24
4212400.000000 4029653.125000 2469.457031 3 24
4212600.000000 4029653.125000 2641.606201 4 24
4212800.000000 4029653.125000 2815.686523 5 24
4213000.000000 4029653.125000 2992.177979 6 24
4213200.000000 4029653.125000 3172.562256 7 24
4213400.000000 4029653.125000 3360.335693 8 24
4213600.000000 4029653.125000 3553.001953 9 24
4213800.000000 4029653.125000 3744.115723 10 24
4214000.000000 4029653.125000 3923.846924 11 24
4214200.000000 4029653.125000 4082.061768 12 24
4214400.000000 4029653.125000 4209.337402 13 24
4214600.000000 4029653.125000 4317.872070 14 24
4214800.000000 4029653.125000 4437.953125 15 24
4215000.000000 4029653.125000 4596.508789 16 24
4215200.000000 4029653.125000 4797.801270 17 24
4215400.000000 4029653.125000 5022.832031 18 24
4215600.000000 4029653.125000 5245.881348 19 24
4215800.000000 4029653.125000 5454.537109 20 24
4216000.000000 4029653.125000 5650.854004 21 24
4216200.000000 4029653.125000 5837.187500 22 24
4216400.000000 4029653.125000 6013.514160 23 24
4216600.000000 4029653.125000 6186.071289 24 24
4216800.000000 4029653.125000 6355.843750 25 24
4217000.000000 4029653.125000 6525.762695 26 24
4217200.000000 4029653.125000 6697.292969 27 24
4217400.000000 4029653.125000 6871.166992 28 24
4217600.000000 4029653.125000 7048.059082 29 24
4217800.000000 4029653.125000 7227.710938 30 24
4218000.000000 4029653.125000 7410.540527 31 24
4218200.000000 4029653.125000 7595.015137 32 24
4218400.000000 4029653.125000 7779.084961 33 24
4218600.000000 4029653.125000 7961.175781 34 24
4218800.000000 4029653.125000 8140.709961 35 24
4219000.000000 4029653.125000 8317.644531 36 24
4219200.000000 4029653.125000 8492.461914 37 24
4219400.000000 4029653.125000 8665.659180 38 24
4219600.000000 4029653.125000 8838.258789 39 24
4219800.000000 4029653.125000 9011.788086 40 24
4220000.000000 4029653.125000 9185.262695 41 24
4220200.000000 4029653.125000 9359.224609 42 24
4212000.000000 4030025.000000 2261.883301 1 25
4212200.000000 4030025.000000 2432.733154 2 25
4212400.000000 4030025.000000 2604.557129 3 25
4212600.000000 4030025.000000 2777.339600 4 25
4212800.000000 4030025.000000 2952.092041 5 25
4213000.000000 4030025.000000 3128.801758 6 25
4213200.000000 4030025.000000 3308.961182 7 25
4213400.000000 4030025.000000 3493.577881 8 25
4213600.000000 4030025.000000 3682.177002 9 25
4213800.000000 4030025.000000 3869.322510 10 25
4214000.000000 4030025.000000 4048.651855 11 25
4214200.000000 4030025.000000 4213.465820 12 25
4214400.000000 4030025.000000 4359.676758 13 25
4214600.000000 4030025.000000 4496.234375 14 25
4214800.000000 4030025.000000 4641.078125 15 25
4215000.000000 4030025.000000 4810.816895 16 25
4215200.000000 4030025.000000 5007.290527 17 25
4215400.000000 4030025.000000 5214.361816 18 25
4215600.000000 4030025.000000 5413.799805 19 25
4215800.000000 4030025.000000 5604.203613 20 25
4216000.000000 4030025.000000 5788.403809 21 25
4216200.000000 4030025.000000 5969.571289 22 25
4216400.000000 4030025.000000 6145.982910 23 25
4216600.000000 4030025.000000 6320.237793 24 25
4216800.000000 4030025.000000 6493.980957 25 25
4217000.000000 4030025.000000 6668.013184 26 25
4217200.000000 4030025.000000 6843.831543 27 25
4217400.000000 4030025.000000 7019.789551 28 25
4217600.000000 4030025.000000 7196.166016 29 25
4217800.000000 4030025.000000 7374.273926 30 25
4218000.000000 4030025.000000 7554.021973 31 25
4218200.000000 4030025.000000 7734.860352 32 25
4218400.000000 4030025.000000 7915.246582 33 25
4218600.000000 4030025.000000 8094.610840 34 25
4218800.000000 4030025.000000 8272.920898 35 25
4219000.000000 4030025.000000 8449.651367 36 25
4219200.000000 4030025.000000 8624.795898 37 25
4219400.000000 4030025.000000 8799.357422 38 25
4219600.000000 4030025.000000 8973.363281 39 25
4219800.000000 4030025.000000 9147.812500 40 25
4220000.000000 4030025.000000 9322.743164 41 25
4220200.000000 4030025.000000 9497.666992 42 25
4212000.000000 4030396.875000 2395.347412 1 26
4212200.000000 4030396.875000 2567.271240 2 26
4212400.000000 4030396.875000 2739.685547 3 26
4212600.000000 4030396.875000 2913.103027 4 26
4212800.000000 4030396.875000 3088.509277 5 26
4213000.000000 4030396.875000 3265.421875 6 26
4213200.000000 4030396.875000 3444.841309 7 26
4213400.000000 4030396.875000 3627.263184 8 26
4213600.000000 4030396.875000 3812.244873 9 26
4213800.000000 4030396.875000 3995.817627 10 26
4214000.000000 4030396.875000 4174.129883 11 26
4214200.000000 4030396.875000 4342.871582 12 26
4214400.000000 4030396.875000 4503.335449 13 26
4214600.000000 4030396.875000 4660.767578 14 26
4214800.000000 4030396.875000 4824.333984 15 26
4215000.000000 4030396.875000 5004.985352 16 26
4215200.000000 4030396.875000 5202.176270 17 26
4215400.000000 4030396.875000 5398.404297 18 26
4215600.000000 4030396.875000 5581.928711 19 26
4215800.000000 4030396.875000 5760.408203 20 26
4216000.000000 4030396.875000 5936.455078 21 26
4216200.000000 4030396.875000 6114.003418 22 26
4216400.000000 4030396.875000 6288.921875 23 26
4216600.000000 4030396.875000 6461.180664 24 26
4216800.000000 4030396.875000 6635.714844 25 26
4217000.000000 4030396.875000 6810.736816 26 26
4217200.000000 4030396.875000 6987.790527 27 26
4217400.000000 4030396.875000 7164.301270 28 26
4217600.000000 4030396.875000 7341.131836 29 26
4217800.000000 4030396.875000 7518.151367 30 26
4218000.000000 4030396.875000 7695.278809 31 26
4218200.000000 4030396.875000 7872.962891 32 26
4218400.000000 4030396.875000 8050.659668 33 26
4218600.000000 4030396.875000 8228.333008 34 26
4218800.000000 4030396.875000 8405.960938 35 26
4219000.000000 4030396.875000 8582.031250 36 26
4219200.000000 4030396.875000 8757.543945 37 26
4219400.000000 4030396.875000 8933.008789 38 26
4219600.000000 4030396.875000 9108.426758 39 26
4219800.000000 4030396.875000 9283.327148 40 26
4220000.000000 4030396.875000 9459.215820 41 26
4220200.000000 4030396.875000 9635.105469 42 26
4212000.000000 4030768.750000 2528.815918 1 27
4212200.000000 4030768.750000 2701.310547 2 27
4212400.000000 4030768.750000 2874.316650 3 27
4212600.000000 4030768.750000 3048.349854 4 27
4212800.000000 4030768.750000 3224.408936 5 27
4213000.000000 4030768.750000 3401.499268 6 27
4213200.000000 4030768.750000 3580.625244 7 27
4213400.000000 4030768.750000 3761.814453 8 27
4213600.000000 4030768.750000 3944.084961 9 27
4213800.000000 4030768.750000 4125.004883 10 27
4214000.000000 4030768.750000 4302.148926 11 27
4214200.000000 4030768.750000 4474.172852 12 27
4214400.000000 4030768.750000 4642.745605 13 27
4214600.000000 4030768.750000 4811.993652 14 27
4214800.000000 4030768.750000 4986.443359 15 27
4215000.000000 4030768.750000 5170.975098 16 27
4215200.000000 4030768.750000 5364.194824 17 27
4215400.000000 4030768.750000 5552.506348 18 27
4215600.000000 4030768.750000 5730.325195 19 27
4215800.000000 4030768.750000 5905.392578 20 27
4216000.000000 4030768.750000 6079.883789 21 27
4216200.000000 4030768.750000 6255.062012 22 27
4216400.000000 4030768.750000 6428.229004 23 27
4216600.000000 4030768.750000 6599.735840 24 27
4216800.000000 4030768.750000 6773.355957 25 27
4217000.000000 4030768.750000 6948.766602 26 27
4217200.000000 4030768.750000 7126.006348 27 27
4217400.000000 4030768.750000 7303.055664 28 27
4217600.000000 4030768.750000 7479.836914 29 27
4217800.000000 4030768.750000 7656.759277 30 27
4218000.000000 4030768.750000 7833.261230 31 27
4218200.000000 4030768.750000 8009.300781 32 27
4218400.000000 4030768.750000 8185.342773 33 27
4218600.000000 4030768.750000 8362.363281 34 27
4218800.000000 4030768.750000 8538.851563 35 27
4219000.000000 4030768.750000 8714.793945 36 27
4219200.000000 4030768.750000 8891.207031 37 27
4219400.000000 4030768.750000 9067.094727 38 27
4219600.000000 4030768.750000 9242.961914 39 27
4219800.000000 4030768.750000 9418.320313 40 27
4220000.000000 4030768.750000 9594.667969 41 27
4220200.000000 4030768.750000 9771.029297 42 27
4212000.000000 4031140.625000 2662.271240 1 28
4212200.000000 4031140.625000 2835.341064 2 28
4212400.000000 4031140.625000 3009.429932 3 28
4212600.000000 4031140.625000 3184.065430 4 28
4212800.000000 4031140.625000 3360.241211 5 28
4213000.000000 4031140.625000 3537.480225 6 28
4213200.000000 4031140.625000 3715.782227 7 28
4213400.000000 4031140.625000 3895.676025 8 28
4213600.000000 4031140.625000 4076.177246 9 28
4213800.000000 4031140.625000 4255.831055 10 28
4214000.000000 4031140.625000 4432.701172 11 28
4214200.000000 4031140.625000 4607.390625 12 28
4214400.000000 4031140.625000 4780.988281 13 28
4214600.000000 4031140.625000 4955.538574 14 28
4214800.000000 4031140.625000 5133.026855 15 28
4215000.000000 4031140.625000 5314.817871 16 28
4215200.000000 4031140.625000 5499.135254 17 28
4215400.000000 4031140.625000 5682.606934 18 28
4215600.000000 4031140.625000 5862.923828 19 28
4215800.000000 4031140.625000 6040.406738 20 28
4216000.000000 4031140.625000 6215.595215 21 28
4216200.000000 4031140.625000 6388.664551 22 28
4216400.000000 4031140.625000 6561.349609 23 28
4216600.000000 4031140.625000 6734.353516 24 28
4216800.000000 4031140.625000 6909.386719 25 28
4217000.000000 4031140.625000 7085.064941 26 28
4217200.000000 4031140.625000 7261.940430 27 28
4217400.000000 4031140.625000 7439.017090 28 28
4217600.000000 4031140.625000 7615.753418 29 28
4217800.000000 4031140.625000 7792.589844 30 28
4218000.000000 4031140.625000 7968.483398 31 28
4218200.000000 4031140.625000 8143.894043 32 28
4218400.000000 4031140.625000 8319.812500 33 28
4218600.000000 4031140.625000 8495.717773 34 28
4218800.000000 4031140.625000 8672.102539 35 28
4219000.000000 4031140.625000 8848.464844 36 28
4219200.000000 4031140.625000 9024.808594 37 28
4219400.000000 4031140.625000 9200.631836 38 28
4219600.000000 4031140.625000 9376.957031 39 28
4219800.000000 4031140.625000 9552.782227 40 28
4220000.000000 4031140.625000 9729.113281 41 28
4220200.000000 4031140.625000 9905.953125 42 28
4212000.000000 4031512.500000 2795.193115 1 29
4212200.000000 4031512.500000 2969.325684 2 29
4212400.000000 4031512.500000 3143.989990 3 29
4212600.000000 4031512.500000 3319.214355 4 29
4212800.000000 4031512.500000 3495.504150 5 29
4213000.000000 4031512.500000 3672.865479 6 29
4213200.000000 4031512.500000 3850.807617 7 29
4213400.000000 4031512.500000 4030.349854 8 29
4213600.000000 4031512.500000 4209.520996 9 29
4213800.000000 4031512.500000 4387.843750 10 29
4214000.000000 4031512.500000 4564.858398 11 29
4214200.000000 4031512.500000 4740.629883 12 29
4214400.000000 4031512.500000 4916.700684 13 29
4214600.000000 4031512.500000 5093.583496 14 29
4214800.000000 4031512.500000 5272.222168 15 29
4215000.000000 4031512.500000 5452.007324 16 29
4215200.000000 4031512.500000 5631.241211 17 29
4215400.000000 4031512.500000 5811.693359 18 29
4215600.000000 4031512.500000 5992.667969 19 29
4215800.000000 4031512.500000 6171.543457 20 29
4216000.000000 4031512.500000 6347.831543 21 29
4216200.000000 4031512.500000 6520.660645 22 29
4216400.000000 4031512.500000 6693.666016 23 29
4216600.000000 4031512.500000 6868.503418 24 29
4216800.000000 4031512.500000 7044.302734 25 29
4217000.000000 4031512.500000 7220.154297 26 29
4217200.000000 4031512.500000 7396.624512 27 29
4217400.000000 4031512.500000 7573.219238 28 29
4217600.000000 4031512.500000 7749.917969 29 29
4217800.000000 4031512.500000 7926.185059 30 29
4218000.000000 4031512.500000 8102.489746 31 29
4218200.000000 4031512.500000 8277.813477 32 29
4218400.000000 4031512.500000 8453.628906 33 29
4218600.000000 4031512.500000 8629.447266 34 29
4218800.000000 4031512.500000 8805.754883 35 29
4219000.000000 4031512.500000 8982.053711 36 29
4219200.000000 4031512.500000 9158.346680 37 29
4219400.000000 4031512.500000 9334.638672 38 29
4219600.000000 4031512.500000 9510.433594 39 29
4219800.000000 4031512.500000 9686.726563 40 29
4220000.000000 4031512.500000 9863.545898 41 29
4220200.000000 4031512.500000 10040.360352 42 29
4212000.000000 4031884.375000 2928.072266 1 30
4212200.000000 4031884.375000 3103.255615 2 30
4212400.000000 4031884.375000 3278.495117 3 30
4212600.000000 4031884.375000 3454.295898 4 30
4212800.000000 4031884.375000 3630.664795 5 30
4213000.000000 4031884.375000 3808.124756 6 30
4213200.000000 4031884.375000 3986.176025 7 30
4213400.000000 4031884.375000 4164.837402 8 30
4213600.000000 4031884.375000 4343.130371 9 30
4213800.000000 4031884.375000 4521.575195 10 30
4214000.000000 4031884.375000 4698.669922 11 30
4214200.000000 4031884.375000 4874.977539 12 30
4214400.000000 4031884.375000 5051.510742 13 30
4214600.000000 4031884.375000 5228.737793 14 30
4214800.000000 4031884.375000 5406.620117 15 30
4215000.000000 4031884.375000 5585.554199 16 30
4215200.000000 4031884.375000 5764.899902 17 30
4215400.000000 4031884.375000 5944.010742 18 30
4215600.000000 4031884.375000 6123.757813 19 30
4215800.000000 4031884.375000 6302.053223 20 30
4216000.000000 4031884.375000 6478.899414 21 30
4216200.000000 4031884.375000 6653.383789 22 30
4216400.000000 4031884.375000 6827.594238 23 30
4216600.000000 4031884.375000 7002.640137 24 30
4216800.000000 4031884.375000 7178.612793 25 30
4217000.000000 4031884.375000 7354.593262 26 30
4217200.000000 4031884.375000 7530.626953 27 30
4217400.000000 4031884.375000 7707.231445 28 30
4217600.000000 4031884.375000 7883.398926 29 30
4217800.000000 4031884.375000 8059.600586 30 30
4218000.000000 4031884.375000 8235.835938 31 30
4218200.000000 4031884.375000 8411.584961 32 30
4218400.000000 4031884.375000 8587.337891 33 30
4218600.000000 4031884.375000 8763.589844 34 30
4218800.000000 4031884.375000 8939.841797 35 30
4219000.000000 4031884.375000 9115.585938 36 30
4219200.000000 4031884.375000 9291.842773 37 30
4219400.000000 4031884.375000 9468.104492 38 30
4219600.000000 4031884.375000 9644.375977 39 30
4219800.000000 4031884.375000 9821.159180 40 30
4220000.000000 4031884.375000 9997.457031 41 30
4220200.000000 4031884.375000 10174.265625 42 30
4212000.000000 4032256.250000 3061.381592 1 31
4212200.000000 4032256.250000 3237.127441 2 31
4212400.000000 4032256.250000 3412.916504 3 31
4212600.000000 4032256.250000 3589.280518 4 31
4212800.000000 4032256.250000 3765.728516 5 31
4213000.000000 4032256.250000 3943.266357 6 31
4213200.000000 4032256.250000 4120.902344 7 31
4213400.000000 4032256.250000 4299.151855 8 31
4213600.000000 4032256.250000 4477.530762 9 31
4213800.000000 4032256.250000 4655.543457 10 31
4214000.000000 4032256.250000 4832.699219 11 31
4214200.000000 4032256.250000 5009.507813 12 31
4214400.000000 4032256.250000 5185.990723 13 31
4214600.000000 4032256.250000 5363.107910 14 31
4214800.000000 4032256.250000 5540.794434 15 31
4215000.000000 4032256.250000 5718.988770 16 31
4215200.000000 4032256.250000 5897.578125 17 31
4215400.000000 4032256.250000 6076.464355 18 31
4215600.000000 4032256.250000 6255.559082 19 31
4215800.000000 4032256.250000 6433.298340 20 31
4216000.000000 4032256.250000 6610.177246 21 31
4216200.000000 4032256.250000 6785.755859 22 31
4216400.000000 4032256.250000 6961.100098 23 31
4216600.000000 4032256.250000 7136.775879 24 31
4216800.000000 4032256.250000 7312.850586 25 31
4217000.000000 4032256.250000 7488.408691 26 31
4217200.000000 4032256.250000 7664.480957 27 31
4217400.000000 4032256.250000 7841.085449 28 31
4217600.000000 4032256.250000 8017.224609 29 31
4217800.000000 4032256.250000 8193.388672 30 31
4218000.000000 4032256.250000 8369.568359 31 31
4218200.000000 4032256.250000 8545.750977 32 31
4218400.000000 4032256.250000 8721.449219 33 31
4218600.000000 4032256.250000 8897.652344 34 31
4218800.000000 4032256.250000 9073.362305 35 31
4219000.000000 4032256.250000 9249.580078 36 31
4219200.000000 4032256.250000 9425.809570 37 31
4219400.000000 4032256.250000 9602.049805 38 31
4219600.000000 4032256.250000 9778.296875 39 31
4219800.000000 4032256.250000 9955.067383 40 31
4220000.000000 4032256.250000 10131.853516 41 31
4220200.000000 4032256.250000 10308.652344 42 31
4212000.000000 4032628.125000 3195.130859 1 32
4212200.000000 4032628.125000 3371.424316 2 32
4212400.000000 4032628.125000 3547.769775 3 32
4212600.000000 4032628.125000 3724.186035 4 32
4212800.000000 4032628.125000 3900.682861 5 32
4213000.000000 4032628.125000 4078.282715 6 32
4213200.000000 4032628.125000 4255.984863 7 32
4213400.000000 4032628.125000 4433.803711 8 32
4213600.000000 4032628.125000 4611.747559 9 32
4213800.000000 4032628.125000 4789.814941 10 32
4214000.000000 4032628.125000 4967.005859 11 32
4214200.000000 4032628.125000 5143.824707 12 32
4214400.000000 4032628.125000 5320.755371 13 32
4214600.000000 4032628.125000 5497.781250 14 32
4214800.000000 4032628.125000 5675.342285 15 32
4215000.000000 4032628.125000 5853.370117 16 32
4215200.000000 4032628.125000 6031.288574 17 32
4215400.000000 4032628.125000 6209.525391 18 32
4215600.000000 4032628.125000 6388.017090 19 32
4215800.000000 4032628.125000 6565.713379 20 32
4216000.000000 4032628.125000 6742.101074 21 32
4216200.000000 4032628.125000 6918.234863 22 32
4216400.000000 4032628.125000 7094.655273 23 32
4216600.000000 4032628.125000 7270.911621 24 32
4216800.000000 4032628.125000 7446.563965 25 32
4217000.000000 4032628.125000 7622.666992 26 32
4217200.000000 4032628.125000 7798.750000 27 32
4217400.000000 4032628.125000 7974.848145 28 32
4217600.000000 4032628.125000 8150.958984 29 32
4217800.000000 4032628.125000 8327.082031 30 32
4218000.000000 4032628.125000 8503.714844 31 32
4218200.000000 4032628.125000 8679.858398 32 32
4218400.000000 4032628.125000 8855.511719 33 32
4218600.000000 4032628.125000 9031.175781 34 32
4218800.000000 4032628.125000 9207.342773 35 32
4219000.000000 4032628.125000 9383.533203 36 32
4219200.000000 4032628.125000 9559.740234 37 32
4219400.000000 4032628.125000 9735.963867 38 32
4219600.000000 4032628.125000 9912.206055 39 32
4219800.000000 4032628.125000 10088.967773 40 32
4220000.000000 4032628.125000 10265.746094 41 32
4220200.000000 4032628.125000 10442.537109 42 32
4212000.000000 4033000.000000 3328.331543 1 33
4212200.000000 4033000.000000 3505.163574 2 33
4212400.000000 4033000.000000 3682.046631 3 33
4212600.000000 4033000.000000 3858.504150 4 33
4212800.000000 4033000.000000 4035.553711 5 33
4213000.000000 4033000.000000 4212.705078 6 33
4213200.000000 4033000.000000 4390.464355 7 33
4213400.000000 4033000.000000 4568.341309 8 33
4213600.000000 4033000.000000 4746.341309 9 33
4213800.000000 4033000.000000 4923.949219 10 33
4214000.000000 4033000.000000 5101.173340 11 33
4214200.000000 4033000.000000 5278.499023 12 33
4214400.000000 4033000.000000 5455.411621 13 33
4214600.000000 4033000.000000 5632.875488 14 33
4214800.000000 4033000.000000 5810.335938 15 33
4215000.000000 4033000.000000 5988.251465 16 33
4215200.000000 4033000.000000 6165.553711 17 33
4215400.000000 4033000.000000 6343.188477 18 33
4215600.000000 4033000.000000 6521.106934 19 33
4215800.000000 4033000.000000 6698.769531 20 33
4216000.000000 4033000.000000 6875.169922 21 33
4216200.000000 4033000.000000 7051.325684 22 33
4216400.000000 4033000.000000 7227.789063 23 33
4216600.000000 4033000.000000 7404.091309 24 33
4216800.000000 4033000.000000 7580.280273 25 33
4217000.000000 4033000.000000 7756.405273 26 33
4217200.000000 4033000.000000 7932.498535 27 33
4217400.000000 4033000.000000 8108.580566 28 33
4217600.000000 4033000.000000 8284.660156 29 33
4217800.000000 4033000.000000 8460.735352 30 33
4218000.000000 4033000.000000 8637.324219 31 33
4218200.000000 4033000.000000 8813.423828 32 33
4218400.000000 4033000.000000 8989.036133 33 33
4218600.000000 4033000.000000 9164.663086 34 33
4218800.000000 4033000.000000 9340.806641 35 33
4219000.000000 4033000.000000 9516.971680 36 33
4219200.000000 4033000.000000 9693.150391 37 33
4219400.000000 4033000.000000 9869.359375 38 33
4219600.000000 4033000.000000 10046.090820 39 33
4219800.000000 4033000.000000 10222.845703 40 33
4220000.000000 4033000.000000 10400.117188 41 33
4220200.000000 4033000.000000 10576.903320 42 33
