# Type: scattered data
# Version: 6
# Description: No description
# Format: free
# Field: 1 x
# Field: 2 y
# Field: 3 z undefined
# Field: 4 column
# Field: 5 row
# Projection: Local Rectangular
# Units: undefined
# End:
# Information from grid:
# Grid_size: 42 x 33
# Grid_space: 4212000.000000,4220200.000000,4021100.000000,4033000.000000
# Scattered data: Not_available
# Z_field: z
# Vertical_faults: Not_available
# History: No history
# Z_units: undefined
4212000.000000 4021100.000000 -2225.430908 1 1
4212200.000000 4021100.000000 -2006.558105 2 1
4212400.000000 4021100.000000 -1787.676758 3 1
4212600.000000 4021100.000000 -1568.804810 4 1
4212800.000000 4021100.000000 -1349.931274 5 1
4213000.000000 4021100.000000 -1131.049927 6 1
4213200.000000 4021100.000000 -912.152771 7 1
4213400.000000 4021100.000000 -693.224243 8 1
4213600.000000 4021100.000000 -474.779449 9 1
4213800.000000 4021100.000000 -255.820313 10 1
4214000.000000 4021100.000000 -36.867359 11 1
4214200.000000 4021100.000000 182.547455 12 1
4214400.000000 4021100.000000 401.900482 13 1
4214600.000000 4021100.000000 620.649597 14 1
4214800.000000 4021100.000000 839.283997 15 1
4215000.000000 4021100.000000 1057.798950 16 1
4215200.000000 4021100.000000 1276.213989 17 1
4215400.000000 4021100.000000 1494.585815 18 1
4215600.000000 4021100.000000 1712.971924 19 1
4215800.000000 4021100.000000 1931.470459 20 1
4216000.000000 4021100.000000 2150.664063 21 1
4216200.000000 4021100.000000 2370.115723 22 1
4216400.000000 4021100.000000 2589.824951 23 1
4216600.000000 4021100.000000 2809.773926 24 1
4216800.000000 4021100.000000 3029.397705 25 1
4217000.000000 4021100.000000 3249.118652 26 1
4217200.000000 4021100.000000 3468.838379 27 1
4217400.000000 4021100.000000 3688.497559 28 1
4217600.000000 4021100.000000 3908.045898 29 1
4217800.000000 4021100.000000 4127.448730 30 1
4218000.000000 4021100.000000 4346.182617 31 1
4218200.000000 4021100.000000 4564.240723 32 1
4218400.000000 4021100.000000 4782.647949 33 1
4218600.000000 4021100.000000 5001.423340 34 1
4218800.000000 4021100.000000 5219.616211 35 1
4219000.000000 4021100.000000 5437.763672 36 1
4219200.000000 4021100.000000 5656.399902 37 1
4219400.000000 4021100.000000 5875.052734 38 1
4219600.000000 4021100.000000 6094.246094 39 1
4219800.000000 4021100.000000 6313.471680 40 1
4220000.000000 4021100.000000 6532.734375 41 1
4220200.000000 4021100.000000 6752.034180 42 1
4212000.000000 4021471.875000 -2130.607422 1 2
4212200.000000 4021471.875000 -1911.741577 2 2
4212400.000000 4021471.875000 -1692.864990 3 2
4212600.000000 4021471.875000 -1473.994751 4 2
4212800.000000 4021471.875000 -1255.118042 5 2
4213000.000000 4021471.875000 -1036.228394 6 2
4213200.000000 4021471.875000 -817.318542 7 2
4213400.000000 4021471.875000 -598.377380 8 2
4213600.000000 4021471.875000 -379.927673 9 2
4213800.000000 4021471.875000 -160.982300 10 2
4214000.000000 4021471.875000 57.924366 11 2
4214200.000000 4021471.875000 277.245575 12 2
4214400.000000 4021471.875000 496.448395 13 2
4214600.000000 4021471.875000 714.990784 14 2
4214800.000000 4021471.875000 933.369324 15 2
4215000.000000 4021471.875000 1151.592529 16 2
4215200.000000 4021471.875000 1369.699951 17 2
4215400.000000 4021471.875000 1587.771973 18 2
4215600.000000 4021471.875000 1805.393188 19 2
4215800.000000 4021471.875000 2023.689209 20 2
4216000.000000 4021471.875000 2242.768066 21 2
4216200.000000 4021471.875000 2461.696533 22 2
4216400.000000 4021471.875000 2681.491455 23 2
4216600.000000 4021471.875000 2901.587646 24 2
4216800.000000 4021471.875000 3121.396973 25 2
4217000.000000 4021471.875000 3341.308838 26 2
4217200.000000 4021471.875000 3561.234375 27 2
4217400.000000 4021471.875000 3781.083008 28 2
4217600.000000 4021471.875000 4000.812500 29 2
4217800.000000 4021471.875000 4219.889648 30 2
4218000.000000 4021471.875000 4439.287598 31 2
4218200.000000 4021471.875000 4657.996582 32 2
4218400.000000 4021471.875000 4876.539551 33 2
4218600.000000 4021471.875000 5095.433594 34 2
4218800.000000 4021471.875000 5314.225586 35 2
4219000.000000 4021471.875000 5532.452148 36 2
4219200.000000 4021471.875000 5751.146973 37 2
4219400.000000 4021471.875000 5969.840820 38 2
4219600.000000 4021471.875000 6189.060547 39 2
4219800.000000 4021471.875000 6408.301270 40 2
4220000.000000 4021471.875000 6627.573730 41 2
4220200.000000 4021471.875000 6846.882324 42 2
4212000.000000 4021843.750000 -2035.792358 1 3
4212200.000000 4021843.750000 -1816.933472 2 3
4212400.000000 4021843.750000 -1598.061279 3 3
4212600.000000 4021843.750000 -1379.191406 4 3
4212800.000000 4021843.750000 -1160.308960 5 3
4213000.000000 4021843.750000 -941.405518 6 3
4213200.000000 4021843.750000 -722.474609 7 3
4213400.000000 4021843.750000 -503.509399 8 3
4213600.000000 4021843.750000 -285.041779 9 3
4213800.000000 4021843.750000 -66.098244 10 3
4214000.000000 4021843.750000 152.768799 11 3
4214200.000000 4021843.750000 371.992676 12 3
4214400.000000 4021843.750000 591.026978 13 3
4214600.000000 4021843.750000 809.328735 14 3
4214800.000000 4021843.750000 1027.404175 15 3
4215000.000000 4021843.750000 1245.281372 16 3
4215200.000000 4021843.750000 1463.028442 17 3
4215400.000000 4021843.750000 1680.256958 18 3
4215600.000000 4021843.750000 1898.079468 19 3
4215800.000000 4021843.750000 2116.156006 20 3
4216000.000000 4021843.750000 2334.627197 21 3
4216200.000000 4021843.750000 2553.578613 22 3
4216400.000000 4021843.750000 2773.515869 23 3
4216600.000000 4021843.750000 2993.332031 24 3
4216800.000000 4021843.750000 3213.890625 25 3
4217000.000000 4021843.750000 3434.050293 26 3
4217200.000000 4021843.750000 3654.197998 27 3
4217400.000000 4021843.750000 3873.762939 28 3
4217600.000000 4021843.750000 4093.678711 29 3
4217800.000000 4021843.750000 4312.925293 30 3
4218000.000000 4021843.750000 4532.477051 31 3
4218200.000000 4021843.750000 4751.821289 32 3
4218400.000000 4021843.750000 4970.973145 33 3
4218600.000000 4021843.750000 5189.975098 34 3
4218800.000000 4021843.750000 5408.848633 35 3
4219000.000000 4021843.750000 5627.138184 36 3
4219200.000000 4021843.750000 5845.879395 37 3
4219400.000000 4021843.750000 6064.605957 38 3
4219600.000000 4021843.750000 6283.848145 39 3
4219800.000000 4021843.750000 6503.103027 40 3
4220000.000000 4021843.750000 6722.385742 41 3
4220200.000000 4021843.750000 6941.697266 42 3
4212000.000000 4022215.625000 -1940.991577 1 4
4212200.000000 4022215.625000 -1722.137817 2 4
4212400.000000 4022215.625000 -1503.267212 3 4
4212600.000000 4022215.625000 -1284.392944 4 4
4212800.000000 4022215.625000 -1065.496948 5 4
4213000.000000 4022215.625000 -846.569092 6 4
4213200.000000 4022215.625000 -627.604248 7 4
4213400.000000 4022215.625000 -408.602386 8 4
4213600.000000 4022215.625000 -190.108704 9 4
4213800.000000 4022215.625000 28.831970 10 4
4214000.000000 4022215.625000 247.643387 11 4
4214200.000000 4022215.625000 466.732849 12 4
4214400.000000 4022215.625000 685.537476 13 4
4214600.000000 4022215.625000 903.516235 14 4
4214800.000000 4022215.625000 1121.196289 15 4
4215000.000000 4022215.625000 1338.644165 16 4
4215200.000000 4022215.625000 1555.476563 17 4
4215400.000000 4022215.625000 1772.833374 18 4
4215600.000000 4022215.625000 1989.879883 19 4
4215800.000000 4022215.625000 2207.772461 20 4
4216000.000000 4022215.625000 2425.699463 21 4
4216200.000000 4022215.625000 2644.780762 22 4
4216400.000000 4022215.625000 2864.990723 23 4
4216600.000000 4022215.625000 3085.660400 24 4
4216800.000000 4022215.625000 3306.550781 25 4
4217000.000000 4022215.625000 3526.996094 26 4
4217200.000000 4022215.625000 3747.380371 27 4
4217400.000000 4022215.625000 3967.129395 28 4
4217600.000000 4022215.625000 4186.712402 29 4
4217800.000000 4022215.625000 4406.593750 30 4
4218000.000000 4022215.625000 4626.264160 31 4
4218200.000000 4022215.625000 4845.712891 32 4
4218400.000000 4022215.625000 5064.955078 33 4
4218600.000000 4022215.625000 5284.533203 34 4
4218800.000000 4022215.625000 5503.469727 35 4
4219000.000000 4022215.625000 5721.809082 36 4
4219200.000000 4022215.625000 5940.588379 37 4
4219400.000000 4022215.625000 6159.342285 38 4
4219600.000000 4022215.625000 6378.603516 39 4
4219800.000000 4022215.625000 6597.872070 40 4
4220000.000000 4022215.625000 6817.165039 41 4
4220200.000000 4022215.625000 7036.488281 42 4
4212000.000000 4022587.500000 -1846.208740 1 5
4212200.000000 4022587.500000 -1627.355957 2 5
4212400.000000 4022587.500000 -1408.490112 3 5
4212600.000000 4022587.500000 -1189.595459 4 5
4212800.000000 4022587.500000 -970.675598 5 5
4213000.000000 4022587.500000 -751.710938 6 5
4213200.000000 4022587.500000 -532.700073 7 5
4213400.000000 4022587.500000 -313.662933 8 5
4213600.000000 4022587.500000 -95.138710 9 5
4213800.000000 4022587.500000 123.777855 10 5
4214000.000000 4022587.500000 342.487549 11 5
4214200.000000 4022587.500000 561.363892 12 5
4214400.000000 4022587.500000 779.824463 13 5
4214600.000000 4022587.500000 997.837830 14 5
4214800.000000 4022587.500000 1215.475830 15 5
4215000.000000 4022587.500000 1432.380981 16 5
4215200.000000 4022587.500000 1648.251343 17 5
4215400.000000 4022587.500000 1864.772583 18 5
4215600.000000 4022587.500000 2081.606445 19 5
4215800.000000 4022587.500000 2298.901611 20 5
4216000.000000 4022587.500000 2517.397217 21 5
4216200.000000 4022587.500000 2736.800537 22 5
4216400.000000 4022587.500000 2957.547852 23 5
4216600.000000 4022587.500000 3178.793213 24 5
4216800.000000 4022587.500000 3400.143799 25 5
4217000.000000 4022587.500000 3620.901855 26 5
4217200.000000 4022587.500000 3840.988770 27 5
4217400.000000 4022587.500000 4060.867920 28 5
4217600.000000 4022587.500000 4280.528320 29 5
4217800.000000 4022587.500000 4499.980957 30 5
4218000.000000 4022587.500000 4719.703613 31 5
4218200.000000 4022587.500000 4939.700195 32 5
4218400.000000 4022587.500000 5159.487793 33 5
4218600.000000 4022587.500000 5379.109375 34 5
4218800.000000 4022587.500000 5598.084961 35 5
4219000.000000 4022587.500000 5816.458008 36 5
4219200.000000 4022587.500000 6035.265137 37 5
4219400.000000 4022587.500000 6254.041016 38 5
4219600.000000 4022587.500000 6473.319336 39 5
4219800.000000 4022587.500000 6692.600586 40 5
4220000.000000 4022587.500000 6911.905762 41 5
4220200.000000 4022587.500000 7131.740234 42 5
4212000.000000 4022959.375000 -1751.444336 1 6
4212200.000000 4022959.375000 -1532.586914 2 6
4212400.000000 4022959.375000 -1313.710693 3 6
4212600.000000 4022959.375000 -1094.795288 4 6
4212800.000000 4022959.375000 -875.841675 5 6
4213000.000000 4022959.375000 -656.830688 6 6
4213200.000000 4022959.375000 -437.768402 7 6
4213400.000000 4022959.375000 -218.692215 8 6
4213600.000000 4022959.375000 -0.168222 9 6
4213800.000000 4022959.375000 218.675964 10 6
4214000.000000 4022959.375000 437.199463 11 6
4214200.000000 4022959.375000 655.730286 12 6
4214400.000000 4022959.375000 874.161621 13 6
4214600.000000 4022959.375000 1091.987305 14 6
4214800.000000 4022959.375000 1309.364502 15 6
4215000.000000 4022959.375000 1525.575439 16 6
4215200.000000 4022959.375000 1740.961182 17 6
4215400.000000 4022959.375000 1956.227417 18 6
4215600.000000 4022959.375000 2172.483643 19 6
4215800.000000 4022959.375000 2389.284668 20 6
4216000.000000 4022959.375000 2607.462891 21 6
4216200.000000 4022959.375000 2827.450684 22 6
4216400.000000 4022959.375000 3049.662109 23 6
4216600.000000 4022959.375000 3272.397705 24 6
4216800.000000 4022959.375000 3494.451660 25 6
4217000.000000 4022959.375000 3715.568848 26 6
4217200.000000 4022959.375000 3935.780029 27 6
4217400.000000 4022959.375000 4155.166504 28 6
4217600.000000 4022959.375000 4374.285645 29 6
4217800.000000 4022959.375000 4594.175293 30 6
4218000.000000 4022959.375000 4813.858398 31 6
4218200.000000 4022959.375000 5033.822754 32 6
4218400.000000 4022959.375000 5253.594238 33 6
4218600.000000 4022959.375000 5473.205078 34 6
4218800.000000 4022959.375000 5692.695801 35 6
4219000.000000 4022959.375000 5911.582031 36 6
4219200.000000 4022959.375000 6130.405762 37 6
4219400.000000 4022959.375000 6349.197754 38 6
4219600.000000 4022959.375000 6568.490723 39 6
4219800.000000 4022959.375000 6787.286621 40 6
4220000.000000 4022959.375000 7006.604004 41 6
4220200.000000 4022959.375000 7226.451172 42 6
4212000.000000 4023331.250000 -1656.697388 1 7
4212200.000000 4023331.250000 -1437.828735 2 7
4212400.000000 4023331.250000 -1218.935181 3 7
4212600.000000 4023331.250000 -999.991882 4 7
4212800.000000 4023331.250000 -780.998352 5 7
4213000.000000 4023331.250000 -561.938904 6 7
4213200.000000 4023331.250000 -342.831696 7 7
4213400.000000 4023331.250000 -123.739639 8 7
4213600.000000 4023331.250000 94.734741 9 7
4213800.000000 4023331.250000 313.419312 10 7
4214000.000000 4023331.250000 532.114624 11 7
4214200.000000 4023331.250000 750.085754 12 7
4214400.000000 4023331.250000 967.694824 13 7
4214600.000000 4023331.250000 1184.985474 14 7
4214800.000000 4023331.250000 1401.771973 15 7
4215000.000000 4023331.250000 1617.589600 16 7
4215200.000000 4023331.250000 1831.977783 17 7
4215400.000000 4023331.250000 2046.203003 18 7
4215600.000000 4023331.250000 2261.102783 19 7
4215800.000000 4023331.250000 2477.013428 20 7
4216000.000000 4023331.250000 2695.413086 21 7
4216200.000000 4023331.250000 2917.281494 22 7
4216400.000000 4023331.250000 3141.571289 23 7
4216600.000000 4023331.250000 3366.954834 24 7
4216800.000000 4023331.250000 3590.649902 25 7
4217000.000000 4023331.250000 3812.263916 26 7
4217200.000000 4023331.250000 4032.015381 27 7
4217400.000000 4023331.250000 4250.229980 28 7
4217600.000000 4023331.250000 4469.120117 29 7
4217800.000000 4023331.250000 4688.291992 30 7
4218000.000000 4023331.250000 4907.785156 31 7
4218200.000000 4023331.250000 5127.619629 32 7
4218400.000000 4023331.250000 5347.796387 33 7
4218600.000000 4023331.250000 5567.348633 34 7
4218800.000000 4023331.250000 5787.307617 35 7
4219000.000000 4023331.250000 6006.183594 36 7
4219200.000000 4023331.250000 6225.009277 37 7
4219400.000000 4023331.250000 6443.811035 38 7
4219600.000000 4023331.250000 6663.116699 39 7
4219800.000000 4023331.250000 6882.425781 40 7
4220000.000000 4023331.250000 7101.756836 41 7
4220200.000000 4023331.250000 7321.118164 42 7
4212000.000000 4023703.125000 -1561.966064 1 8
4212200.000000 4023703.125000 -1343.080811 2 8
4212400.000000 4023703.125000 -1124.164307 3 8
4212600.000000 4023703.125000 -905.189453 4 8
4212800.000000 4023703.125000 -686.655884 5 8
4213000.000000 4023703.125000 -467.556427 6 8
4213200.000000 4023703.125000 -248.426849 7 8
4213400.000000 4023703.125000 -29.365189 8 8
4213600.000000 4023703.125000 189.467484 9 8
4213800.000000 4023703.125000 408.362671 10 8
4214000.000000 4023703.125000 626.014099 11 8
4214200.000000 4023703.125000 843.101624 12 8
4214400.000000 4023703.125000 1059.949951 13 8
4214600.000000 4023703.125000 1276.197632 14 8
4214800.000000 4023703.125000 1492.436523 15 8
4215000.000000 4023703.125000 1707.590332 16 8
4215200.000000 4023703.125000 1921.590088 17 8
4215400.000000 4023703.125000 2134.709961 18 8
4215600.000000 4023703.125000 2348.288818 19 8
4215800.000000 4023703.125000 2563.046143 20 8
4216000.000000 4023703.125000 2781.649902 21 8
4216200.000000 4023703.125000 3005.171387 22 8
4216400.000000 4023703.125000 3233.258301 23 8
4216600.000000 4023703.125000 3462.485352 24 8
4216800.000000 4023703.125000 3688.799805 25 8
4217000.000000 4023703.125000 3910.612793 26 8
4217200.000000 4023703.125000 4128.854492 27 8
4217400.000000 4023703.125000 4346.200684 28 8
4217600.000000 4023703.125000 4564.134766 29 8
4217800.000000 4023703.125000 4782.887207 30 8
4218000.000000 4023703.125000 5002.036621 31 8
4218200.000000 4023703.125000 5222.110840 32 8
4218400.000000 4023703.125000 5442.103516 33 8
4218600.000000 4023703.125000 5662.033691 34 8
4218800.000000 4023703.125000 5881.919922 35 8
4219000.000000 4023703.125000 6100.758789 36 8
4219200.000000 4023703.125000 6319.573242 37 8
4219400.000000 4023703.125000 6538.377441 38 8
4219600.000000 4023703.125000 6757.693848 39 8
4219800.000000 4023703.125000 6977.017578 40 8
4220000.000000 4023703.125000 7196.364746 41 8
4220200.000000 4023703.125000 7415.741699 42 8
4212000.000000 4024075.000000 -1467.248535 1 9
4212200.000000 4024075.000000 -1248.343262 2 9
4212400.000000 4024075.000000 -1029.401733 3 9
4212600.000000 4024075.000000 -810.904175 4 9
4212800.000000 4024075.000000 -591.831909 5 9
4213000.000000 4024075.000000 -372.711823 6 9
4213200.000000 4024075.000000 -153.597061 7 9
4213400.000000 4024075.000000 65.368011 8 9
4213600.000000 4024075.000000 284.464111 9 9
4213800.000000 4024075.000000 502.873840 10 9
4214000.000000 4024075.000000 719.699219 11 9
4214200.000000 4024075.000000 935.487000 12 9
4214400.000000 4024075.000000 1150.021851 13 9
4214600.000000 4024075.000000 1364.097900 14 9
4214800.000000 4024075.000000 1577.728394 15 9
4215000.000000 4024075.000000 1791.477783 16 9
4215200.000000 4024075.000000 2006.377197 17 9
4215400.000000 4024075.000000 2220.277588 18 9
4215600.000000 4024075.000000 2433.192383 19 9
4215800.000000 4024075.000000 2648.066895 20 9
4216000.000000 4024075.000000 2868.059326 21 9
4216200.000000 4024075.000000 3094.757080 22 9
4216400.000000 4024075.000000 3327.885742 23 9
4216600.000000 4024075.000000 3563.041016 24 9
4216800.000000 4024075.000000 3792.288818 25 9
4217000.000000 4024075.000000 4013.650879 26 9
4217200.000000 4024075.000000 4229.244629 27 9
4217400.000000 4024075.000000 4444.523926 28 9
4217600.000000 4024075.000000 4661.783203 29 9
4217800.000000 4024075.000000 4879.419922 30 9
4218000.000000 4024075.000000 5097.569336 31 9
4218200.000000 4024075.000000 5317.266113 32 9
4218400.000000 4024075.000000 5537.491211 33 9
4218600.000000 4024075.000000 5756.743164 34 9
4218800.000000 4024075.000000 5976.519531 35 9
4219000.000000 4024075.000000 6195.300781 36 9
4219200.000000 4024075.000000 6414.091797 37 9
4219400.000000 4024075.000000 6632.894531 38 9
4219600.000000 4024075.000000 6851.713867 39 9
4219800.000000 4024075.000000 7071.062500 40 9
4220000.000000 4024075.000000 7290.428223 41 9
4220200.000000 4024075.000000 7509.822754 42 9
4212000.000000 4024446.875000 -1373.043335 1 10
4212200.000000 4024446.875000 -1154.117554 2 10
4212400.000000 4024446.875000 -935.152710 3 10
4212600.000000 4024446.875000 -716.132263 4 10
4212800.000000 4024446.875000 -497.044128 5 10
4213000.000000 4024446.875000 -277.930847 6 10
4213200.000000 4024446.875000 -58.876560 7 10
4213400.000000 4024446.875000 160.416870 8 10
4213600.000000 4024446.875000 379.149506 9 10
4213800.000000 4024446.875000 596.894287 10 10
4214000.000000 4024446.875000 813.104370 11 10
4214200.000000 4024446.875000 1026.674316 12 10
4214400.000000 4024446.875000 1237.838867 13 10
4214600.000000 4024446.875000 1446.630615 14 10
4214800.000000 4024446.875000 1654.582275 15 10
4215000.000000 4024446.875000 1864.159058 16 10
4215200.000000 4024446.875000 2078.316650 17 10
4215400.000000 4024446.875000 2294.270020 18 10
4215600.000000 4024446.875000 2511.609131 19 10
4215800.000000 4024446.875000 2732.549561 20 10
4216000.000000 4024446.875000 2959.112305 21 10
4216200.000000 4024446.875000 3195.408447 22 10
4216400.000000 4024446.875000 3439.897705 23 10
4216600.000000 4024446.875000 3678.180420 24 10
4216800.000000 4024446.875000 3906.444824 25 10
4217000.000000 4024446.875000 4125.117188 26 10
4217200.000000 4024446.875000 4336.479980 27 10
4217400.000000 4024446.875000 4547.931641 28 10
4217600.000000 4024446.875000 4762.339844 29 10
4217800.000000 4024446.875000 4977.709961 30 10
4218000.000000 4024446.875000 5194.747559 31 10
4218200.000000 4024446.875000 5412.987793 32 10
4218400.000000 4024446.875000 5632.392090 33 10
4218600.000000 4024446.875000 5851.930664 34 10
4218800.000000 4024446.875000 6071.577148 35 10
4219000.000000 4024446.875000 6290.290527 36 10
4219200.000000 4024446.875000 6508.557129 37 10
4219400.000000 4024446.875000 6727.358887 38 10
4219600.000000 4024446.875000 6946.191895 39 10
4219800.000000 4024446.875000 7165.061523 40 10
4220000.000000 4024446.875000 7384.449707 41 10
4220200.000000 4024446.875000 7603.864746 42 10
4212000.000000 4024818.750000 -1278.351929 1 11
4212200.000000 4024818.750000 -1059.408813 2 11
4212400.000000 4024818.750000 -840.426697 3 11
4212600.000000 4024818.750000 -621.394409 4 11
4212800.000000 4024818.750000 -402.309998 5 11
4213000.000000 4024818.750000 -183.233536 6 11
4213200.000000 4024818.750000 36.215759 7 11
4213400.000000 4024818.750000 254.776001 8 11
4213600.000000 4024818.750000 473.554565 9 11
4213800.000000 4024818.750000 691.003479 10 11
4214000.000000 4024818.750000 906.410950 11 11
4214200.000000 4024818.750000 1117.502441 12 11
4214400.000000 4024818.750000 1323.459839 13 11
4214600.000000 4024818.750000 1525.005493 14 11
4214800.000000 4024818.750000 1724.232056 15 11
4215000.000000 4024818.750000 1926.567017 16 11
4215200.000000 4024818.750000 2136.751221 17 11
4215400.000000 4024818.750000 2355.665527 18 11
4215600.000000 4024818.750000 2583.279053 19 11
4215800.000000 4024818.750000 2817.122559 20 11
4216000.000000 4024818.750000 3054.115234 21 11
4216200.000000 4024818.750000 3310.081055 22 11
4216400.000000 4024818.750000 3573.885254 23 11
4216600.000000 4024818.750000 3810.581055 24 11
4216800.000000 4024818.750000 4031.131592 25 11
4217000.000000 4024818.750000 4243.235840 26 11
4217200.000000 4024818.750000 4449.777832 27 11
4217400.000000 4024818.750000 4655.489258 28 11
4217600.000000 4024818.750000 4864.900879 29 11
4217800.000000 4024818.750000 5076.961914 30 11
4218000.000000 4024818.750000 5291.855469 31 11
4218200.000000 4024818.750000 5509.113281 32 11
4218400.000000 4024818.750000 5728.191406 33 11
4218600.000000 4024818.750000 5947.020020 34 11
4218800.000000 4024818.750000 6166.044922 35 11
4219000.000000 4024818.750000 6384.700195 36 11
4219200.000000 4024818.750000 6603.450195 37 11
4219400.000000 4024818.750000 6821.762207 38 11
4219600.000000 4024818.750000 7040.617188 39 11
4219800.000000 4024818.750000 7259.514648 40 11
4220000.000000 4024818.750000 7478.431152 41 11
4220200.000000 4024818.750000 7697.871094 42 11
4212000.000000 4025190.625000 -1183.674805 1 12
4212200.000000 4025190.625000 -964.720459 2 12
4212400.000000 4025190.625000 -745.730225 3 12
4212600.000000 4025190.625000 -526.699707 4 12
4212800.000000 4025190.625000 -307.638092 5 12
4213000.000000 4025190.625000 -88.622543 6 12
4213200.000000 4025190.625000 130.695938 7 12
4213400.000000 4025190.625000 349.499451 8 12
4213600.000000 4025190.625000 568.315796 9 12
4213800.000000 4025190.625000 785.486450 10 12
4214000.000000 4025190.625000 1000.156433 11 12
4214200.000000 4025190.625000 1208.870972 12 12
4214400.000000 4025190.625000 1408.217773 13 12
4214600.000000 4025190.625000 1601.480225 14 12
4214800.000000 4025190.625000 1792.035889 15 12
4215000.000000 4025190.625000 1985.974731 16 12
4215200.000000 4025190.625000 2189.871582 17 12
4215400.000000 4025190.625000 2408.515137 18 12
4215600.000000 4025190.625000 2646.453369 19 12
4215800.000000 4025190.625000 2901.615967 20 12
4216000.000000 4025190.625000 3157.354248 21 12
4216200.000000 4025190.625000 3435.516846 22 12
4216400.000000 4025190.625000 3719.343262 23 12
4216600.000000 4025190.625000 3950.650146 24 12
4216800.000000 4025190.625000 4159.360352 25 12
4217000.000000 4025190.625000 4362.847656 26 12
4217200.000000 4025190.625000 4562.366699 27 12
4217400.000000 4025190.625000 4762.115723 28 12
4217600.000000 4025190.625000 4967.007813 29 12
4217800.000000 4025190.625000 5175.290039 30 12
4218000.000000 4025190.625000 5388.101074 31 12
4218200.000000 4025190.625000 5604.946289 32 12
4218400.000000 4025190.625000 5823.256348 33 12
4218600.000000 4025190.625000 6042.431641 34 12
4218800.000000 4025190.625000 6261.364746 35 12
4219000.000000 4025190.625000 6479.993164 36 12
4219200.000000 4025190.625000 6698.253418 37 12
4219400.000000 4025190.625000 6916.594238 38 12
4219600.000000 4025190.625000 7134.986328 39 12
4219800.000000 4025190.625000 7353.414551 40 12
4220000.000000 4025190.625000 7572.375000 41 12
4220200.000000 4025190.625000 7791.845703 42 12
4212000.000000 4025562.500000 -1089.011963 1 13
4212200.000000 4025562.500000 -870.053772 2 13
4212400.000000 4025562.500000 -651.065186 3 13
4212600.000000 4025562.500000 -432.048431 4 13
4212800.000000 4025562.500000 -213.030746 5 13
4213000.000000 4025562.500000 5.922771 6 13
4213200.000000 4025562.500000 225.115662 7 13
4213400.000000 4025562.500000 444.205719 8 13
4213600.000000 4025562.500000 663.176758 9 13
4213800.000000 4025562.500000 880.306824 10 13
4214000.000000 4025562.500000 1094.150024 11 13
4214200.000000 4025562.500000 1300.633789 12 13
4214400.000000 4025562.500000 1495.200317 13 13
4214600.000000 4025562.500000 1681.467285 14 13
4214800.000000 4025562.500000 1864.584717 15 13
4215000.000000 4025562.500000 2049.389404 16 13
4215200.000000 4025562.500000 2242.218750 17 13
4215400.000000 4025562.500000 2449.175293 18 13
4215600.000000 4025562.500000 2690.235596 19 13
4215800.000000 4025562.500000 2981.497803 20 13
4216000.000000 4025562.500000 3278.136475 21 13
4216200.000000 4025562.500000 3566.183838 22 13
4216400.000000 4025562.500000 3846.233398 23 13
4216600.000000 4025562.500000 4072.779541 24 13
4216800.000000 4025562.500000 4276.106445 25 13
4217000.000000 4025562.500000 4474.377441 26 13
4217200.000000 4025562.500000 4668.404297 27 13
4217400.000000 4025562.500000 4862.601563 28 13
4217600.000000 4025562.500000 5062.699707 29 13
4217800.000000 4025562.500000 5268.868652 30 13
4218000.000000 4025562.500000 5480.732422 31 13
4218200.000000 4025562.500000 5698.308594 32 13
4218400.000000 4025562.500000 5917.468750 33 13
4218600.000000 4025562.500000 6137.078613 34 13
4218800.000000 4025562.500000 6356.499512 35 13
4219000.000000 4025562.500000 6575.152832 36 13
4219200.000000 4025562.500000 6792.958984 37 13
4219400.000000 4025562.500000 7010.855469 38 13
4219600.000000 4025562.500000 7228.804199 39 13
4219800.000000 4025562.500000 7447.283203 40 13
4220000.000000 4025562.500000 7666.287598 41 13
4220200.000000 4025562.500000 7885.295898 42 13
4212000.000000 4025934.375000 -994.362244 1 14
4212200.000000 4025934.375000 -775.407471 2 14
4212400.000000 4025934.375000 -556.428894 3 14
4212600.000000 4025934.375000 -337.434204 4 14
4212800.000000 4025934.375000 -118.456314 5 14
4213000.000000 4025934.375000 100.435112 6 14
4213200.000000 4025934.375000 320.042572 7 14
4213400.000000 4025934.375000 539.033447 8 14
4213600.000000 4025934.375000 757.908386 9 14
4213800.000000 4025934.375000 975.468872 10 14
4214000.000000 4025934.375000 1188.798828 11 14
4214200.000000 4025934.375000 1394.834595 12 14
4214400.000000 4025934.375000 1587.439941 13 14
4214600.000000 4025934.375000 1770.946899 14 14
4214800.000000 4025934.375000 1949.806152 15 14
4215000.000000 4025934.375000 2127.361816 16 14
4215200.000000 4025934.375000 2304.911133 17 14
4215400.000000 4025934.375000 2484.711914 18 14
4215600.000000 4025934.375000 2697.415283 19 14
4215800.000000 4025934.375000 3005.448730 20 14
4216000.000000 4025934.375000 3349.627197 21 14
4216200.000000 4025934.375000 3652.490967 22 14
4216400.000000 4025934.375000 3929.203857 23 14
4216600.000000 4025934.375000 4163.542480 24 14
4216800.000000 4025934.375000 4373.531250 25 14
4217000.000000 4025934.375000 4572.089355 26 14
4217200.000000 4025934.375000 4764.130371 27 14
4217400.000000 4025934.375000 4955.101074 28 14
4217600.000000 4025934.375000 5151.235840 29 14
4217800.000000 4025934.375000 5355.484375 30 14
4218000.000000 4025934.375000 5568.584961 31 14
4218200.000000 4025934.375000 5789.063965 32 14
4218400.000000 4025934.375000 6010.748535 33 14
4218600.000000 4025934.375000 6232.427246 34 14
4218800.000000 4025934.375000 6452.435547 35 14
4219000.000000 4025934.375000 6670.679688 36 14
4219200.000000 4025934.375000 6888.075684 37 14
4219400.000000 4025934.375000 7105.057129 38 14
4219600.000000 4025934.375000 7322.581055 39 14
4219800.000000 4025934.375000 7540.624023 40 14
4220000.000000 4025934.375000 7759.671875 41 14
4220200.000000 4025934.375000 7978.729980 42 14
4212000.000000 4026306.250000 -899.723877 1 15
4212200.000000 4026306.250000 -680.779236 2 15
4212400.000000 4026306.250000 -461.817688 3 15
4212600.000000 4026306.250000 -242.849655 4 15
4212800.000000 4026306.250000 -23.908581 5 15
4213000.000000 4026306.250000 194.942490 6 15
4213200.000000 4026306.250000 414.531555 7 15
4213400.000000 4026306.250000 633.584595 8 15
4213600.000000 4026306.250000 853.198547 9 15
4213800.000000 4026306.250000 1070.817261 10 15
4214000.000000 4026306.250000 1285.223633 11 15
4214200.000000 4026306.250000 1492.580566 12 15
4214400.000000 4026306.250000 1687.933716 13 15
4214600.000000 4026306.250000 1875.547852 14 15
4214800.000000 4026306.250000 2057.918701 15 15
4215000.000000 4026306.250000 2238.283691 16 15
4215200.000000 4026306.250000 2411.304199 17 15
4215400.000000 4026306.250000 2568.816895 18 15
4215600.000000 4026306.250000 2742.524658 19 15
4215800.000000 4026306.250000 3046.540771 20 15
4216000.000000 4026306.250000 3413.190674 21 15
4216200.000000 4026306.250000 3720.702393 22 15
4216400.000000 4026306.250000 3997.571533 23 15
4216600.000000 4026306.250000 4242.302734 24 15
4216800.000000 4026306.250000 4460.456543 25 15
4217000.000000 4026306.250000 4662.090332 26 15
4217200.000000 4026306.250000 4853.667969 27 15
4217400.000000 4026306.250000 5041.858398 28 15
4217600.000000 4026306.250000 5234.687988 29 15
4217800.000000 4026306.250000 5437.596191 30 15
4218000.000000 4026306.250000 5653.093262 31 15
4218200.000000 4026306.250000 5877.171387 32 15
4218400.000000 4026306.250000 6103.072266 33 15
4218600.000000 4026306.250000 6326.979980 34 15
4218800.000000 4026306.250000 6548.188477 35 15
4219000.000000 4026306.250000 6766.604492 36 15
4219200.000000 4026306.250000 6983.126953 37 15
4219400.000000 4026306.250000 7199.719727 38 15
4219600.000000 4026306.250000 7416.834961 39 15
4219800.000000 4026306.250000 7634.450684 40 15
4220000.000000 4026306.250000 7853.056152 41 15
4220200.000000 4026306.250000 8072.150391 42 15
4212000.000000 4026678.125000 -805.094543 1 16
4212200.000000 4026678.125000 -586.165771 2 16
4212400.000000 4026678.125000 -367.226990 3 16
4212600.000000 4026678.125000 -148.288864 4 16
4212800.000000 4026678.125000 70.619598 5 16
4213000.000000 4026678.125000 289.452209 6 16
4213200.000000 4026678.125000 509.085449 7 16
4213400.000000 4026678.125000 728.348267 8 16
4213600.000000 4026678.125000 948.005676 9 16
4213800.000000 4026678.125000 1166.249512 10 16
4214000.000000 4026678.125000 1382.730103 11 16
4214200.000000 4026678.125000 1594.581543 12 16
4214400.000000 4026678.125000 1796.826294 13 16
4214600.000000 4026678.125000 1994.185791 14 16
4214800.000000 4026678.125000 2190.684814 15 16
4215000.000000 4026678.125000 2391.054199 16 16
4215200.000000 4026678.125000 2592.643799 17 16
4215400.000000 4026678.125000 2791.203613 18 16
4215600.000000 4026678.125000 3005.808350 19 16
4215800.000000 4026678.125000 3290.035400 20 16
4216000.000000 4026678.125000 3571.943115 21 16
4216200.000000 4026678.125000 3809.493164 22 16
4216400.000000 4026678.125000 4067.995605 23 16
4216600.000000 4026678.125000 4318.879883 24 16
4216800.000000 4026678.125000 4544.515625 25 16
4217000.000000 4026678.125000 4748.935547 26 16
4217200.000000 4026678.125000 4939.884277 27 16
4217400.000000 4026678.125000 5125.115234 28 16
4217600.000000 4026678.125000 5314.392578 29 16
4217800.000000 4026678.125000 5516.366699 30 16
4218000.000000 4026678.125000 5734.364746 31 16
4218200.000000 4026678.125000 5963.238281 32 16
4218400.000000 4026678.125000 6194.027344 33 16
4218600.000000 4026678.125000 6421.311035 34 16
4218800.000000 4026678.125000 6643.826172 35 16
4219000.000000 4026678.125000 6861.959473 36 16
4219200.000000 4026678.125000 7078.658691 37 16
4219400.000000 4026678.125000 7294.373535 38 16
4219600.000000 4026678.125000 7511.089844 39 16
4219800.000000 4026678.125000 7728.782227 40 16
4220000.000000 4026678.125000 7946.946289 41 16
4220200.000000 4026678.125000 8165.585449 42 16
4212000.000000 4027050.000000 -709.971313 1 17
4212200.000000 4027050.000000 -491.062714 2 17
4212400.000000 4027050.000000 -272.151459 3 17
4212600.000000 4027050.000000 -53.247505 4 17
4212800.000000 4027050.000000 165.127441 5 17
4213000.000000 4027050.000000 383.947235 6 17
4213200.000000 4027050.000000 603.147888 7 17
4213400.000000 4027050.000000 822.678833 8 17
4213600.000000 4027050.000000 1042.504028 9 17
4213800.000000 4027050.000000 1262.109497 10 17
4214000.000000 4027050.000000 1480.579590 11 17
4214200.000000 4027050.000000 1696.644165 12 17
4214400.000000 4027050.000000 1908.892700 13 17
4214600.000000 4027050.000000 2119.695313 14 17
4214800.000000 4027050.000000 2334.959473 15 17
4215000.000000 4027050.000000 2561.858887 16 17
4215200.000000 4027050.000000 2805.041504 17 17
4215400.000000 4027050.000000 3068.974609 18 17
4215600.000000 4027050.000000 3339.802490 19 17
4215800.000000 4027050.000000 3557.334717 20 17
4216000.000000 4027050.000000 3697.845703 21 17
4216200.000000 4027050.000000 3867.843506 22 17
4216400.000000 4027050.000000 4128.353516 23 17
4216600.000000 4027050.000000 4393.056152 24 17
4216800.000000 4027050.000000 4629.114746 25 17
4217000.000000 4027050.000000 4838.041016 26 17
4217200.000000 4027050.000000 5028.108887 27 17
4217400.000000 4027050.000000 5209.697754 28 17
4217600.000000 4027050.000000 5393.822754 29 17
4217800.000000 4027050.000000 5594.645508 30 17
4218000.000000 4027050.000000 5816.295410 31 17
4218200.000000 4027050.000000 6050.111328 32 17
4218400.000000 4027050.000000 6285.896973 33 17
4218600.000000 4027050.000000 6516.607910 34 17
4218800.000000 4027050.000000 6738.958496 35 17
4219000.000000 4027050.000000 6957.335938 36 17
4219200.000000 4027050.000000 7173.712402 37 17
4219400.000000 4027050.000000 7389.058594 38 17
4219600.000000 4027050.000000 7604.873535 39 17
4219800.000000 4027050.000000 7822.138672 40 17
4220000.000000 4027050.000000 8040.356445 41 17
4220200.000000 4027050.000000 8259.037109 42 17
4212000.000000 4027421.875000 -615.347961 1 18
4212200.000000 4027421.875000 -396.462067 2 18
4212400.000000 4027421.875000 -177.581909 3 18
4212600.000000 4027421.875000 41.282402 4 18
4212800.000000 4027421.875000 259.614288 5 18
4213000.000000 4027421.875000 478.397430 6 18
4213200.000000 4027421.875000 697.643555 7 18
4213400.000000 4027421.875000 916.884460 8 18
4213600.000000 4027421.875000 1136.757202 9 18
4213800.000000 4027421.875000 1357.031128 10 18
4214000.000000 4027421.875000 1577.644043 11 18
4214200.000000 4027421.875000 1798.298462 12 18
4214400.000000 4027421.875000 2018.490112 13 18
4214600.000000 4027421.875000 2241.290039 14 18
4214800.000000 4027421.875000 2470.651123 15 18
4215000.000000 4027421.875000 2712.880615 16 18
4215200.000000 4027421.875000 2971.123291 17 18
4215400.000000 4027421.875000 3240.207520 18 18
4215600.000000 4027421.875000 3495.987061 19 18
4215800.000000 4027421.875000 3672.955566 20 18
4216000.000000 4027421.875000 3781.428711 21 18
4216200.000000 4027421.875000 3947.533203 22 18
4216400.000000 4027421.875000 4208.857422 23 18
4216600.000000 4027421.875000 4476.170898 24 18
4216800.000000 4027421.875000 4718.641113 25 18
4217000.000000 4027421.875000 4931.473145 26 18
4217200.000000 4027421.875000 5120.246094 27 18
4217400.000000 4027421.875000 5298.970215 28 18
4217600.000000 4027421.875000 5478.071777 29 18
4217800.000000 4027421.875000 5678.188965 30 18
4218000.000000 4027421.875000 5903.597656 31 18
4218200.000000 4027421.875000 6140.878906 32 18
4218400.000000 4027421.875000 6379.077637 33 18
4218600.000000 4027421.875000 6610.634277 34 18
4218800.000000 4027421.875000 6833.754395 35 18
4219000.000000 4027421.875000 7051.834473 36 18
4219200.000000 4027421.875000 7267.859863 37 18
4219400.000000 4027421.875000 7483.315918 38 18
4219600.000000 4027421.875000 7699.212402 39 18
4219800.000000 4027421.875000 7916.537598 40 18
4220000.000000 4027421.875000 8134.798828 41 18
4220200.000000 4027421.875000 8353.512695 42 18
4212000.000000 4027793.750000 -520.719971 1 19
4212200.000000 4027793.750000 -301.856934 2 19
4212400.000000 4027793.750000 -83.009254 3 19
4212600.000000 4027793.750000 135.810623 4 19
4212800.000000 4027793.750000 354.087189 5 19
4213000.000000 4027793.750000 572.813416 6 19
4213200.000000 4027793.750000 791.531616 7 19
4213400.000000 4027793.750000 1010.838135 8 19
4213600.000000 4027793.750000 1230.479248 9 19
4213800.000000 4027793.750000 1451.381226 10 19
4214000.000000 4027793.750000 1673.206787 11 19
4214200.000000 4027793.750000 1896.895142 12 19
4214400.000000 4027793.750000 2122.016846 13 19
4214600.000000 4027793.750000 2351.858887 14 19
4214800.000000 4027793.750000 2587.602783 15 19
4215000.000000 4027793.750000 2832.302490 16 19
4215200.000000 4027793.750000 3086.305664 17 19
4215400.000000 4027793.750000 3340.713623 18 19
4215600.000000 4027793.750000 3574.904053 19 19
4215800.000000 4027793.750000 3755.951416 20 19
4216000.000000 4027793.750000 3898.053711 21 19
4216200.000000 4027793.750000 4077.413818 22 19
4216400.000000 4027793.750000 4316.677734 23 19
4216600.000000 4027793.750000 4568.022461 24 19
4216800.000000 4027793.750000 4808.867676 25 19
4217000.000000 4027793.750000 5023.794922 26 19
4217200.000000 4027793.750000 5212.641602 27 19
4217400.000000 4027793.750000 5392.480469 28 19
4217600.000000 4027793.750000 5573.602539 29 19
4217800.000000 4027793.750000 5774.980957 30 19
4218000.000000 4027793.750000 6000.810547 31 19
4218200.000000 4027793.750000 6237.120605 32 19
4218400.000000 4027793.750000 6472.423340 33 19
4218600.000000 4027793.750000 6703.106445 34 19
4218800.000000 4027793.750000 6927.350098 35 19
4219000.000000 4027793.750000 7146.038574 36 19
4219200.000000 4027793.750000 7362.153809 37 19
4219400.000000 4027793.750000 7577.680664 38 19
4219600.000000 4027793.750000 7793.630859 39 19
4219800.000000 4027793.750000 8011.494629 40 19
4220000.000000 4027793.750000 8229.785156 41 19
4220200.000000 4027793.750000 8448.021484 42 19
4212000.000000 4028165.625000 -426.082001 1 20
4212200.000000 4028165.625000 -207.239746 2 20
4212400.000000 4028165.625000 11.577161 3 20
4212600.000000 4028165.625000 230.351669 4 20
4212800.000000 4028165.625000 448.564789 5 20
4213000.000000 4028165.625000 667.208923 6 20
4213200.000000 4028165.625000 885.831909 7 20
4213400.000000 4028165.625000 1105.047363 8 20
4213600.000000 4028165.625000 1324.132568 9 20
4213800.000000 4028165.625000 1544.548462 10 20
4214000.000000 4028165.625000 1766.538696 11 20
4214200.000000 4028165.625000 1990.542969 12 20
4214400.000000 4028165.625000 2217.989990 13 20
4214600.000000 4028165.625000 2449.643311 14 20
4214800.000000 4028165.625000 2686.181396 15 20
4215000.000000 4028165.625000 2927.003662 16 20
4215200.000000 4028165.625000 3170.051270 17 20
4215400.000000 4028165.625000 3409.226318 18 20
4215600.000000 4028165.625000 3632.026367 19 20
4215800.000000 4028165.625000 3824.329590 20 20
4216000.000000 4028165.625000 3998.007568 21 20
4216200.000000 4028165.625000 4189.593750 22 20
4216400.000000 4028165.625000 4412.293945 23 20
4216600.000000 4028165.625000 4647.313477 24 20
4216800.000000 4028165.625000 4879.050293 25 20
4217000.000000 4028165.625000 5094.833496 26 20
4217200.000000 4028165.625000 5292.339355 27 20
4217400.000000 4028165.625000 5483.081055 28 20
4217600.000000 4028165.625000 5675.768555 29 20
4217800.000000 4028165.625000 5881.920410 30 20
4218000.000000 4028165.625000 6104.154785 31 20
4218200.000000 4028165.625000 6336.253906 32 20
4218400.000000 4028165.625000 6568.419922 33 20
4218600.000000 4028165.625000 6797.043457 34 20
4218800.000000 4028165.625000 7020.773438 35 20
4219000.000000 4028165.625000 7239.476563 36 20
4219200.000000 4028165.625000 7456.107422 37 20
4219400.000000 4028165.625000 7671.668457 38 20
4219600.000000 4028165.625000 7888.139648 39 20
4219800.000000 4028165.625000 8106.019531 40 20
4220000.000000 4028165.625000 8324.323242 41 20
4220200.000000 4028165.625000 8542.569336 42 20
4212000.000000 4028537.500000 -331.437927 1 21
4212200.000000 4028537.500000 -112.604080 2 21
4212400.000000 4028537.500000 106.187187 3 21
4212600.000000 4028537.500000 324.921600 4 21
4212800.000000 4028537.500000 543.074158 5 21
4213000.000000 4028537.500000 761.630005 6 21
4213200.000000 4028537.500000 980.124939 7 21
4213400.000000 4028537.500000 1198.652954 8 21
4213600.000000 4028537.500000 1417.959229 9 21
4213800.000000 4028537.500000 1637.463013 10 21
4214000.000000 4028537.500000 1858.331909 11 21
4214200.000000 4028537.500000 2081.924561 12 21
4214400.000000 4028537.500000 2308.441162 13 21
4214600.000000 4028537.500000 2538.712158 14 21
4214800.000000 4028537.500000 2772.162354 15 21
4215000.000000 4028537.500000 3007.441895 16 21
4215200.000000 4028537.500000 3240.900146 17 21
4215400.000000 4028537.500000 3468.185059 18 21
4215600.000000 4028537.500000 3684.159424 19 21
4215800.000000 4028537.500000 3884.456055 20 21
4216000.000000 4028537.500000 4076.854004 21 21
4216200.000000 4028537.500000 4277.409668 22 21
4216400.000000 4028537.500000 4492.241211 23 21
4216600.000000 4028537.500000 4712.899414 24 21
4216800.000000 4028537.500000 4930.042480 25 21
4217000.000000 4028537.500000 5145.472168 26 21
4217200.000000 4028537.500000 5357.497559 27 21
4217400.000000 4028537.500000 5563.324219 28 21
4217600.000000 4028537.500000 5769.723145 29 21
4217800.000000 4028537.500000 5982.586914 30 21
4218000.000000 4028537.500000 6205.436523 31 21
4218200.000000 4028537.500000 6435.161133 32 21
4218400.000000 4028537.500000 6664.761719 33 21
4218600.000000 4028537.500000 6891.291992 34 21
4218800.000000 4028537.500000 7113.940918 35 21
4219000.000000 4028537.500000 7332.600098 36 21
4219200.000000 4028537.500000 7549.717285 37 21
4219400.000000 4028537.500000 7766.266113 38 21
4219600.000000 4028537.500000 7983.230469 39 21
4219800.000000 4028537.500000 8201.107422 40 21
4220000.000000 4028537.500000 8419.408203 41 21
4220200.000000 4028537.500000 8637.653320 42 21
4212000.000000 4028909.375000 -236.766953 1 22
4212200.000000 4028909.375000 -17.944878 2 22
4212400.000000 4028909.375000 200.828369 3 22
4212600.000000 4028909.375000 419.533875 4 22
4212800.000000 4028909.375000 638.139954 5 22
4213000.000000 4028909.375000 856.124512 6 22
4213200.000000 4028909.375000 1074.501831 7 22
4213400.000000 4028909.375000 1292.828125 8 22
4213600.000000 4028909.375000 1511.287842 9 22
4213800.000000 4028909.375000 1730.207764 10 22
4214000.000000 4028909.375000 1950.125122 11 22
4214200.000000 4028909.375000 2172.237305 12 22
4214400.000000 4028909.375000 2397.073486 13 22
4214600.000000 4028909.375000 2623.743652 14 22
4214800.000000 4028909.375000 2852.831787 15 22
4215000.000000 4028909.375000 3082.251709 16 22
4215200.000000 4028909.375000 3308.951904 17 22
4215400.000000 4028909.375000 3530.259766 18 22
4215600.000000 4028909.375000 3743.442139 19 22
4215800.000000 4028909.375000 3948.872559 20 22
4216000.000000 4028909.375000 4151.200195 21 22
4216200.000000 4028909.375000 4357.088867 22 22
4216400.000000 4028909.375000 4569.058594 23 22
4216600.000000 4028909.375000 4783.059570 24 22
4216800.000000 4028909.375000 4993.196777 25 22
4217000.000000 4028909.375000 5208.112793 26 22
4217200.000000 4028909.375000 5427.159180 27 22
4217400.000000 4028909.375000 5643.864258 28 22
4217600.000000 4028909.375000 5860.246094 29 22
4217800.000000 4028909.375000 6079.496582 30 22
4218000.000000 4028909.375000 6303.883301 31 22
4218200.000000 4028909.375000 6532.528809 32 22
4218400.000000 4028909.375000 6759.714844 33 22
4218600.000000 4028909.375000 6984.688477 34 22
4218800.000000 4028909.375000 7206.771484 35 22
4219000.000000 4028909.375000 7425.368652 36 22
4219200.000000 4028909.375000 7642.938965 37 22
4219400.000000 4028909.375000 7860.452637 38 22
4219600.000000 4028909.375000 8077.891602 39 22
4219800.000000 4028909.375000 8296.250000 40 22
4220000.000000 4028909.375000 8514.538086 41 22
4220200.000000 4028909.375000 8733.273438 42 22
4212000.000000 4029281.250000 -142.073883 1 23
4212200.000000 4029281.250000 76.741249 2 23
4212400.000000 4029281.250000 295.504822 3 23
4212600.000000 4029281.250000 514.195618 4 23
4212800.000000 4029281.250000 732.778015 5 23
4213000.000000 4029281.250000 951.221985 6 23
4213200.000000 4029281.250000 1169.024536 7 23
4213400.000000 4029281.250000 1387.199341 8 23
4213600.000000 4029281.250000 1605.364258 9 23
4213800.000000 4029281.250000 1823.744873 10 23
4214000.000000 4029281.250000 2042.729980 11 23
4214200.000000 4029281.250000 2263.342529 12 23
4214400.000000 4029281.250000 2485.482666 13 23
4214600.000000 4029281.250000 2709.210693 14 23
4214800.000000 4029281.250000 2934.099854 15 23
4215000.000000 4029281.250000 3158.712402 16 23
4215200.000000 4029281.250000 3381.563965 17 23
4215400.000000 4029281.250000 3600.370850 18 23
4215600.000000 4029281.250000 3814.181641 19 23
4215800.000000 4029281.250000 4023.647217 20 23
4216000.000000 4029281.250000 4231.772461 21 23
4216200.000000 4029281.250000 4440.942383 22 23
4216400.000000 4029281.250000 4652.494141 23 23
4216600.000000 4029281.250000 4865.105957 24 23
4216800.000000 4029281.250000 5077.572266 25 23
4217000.000000 4029281.250000 5292.665527 26 23
4217200.000000 4029281.250000 5512.912109 27 23
4217400.000000 4029281.250000 5733.758301 28 23
4217600.000000 4029281.250000 5955.276855 29 23
4217800.000000 4029281.250000 6177.984863 30 23
4218000.000000 4029281.250000 6402.805176 31 23
4218200.000000 4029281.250000 6629.889648 32 23
4218400.000000 4029281.250000 6855.208984 33 23
4218600.000000 4029281.250000 7078.668945 34 23
4218800.000000 4029281.250000 7300.192871 35 23
4219000.000000 4029281.250000 7519.225586 36 23
4219200.000000 4029281.250000 7737.239258 37 23
4219400.000000 4029281.250000 7954.707031 38 23
4219600.000000 4029281.250000 8173.109375 39 23
4219800.000000 4029281.250000 8391.440430 40 23
4220000.000000 4029281.250000 8610.208984 41 23
4220200.000000 4029281.250000 8828.928711 42 23
4212000.000000 4029653.125000 -47.356724 1 24
4212200.000000 4029653.125000 171.454453 2 24
4212400.000000 4029653.125000 390.214844 3 24
4212600.000000 4029653.125000 608.903931 4 24
4212800.000000 4029653.125000 827.485596 5 24
4213000.000000 4029653.125000 1045.925781 6 24
4213200.000000 4029653.125000 1264.207031 7 24
4213400.000000 4029653.125000 1481.811401 8 24
4213600.000000 4029653.125000 1699.797974 9 24
4213800.000000 4029653.125000 1917.804077 10 24
4214000.000000 4029653.125000 2136.084229 11 24
4214200.000000 4029653.125000 2355.500977 12 24
4214400.000000 4029653.125000 2575.348633 13 24
4214600.000000 4029653.125000 2796.706787 14 24
4214800.000000 4029653.125000 3018.298828 15 24
4215000.000000 4029653.125000 3239.962158 16 24
4215200.000000 4029653.125000 3460.250244 17 24
4215400.000000 4029653.125000 3678.654785 18 24
4215600.000000 4029653.125000 3894.058350 19 24
4215800.000000 4029653.125000 4106.768066 20 24
4216000.000000 4029653.125000 4318.734863 21 24
4216200.000000 4029653.125000 4530.729004 22 24
4216400.000000 4029653.125000 4743.750000 23 24
4216600.000000 4029653.125000 4957.199707 24 24
4216800.000000 4029653.125000 5171.945313 25 24
4217000.000000 4029653.125000 5389.475098 26 24
4217200.000000 4029653.125000 5610.209473 27 24
4217400.000000 4029653.125000 5832.584961 28 24
4217600.000000 4029653.125000 6055.481934 29 24
4217800.000000 4029653.125000 6278.541504 30 24
4218000.000000 4029653.125000 6502.452148 31 24
4218200.000000 4029653.125000 6727.336914 32 24
4218400.000000 4029653.125000 6950.750977 33 24
4218600.000000 4029653.125000 7172.691895 34 24
4218800.000000 4029653.125000 7393.665039 35 24
4219000.000000 4029653.125000 7613.136719 36 24
4219200.000000 4029653.125000 7831.592285 37 24
4219400.000000 4029653.125000 8049.510254 38 24
4219600.000000 4029653.125000 8267.872070 39 24
4219800.000000 4029653.125000 8486.671875 40 24
4220000.000000 4029653.125000 8705.915039 41 24
4220200.000000 4029653.125000 8924.616211 42 24
4212000.000000 4030025.000000 47.385170 1 25
4212200.000000 4030025.000000 266.192169 2 25
4212400.000000 4030025.000000 484.951782 3 25
4212600.000000 4030025.000000 703.647034 4 25
4212800.000000 4030025.000000 922.244446 5 25
4213000.000000 4030025.000000 1140.710327 6 25
4213200.000000 4030025.000000 1359.010986 7 25
4213400.000000 4030025.000000 1577.130615 8 25
4213600.000000 4030025.000000 1794.563965 9 25
4213800.000000 4030025.000000 2012.388550 10 25
4214000.000000 4030025.000000 2230.254883 11 25
4214200.000000 4030025.000000 2448.386719 12 25
4214400.000000 4030025.000000 2667.511475 13 25
4214600.000000 4030025.000000 2886.708252 14 25
4214800.000000 4030025.000000 3106.366211 15 25
4215000.000000 4030025.000000 3326.110840 16 25
4215200.000000 4030025.000000 3545.387939 17 25
4215400.000000 4030025.000000 3763.677734 18 25
4215600.000000 4030025.000000 3980.700195 19 25
4215800.000000 4030025.000000 4196.217285 20 25
4216000.000000 4030025.000000 4411.042969 21 25
4216200.000000 4030025.000000 4625.615234 22 25
4216400.000000 4030025.000000 4839.971680 23 25
4216600.000000 4030025.000000 5055.088379 24 25
4216800.000000 4030025.000000 5272.128418 25 25
4217000.000000 4030025.000000 5491.701172 26 25
4217200.000000 4030025.000000 5713.438965 27 25
4217400.000000 4030025.000000 5936.515137 28 25
4217600.000000 4030025.000000 6158.756836 29 25
4217800.000000 4030025.000000 6380.681152 30 25
4218000.000000 4030025.000000 6602.846191 31 25
4218200.000000 4030025.000000 6824.865723 32 25
4218400.000000 4030025.000000 7046.812012 33 25
4218600.000000 4030025.000000 7267.729492 34 25
4218800.000000 4030025.000000 7487.647461 35 25
4219000.000000 4030025.000000 7707.072266 36 25
4219200.000000 4030025.000000 7925.973633 37 25
4219400.000000 4030025.000000 8144.342773 38 25
4219600.000000 4030025.000000 8363.165039 39 25
4219800.000000 4030025.000000 8581.934570 40 25
4220000.000000 4030025.000000 8801.153320 41 25
4220200.000000 4030025.000000 9020.333984 42 25
4212000.000000 4030396.875000 142.153168 1 26
4212200.000000 4030396.875000 360.944458 2 26
4212400.000000 4030396.875000 579.709595 3 26
4212600.000000 4030396.875000 798.412048 4 26
4212800.000000 4030396.875000 1017.032288 5 26
4213000.000000 4030396.875000 1235.539917 6 26
4213200.000000 4030396.875000 1453.899902 7 26
4213400.000000 4030396.875000 1672.084839 8 26
4213600.000000 4030396.875000 1889.563721 9 26
4213800.000000 4030396.875000 2107.370361 10 26
4214000.000000 4030396.875000 2325.082764 11 26
4214200.000000 4030396.875000 2542.830078 12 26
4214400.000000 4030396.875000 2760.766846 13 26
4214600.000000 4030396.875000 2978.975342 14 26
4214800.000000 4030396.875000 3197.953857 15 26
4215000.000000 4030396.875000 3416.544434 16 26
4215200.000000 4030396.875000 3635.480957 17 26
4215400.000000 4030396.875000 3853.493652 18 26
4215600.000000 4030396.875000 4071.493164 19 26
4215800.000000 4030396.875000 4288.655273 20 26
4216000.000000 4030396.875000 4505.919922 21 26
4216200.000000 4030396.875000 4722.766113 22 26
4216400.000000 4030396.875000 4938.974121 23 26
4216600.000000 4030396.875000 5155.538086 24 26
4216800.000000 4030396.875000 5374.235840 25 26
4217000.000000 4030396.875000 5594.790039 26 26
4217200.000000 4030396.875000 5817.447754 27 26
4217400.000000 4030396.875000 6039.971191 28 26
4217600.000000 4030396.875000 6260.735840 29 26
4217800.000000 4030396.875000 6481.213379 30 26
4218000.000000 4030396.875000 6701.422852 31 26
4218200.000000 4030396.875000 6921.948242 32 26
4218400.000000 4030396.875000 7142.379883 33 26
4218600.000000 4030396.875000 7362.262695 34 26
4218800.000000 4030396.875000 7581.635742 35 26
4219000.000000 4030396.875000 7801.003906 36 26
4219200.000000 4030396.875000 8020.366211 37 26
4219400.000000 4030396.875000 8239.193359 38 26
4219600.000000 4030396.875000 8457.981445 39 26
4219800.000000 4030396.875000 8677.221680 40 26
4220000.000000 4030396.875000 8896.418945 41 26
4220200.000000 4030396.875000 9116.087891 42 26
4212000.000000 4030768.750000 236.949738 1 27
4212200.000000 4030768.750000 455.728668 2 27
4212400.000000 4030768.750000 674.485840 3 27
4212600.000000 4030768.750000 893.191040 4 27
4212800.000000 4030768.750000 1111.831665 5 27
4213000.000000 4030768.750000 1330.383667 6 27
4213200.000000 4030768.750000 1548.815186 7 27
4213400.000000 4030768.750000 1767.095947 8 27
4213600.000000 4030768.750000 1984.682983 9 27
4213800.000000 4030768.750000 2202.583740 10 27
4214000.000000 4030768.750000 2420.331543 11 27
4214200.000000 4030768.750000 2637.993408 12 27
4214400.000000 4030768.750000 2855.669922 13 27
4214600.000000 4030768.750000 3073.432861 14 27
4214800.000000 4030768.750000 3291.835449 15 27
4215000.000000 4030768.750000 3509.847900 16 27
4215200.000000 4030768.750000 3728.369141 17 27
4215400.000000 4030768.750000 3946.811768 18 27
4215600.000000 4030768.750000 4165.644531 19 27
4215800.000000 4030768.750000 4383.996094 20 27
4216000.000000 4030768.750000 4602.105957 21 27
4216200.000000 4030768.750000 4819.686523 22 27
4216400.000000 4030768.750000 5037.367188 23 27
4216600.000000 4030768.750000 5255.117676 24 27
4216800.000000 4030768.750000 5474.808594 25 27
4217000.000000 4030768.750000 5695.212891 26 27
4217200.000000 4030768.750000 5917.150391 27 27
4217400.000000 4030768.750000 6138.477539 28 27
4217600.000000 4030768.750000 6359.079590 29 27
4217800.000000 4030768.750000 6578.935059 30 27
4218000.000000 4030768.750000 6798.570313 31 27
4218200.000000 4030768.750000 7018.043945 32 27
4218400.000000 4030768.750000 7237.433594 33 27
4218600.000000 4030768.750000 7456.776855 34 27
4218800.000000 4030768.750000 7676.110840 35 27
4219000.000000 4030768.750000 7895.439941 36 27
4219200.000000 4030768.750000 8114.756836 37 27
4219400.000000 4030768.750000 8333.558594 38 27
4219600.000000 4030768.750000 8552.816406 39 27
4219800.000000 4030768.750000 8772.032227 40 27
4220000.000000 4030768.750000 8991.708984 41 27
4220200.000000 4030768.750000 9211.352539 42 27
4212000.000000 4031140.625000 331.776825 1 28
4212200.000000 4031140.625000 550.537781 2 28
4212400.000000 4031140.625000 769.280518 3 28
4212600.000000 4031140.625000 987.980591 4 28
4212800.000000 4031140.625000 1206.632568 5 28
4213000.000000 4031140.625000 1425.219849 6 28
4213200.000000 4031140.625000 1643.717163 7 28
4213400.000000 4031140.625000 1862.098145 8 28
4213600.000000 4031140.625000 2080.315918 9 28
4213800.000000 4031140.625000 2297.866943 10 28
4214000.000000 4031140.625000 2515.757324 11 28
4214200.000000 4031140.625000 2733.517090 12 28
4214400.000000 4031140.625000 2951.202148 13 28
4214600.000000 4031140.625000 3168.891602 14 28
4214800.000000 4031140.625000 3387.131348 15 28
4215000.000000 4031140.625000 3604.960205 16 28
4215200.000000 4031140.625000 3823.368408 17 28
4215400.000000 4031140.625000 4041.851318 18 28
4215600.000000 4031140.625000 4260.417480 19 28
4215800.000000 4031140.625000 4479.659668 20 28
4216000.000000 4031140.625000 4698.209961 21 28
4216200.000000 4031140.625000 4916.647461 22 28
4216400.000000 4031140.625000 5135.015625 23 28
4216600.000000 4031140.625000 5353.772461 24 28
4216800.000000 4031140.625000 5573.302246 25 28
4217000.000000 4031140.625000 5793.458496 26 28
4217200.000000 4031140.625000 6014.607422 27 28
4217400.000000 4031140.625000 6235.154785 28 28
4217600.000000 4031140.625000 6455.521484 29 28
4217800.000000 4031140.625000 6675.201660 30 28
4218000.000000 4031140.625000 6894.218750 31 28
4218200.000000 4031140.625000 7113.118164 32 28
4218400.000000 4031140.625000 7332.458984 33 28
4218600.000000 4031140.625000 7551.767578 34 28
4218800.000000 4031140.625000 7771.071289 35 28
4219000.000000 4031140.625000 7990.371582 36 28
4219200.000000 4031140.625000 8209.161133 37 28
4219400.000000 4031140.625000 8428.436523 38 28
4219600.000000 4031140.625000 8647.670898 39 28
4219800.000000 4031140.625000 8867.365234 40 28
4220000.000000 4031140.625000 9087.023438 41 28
4220200.000000 4031140.625000 9306.660156 42 28
4212000.000000 4031512.500000 426.634918 1 29
4212200.000000 4031512.500000 645.372925 2 29
4212400.000000 4031512.500000 864.095154 3 29
4212600.000000 4031512.500000 1082.781372 4 29
4212800.000000 4031512.500000 1301.432495 5 29
4213000.000000 4031512.500000 1520.039063 6 29
4213200.000000 4031512.500000 1738.584106 7 29
4213400.000000 4031512.500000 1957.048462 8 29
4213600.000000 4031512.500000 2175.388428 9 29
4213800.000000 4031512.500000 2393.594971 10 29
4214000.000000 4031512.500000 2611.662598 11 29
4214200.000000 4031512.500000 2829.599854 12 29
4214400.000000 4031512.500000 3047.446533 13 29
4214600.000000 4031512.500000 3265.239502 14 29
4214800.000000 4031512.500000 3483.046143 15 29
4215000.000000 4031512.500000 3700.916260 16 29
4215200.000000 4031512.500000 3919.378906 17 29
4215400.000000 4031512.500000 4137.467285 18 29
4215600.000000 4031512.500000 4356.202637 19 29
4215800.000000 4031512.500000 4575.157715 20 29
4216000.000000 4031512.500000 4794.397461 21 29
4216200.000000 4031512.500000 5012.965332 22 29
4216400.000000 4031512.500000 5231.835938 23 29
4216600.000000 4031512.500000 5450.470703 24 29
4216800.000000 4031512.500000 5670.277344 25 29
4217000.000000 4031512.500000 5890.150879 26 29
4217200.000000 4031512.500000 6110.500977 27 29
4217400.000000 4031512.500000 6330.770020 28 29
4217600.000000 4031512.500000 6550.406250 29 29
4217800.000000 4031512.500000 6769.416504 30 29
4218000.000000 4031512.500000 6988.820313 31 29
4218200.000000 4031512.500000 7207.652344 32 29
4218400.000000 4031512.500000 7426.954590 33 29
4218600.000000 4031512.500000 7646.239258 34 29
4218800.000000 4031512.500000 7865.523438 35 29
4219000.000000 4031512.500000 8084.804688 36 29
4219200.000000 4031512.500000 8304.074219 37 29
4219400.000000 4031512.500000 8523.329102 38 29
4219600.000000 4031512.500000 8742.542969 39 29
4219800.000000 4031512.500000 8962.219727 40 29
4220000.000000 4031512.500000 9181.863281 41 29
4220200.000000 4031512.500000 9401.478516 42 29
4212000.000000 4031884.375000 521.523499 1 30
4212200.000000 4031884.375000 740.234863 2 30
4212400.000000 4031884.375000 958.932068 3 30
4212600.000000 4031884.375000 1177.596924 4 30
4212800.000000 4031884.375000 1396.235229 5 30
4213000.000000 4031884.375000 1614.843506 6 30
4213200.000000 4031884.375000 1833.412598 7 30
4213400.000000 4031884.375000 2051.932617 8 30
4213600.000000 4031884.375000 2270.365967 9 30
4213800.000000 4031884.375000 2488.704590 10 30
4214000.000000 4031884.375000 2706.937256 11 30
4214200.000000 4031884.375000 2925.062256 12 30
4214400.000000 4031884.375000 3143.095703 13 30
4214600.000000 4031884.375000 3361.082520 14 30
4214800.000000 4031884.375000 3579.053955 15 30
4215000.000000 4031884.375000 3797.066406 16 30
4215200.000000 4031884.375000 4015.159912 17 30
4215400.000000 4031884.375000 4233.368652 18 30
4215600.000000 4031884.375000 4452.239746 19 30
4215800.000000 4031884.375000 4671.306152 20 30
4216000.000000 4031884.375000 4890.112793 21 30
4216200.000000 4031884.375000 5109.165527 22 30
4216400.000000 4031884.375000 5327.952148 23 30
4216600.000000 4031884.375000 5546.910156 24 30
4216800.000000 4031884.375000 5766.479980 25 30
4217000.000000 4031884.375000 5986.088379 26 30
4217200.000000 4031884.375000 6205.675781 27 30
4217400.000000 4031884.375000 6425.710938 28 30
4217600.000000 4031884.375000 6645.161133 29 30
4217800.000000 4031884.375000 6864.038574 30 30
4218000.000000 4031884.375000 7083.358887 31 30
4218200.000000 4031884.375000 7302.644531 32 30
4218400.000000 4031884.375000 7521.916504 33 30
4218600.000000 4031884.375000 7741.197754 34 30
4218800.000000 4031884.375000 7960.472656 35 30
4219000.000000 4031884.375000 8179.742188 36 30
4219200.000000 4031884.375000 8398.997070 37 30
4219400.000000 4031884.375000 8618.227539 38 30
4219600.000000 4031884.375000 8837.434570 39 30
4219800.000000 4031884.375000 9057.095703 40 30
4220000.000000 4031884.375000 9276.725586 41 30
4220200.000000 4031884.375000 9496.836914 42 30
4212000.000000 4032256.250000 616.440247 1 31
4212200.000000 4032256.250000 835.122986 2 31
4212400.000000 4032256.250000 1053.784180 3 31
4212600.000000 4032256.250000 1272.431152 4 31
4212800.000000 4032256.250000 1491.047119 5 31
4213000.000000 4032256.250000 1709.641846 6 31
4213200.000000 4032256.250000 1928.213135 7 31
4213400.000000 4032256.250000 2146.751465 8 31
4213600.000000 4032256.250000 2365.252441 9 31
4213800.000000 4032256.250000 2583.686523 10 31
4214000.000000 4032256.250000 2802.051270 11 31
4214200.000000 4032256.250000 3020.340088 12 31
4214400.000000 4032256.250000 3238.559570 13 31
4214600.000000 4032256.250000 3456.740723 14 31
4214800.000000 4032256.250000 3674.900146 15 31
4215000.000000 4032256.250000 3893.084229 16 31
4215200.000000 4032256.250000 4111.328613 17 31
4215400.000000 4032256.250000 4329.664551 18 31
4215600.000000 4032256.250000 4548.134766 19 31
4215800.000000 4032256.250000 4767.257813 20 31
4216000.000000 4032256.250000 4986.064453 21 31
4216200.000000 4032256.250000 5205.052734 22 31
4216400.000000 4032256.250000 5423.702148 23 31
4216600.000000 4032256.250000 5642.985840 24 31
4216800.000000 4032256.250000 5862.340332 25 31
4217000.000000 4032256.250000 6081.725586 26 31
4217200.000000 4032256.250000 6301.104980 27 31
4217400.000000 4032256.250000 6520.457520 28 31
4217600.000000 4032256.250000 6739.783691 29 31
4217800.000000 4032256.250000 6959.072266 30 31
4218000.000000 4032256.250000 7178.341797 31 31
4218200.000000 4032256.250000 7397.604980 32 31
4218400.000000 4032256.250000 7616.871094 33 31
4218600.000000 4032256.250000 7836.151367 34 31
4218800.000000 4032256.250000 8055.424316 35 31
4219000.000000 4032256.250000 8274.688477 36 31
4219200.000000 4032256.250000 8493.934570 37 31
4219400.000000 4032256.250000 8713.152344 38 31
4219600.000000 4032256.250000 8932.344727 39 31
4219800.000000 4032256.250000 9151.993164 40 31
4220000.000000 4032256.250000 9371.610352 41 31
4220200.000000 4032256.250000 9591.703125 42 31
4212000.000000 4032628.125000 711.380432 1 32
4212200.000000 4032628.125000 930.033936 2 32
4212400.000000 4032628.125000 1148.666504 3 32
4212600.000000 4032628.125000 1367.284546 4 32
4212800.000000 4032628.125000 1585.872803 5 32
4213000.000000 4032628.125000 1804.443848 6 32
4213200.000000 4032628.125000 2023.001709 7 32
4213400.000000 4032628.125000 2241.544922 8 32
4213600.000000 4032628.125000 2460.076904 9 32
4213800.000000 4032628.125000 2678.573730 10 32
4214000.000000 4032628.125000 2897.035645 11 32
4214200.000000 4032628.125000 3115.455322 12 32
4214400.000000 4032628.125000 3333.832764 13 32
4214600.000000 4032628.125000 3552.187744 14 32
4214800.000000 4032628.125000 3770.522949 15 32
4215000.000000 4032628.125000 3988.871826 16 32
4215200.000000 4032628.125000 4207.259277 17 32
4215400.000000 4032628.125000 4425.709473 18 32
4215600.000000 4032628.125000 4644.256348 19 32
4215800.000000 4032628.125000 4862.908691 20 32
4216000.000000 4032628.125000 5082.188965 21 32
4216200.000000 4032628.125000 5300.597168 22 32
4216400.000000 4032628.125000 5519.617676 23 32
4216600.000000 4032628.125000 5738.737793 24 32
4216800.000000 4032628.125000 5957.912109 25 32
4217000.000000 4032628.125000 6177.120117 26 32
4217200.000000 4032628.125000 6396.342773 27 32
4217400.000000 4032628.125000 6615.570801 28 32
4217600.000000 4032628.125000 6834.809082 29 32
4217800.000000 4032628.125000 7054.043945 30 32
4218000.000000 4032628.125000 7273.288574 31 32
4218200.000000 4032628.125000 7492.546387 32 32
4218400.000000 4032628.125000 7711.817871 33 32
4218600.000000 4032628.125000 7931.104980 34 32
4218800.000000 4032628.125000 8150.382324 35 32
4219000.000000 4032628.125000 8369.646484 36 32
4219200.000000 4032628.125000 8588.885742 37 32
4219400.000000 4032628.125000 8808.094727 38 32
4219600.000000 4032628.125000 9027.275391 39 32
4219800.000000 4032628.125000 9246.910156 40 32
4220000.000000 4032628.125000 9466.515625 41 32
4220200.000000 4032628.125000 9686.597656 42 32
4212000.000000 4033000.000000 806.338562 1 33
4212200.000000 4033000.000000 1024.963501 2 33
4212400.000000 4033000.000000 1243.567871 3 33
4212600.000000 4033000.000000 1462.156128 4 33
4212800.000000 4033000.000000 1680.713379 5 33
4213000.000000 4033000.000000 1899.255127 6 33
4213200.000000 4033000.000000 2117.790771 7 33
4213400.000000 4033000.000000 2336.326660 8 33
4213600.000000 4033000.000000 2554.873535 9 33
4213800.000000 4033000.000000 2773.413818 10 33
4214000.000000 4033000.000000 2991.950439 11 33
4214200.000000 4033000.000000 3210.476318 12 33
4214400.000000 4033000.000000 3428.986816 13 33
4214600.000000 4033000.000000 3647.491455 14 33
4214800.000000 4033000.000000 3865.981201 15 33
4215000.000000 4033000.000000 4084.475830 16 33
4215200.000000 4033000.000000 4302.989746 17 33
4215400.000000 4033000.000000 4521.537598 18 33
4215600.000000 4033000.000000 4740.145508 19 33
4215800.000000 4033000.000000 4958.813965 20 33
4216000.000000 4033000.000000 5177.562988 21 33
4216200.000000 4033000.000000 5396.392578 22 33
4216400.000000 4033000.000000 5615.298340 23 33
4216600.000000 4033000.000000 5834.277832 24 33
4216800.000000 4033000.000000 6053.302246 25 33
4217000.000000 4033000.000000 6272.367676 26 33
4217200.000000 4033000.000000 6491.467773 27 33
4217400.000000 4033000.000000 6710.601074 28 33
4217600.000000 4033000.000000 6929.776367 29 33
4217800.000000 4033000.000000 7148.977539 30 33
4218000.000000 4033000.000000 7368.211914 31 33
4218200.000000 4033000.000000 7587.475586 32 33
4218400.000000 4033000.000000 7806.760254 33 33
4218600.000000 4033000.000000 8026.062500 34 33
4218800.000000 4033000.000000 8245.350586 35 33
4219000.000000 4033000.000000 8464.619141 36 33
4219200.000000 4033000.000000 8683.857422 37 33
4219400.000000 4033000.000000 8903.058594 38 33
4219600.000000 4033000.000000 9122.227539 39 33
4219800.000000 4033000.000000 9341.848633 40 33
4220000.000000 4033000.000000 9561.439453 41 33
4220200.000000 4033000.000000 9781.507813 42 33
