# Type: scattered data
# Version: 6
# Description: No description
# Format: free
# Field: 1 x
# Field: 2 y
# Field: 3 z undefined
# Field: 4 column
# Field: 5 row
# Projection: Local Rectangular
# Units: undefined
# End:
# Information from grid:
# Grid_size: 31 x 41
# Grid_space: 4215800.000000,4221400.000000,4019000.000000,4033000.000000
# Scattered data: Not_available
# Z_field: z
# Vertical_faults: Not_available
# History: No history
# Z_units: undefined
4215800.000000 4019000.000000 1701.533569 1 1
4215986.666667 4019000.000000 2016.481445 2 1
4216173.333333 4019000.000000 2326.427734 3 1
4216360.000000 4019000.000000 2631.375977 4 1
4216546.666667 4019000.000000 2928.317871 5 1
4216733.333333 4019000.000000 3216.757568 6 1
4216920.000000 4019000.000000 3495.193848 7 1
4217106.666667 4019000.000000 3763.122803 8 1
4217293.333333 4019000.000000 4019.049561 9 1
4217480.000000 4019000.000000 4263.474121 10 1
4217666.666667 4019000.000000 4495.390137 11 1
4217853.333333 4019000.000000 4715.305176 12 1
4218040.000000 4019000.000000 4922.716309 13 1
4218226.666667 4019000.000000 5119.122559 14 1
4218413.333333 4019000.000000 5304.528320 15 1
4218600.000000 4019000.000000 5480.433105 16 1
4218786.666667 4019000.000000 5647.845703 17 1
4218973.333333 4019000.000000 5809.265137 18 1
4219160.000000 4019000.000000 5965.184570 19 1
4219346.666667 4019000.000000 6118.607422 20 1
4219533.333333 4019000.000000 6268.536621 21 1
4219720.000000 4019000.000000 6416.972168 22 1
4219906.666667 4019000.000000 6563.405273 23 1
4220093.333333 4019000.000000 6708.342773 24 1
4220280.000000 4019000.000000 6852.780273 25 1
4220466.666667 4019000.000000 6996.717285 26 1
4220653.333333 4019000.000000 7140.148438 27 1
4220840.000000 4019000.000000 7283.575684 28 1
4221026.666667 4019000.000000 7426.000000 29 1
4221213.333333 4019000.000000 7568.421387 30 1
4221400.000000 4019000.000000 7708.839355 31 1
4215800.000000 4019350.000000 1746.605469 1 2
4215986.666667 4019350.000000 2055.059814 2 2
4216173.333333 4019350.000000 2359.008301 3 2
4216360.000000 4019350.000000 2656.461670 4 2
4216546.666667 4019350.000000 2946.407715 5 2
4216733.333333 4019350.000000 3227.352051 6 2
4216920.000000 4019350.000000 3498.790771 7 2
4217106.666667 4019350.000000 3759.225586 8 2
4217293.333333 4019350.000000 4008.653809 9 2
4217480.000000 4019350.000000 4246.070801 10 2
4217666.666667 4019350.000000 4471.984375 11 2
4217853.333333 4019350.000000 4686.393066 12 2
4218040.000000 4019350.000000 4889.294922 13 2
4218226.666667 4019350.000000 5081.190918 14 2
4218413.333333 4019350.000000 5263.087891 15 2
4218600.000000 4019350.000000 5434.983887 16 2
4218786.666667 4019350.000000 5599.386230 17 2
4218973.333333 4019350.000000 5756.798340 18 2
4219160.000000 4019350.000000 5910.218262 19 2
4219346.666667 4019350.000000 6060.141113 20 2
4219533.333333 4019350.000000 6207.571289 21 2
4219720.000000 4019350.000000 6352.507813 22 2
4219906.666667 4019350.000000 6495.448730 23 2
4220093.333333 4019350.000000 6635.892578 24 2
4220280.000000 4019350.000000 6775.839355 25 2
4220466.666667 4019350.000000 6915.285645 26 2
4220653.333333 4019350.000000 7054.226074 27 2
4220840.000000 4019350.000000 7192.164551 28 2
4221026.666667 4019350.000000 7330.098145 29 2
4221213.333333 4019350.000000 7467.529297 30 2
4221400.000000 4019350.000000 7603.958984 31 2
4215800.000000 4019700.000000 1795.683350 1 3
4215986.666667 4019700.000000 2099.641602 2 3
4216173.333333 4019700.000000 2397.597168 3 3
4216360.000000 4019700.000000 2689.054199 4 3
4216546.666667 4019700.000000 2972.509033 5 3
4216733.333333 4019700.000000 3247.459961 6 3
4216920.000000 4019700.000000 3512.400635 7 3
4217106.666667 4019700.000000 3766.335449 8 3
4217293.333333 4019700.000000 4009.260986 9 3
4217480.000000 4019700.000000 4240.676758 10 3
4217666.666667 4019700.000000 4460.586426 11 3
4217853.333333 4019700.000000 4669.484863 12 3
4218040.000000 4019700.000000 4867.376953 13 3
4218226.666667 4019700.000000 5054.266602 14 3
4218413.333333 4019700.000000 5230.648438 15 3
4218600.000000 4019700.000000 5398.031250 16 3
4218786.666667 4019700.000000 5557.429199 17 3
4218973.333333 4019700.000000 5710.833008 18 3
4219160.000000 4019700.000000 5859.748047 19 3
4219346.666667 4019700.000000 6006.170410 20 3
4219533.333333 4019700.000000 6149.599609 21 3
4219720.000000 4019700.000000 6291.037598 22 3
4219906.666667 4019700.000000 6429.487305 23 3
4220093.333333 4019700.000000 6565.937988 24 3
4220280.000000 4019700.000000 6701.397461 25 3
4220466.666667 4019700.000000 6836.354004 26 3
4220653.333333 4019700.000000 6969.806152 27 3
4220840.000000 4019700.000000 7102.755859 28 3
4221026.666667 4019700.000000 7235.699707 29 3
4221213.333333 4019700.000000 7368.141113 30 3
4221400.000000 4019700.000000 7499.080566 31 3
4215800.000000 4020050.000000 1850.764282 1 4
4215986.666667 4020050.000000 2150.225586 2 4
4216173.333333 4020050.000000 2444.189941 3 4
4216360.000000 4020050.000000 2730.654541 4 4
4216546.666667 4020050.000000 3008.617920 5 4
4216733.333333 4020050.000000 3277.073975 6 4
4216920.000000 4020050.000000 3536.020752 7 4
4217106.666667 4020050.000000 3783.959229 8 4
4217293.333333 4020050.000000 4020.880859 9 4
4217480.000000 4020050.000000 4246.293945 10 4
4217666.666667 4020050.000000 4460.195313 11 4
4217853.333333 4020050.000000 4663.586426 12 4
4218040.000000 4020050.000000 4855.969238 13 4
4218226.666667 4020050.000000 5037.347656 14 4
4218413.333333 4020050.000000 5208.217285 15 4
4218600.000000 4020050.000000 5369.584473 16 4
4218786.666667 4020050.000000 5523.472656 17 4
4218973.333333 4020050.000000 5671.370117 18 4
4219160.000000 4020050.000000 5815.778809 19 4
4219346.666667 4020050.000000 5957.194336 20 4
4219533.333333 4020050.000000 6096.626465 21 4
4219720.000000 4020050.000000 6233.570801 22 4
4219906.666667 4020050.000000 6368.025391 23 4
4220093.333333 4020050.000000 6499.983398 24 4
4220280.000000 4020050.000000 6630.453613 25 4
4220466.666667 4020050.000000 6760.421387 26 4
4220653.333333 4020050.000000 6888.885254 27 4
4220840.000000 4020050.000000 7016.347168 28 4
4221026.666667 4020050.000000 7143.803223 29 4
4221213.333333 4020050.000000 7270.256348 30 4
4221400.000000 4020050.000000 7395.702637 31 4
4215800.000000 4020400.000000 1913.836548 1 5
4215986.666667 4020400.000000 2208.809570 2 5
4216173.333333 4020400.000000 2498.780029 3 5
4216360.000000 4020400.000000 2781.253418 4 5
4216546.666667 4020400.000000 3054.228271 5 5
4216733.333333 4020400.000000 3316.695557 6 5
4216920.000000 4020400.000000 3569.148193 7 5
4217106.666667 4020400.000000 3811.091553 8 5
4217293.333333 4020400.000000 4041.510254 9 5
4217480.000000 4020400.000000 4260.421875 10 5
4217666.666667 4020400.000000 4468.817383 11 5
4217853.333333 4020400.000000 4666.700195 12 5
4218040.000000 4020400.000000 4854.071289 13 5
4218226.666667 4020400.000000 5029.933105 14 5
4218413.333333 4020400.000000 5194.291504 15 5
4218600.000000 4020400.000000 5350.144043 16 5
4218786.666667 4020400.000000 5497.519043 17 5
4218973.333333 4020400.000000 5639.408691 18 5
4219160.000000 4020400.000000 5777.808594 19 5
4219346.666667 4020400.000000 5914.723145 20 5
4219533.333333 4020400.000000 6049.155273 21 5
4219720.000000 4020400.000000 6181.098633 22 5
4219906.666667 4020400.000000 6310.559082 23 5
4220093.333333 4020400.000000 6438.029297 24 5
4220280.000000 4020400.000000 6564.009766 25 5
4220466.666667 4020400.000000 6688.989746 26 5
4220653.333333 4020400.000000 6811.966797 27 5
4220840.000000 4020400.000000 6933.442871 28 5
4221026.666667 4020400.000000 7054.409180 29 5
4221213.333333 4020400.000000 7175.370117 30 5
4221400.000000 4020400.000000 7293.830078 31 5
4215800.000000 4020750.000000 1986.887695 1 6
4215986.666667 4020750.000000 2276.871094 2 6
4216173.333333 4020750.000000 2562.860107 3 6
4216360.000000 4020750.000000 2840.851563 4 6
4216546.666667 4020750.000000 3108.840820 5 6
4216733.333333 4020750.000000 3365.318115 6 6
4216920.000000 4020750.000000 3611.282471 7 6
4217106.666667 4020750.000000 3846.230957 8 6
4217293.333333 4020750.000000 4070.152832 9 6
4217480.000000 4020750.000000 4282.559570 10 6
4217666.666667 4020750.000000 4485.948730 11 6
4217853.333333 4020750.000000 4678.323242 12 6
4218040.000000 4020750.000000 4860.179199 13 6
4218226.666667 4020750.000000 5030.531738 14 6
4218413.333333 4020750.000000 5188.871582 15 6
4218600.000000 4020750.000000 5338.208984 16 6
4218786.666667 4020750.000000 5479.069336 17 6
4218973.333333 4020750.000000 5613.948730 18 6
4219160.000000 4020750.000000 5746.342285 19 6
4219346.666667 4020750.000000 5878.251465 20 6
4219533.333333 4020750.000000 6007.179199 21 6
4219720.000000 4020750.000000 6134.129395 22 6
4219906.666667 4020750.000000 6258.596191 23 6
4220093.333333 4020750.000000 6381.074707 24 6
4220280.000000 4020750.000000 6501.563965 25 6
4220466.666667 4020750.000000 6620.557617 26 6
4220653.333333 4020750.000000 6738.049316 27 6
4220840.000000 4020750.000000 6853.535645 28 6
4221026.666667 4020750.000000 6968.516113 29 6
4221213.333333 4020750.000000 7082.492188 30 6
4221400.000000 4020750.000000 7194.461914 31 6
4215800.000000 4021100.000000 2072.389160 1 7
4215986.666667 4021100.000000 2356.929199 2 7
4216173.333333 4021100.000000 2636.952393 3 7
4216360.000000 4021100.000000 2909.470459 4 7
4216546.666667 4021100.000000 3171.472900 5 7
4216733.333333 4021100.000000 3421.461426 6 7
4216920.000000 4021100.000000 3660.929932 7 7
4217106.666667 4021100.000000 3889.383301 8 7
4217293.333333 4021100.000000 4106.810547 9 7
4217480.000000 4021100.000000 4313.713379 10 7
4217666.666667 4021100.000000 4510.600098 11 7
4217853.333333 4021100.000000 4696.967773 12 7
4218040.000000 4021100.000000 4872.812988 13 7
4218226.666667 4021100.000000 5037.646973 14 7
4218413.333333 4021100.000000 5190.466797 15 7
4218600.000000 4021100.000000 5333.278809 16 7
4218786.666667 4021100.000000 5467.627930 17 7
4218973.333333 4021100.000000 5595.994141 18 7
4219160.000000 4021100.000000 5721.881348 19 7
4219346.666667 4021100.000000 5847.782227 20 7
4219533.333333 4021100.000000 5970.708984 21 7
4219720.000000 4021100.000000 6092.162109 22 7
4219906.666667 4021100.000000 6211.130859 23 7
4220093.333333 4021100.000000 6328.119629 24 7
4220280.000000 4021100.000000 6443.121094 25 7
4220466.666667 4021100.000000 6556.129883 26 7
4220653.333333 4021100.000000 6667.632324 27 7
4220840.000000 4021100.000000 6777.134277 28 7
4221026.666667 4021100.000000 6885.629883 29 7
4221213.333333 4021100.000000 6992.614258 30 7
4221400.000000 4021100.000000 7097.096191 31 7
4215800.000000 4021450.000000 2165.842285 1 8
4215986.666667 4021450.000000 2445.004395 2 8
4216173.333333 4021450.000000 2719.115479 3 8
4216360.000000 4021450.000000 2985.183105 4 8
4216546.666667 4021450.000000 3241.197021 5 8
4216733.333333 4021450.000000 3484.175537 6 8
4216920.000000 4021450.000000 3716.630127 7 8
4217106.666667 4021450.000000 3939.080811 8 8
4217293.333333 4021450.000000 4151.511230 9 8
4217480.000000 4021450.000000 4351.917480 10 8
4217666.666667 4021450.000000 4542.300781 11 8
4217853.333333 4021450.000000 4722.660156 12 8
4218040.000000 4021450.000000 4892.492676 13 8
4218226.666667 4021450.000000 5051.301270 14 8
4218413.333333 4021450.000000 5197.592773 15 8
4218600.000000 4021450.000000 5333.865234 16 8
4218786.666667 4021450.000000 5462.197754 17 8
4218973.333333 4021450.000000 5584.552246 18 8
4219160.000000 4021450.000000 5704.427246 19 8
4219346.666667 4021450.000000 5823.323242 20 8
4219533.333333 4021450.000000 5940.244141 21 8
4219720.000000 4021450.000000 6055.699707 22 8
4219906.666667 4021450.000000 6168.674805 23 8
4220093.333333 4021450.000000 6279.669434 24 8
4220280.000000 4021450.000000 6389.184082 25 8
4220466.666667 4021450.000000 6496.203613 26 8
4220653.333333 4021450.000000 6601.223145 27 8
4220840.000000 4021450.000000 6704.740723 28 8
4221026.666667 4021450.000000 6806.246094 29 8
4221213.333333 4021450.000000 6905.747559 30 8
4221400.000000 4021450.000000 7003.241211 31 8
4215800.000000 4021800.000000 2263.894531 1 9
4215986.666667 4021800.000000 2538.325928 2 9
4216173.333333 4021800.000000 2806.115967 3 9
4216360.000000 4021800.000000 3065.772461 4 9
4216546.666667 4021800.000000 3315.272217 5 9
4216733.333333 4021800.000000 3551.190674 6 9
4216920.000000 4021800.000000 3776.568115 7 9
4217106.666667 4021800.000000 3992.464355 8 9
4217293.333333 4021800.000000 4199.365723 9 9
4217480.000000 4021800.000000 4394.762695 10 9
4217666.666667 4021800.000000 4579.142578 11 9
4217853.333333 4021800.000000 4753.486328 12 9
4218040.000000 4021800.000000 4917.289551 13 9
4218226.666667 4021800.000000 5069.554688 14 9
4218413.333333 4021800.000000 5208.785156 15 9
4218600.000000 4021800.000000 5337.985840 16 9
4218786.666667 4021800.000000 5459.788086 17 9
4218973.333333 4021800.000000 5576.625000 18 9
4219160.000000 4021800.000000 5690.987305 19 9
4219346.666667 4021800.000000 5803.871582 20 9
4219533.333333 4021800.000000 5915.292969 21 9
4219720.000000 4021800.000000 6024.745605 22 9
4219906.666667 4021800.000000 6132.225586 23 9
4220093.333333 4021800.000000 6237.229492 24 9
4220280.000000 4021800.000000 6340.753418 25 9
4220466.666667 4021800.000000 6441.289063 26 9
4220653.333333 4021800.000000 6539.821289 27 9
4220840.000000 4021800.000000 6636.353516 28 9
4221026.666667 4021800.000000 6730.875977 29 9
4221213.333333 4021800.000000 6823.390625 30 9
4221400.000000 4021800.000000 6912.898438 31 9
4215800.000000 4022150.000000 2364.145752 1 10
4215986.666667 4022150.000000 2633.961426 2 10
4216173.333333 4022150.000000 2896.507324 3 10
4216360.000000 4022150.000000 3149.787109 4 10
4216546.666667 4022150.000000 3391.755859 5 10
4216733.333333 4022150.000000 3620.555420 6 10
4216920.000000 4022150.000000 3838.796631 7 10
4217106.666667 4022150.000000 4048.573730 8 10
4217293.333333 4022150.000000 4249.416016 9 10
4217480.000000 4022150.000000 4439.794434 10 10
4217666.666667 4022150.000000 4619.171387 11 10
4217853.333333 4022150.000000 4787.502930 12 10
4218040.000000 4022150.000000 4944.756348 13 10
4218226.666667 4022150.000000 5089.444336 14 10
4218413.333333 4022150.000000 5221.066895 15 10
4218600.000000 4022150.000000 5343.645020 16 10
4218786.666667 4022150.000000 5459.400879 17 10
4218973.333333 4022150.000000 5570.714355 18 10
4219160.000000 4022150.000000 5680.059082 19 10
4219346.666667 4022150.000000 5787.932129 20 10
4219533.333333 4022150.000000 5894.347656 21 10
4219720.000000 4022150.000000 5998.799316 22 10
4219906.666667 4022150.000000 6100.783203 23 10
4220093.333333 4022150.000000 6199.792480 24 10
4220280.000000 4022150.000000 6296.830078 25 10
4220466.666667 4022150.000000 6390.877930 26 10
4220653.333333 4022150.000000 6482.927246 27 10
4220840.000000 4022150.000000 6572.473633 28 10
4221026.666667 4022150.000000 6660.009766 29 10
4221213.333333 4022150.000000 6745.038086 30 10
4221400.000000 4022150.000000 6827.059570 31 10
4215800.000000 4022500.000000 2466.183105 1 11
4215986.666667 4022500.000000 2733.000488 2 11
4216173.333333 4022500.000000 2991.374756 3 11
4216360.000000 4022500.000000 3238.311035 4 11
4216546.666667 4022500.000000 3472.219727 5 11
4216733.333333 4022500.000000 3693.362549 6 11
4216920.000000 4022500.000000 3904.399658 7 11
4217106.666667 4022500.000000 4107.484375 8 11
4217293.333333 4022500.000000 4301.723633 9 11
4217480.000000 4022500.000000 4487.094727 10 11
4217666.666667 4022500.000000 4661.489258 11 11
4217853.333333 4022500.000000 4824.289551 12 11
4218040.000000 4022500.000000 4974.458984 13 11
4218226.666667 4022500.000000 5111.014160 14 11
4218413.333333 4022500.000000 5235.967285 15 11
4218600.000000 4022500.000000 5351.879395 16 11
4218786.666667 4022500.000000 5461.051270 17 11
4218973.333333 4022500.000000 5565.821777 18 11
4219160.000000 4022500.000000 5670.642578 19 11
4219346.666667 4022500.000000 5775.505371 20 11
4219533.333333 4022500.000000 5878.411621 21 11
4219720.000000 4022500.000000 5978.360840 22 11
4219906.666667 4022500.000000 6074.848633 23 11
4220093.333333 4022500.000000 6167.865723 24 11
4220280.000000 4022500.000000 6258.413574 25 11
4220466.666667 4022500.000000 6345.473633 26 11
4220653.333333 4022500.000000 6430.536621 27 11
4220840.000000 4022500.000000 6512.598145 28 11
4221026.666667 4022500.000000 6593.151855 29 11
4221213.333333 4022500.000000 6671.193848 30 11
4221400.000000 4022500.000000 6745.728516 31 11
4215800.000000 4022850.000000 2572.298828 1 12
4215986.666667 4022850.000000 2836.751709 2 12
4216173.333333 4022850.000000 3093.038574 3 12
4216360.000000 4022850.000000 3333.657471 4 12
4216546.666667 4022850.000000 3556.500488 5 12
4216733.333333 4022850.000000 3769.429443 6 12
4216920.000000 4022850.000000 3975.687988 7 12
4217106.666667 4022850.000000 4171.994629 8 12
4217293.333333 4022850.000000 4358.599609 9 12
4217480.000000 4022850.000000 4538.020508 10 12
4217666.666667 4022850.000000 4708.446289 11 12
4217853.333333 4022850.000000 4865.058594 12 12
4218040.000000 4022850.000000 5006.943848 13 12
4218226.666667 4022850.000000 5136.729980 14 12
4218413.333333 4022850.000000 5256.969727 15 12
4218600.000000 4022850.000000 5367.302246 16 12
4218786.666667 4022850.000000 5468.808105 17 12
4218973.333333 4022850.000000 5564.981445 18 12
4219160.000000 4022850.000000 5665.259766 19 12
4219346.666667 4022850.000000 5769.592285 20 12
4219533.333333 4022850.000000 5869.990723 21 12
4219720.000000 4022850.000000 5965.435059 22 12
4219906.666667 4022850.000000 6056.424805 23 12
4220093.333333 4022850.000000 6142.946777 24 12
4220280.000000 4022850.000000 6226.009277 25 12
4220466.666667 4022850.000000 6305.582520 26 12
4220653.333333 4022850.000000 6382.661133 27 12
4220840.000000 4022850.000000 6457.237305 28 12
4221026.666667 4022850.000000 6530.302246 29 12
4221213.333333 4022850.000000 6601.361328 30 12
4221400.000000 4022850.000000 6668.908691 31 12
4215800.000000 4023200.000000 2686.102051 1 13
4215986.666667 4023200.000000 2949.355469 2 13
4216173.333333 4023200.000000 3206.236816 3 13
4216360.000000 4023200.000000 3441.218506 4 13
4216546.666667 4023200.000000 3651.551025 5 13
4216733.333333 4023200.000000 3856.679688 6 13
4216920.000000 4023200.000000 4060.556885 7 13
4217106.666667 4023200.000000 4249.634766 8 13
4217293.333333 4023200.000000 4426.238770 9 13
4217480.000000 4023200.000000 4598.194824 10 13
4217666.666667 4023200.000000 4764.324707 11 13
4217853.333333 4023200.000000 4913.044434 12 13
4218040.000000 4023200.000000 5043.704590 13 13
4218226.666667 4023200.000000 5167.772949 14 13
4218413.333333 4023200.000000 5287.503906 15 13
4218600.000000 4023200.000000 5396.218262 16 13
4218786.666667 4023200.000000 5490.125000 17 13
4218973.333333 4023200.000000 5574.706055 18 13
4219160.000000 4023200.000000 5669.416992 19 13
4219346.666667 4023200.000000 5774.717285 20 13
4219533.333333 4023200.000000 5872.591309 21 13
4219720.000000 4023200.000000 5962.526855 22 13
4219906.666667 4023200.000000 6046.016113 23 13
4220093.333333 4023200.000000 6124.543945 24 13
4220280.000000 4023200.000000 6199.114746 25 13
4220466.666667 4023200.000000 6270.701660 26 13
4220653.333333 4023200.000000 6339.794922 27 13
4220840.000000 4023200.000000 6406.886230 28 13
4221026.666667 4023200.000000 6472.465820 29 13
4221213.333333 4023200.000000 6536.039063 30 13
4221400.000000 4023200.000000 6596.599121 31 13
4215800.000000 4023550.000000 2816.397705 1 14
4215986.666667 4023550.000000 3080.275635 2 14
4216173.333333 4023550.000000 3338.315918 3 14
4216360.000000 4023550.000000 3572.744873 4 14
4216546.666667 4023550.000000 3778.179443 5 14
4216733.333333 4023550.000000 3975.188232 6 14
4216920.000000 4023550.000000 4169.344238 7 14
4217106.666667 4023550.000000 4346.689941 8 14
4217293.333333 4023550.000000 4512.338867 9 14
4217480.000000 4023550.000000 4675.580078 10 14
4217666.666667 4023550.000000 4831.474121 11 14
4217853.333333 4023550.000000 4966.658691 12 14
4218040.000000 4023550.000000 5083.254395 13 14
4218226.666667 4023550.000000 5202.314941 14 14
4218413.333333 4023550.000000 5328.097168 15 14
4218600.000000 4023550.000000 5444.252441 16 14
4218786.666667 4023550.000000 5536.302734 17 14
4218973.333333 4023550.000000 5615.785645 18 14
4219160.000000 4023550.000000 5703.500000 19 14
4219346.666667 4023550.000000 5800.826172 20 14
4219533.333333 4023550.000000 5889.700684 21 14
4219720.000000 4023550.000000 5969.631348 22 14
4219906.666667 4023550.000000 6043.119629 23 14
4220093.333333 4023550.000000 6112.156250 24 14
4220280.000000 4023550.000000 6177.736328 25 14
4220466.666667 4023550.000000 6240.833984 26 14
4220653.333333 4023550.000000 6301.942383 27 14
4220840.000000 4023550.000000 6361.048828 28 14
4221026.666667 4023550.000000 6419.142578 29 14
4221213.333333 4023550.000000 6475.229980 30 14
4221400.000000 4023550.000000 6528.806641 31 14
4215800.000000 4023900.000000 2959.181641 1 15
4215986.666667 4023900.000000 3224.909424 2 15
4216173.333333 4023900.000000 3484.050293 3 15
4216360.000000 4023900.000000 3723.281006 4 15
4216546.666667 4023900.000000 3931.517334 5 15
4216733.333333 4023900.000000 4119.308105 6 15
4216920.000000 4023900.000000 4294.523438 7 15
4217106.666667 4023900.000000 4456.379883 8 15
4217293.333333 4023900.000000 4611.126465 9 15
4217480.000000 4023900.000000 4763.158691 10 15
4217666.666667 4023900.000000 4905.705078 11 15
4217853.333333 4023900.000000 5026.545898 12 15
4218040.000000 4023900.000000 5115.758301 13 15
4218226.666667 4023900.000000 5228.910645 14 15
4218413.333333 4023900.000000 5376.613770 15 15
4218600.000000 4023900.000000 5511.288574 16 15
4218786.666667 4023900.000000 5608.912598 17 15
4218973.333333 4023900.000000 5687.781250 18 15
4219160.000000 4023900.000000 5765.971680 19 15
4219346.666667 4023900.000000 5845.377930 20 15
4219533.333333 4023900.000000 5918.800293 21 15
4219720.000000 4023900.000000 5985.744629 22 15
4219906.666667 4023900.000000 6047.235840 23 15
4220093.333333 4023900.000000 6105.277344 24 15
4220280.000000 4023900.000000 6160.872070 25 15
4220466.666667 4023900.000000 6214.985352 26 15
4220653.333333 4023900.000000 6267.605957 27 15
4220840.000000 4023900.000000 6318.724121 28 15
4221026.666667 4023900.000000 6368.836914 29 15
4221213.333333 4023900.000000 6417.937012 30 15
4221400.000000 4023900.000000 6464.525879 31 15
4215800.000000 4024250.000000 3097.141602 1 16
4215986.666667 4024250.000000 3363.181396 2 16
4216173.333333 4024250.000000 3626.791992 3 16
4216360.000000 4024250.000000 3873.427490 4 16
4216546.666667 4024250.000000 4082.261963 5 16
4216733.333333 4024250.000000 4257.449219 6 16
4216920.000000 4024250.000000 4412.915039 7 16
4217106.666667 4024250.000000 4558.188477 8 16
4217293.333333 4024250.000000 4701.680664 9 16
4217480.000000 4024250.000000 4843.743652 10 16
4217666.666667 4024250.000000 4975.970703 11 16
4217853.333333 4024250.000000 5082.501465 12 16
4218040.000000 4024250.000000 5135.174805 13 16
4218226.666667 4024250.000000 5231.876953 14 16
4218413.333333 4024250.000000 5429.412598 15 16
4218600.000000 4024250.000000 5596.591309 16 16
4218786.666667 4024250.000000 5692.954590 17 16
4218973.333333 4024250.000000 5767.348633 18 16
4219160.000000 4024250.000000 5832.939453 19 16
4219346.666667 4024250.000000 5895.265137 20 16
4219533.333333 4024250.000000 5952.818848 21 16
4219720.000000 4024250.000000 6005.836426 22 16
4219906.666667 4024250.000000 6055.355957 23 16
4220093.333333 4024250.000000 6101.916504 24 16
4220280.000000 4024250.000000 6147.525879 25 16
4220466.666667 4024250.000000 6192.152832 26 16
4220653.333333 4024250.000000 6236.788574 27 16
4220840.000000 4024250.000000 6279.922852 28 16
4221026.666667 4024250.000000 6322.548828 29 16
4221213.333333 4024250.000000 6364.661133 30 16
4221400.000000 4024250.000000 6404.261230 31 16
4215800.000000 4024600.000000 3220.016602 1 17
4215986.666667 4024600.000000 3481.968994 2 17
4216173.333333 4024600.000000 3751.415771 3 17
4216360.000000 4024600.000000 4009.092041 4 17
4216546.666667 4024600.000000 4213.315430 5 17
4216733.333333 4024600.000000 4370.508301 6 17
4216920.000000 4024600.000000 4505.584961 7 17
4217106.666667 4024600.000000 4634.774902 8 17
4217293.333333 4024600.000000 4766.368164 9 17
4217480.000000 4024600.000000 4897.043457 10 17
4217666.666667 4024600.000000 5020.629395 11 17
4217853.333333 4024600.000000 5167.683594 12 17
4218040.000000 4024600.000000 5295.558105 13 17
4218226.666667 4024600.000000 5366.755371 14 17
4218413.333333 4024600.000000 5539.922852 15 17
4218600.000000 4024600.000000 5704.407227 16 17
4218786.666667 4024600.000000 5774.251465 17 17
4218973.333333 4024600.000000 5835.178223 18 17
4219160.000000 4024600.000000 5890.348145 19 17
4219346.666667 4024600.000000 5939.465820 20 17
4219533.333333 4024600.000000 5984.239746 21 17
4219720.000000 4024600.000000 6024.897949 22 17
4219906.666667 4024600.000000 6062.484375 23 17
4220093.333333 4024600.000000 6099.070313 24 17
4220280.000000 4024600.000000 6135.196289 25 17
4220466.666667 4024600.000000 6171.340820 26 17
4220653.333333 4024600.000000 6207.992188 27 17
4220840.000000 4024600.000000 6243.640137 28 17
4221026.666667 4024600.000000 6279.278809 29 17
4221213.333333 4024600.000000 6314.402344 30 17
4221400.000000 4024600.000000 6347.511719 31 17
4215800.000000 4024950.000000 3320.978760 1 18
4215986.666667 4024950.000000 3564.035156 2 18
4216173.333333 4024950.000000 3838.705078 3 18
4216360.000000 4024950.000000 4121.590820 4 18
4216546.666667 4024950.000000 4317.905273 5 18
4216733.333333 4024950.000000 4445.290039 6 18
4216920.000000 4024950.000000 4560.736816 7 18
4217106.666667 4024950.000000 4672.632813 8 18
4217293.333333 4024950.000000 4797.971191 9 18
4217480.000000 4024950.000000 4921.355957 10 18
4217666.666667 4024950.000000 5040.263672 11 18
4217853.333333 4024950.000000 5237.625000 12 18
4218040.000000 4024950.000000 5420.591309 13 18
4218226.666667 4024950.000000 5455.708984 14 18
4218413.333333 4024950.000000 5554.228516 15 18
4218600.000000 4024950.000000 5729.343262 16 18
4218786.666667 4024950.000000 5807.777344 17 18
4218973.333333 4024950.000000 5872.961914 18 18
4219160.000000 4024950.000000 5927.253418 19 18
4219346.666667 4024950.000000 5970.020020 20 18
4219533.333333 4024950.000000 6006.112793 21 18
4219720.000000 4024950.000000 6037.453613 22 18
4219906.666667 4024950.000000 6066.122070 23 18
4220093.333333 4024950.000000 6094.251465 24 18
4220280.000000 4024950.000000 6122.392578 25 18
4220466.666667 4024950.000000 6151.051758 26 18
4220653.333333 4024950.000000 6180.216797 27 18
4220840.000000 4024950.000000 6209.379395 28 18
4221026.666667 4024950.000000 6238.527832 29 18
4221213.333333 4024950.000000 6267.159668 30 18
4221400.000000 4024950.000000 6294.284180 31 18
4215800.000000 4025300.000000 3413.377441 1 19
4215986.666667 4025300.000000 3615.706787 2 19
4216173.333333 4025300.000000 3888.437988 3 19
4216360.000000 4025300.000000 4204.290039 4 19
4216546.666667 4025300.000000 4382.535156 5 19
4216733.333333 4025300.000000 4474.974609 6 19
4216920.000000 4025300.000000 4571.641602 7 19
4217106.666667 4025300.000000 4668.047363 8 19
4217293.333333 4025300.000000 4795.888184 9 19
4217480.000000 4025300.000000 4918.535645 10 19
4217666.666667 4025300.000000 5017.260742 11 19
4217853.333333 4025300.000000 5182.358887 12 19
4218040.000000 4025300.000000 5301.985840 13 19
4218226.666667 4025300.000000 5353.967285 14 19
4218413.333333 4025300.000000 5453.550293 15 19
4218600.000000 4025300.000000 5661.256836 16 19
4218786.666667 4025300.000000 5787.668457 17 19
4218973.333333 4025300.000000 5874.582520 18 19
4219160.000000 4025300.000000 5937.386719 19 19
4219346.666667 4025300.000000 5981.456543 20 19
4219533.333333 4025300.000000 6014.465820 21 19
4219720.000000 4025300.000000 6040.527832 22 19
4219906.666667 4025300.000000 6063.290039 23 19
4220093.333333 4025300.000000 6085.461914 24 19
4220280.000000 4025300.000000 6107.625488 25 19
4220466.666667 4025300.000000 6130.294434 26 19
4220653.333333 4025300.000000 6153.467285 27 19
4220840.000000 4025300.000000 6176.640625 28 19
4221026.666667 4025300.000000 6199.799316 29 19
4221213.333333 4025300.000000 6222.939941 30 19
4221400.000000 4025300.000000 6244.568848 31 19
4215800.000000 4025650.000000 3547.671143 1 20
4215986.666667 4025650.000000 3716.767578 2 20
4216173.333333 4025650.000000 3953.580566 3 20
4216360.000000 4025650.000000 4210.948730 4 20
4216546.666667 4025650.000000 4350.626953 5 20
4216733.333333 4025650.000000 4450.023438 6 20
4216920.000000 4025650.000000 4547.913574 7 20
4217106.666667 4025650.000000 4621.276855 8 20
4217293.333333 4025650.000000 4747.588379 9 20
4217480.000000 4025650.000000 4908.932129 10 20
4217666.666667 4025650.000000 5041.693359 11 20
4217853.333333 4025650.000000 5168.809082 12 20
4218040.000000 4025650.000000 5235.455566 13 20
4218226.666667 4025650.000000 5318.322266 14 20
4218413.333333 4025650.000000 5440.695801 15 20
4218600.000000 4025650.000000 5620.272949 16 20
4218786.666667 4025650.000000 5753.257813 17 20
4218973.333333 4025650.000000 5854.100098 18 20
4219160.000000 4025650.000000 5925.263672 19 20
4219346.666667 4025650.000000 5973.843262 20 20
4219533.333333 4025650.000000 6007.853516 21 20
4219720.000000 4025650.000000 6033.646973 22 20
4219906.666667 4025650.000000 6054.020508 23 20
4220093.333333 4025650.000000 6072.742188 24 20
4220280.000000 4025650.000000 6090.912109 25 20
4220466.666667 4025650.000000 6108.589355 26 20
4220653.333333 4025650.000000 6126.764160 27 20
4220840.000000 4025650.000000 6144.940918 28 20
4221026.666667 4025650.000000 6163.098633 29 20
4221213.333333 4025650.000000 6181.246582 30 20
4221400.000000 4025650.000000 6197.379395 31 20
4215800.000000 4026000.000000 3735.762207 1 21
4215986.666667 4026000.000000 3879.954102 2 21
4216173.333333 4026000.000000 4093.770752 3 21
4216360.000000 4026000.000000 4263.171875 4 21
4216546.666667 4026000.000000 4374.088867 5 21
4216733.333333 4026000.000000 4498.695313 6 21
4216920.000000 4026000.000000 4616.074219 7 21
4217106.666667 4026000.000000 4710.647461 8 21
4217293.333333 4026000.000000 4846.414551 9 21
4217480.000000 4026000.000000 5001.660156 10 21
4217666.666667 4026000.000000 5140.359375 11 21
4217853.333333 4026000.000000 5273.466309 12 21
4218040.000000 4026000.000000 5350.863770 13 21
4218226.666667 4026000.000000 5395.579590 14 21
4218413.333333 4026000.000000 5482.121094 15 21
4218600.000000 4026000.000000 5612.291016 16 21
4218786.666667 4026000.000000 5733.587402 17 21
4218973.333333 4026000.000000 5831.990723 18 21
4219160.000000 4026000.000000 5905.221680 19 21
4219346.666667 4026000.000000 5957.187012 20 21
4219533.333333 4026000.000000 5993.447754 21 21
4219720.000000 4026000.000000 6020.372070 22 21
4219906.666667 4026000.000000 6040.813477 23 21
4220093.333333 4026000.000000 6057.570801 24 21
4220280.000000 4026000.000000 6072.247070 25 21
4220466.666667 4026000.000000 6086.420410 26 21
4220653.333333 4026000.000000 6100.594238 27 21
4220840.000000 4026000.000000 6114.267578 28 21
4221026.666667 4026000.000000 6127.927246 29 21
4221213.333333 4026000.000000 6141.070801 30 21
4221400.000000 4026000.000000 6152.702148 31 21
4215800.000000 4026350.000000 4022.004639 1 22
4215986.666667 4026350.000000 4129.046875 2 22
4216173.333333 4026350.000000 4294.353027 3 22
4216360.000000 4026350.000000 4405.614258 4 22
4216546.666667 4026350.000000 4527.246582 5 22
4216733.333333 4026350.000000 4668.714844 6 22
4216920.000000 4026350.000000 4794.901855 7 22
4217106.666667 4026350.000000 4906.664551 8 22
4217293.333333 4026350.000000 5017.173340 9 22
4217480.000000 4026350.000000 5143.307129 10 22
4217666.666667 4026350.000000 5265.075195 11 22
4217853.333333 4026350.000000 5388.270508 12 22
4218040.000000 4026350.000000 5456.022949 13 22
4218226.666667 4026350.000000 5478.493652 14 22
4218413.333333 4026350.000000 5538.354980 15 22
4218600.000000 4026350.000000 5631.529785 16 22
4218786.666667 4026350.000000 5731.314941 17 22
4218973.333333 4026350.000000 5819.528809 18 22
4219160.000000 4026350.000000 5889.385254 19 22
4219346.666667 4026350.000000 5941.012695 20 22
4219533.333333 4026350.000000 5978.264648 21 22
4219720.000000 4026350.000000 6005.700195 22 22
4219906.666667 4026350.000000 6026.171387 23 22
4220093.333333 4026350.000000 6041.448730 24 22
4220280.000000 4026350.000000 6053.623047 25 22
4220466.666667 4026350.000000 6064.789551 26 22
4220653.333333 4026350.000000 6075.453125 27 22
4220840.000000 4026350.000000 6085.620605 28 22
4221026.666667 4026350.000000 6094.774414 29 22
4221213.333333 4026350.000000 6103.412598 30 22
4221400.000000 4026350.000000 6110.542969 31 22
4215800.000000 4026700.000000 4206.338867 1 23
4215986.666667 4026700.000000 4343.784180 2 23
4216173.333333 4026700.000000 4507.828125 3 23
4216360.000000 4026700.000000 4574.343262 4 23
4216546.666667 4026700.000000 4682.703125 5 23
4216733.333333 4026700.000000 4839.557129 6 23
4216920.000000 4026700.000000 5003.668457 7 23
4217106.666667 4026700.000000 5127.952148 8 23
4217293.333333 4026700.000000 5183.622559 9 23
4217480.000000 4026700.000000 5285.013672 10 23
4217666.666667 4026700.000000 5375.536621 11 23
4217853.333333 4026700.000000 5450.525391 12 23
4218040.000000 4026700.000000 5494.833984 13 23
4218226.666667 4026700.000000 5532.134766 14 23
4218413.333333 4026700.000000 5593.715820 15 23
4218600.000000 4026700.000000 5667.898926 16 23
4218786.666667 4026700.000000 5748.000488 17 23
4218973.333333 4026700.000000 5821.607910 18 23
4219160.000000 4026700.000000 5882.843262 19 23
4219346.666667 4026700.000000 5930.888672 20 23
4219533.333333 4026700.000000 5966.844727 21 23
4219720.000000 4026700.000000 5993.167969 22 23
4219906.666667 4026700.000000 6012.614258 23 23
4220093.333333 4026700.000000 6025.881348 24 23
4220280.000000 4026700.000000 6036.041992 25 23
4220466.666667 4026700.000000 6044.694336 26 23
4220653.333333 4026700.000000 6051.845215 27 23
4220840.000000 4026700.000000 6057.999512 28 23
4221026.666667 4026700.000000 6063.142090 29 23
4221213.333333 4026700.000000 6067.773926 30 23
4221400.000000 4026700.000000 6070.895996 31 23
4215800.000000 4027050.000000 4201.738770 1 24
4215986.666667 4027050.000000 4337.643555 2 24
4216173.333333 4027050.000000 4519.253418 3 24
4216360.000000 4027050.000000 4645.292480 4 24
4216546.666667 4027050.000000 4786.116211 5 24
4216733.333333 4027050.000000 4966.193848 6 24
4216920.000000 4027050.000000 5166.328613 7 24
4217106.666667 4027050.000000 5295.102051 8 24
4217293.333333 4027050.000000 5333.960938 9 24
4217480.000000 4027050.000000 5419.412598 10 24
4217666.666667 4027050.000000 5492.476563 11 24
4217853.333333 4027050.000000 5539.248047 12 24
4218040.000000 4027050.000000 5570.303711 13 24
4218226.666667 4027050.000000 5607.295410 14 24
4218413.333333 4027050.000000 5659.452148 15 24
4218600.000000 4027050.000000 5716.338379 16 24
4218786.666667 4027050.000000 5778.310547 17 24
4218973.333333 4027050.000000 5836.642578 18 24
4219160.000000 4027050.000000 5887.608887 19 24
4219346.666667 4027050.000000 5929.033203 20 24
4219533.333333 4027050.000000 5961.168457 21 24
4219720.000000 4027050.000000 5984.828125 22 24
4219906.666667 4027050.000000 6002.184082 23 24
4220093.333333 4027050.000000 6013.393555 24 24
4220280.000000 4027050.000000 6021.018066 25 24
4220466.666667 4027050.000000 6026.644043 26 24
4220653.333333 4027050.000000 6030.275391 27 24
4220840.000000 4027050.000000 6032.911133 28 24
4221026.666667 4027050.000000 6034.041504 29 24
4221213.333333 4027050.000000 6034.658691 30 24
4221400.000000 4027050.000000 6033.770996 31 24
4215800.000000 4027400.000000 4208.940430 1 25
4215986.666667 4027400.000000 4362.132324 2 25
4216173.333333 4027400.000000 4541.940918 3 25
4216360.000000 4027400.000000 4702.777832 4 25
4216546.666667 4027400.000000 4868.956055 5 25
4216733.333333 4027400.000000 5068.701660 6 25
4216920.000000 4027400.000000 5276.077148 7 25
4217106.666667 4027400.000000 5422.562012 8 25
4217293.333333 4027400.000000 5505.167480 9 25
4217480.000000 4027400.000000 5574.018066 10 25
4217666.666667 4027400.000000 5621.726563 11 25
4217853.333333 4027400.000000 5651.015625 12 25
4218040.000000 4027400.000000 5674.368164 13 25
4218226.666667 4027400.000000 5702.067383 14 25
4218413.333333 4027400.000000 5736.803223 15 25
4218600.000000 4027400.000000 5775.181152 16 25
4218786.666667 4027400.000000 5819.538086 17 25
4218973.333333 4027400.000000 5863.108398 18 25
4219160.000000 4027400.000000 5902.886719 19 25
4219346.666667 4027400.000000 5936.275879 20 25
4219533.333333 4027400.000000 5963.110352 21 25
4219720.000000 4027400.000000 5982.576172 22 25
4219906.666667 4027400.000000 5996.313477 23 25
4220093.333333 4027400.000000 6004.440918 24 25
4220280.000000 4027400.000000 6009.026367 25 25
4220466.666667 4027400.000000 6011.618652 26 25
4220653.333333 4027400.000000 6011.724609 27 25
4220840.000000 4027400.000000 6010.342773 28 25
4221026.666667 4027400.000000 6007.454590 29 25
4221213.333333 4027400.000000 6004.058594 30 25
4221400.000000 4027400.000000 5999.154785 31 25
4215800.000000 4027750.000000 4279.290039 1 26
4215986.666667 4027750.000000 4448.993652 2 26
4216173.333333 4027750.000000 4622.593262 3 26
4216360.000000 4027750.000000 4797.930176 4 26
4216546.666667 4027750.000000 4991.904785 5 26
4216733.333333 4027750.000000 5241.935059 6 26
4216920.000000 4027750.000000 5495.059570 7 26
4217106.666667 4027750.000000 5646.416992 8 26
4217293.333333 4027750.000000 5699.706543 9 26
4217480.000000 4027750.000000 5729.375000 10 26
4217666.666667 4027750.000000 5751.619141 11 26
4217853.333333 4027750.000000 5765.125977 12 26
4218040.000000 4027750.000000 5778.299805 13 26
4218226.666667 4027750.000000 5794.982422 14 26
4218413.333333 4027750.000000 5815.818359 15 26
4218600.000000 4027750.000000 5840.029785 16 26
4218786.666667 4027750.000000 5869.145996 17 26
4218973.333333 4027750.000000 5898.488281 18 26
4219160.000000 4027750.000000 5927.154297 19 26
4219346.666667 4027750.000000 5952.074219 20 26
4219533.333333 4027750.000000 5972.105469 21 26
4219720.000000 4027750.000000 5986.366699 22 26
4219906.666667 4027750.000000 5995.472168 23 26
4220093.333333 4027750.000000 5999.511230 24 26
4220280.000000 4027750.000000 6000.549316 25 26
4220466.666667 4027750.000000 5999.611816 26 26
4220653.333333 4027750.000000 5996.194824 27 26
4220840.000000 4027750.000000 5990.793945 28 26
4221026.666667 4027750.000000 5984.384277 29 26
4221213.333333 4027750.000000 5976.473145 30 26
4221400.000000 4027750.000000 5967.551758 31 26
4215800.000000 4028100.000000 4434.333984 1 27
4215986.666667 4028100.000000 4615.793945 2 27
4216173.333333 4028100.000000 4769.565430 3 27
4216360.000000 4028100.000000 4953.770508 4 27
4216546.666667 4028100.000000 5158.615234 5 27
4216733.333333 4028100.000000 5443.159668 6 27
4216920.000000 4028100.000000 5703.833984 7 27
4217106.666667 4028100.000000 5840.130371 8 27
4217293.333333 4028100.000000 5864.041504 9 27
4217480.000000 4028100.000000 5866.449219 10 27
4217666.666667 4028100.000000 5868.290039 11 27
4217853.333333 4028100.000000 5870.140625 12 27
4218040.000000 4028100.000000 5875.385254 13 27
4218226.666667 4028100.000000 5883.778809 14 27
4218413.333333 4028100.000000 5895.080078 15 27
4218600.000000 4028100.000000 5908.609863 16 27
4218786.666667 4028100.000000 5925.564941 17 27
4218973.333333 4028100.000000 5942.755371 18 27
4219160.000000 4028100.000000 5959.877930 19 27
4219346.666667 4028100.000000 5975.864258 20 27
4219533.333333 4028100.000000 5988.097168 21 27
4219720.000000 4028100.000000 5996.154297 22 27
4219906.666667 4028100.000000 6000.126465 23 27
4220093.333333 4028100.000000 5999.593262 24 27
4220280.000000 4028100.000000 5996.589844 25 27
4220466.666667 4028100.000000 5991.122070 26 27
4220653.333333 4028100.000000 5983.683105 27 27
4220840.000000 4028100.000000 5974.254395 28 27
4221026.666667 4028100.000000 5963.829590 29 27
4221213.333333 4028100.000000 5952.393066 30 27
4221400.000000 4028100.000000 5938.952637 31 27
4215800.000000 4028450.000000 4609.243164 1 28
4215986.666667 4028450.000000 4836.652344 2 28
4216173.333333 4028450.000000 5058.256348 3 28
4216360.000000 4028450.000000 5277.635254 4 28
4216546.666667 4028450.000000 5418.216309 5 28
4216733.333333 4028450.000000 5636.655762 6 28
4216920.000000 4028450.000000 5832.786621 7 28
4217106.666667 4028450.000000 5939.055664 8 28
4217293.333333 4028450.000000 5964.458984 9 28
4217480.000000 4028450.000000 5965.756348 10 28
4217666.666667 4028450.000000 5962.587402 11 28
4217853.333333 4028450.000000 5961.747559 12 28
4218040.000000 4028450.000000 5963.496582 13 28
4218226.666667 4028450.000000 5967.847168 14 28
4218413.333333 4028450.000000 5973.326660 15 28
4218600.000000 4028450.000000 5979.153320 16 28
4218786.666667 4028450.000000 5986.063965 17 28
4218973.333333 4028450.000000 5992.740234 18 28
4219160.000000 4028450.000000 5999.916992 19 28
4219346.666667 4028450.000000 6006.527832 20 28
4219533.333333 4028450.000000 6010.503906 21 28
4219720.000000 4028450.000000 6011.896973 22 28
4219906.666667 4028450.000000 6010.268066 23 28
4220093.333333 4028450.000000 6004.670410 24 28
4220280.000000 4028450.000000 5996.634766 25 28
4220466.666667 4028450.000000 5986.640137 26 28
4220653.333333 4028450.000000 5974.676270 27 28
4220840.000000 4028450.000000 5960.727539 28 28
4221026.666667 4028450.000000 5946.279297 29 28
4221213.333333 4028450.000000 5930.325195 30 28
4221400.000000 4028450.000000 5913.363281 31 28
4215800.000000 4028800.000000 4748.435547 1 29
4215986.666667 4028800.000000 5027.775391 2 29
4216173.333333 4028800.000000 5325.693359 3 29
4216360.000000 4028800.000000 5549.168457 4 29
4216546.666667 4028800.000000 5651.159668 5 29
4216733.333333 4028800.000000 5799.273926 6 29
4216920.000000 4028800.000000 5930.675781 7 29
4217106.666667 4028800.000000 6004.291504 8 29
4217293.333333 4028800.000000 6027.281250 9 29
4217480.000000 4028800.000000 6030.945801 10 29
4217666.666667 4028800.000000 6034.112793 11 29
4217853.333333 4028800.000000 6038.253906 12 29
4218040.000000 4028800.000000 6043.466797 13 29
4218226.666667 4028800.000000 6048.366211 14 29
4218413.333333 4028800.000000 6050.882324 15 29
4218600.000000 4028800.000000 6050.645996 16 29
4218786.666667 4028800.000000 6049.650879 17 29
4218973.333333 4028800.000000 6046.921387 18 29
4219160.000000 4028800.000000 6044.731445 19 29
4219346.666667 4028800.000000 6042.045410 20 29
4219533.333333 4028800.000000 6038.320313 21 29
4219720.000000 4028800.000000 6033.086914 22 29
4219906.666667 4028800.000000 6024.882813 23 29
4220093.333333 4028800.000000 6013.741211 24 29
4220280.000000 4028800.000000 6000.683105 25 29
4220466.666667 4028800.000000 5985.664063 26 29
4220653.333333 4028800.000000 5969.175781 27 29
4220840.000000 4028800.000000 5950.702637 28 29
4221026.666667 4028800.000000 5931.731445 29 29
4221213.333333 4028800.000000 5911.754395 30 29
4221400.000000 4028800.000000 5890.275879 31 29
4215800.000000 4029150.000000 4841.321289 1 30
4215986.666667 4029150.000000 5093.121582 2 30
4216173.333333 4029150.000000 5339.787598 3 30
4216360.000000 4029150.000000 5556.410645 4 30
4216546.666667 4029150.000000 5739.367676 5 30
4216733.333333 4029150.000000 5890.255859 6 30
4216920.000000 4029150.000000 5995.736328 7 30
4217106.666667 4029150.000000 6049.835449 8 30
4217293.333333 4029150.000000 6066.187500 9 30
4217480.000000 4029150.000000 6075.496094 10 30
4217666.666667 4029150.000000 6091.289551 11 30
4217853.333333 4029150.000000 6106.868652 12 30
4218040.000000 4029150.000000 6119.891113 13 30
4218226.666667 4029150.000000 6127.834961 14 30
4218413.333333 4029150.000000 6128.686035 15 30
4218600.000000 4029150.000000 6123.560547 16 30
4218786.666667 4029150.000000 6114.794922 17 30
4218973.333333 4029150.000000 6103.766113 18 30
4219160.000000 4029150.000000 6092.814941 19 30
4219346.666667 4029150.000000 6081.910156 20 30
4219533.333333 4029150.000000 6070.548828 21 30
4219720.000000 4029150.000000 6058.231934 22 30
4219906.666667 4029150.000000 6043.483398 23 30
4220093.333333 4029150.000000 6026.812500 24 30
4220280.000000 4029150.000000 6008.728027 25 30
4220466.666667 4029150.000000 5988.689941 26 30
4220653.333333 4029150.000000 5967.174805 27 30
4220840.000000 4029150.000000 5944.181152 28 30
4221026.666667 4029150.000000 5920.687012 29 30
4221213.333333 4029150.000000 5896.691406 30 30
4221400.000000 4029150.000000 5870.691895 31 30
4215800.000000 4029500.000000 4912.891113 1 31
4215986.666667 4029500.000000 5109.057129 2 31
4216173.333333 4029500.000000 5277.748047 3 31
4216360.000000 4029500.000000 5491.390625 4 31
4216546.666667 4029500.000000 5745.882813 5 31
4216733.333333 4029500.000000 5926.706055 6 31
4216920.000000 4029500.000000 6035.658691 7 31
4217106.666667 4029500.000000 6087.798828 8 31
4217293.333333 4029500.000000 6101.789063 9 31
4217480.000000 4029500.000000 6118.602539 10 31
4217666.666667 4029500.000000 6150.457520 11 31
4217853.333333 4029500.000000 6178.847656 12 31
4218040.000000 4029500.000000 6198.783691 13 31
4218226.666667 4029500.000000 6209.393555 14 31
4218413.333333 4029500.000000 6208.187988 15 31
4218600.000000 4029500.000000 6198.286133 16 31
4218786.666667 4029500.000000 6182.395020 17 31
4218973.333333 4029500.000000 6163.217285 18 31
4219160.000000 4029500.000000 6144.135742 19 31
4219346.666667 4029500.000000 6126.118652 20 31
4219533.333333 4029500.000000 6107.682129 21 31
4219720.000000 4029500.000000 6088.329590 22 31
4219906.666667 4029500.000000 6067.561035 23 31
4220093.333333 4029500.000000 6044.870117 24 31
4220280.000000 4029500.000000 6020.768555 25 31
4220466.666667 4029500.000000 5995.206543 26 31
4220653.333333 4029500.000000 5968.672852 27 31
4220840.000000 4029500.000000 5941.155762 28 31
4221026.666667 4029500.000000 5912.639648 29 31
4221213.333333 4029500.000000 5884.122070 30 31
4221400.000000 4029500.000000 5853.601563 31 31
4215800.000000 4029850.000000 5039.016602 1 32
4215986.666667 4029850.000000 5229.913574 2 32
4216173.333333 4029850.000000 5404.478027 3 32
4216360.000000 4029850.000000 5604.436035 4 32
4216546.666667 4029850.000000 5824.799805 5 32
4216733.333333 4029850.000000 5989.295898 6 32
4216920.000000 4029850.000000 6096.660156 7 32
4217106.666667 4029850.000000 6152.181152 8 32
4217293.333333 4029850.000000 6172.003906 9 32
4217480.000000 4029850.000000 6195.335449 10 32
4217666.666667 4029850.000000 6233.335938 11 32
4217853.333333 4029850.000000 6264.218262 12 32
4218040.000000 4029850.000000 6284.883789 13 32
4218226.666667 4029850.000000 6294.549805 14 32
4218413.333333 4029850.000000 6289.748535 15 32
4218600.000000 4029850.000000 6274.591309 16 32
4218786.666667 4029850.000000 6251.673828 17 32
4218973.333333 4029850.000000 6224.935059 18 32
4219160.000000 4029850.000000 6198.789551 19 32
4219346.666667 4029850.000000 6173.726074 20 32
4219533.333333 4029850.000000 6148.763672 21 32
4219720.000000 4029850.000000 6122.895020 22 32
4219906.666667 4029850.000000 6095.616211 23 32
4220093.333333 4029850.000000 6066.916016 24 32
4220280.000000 4029850.000000 6036.796875 25 32
4220466.666667 4029850.000000 6005.217285 26 32
4220653.333333 4029850.000000 5973.163574 27 32
4220840.000000 4029850.000000 5940.625000 28 32
4221026.666667 4029850.000000 5907.086914 29 32
4221213.333333 4029850.000000 5873.548828 30 32
4221400.000000 4029850.000000 5839.011230 31 32
4215800.000000 4030200.000000 5217.626953 1 33
4215986.666667 4030200.000000 5402.056641 2 33
4216173.333333 4030200.000000 5577.579590 3 33
4216360.000000 4030200.000000 5757.789551 4 33
4216546.666667 4030200.000000 5938.810059 5 33
4216733.333333 4030200.000000 6083.710938 6 33
4216920.000000 4030200.000000 6185.598633 7 33
4217106.666667 4030200.000000 6248.216309 8 33
4217293.333333 4030200.000000 6280.288574 9 33
4217480.000000 4030200.000000 6307.309570 10 33
4217666.666667 4030200.000000 6338.059082 11 33
4217853.333333 4030200.000000 6362.188965 12 33
4218040.000000 4030200.000000 6378.435547 13 33
4218226.666667 4030200.000000 6383.557617 14 33
4218413.333333 4030200.000000 6373.605957 15 33
4218600.000000 4030200.000000 6352.176270 16 33
4218786.666667 4030200.000000 6322.769043 17 33
4218973.333333 4030200.000000 6289.516602 18 33
4219160.000000 4030200.000000 6255.852539 19 33
4219346.666667 4030200.000000 6224.271973 20 33
4219533.333333 4030200.000000 6192.303711 21 33
4219720.000000 4030200.000000 6159.937012 22 33
4219906.666667 4030200.000000 6126.155273 23 33
4220093.333333 4030200.000000 6091.450684 24 33
4220280.000000 4030200.000000 6055.319336 25 33
4220466.666667 4030200.000000 6018.223145 26 33
4220653.333333 4030200.000000 5980.646484 27 33
4220840.000000 4030200.000000 5942.587891 28 33
4221026.666667 4030200.000000 5904.029297 29 33
4221213.333333 4030200.000000 5865.970215 30 33
4221400.000000 4030200.000000 5826.912109 31 33
4215800.000000 4030550.000000 5436.420410 1 34
4215986.666667 4030550.000000 5608.094727 2 34
4216173.333333 4030550.000000 5770.136719 3 34
4216360.000000 4030550.000000 5928.369141 4 34
4216546.666667 4030550.000000 6078.765625 5 34
4216733.333333 4030550.000000 6203.958984 6 34
4216920.000000 4030550.000000 6297.518555 7 34
4217106.666667 4030550.000000 6360.478516 8 34
4217293.333333 4030550.000000 6398.544922 9 34
4217480.000000 4030550.000000 6426.085938 10 34
4217666.666667 4030550.000000 6449.198730 11 34
4217853.333333 4030550.000000 6466.839355 12 34
4218040.000000 4030550.000000 6476.514160 13 34
4218226.666667 4030550.000000 6475.485352 14 34
4218413.333333 4030550.000000 6459.316406 15 34
4218600.000000 4030550.000000 6431.585449 16 34
4218786.666667 4030550.000000 6396.220215 17 34
4218973.333333 4030550.000000 6355.979980 18 34
4219160.000000 4030550.000000 6316.331055 19 34
4219346.666667 4030550.000000 6277.264160 20 34
4219533.333333 4030550.000000 6238.812500 21 34
4219720.000000 4030550.000000 6199.955078 22 34
4219906.666667 4030550.000000 6159.677246 23 34
4220093.333333 4030550.000000 6118.472168 24 34
4220280.000000 4030550.000000 6076.326660 25 34
4220466.666667 4030550.000000 6033.715820 26 34
4220653.333333 4030550.000000 5990.122559 27 34
4220840.000000 4030550.000000 5946.540527 28 34
4221026.666667 4030550.000000 5902.961914 29 34
4221213.333333 4030550.000000 5859.886719 30 34
4221400.000000 4030550.000000 5815.809570 31 34
4215800.000000 4030900.000000 5683.759277 1 35
4215986.666667 4030900.000000 5833.938965 2 35
4216173.333333 4030900.000000 5977.308594 3 35
4216360.000000 4030900.000000 6113.401367 4 35
4216546.666667 4030900.000000 6239.736816 5 35
4216733.333333 4030900.000000 6345.892578 6 35
4216920.000000 4030900.000000 6427.326172 7 35
4217106.666667 4030900.000000 6484.570313 8 35
4217293.333333 4030900.000000 6521.902344 9 35
4217480.000000 4030900.000000 6546.926758 10 35
4217666.666667 4030900.000000 6564.489746 11 35
4217853.333333 4030900.000000 6575.832031 12 35
4218040.000000 4030900.000000 6578.234863 13 35
4218226.666667 4030900.000000 6569.913086 14 35
4218413.333333 4030900.000000 6547.420410 15 35
4218600.000000 4030900.000000 6513.327637 16 35
4218786.666667 4030900.000000 6472.021973 17 35
4218973.333333 4030900.000000 6425.830078 18 35
4219160.000000 4030900.000000 6379.224121 19 35
4219346.666667 4030900.000000 6334.198730 20 35
4219533.333333 4030900.000000 6288.777832 21 35
4219720.000000 4030900.000000 6242.940918 22 35
4219906.666667 4030900.000000 6196.176270 23 35
4220093.333333 4030900.000000 6148.470703 24 35
4220280.000000 4030900.000000 6100.318359 25 35
4220466.666667 4030900.000000 6051.691895 26 35
4220653.333333 4030900.000000 6002.083496 27 35
4220840.000000 4030900.000000 5952.984375 28 35
4221026.666667 4030900.000000 5903.887695 29 35
4221213.333333 4030900.000000 5855.789551 30 35
4221400.000000 4030900.000000 5806.693848 31 35
4215800.000000 4031250.000000 5940.102051 1 36
4215986.666667 4031250.000000 6066.249512 2 36
4216173.333333 4031250.000000 6187.166504 3 36
4216360.000000 4031250.000000 6301.882813 4 36
4216546.666667 4031250.000000 6407.928711 5 36
4216733.333333 4031250.000000 6496.829590 6 36
4216920.000000 4031250.000000 6566.070801 7 36
4217106.666667 4031250.000000 6616.158691 8 36
4217293.333333 4031250.000000 6649.159668 9 36
4217480.000000 4031250.000000 6670.288086 10 36
4217666.666667 4031250.000000 6682.732422 11 36
4217853.333333 4031250.000000 6687.612305 12 36
4218040.000000 4031250.000000 6683.092773 13 36
4218226.666667 4031250.000000 6667.861328 14 36
4218413.333333 4031250.000000 6638.470703 15 36
4218600.000000 4031250.000000 6598.474609 16 36
4218786.666667 4031250.000000 6551.241699 17 36
4218973.333333 4031250.000000 6498.612793 18 36
4219160.000000 4031250.000000 6446.066895 19 36
4219346.666667 4031250.000000 6394.091797 20 36
4219533.333333 4031250.000000 6342.207031 21 36
4219720.000000 4031250.000000 6289.397949 22 36
4219906.666667 4031250.000000 6236.144531 23 36
4220093.333333 4031250.000000 6181.940918 24 36
4220280.000000 4031250.000000 6127.284180 25 36
4220466.666667 4031250.000000 6072.144531 26 36
4220653.333333 4031250.000000 6016.522949 27 36
4220840.000000 4031250.000000 5961.404785 28 36
4221026.666667 4031250.000000 5906.791992 29 36
4221213.333333 4031250.000000 5853.177734 30 36
4221400.000000 4031250.000000 5799.064941 31 36
4215800.000000 4031600.000000 6190.834473 1 37
4215986.666667 4031600.000000 6293.658203 2 37
4216173.333333 4031600.000000 6393.226074 3 37
4216360.000000 4031600.000000 6488.544922 4 37
4216546.666667 4031600.000000 6576.345703 5 37
4216733.333333 4031600.000000 6650.607422 6 37
4216920.000000 4031600.000000 6708.738281 7 37
4217106.666667 4031600.000000 6751.657227 8 37
4217293.333333 4031600.000000 6780.071289 9 37
4217480.000000 4031600.000000 6796.383301 10 37
4217666.666667 4031600.000000 6803.176758 11 37
4217853.333333 4031600.000000 6801.508789 12 37
4218040.000000 4031600.000000 6790.500000 13 37
4218226.666667 4031600.000000 6768.315918 14 37
4218413.333333 4031600.000000 6732.988770 15 37
4218600.000000 4031600.000000 6687.086426 16 37
4218786.666667 4031600.000000 6633.426758 17 37
4218973.333333 4031600.000000 6575.373535 18 37
4219160.000000 4031600.000000 6515.889160 19 37
4219346.666667 4031600.000000 6456.965820 20 37
4219533.333333 4031600.000000 6398.117676 21 37
4219720.000000 4031600.000000 6338.331543 22 37
4219906.666667 4031600.000000 6278.094727 23 37
4220093.333333 4031600.000000 6217.392578 24 37
4220280.000000 4031600.000000 6156.228516 25 37
4220466.666667 4031600.000000 6095.083984 26 37
4220653.333333 4031600.000000 6033.446777 27 37
4220840.000000 4031600.000000 5972.314453 28 37
4221026.666667 4031600.000000 5912.186523 29 37
4221213.333333 4031600.000000 5852.553711 30 37
4221400.000000 4031600.000000 5792.925781 31 37
4215800.000000 4031950.000000 6422.027344 1 38
4215986.666667 4031950.000000 6505.972168 2 38
4216173.333333 4031950.000000 6589.848633 3 38
4216360.000000 4031950.000000 6670.158691 4 38
4216546.666667 4031950.000000 6744.004395 5 38
4216733.333333 4031950.000000 6806.072266 6 38
4216920.000000 4031950.000000 6854.549805 7 38
4217106.666667 4031950.000000 6890.125488 8 38
4217293.333333 4031950.000000 6913.072754 9 38
4217480.000000 4031950.000000 6924.580078 10 38
4217666.666667 4031950.000000 6926.189453 11 38
4217853.333333 4031950.000000 6918.431641 12 38
4218040.000000 4031950.000000 6900.414551 13 38
4218226.666667 4031950.000000 6871.758789 14 38
4218413.333333 4031950.000000 6830.497559 15 38
4218600.000000 4031950.000000 6778.687500 16 38
4218786.666667 4031950.000000 6718.608887 17 38
4218973.333333 4031950.000000 6654.125488 18 38
4219160.000000 4031950.000000 6588.203613 19 38
4219346.666667 4031950.000000 6522.329590 20 38
4219533.333333 4031950.000000 6456.020996 21 38
4219720.000000 4031950.000000 6389.755859 22 38
4219906.666667 4031950.000000 6322.529785 23 38
4220093.333333 4031950.000000 6255.329102 24 38
4220280.000000 4031950.000000 6188.160645 25 38
4220466.666667 4031950.000000 6120.504883 26 38
4220653.333333 4031950.000000 6052.855957 27 38
4220840.000000 4031950.000000 5985.208008 28 38
4221026.666667 4031950.000000 5919.066406 29 38
4221213.333333 4031950.000000 5853.420410 30 38
4221400.000000 4031950.000000 5787.774902 31 38
4215800.000000 4032300.000000 6629.492676 1 39
4215986.666667 4032300.000000 6700.679199 2 39
4216173.333333 4032300.000000 6774.628906 3 39
4216360.000000 4032300.000000 6845.832520 4 39
4216546.666667 4032300.000000 6910.360352 5 39
4216733.333333 4032300.000000 6964.023438 6 39
4216920.000000 4032300.000000 7004.648438 7 39
4217106.666667 4032300.000000 7033.558594 8 39
4217293.333333 4032300.000000 7051.073242 9 39
4217480.000000 4032300.000000 7057.276367 10 39
4217666.666667 4032300.000000 7053.693359 11 39
4217853.333333 4032300.000000 7039.348633 12 39
4218040.000000 4032300.000000 7014.317383 13 39
4218226.666667 4032300.000000 6978.698730 14 39
4218413.333333 4032300.000000 6931.509766 15 39
4218600.000000 4032300.000000 6873.291992 16 39
4218786.666667 4032300.000000 6807.299316 17 39
4218973.333333 4032300.000000 6735.881836 18 39
4219160.000000 4032300.000000 6663.015137 19 39
4219346.666667 4032300.000000 6590.186035 20 39
4219533.333333 4032300.000000 6516.908203 21 39
4219720.000000 4032300.000000 6443.662109 22 39
4219906.666667 4032300.000000 6369.948242 23 39
4220093.333333 4032300.000000 6296.251953 24 39
4220280.000000 4032300.000000 6222.575684 25 39
4220466.666667 4032300.000000 6148.408691 26 39
4220653.333333 4032300.000000 6074.246582 27 39
4220840.000000 4032300.000000 6000.585938 28 39
4221026.666667 4032300.000000 5927.928711 29 39
4221213.333333 4032300.000000 5856.270508 30 39
4221400.000000 4032300.000000 5783.614258 31 39
4215800.000000 4032650.000000 6823.810059 1 40
4215986.666667 4032650.000000 6886.550781 2 40
4216173.333333 4032650.000000 6955.452637 3 40
4216360.000000 4032650.000000 7021.516113 4 40
4216546.666667 4032650.000000 7079.791016 5 40
4216733.333333 4032650.000000 7126.682617 6 40
4216920.000000 4032650.000000 7161.088867 7 40
4217106.666667 4032650.000000 7183.404785 8 40
4217293.333333 4032650.000000 7194.012207 9 40
4217480.000000 4032650.000000 7194.927246 10 40
4217666.666667 4032650.000000 7186.665039 11 40
4217853.333333 4032650.000000 7166.242188 12 40
4218040.000000 4032650.000000 7133.714355 13 40
4218226.666667 4032650.000000 7090.637207 14 40
4218413.333333 4032650.000000 7037.022949 15 40
4218600.000000 4032650.000000 6972.409668 16 40
4218786.666667 4032650.000000 6899.492188 17 40
4218973.333333 4032650.000000 6821.136719 18 40
4219160.000000 4032650.000000 6740.822754 19 40
4219346.666667 4032650.000000 6661.039063 20 40
4219533.333333 4032650.000000 6580.786133 21 40
4219720.000000 4032650.000000 6500.560547 22 40
4219906.666667 4032650.000000 6420.354004 23 40
4220093.333333 4032650.000000 6340.157227 24 40
4220280.000000 4032650.000000 6259.478027 25 40
4220466.666667 4032650.000000 6178.799316 26 40
4220653.333333 4032650.000000 6098.127930 27 40
4220840.000000 4032650.000000 6017.957031 28 40
4221026.666667 4032650.000000 5938.785645 29 40
4221213.333333 4032650.000000 5859.614258 30 40
4221400.000000 4032650.000000 5780.443848 31 40
4215800.000000 4033000.000000 7017.984863 1 41
4215986.666667 4033000.000000 7076.163574 2 41
4216173.333333 4033000.000000 7140.444336 3 41
4216360.000000 4033000.000000 7201.341309 4 41
4216546.666667 4033000.000000 7254.410645 5 41
4216733.333333 4033000.000000 7296.105469 6 41
4216920.000000 4033000.000000 7325.371094 7 41
4217106.666667 4033000.000000 7341.651367 8 41
4217293.333333 4033000.000000 7346.374512 9 41
4217480.000000 4033000.000000 7341.526367 10 41
4217666.666667 4033000.000000 7327.106445 11 41
4217853.333333 4033000.000000 7300.622070 12 41
4218040.000000 4033000.000000 7261.602539 13 41
4218226.666667 4033000.000000 7211.571777 14 41
4218413.333333 4033000.000000 7150.037109 15 41
4218600.000000 4033000.000000 7078.029785 16 41
4218786.666667 4033000.000000 6997.184570 17 41
4218973.333333 4033000.000000 6910.391602 18 41
4219160.000000 4033000.000000 6822.125488 19 41
4219346.666667 4033000.000000 6733.883789 20 41
4219533.333333 4033000.000000 6646.161133 21 41
4219720.000000 4033000.000000 6558.947754 22 41
4219906.666667 4033000.000000 6471.747559 23 41
4220093.333333 4033000.000000 6384.554199 24 41
4220280.000000 4033000.000000 6297.366699 25 41
4220466.666667 4033000.000000 6210.181152 26 41
4220653.333333 4033000.000000 6122.997070 27 41
4220840.000000 4033000.000000 6036.312500 28 41
4221026.666667 4033000.000000 5949.628906 29 41
4221213.333333 4033000.000000 5863.448730 30 41
4221400.000000 4033000.000000 5776.766602 31 41
