# Type: scattered data
# Version: 6
# Description: No description
# Format: free
# Field: 1 x
# Field: 2 y
# Field: 3 z undefined
# Field: 4 column
# Field: 5 row
# Projection: Local Rectangular
# Units: undefined
# End:
# Information from grid:
# Grid_size: 42 x 33
# Grid_space: 4212000.000000,4220200.000000,4021100.000000,4033000.000000
# Scattered data: Not_available
# Z_field: z
# Vertical_faults: Not_available
# History: No history
# Z_units: undefined
4212000.000000 4021100.000000 -5975.754395 1 1
4212200.000000 4021100.000000 -5481.404785 2 1
4212400.000000 4021100.000000 -4988.405273 3 1
4212600.000000 4021100.000000 -4496.722656 4 1
4212800.000000 4021100.000000 -4005.329102 5 1
4213000.000000 4021100.000000 -3515.202637 6 1
4213200.000000 4021100.000000 -3030.842773 7 1
4213400.000000 4021100.000000 -2555.750977 8 1
4213600.000000 4021100.000000 -2092.444824 9 1
4213800.000000 4021100.000000 -1643.029297 10 1
4214000.000000 4021100.000000 -1207.571777 11 1
4214200.000000 4021100.000000 -785.710632 12 1
4214400.000000 4021100.000000 -376.004639 13 1
4214600.000000 4021100.000000 21.445215 14 1
4214800.000000 4021100.000000 406.628387 15 1
4215000.000000 4021100.000000 778.497559 16 1
4215200.000000 4021100.000000 1139.106689 17 1
4215400.000000 4021100.000000 1488.506348 18 1
4215600.000000 4021100.000000 1824.796387 19 1
4215800.000000 4021100.000000 2148.072754 20 1
4216000.000000 4021100.000000 2460.394043 21 1
4216200.000000 4021100.000000 2761.264160 22 1
4216400.000000 4021100.000000 3048.642578 23 1
4216600.000000 4021100.000000 3322.428711 24 1
4216800.000000 4021100.000000 3584.538330 25 1
4217000.000000 4021100.000000 3835.886963 26 1
4217200.000000 4021100.000000 4074.378418 27 1
4217400.000000 4021100.000000 4298.950684 28 1
4217600.000000 4021100.000000 4511.609863 29 1
4217800.000000 4021100.000000 4712.472656 30 1
4218000.000000 4021100.000000 4900.722168 31 1
4218200.000000 4021100.000000 5075.083984 32 1
4218400.000000 4021100.000000 5236.688477 33 1
4218600.000000 4021100.000000 5386.499023 34 1
4218800.000000 4021100.000000 5526.415039 35 1
4219000.000000 4021100.000000 5659.817383 36 1
4219200.000000 4021100.000000 5788.659668 37 1
4219400.000000 4021100.000000 5913.490723 38 1
4219600.000000 4021100.000000 6035.394043 39 1
4219800.000000 4021100.000000 6155.470703 40 1
4220000.000000 4021100.000000 6272.768555 41 1
4220200.000000 4021100.000000 6388.794922 42 1
4212000.000000 4021471.875000 -5737.839844 1 2
4212200.000000 4021471.875000 -5253.141602 2 2
4212400.000000 4021471.875000 -4770.743652 3 2
4212600.000000 4021471.875000 -4289.618652 4 2
4212800.000000 4021471.875000 -3807.743896 5 2
4213000.000000 4021471.875000 -3326.604736 6 2
4213200.000000 4021471.875000 -2851.202393 7 2
4213400.000000 4021471.875000 -2385.096436 8 2
4213600.000000 4021471.875000 -1930.812988 9 2
4213800.000000 4021471.875000 -1490.454468 10 2
4214000.000000 4021471.875000 -1064.111694 11 2
4214200.000000 4021471.875000 -650.850952 12 2
4214400.000000 4021471.875000 -249.721283 13 2
4214600.000000 4021471.875000 140.797180 14 2
4214800.000000 4021471.875000 519.177856 15 2
4215000.000000 4021471.875000 883.908325 16 2
4215200.000000 4021471.875000 1237.499023 17 2
4215400.000000 4021471.875000 1579.991333 18 2
4215600.000000 4021471.875000 1909.469604 19 2
4215800.000000 4021471.875000 2225.985107 20 2
4216000.000000 4021471.875000 2532.021240 21 2
4216200.000000 4021471.875000 2826.929443 22 2
4216400.000000 4021471.875000 3107.967773 23 2
4216600.000000 4021471.875000 3373.429688 24 2
4216800.000000 4021471.875000 3627.193359 25 2
4217000.000000 4021471.875000 3870.713623 26 2
4217200.000000 4021471.875000 4101.051758 27 2
4217400.000000 4021471.875000 4316.804199 28 2
4217600.000000 4021471.875000 4520.669434 29 2
4217800.000000 4021471.875000 4714.494141 30 2
4218000.000000 4021471.875000 4896.220215 31 2
4218200.000000 4021471.875000 5064.791016 32 2
4218400.000000 4021471.875000 5220.855469 33 2
4218600.000000 4021471.875000 5365.737793 34 2
4218800.000000 4021471.875000 5501.008789 35 2
4219000.000000 4021471.875000 5630.262207 36 2
4219200.000000 4021471.875000 5755.748047 37 2
4219400.000000 4021471.875000 5876.922363 38 2
4219600.000000 4021471.875000 5994.874512 39 2
4219800.000000 4021471.875000 6110.743164 40 2
4220000.000000 4021471.875000 6224.182129 41 2
4220200.000000 4021471.875000 6335.284180 42 2
4212000.000000 4021843.750000 -5497.630371 1 3
4212200.000000 4021843.750000 -5022.092773 2 3
4212400.000000 4021843.750000 -4548.814453 3 3
4212600.000000 4021843.750000 -4076.236084 4 3
4212800.000000 4021843.750000 -3603.368164 5 3
4213000.000000 4021843.750000 -3130.693359 6 3
4213200.000000 4021843.750000 -2663.236084 7 3
4213400.000000 4021843.750000 -2205.072754 8 3
4213600.000000 4021843.750000 -1759.278687 9 3
4213800.000000 4021843.750000 -1326.489990 10 3
4214000.000000 4021843.750000 -907.757935 11 3
4214200.000000 4021843.750000 -502.585175 12 3
4214400.000000 4021843.750000 -109.422554 13 3
4214600.000000 4021843.750000 273.790924 14 3
4214800.000000 4021843.750000 645.514038 15 3
4215000.000000 4021843.750000 1003.717163 16 3
4215200.000000 4021843.750000 1349.817017 17 3
4215400.000000 4021843.750000 1684.849609 18 3
4215600.000000 4021843.750000 2007.441284 19 3
4215800.000000 4021843.750000 2318.169434 20 3
4216000.000000 4021843.750000 2617.966797 21 3
4216200.000000 4021843.750000 2906.502197 22 3
4216400.000000 4021843.750000 3180.782959 23 3
4216600.000000 4021843.750000 3439.406738 24 3
4216800.000000 4021843.750000 3684.688721 25 3
4217000.000000 4021843.750000 3919.684326 26 3
4217200.000000 4021843.750000 4141.572754 27 3
4217400.000000 4021843.750000 4348.625000 28 3
4217600.000000 4021843.750000 4543.246094 29 3
4217800.000000 4021843.750000 4728.067383 30 3
4218000.000000 4021843.750000 4901.936523 31 3
4218200.000000 4021843.750000 5063.595703 32 3
4218400.000000 4021843.750000 5214.321289 33 3
4218600.000000 4021843.750000 5354.144531 34 3
4218800.000000 4021843.750000 5485.190430 35 3
4219000.000000 4021843.750000 5609.136230 36 3
4219200.000000 4021843.750000 5728.995605 37 3
4219400.000000 4021843.750000 5845.624023 38 3
4219600.000000 4021843.750000 5958.643066 39 3
4219800.000000 4021843.750000 6069.310547 40 3
4220000.000000 4021843.750000 6177.868164 41 3
4220200.000000 4021843.750000 6284.028320 42 3
4212000.000000 4022215.625000 -5254.162598 1 4
4212200.000000 4022215.625000 -4786.820801 2 4
4212400.000000 4022215.625000 -4321.647949 3 4
4212600.000000 4022215.625000 -3856.618164 4 4
4212800.000000 4022215.625000 -3391.231934 5 4
4213000.000000 4022215.625000 -2926.973633 6 4
4213200.000000 4022215.625000 -2466.942383 7 4
4213400.000000 4022215.625000 -2016.229614 8 4
4213600.000000 4022215.625000 -1578.486084 9 4
4213800.000000 4022215.625000 -1153.836914 10 4
4214000.000000 4022215.625000 -741.758972 11 4
4214200.000000 4022215.625000 -343.163513 12 4
4214400.000000 4022215.625000 42.666321 13 4
4214600.000000 4022215.625000 418.816559 14 4
4214800.000000 4022215.625000 784.212219 15 4
4215000.000000 4022215.625000 1136.622437 16 4
4215200.000000 4022215.625000 1475.323364 17 4
4215400.000000 4022215.625000 1802.798096 18 4
4215600.000000 4022215.625000 2118.291260 19 4
4215800.000000 4022215.625000 2423.091553 20 4
4216000.000000 4022215.625000 2716.651611 21 4
4216200.000000 4022215.625000 2998.416016 22 4
4216400.000000 4022215.625000 3266.023438 23 4
4216600.000000 4022215.625000 3518.754395 24 4
4216800.000000 4022215.625000 3755.850586 25 4
4217000.000000 4022215.625000 3980.438477 26 4
4217200.000000 4022215.625000 4192.881348 27 4
4217400.000000 4022215.625000 4391.613281 28 4
4217600.000000 4022215.625000 4575.792480 29 4
4217800.000000 4022215.625000 4749.970703 30 4
4218000.000000 4022215.625000 4915.033203 31 4
4218200.000000 4022215.625000 5069.232422 32 4
4218400.000000 4022215.625000 5214.001465 33 4
4218600.000000 4022215.625000 5350.002930 34 4
4218800.000000 4022215.625000 5477.543945 35 4
4219000.000000 4022215.625000 5595.219238 36 4
4219200.000000 4022215.625000 5709.270508 37 4
4219400.000000 4022215.625000 5820.025879 38 4
4219600.000000 4022215.625000 5927.688965 39 4
4219800.000000 4022215.625000 6033.137207 40 4
4220000.000000 4022215.625000 6136.285156 41 4
4220200.000000 4022215.625000 6235.969238 42 4
4212000.000000 4022587.500000 -5007.009277 1 5
4212200.000000 4022587.500000 -4547.872070 2 5
4212400.000000 4022587.500000 -4090.295166 3 5
4212600.000000 4022587.500000 -3632.790527 4 5
4212800.000000 4022587.500000 -3174.841553 5 5
4213000.000000 4022587.500000 -2718.003906 6 5
4213200.000000 4022587.500000 -2265.404297 7 5
4213400.000000 4022587.500000 -1820.742065 8 5
4213600.000000 4022587.500000 -1391.195435 9 5
4213800.000000 4022587.500000 -974.354370 10 5
4214000.000000 4022587.500000 -569.595886 11 5
4214200.000000 4022587.500000 -177.068558 12 5
4214400.000000 4022587.500000 202.135544 13 5
4214600.000000 4022587.500000 571.698059 14 5
4214800.000000 4022587.500000 931.324097 15 5
4215000.000000 4022587.500000 1278.419189 16 5
4215200.000000 4022587.500000 1609.860107 17 5
4215400.000000 4022587.500000 1929.017334 18 5
4215600.000000 4022587.500000 2237.432373 19 5
4215800.000000 4022587.500000 2536.381592 20 5
4216000.000000 4022587.500000 2823.568604 21 5
4216200.000000 4022587.500000 3098.667480 22 5
4216400.000000 4022587.500000 3359.223633 23 5
4216600.000000 4022587.500000 3603.537109 24 5
4216800.000000 4022587.500000 3831.705811 25 5
4217000.000000 4022587.500000 4046.985107 26 5
4217200.000000 4022587.500000 4249.423340 27 5
4217400.000000 4022587.500000 4438.151855 28 5
4217600.000000 4022587.500000 4611.165527 29 5
4217800.000000 4022587.500000 4774.604980 30 5
4218000.000000 4022587.500000 4930.484863 31 5
4218200.000000 4022587.500000 5078.113770 32 5
4218400.000000 4022587.500000 5217.975098 33 5
4218600.000000 4022587.500000 5349.767578 34 5
4218800.000000 4022587.500000 5472.813965 35 5
4219000.000000 4022587.500000 5585.804199 36 5
4219200.000000 4022587.500000 5695.328125 37 5
4219400.000000 4022587.500000 5801.295410 38 5
4219600.000000 4022587.500000 5903.576660 39 5
4219800.000000 4022587.500000 6003.264160 40 5
4220000.000000 4022587.500000 6099.937500 41 5
4220200.000000 4022587.500000 6193.062988 42 5
4212000.000000 4022959.375000 -4755.730469 1 6
4212200.000000 4022959.375000 -4305.287109 2 6
4212400.000000 4022959.375000 -3855.809570 3 6
4212600.000000 4022959.375000 -3405.813232 4 6
4212800.000000 4022959.375000 -2955.302002 5 6
4213000.000000 4022959.375000 -2505.911865 6 6
4213200.000000 4022959.375000 -2060.876953 7 6
4213400.000000 4022959.375000 -1623.479492 8 6
4213600.000000 4022959.375000 -1200.934692 9 6
4213800.000000 4022959.375000 -791.797607 10 6
4214000.000000 4022959.375000 -394.665710 11 6
4214200.000000 4022959.375000 -9.304088 12 6
4214400.000000 4022959.375000 364.059845 13 6
4214600.000000 4022959.375000 728.735352 14 6
4214800.000000 4022959.375000 1083.597656 15 6
4215000.000000 4022959.375000 1424.725586 16 6
4215200.000000 4022959.375000 1749.650146 17 6
4215400.000000 4022959.375000 2059.969238 18 6
4215600.000000 4022959.375000 2359.873779 19 6
4215800.000000 4022959.375000 2652.179688 20 6
4216000.000000 4022959.375000 2934.699463 21 6
4216200.000000 4022959.375000 3204.753662 22 6
4216400.000000 4022959.375000 3458.480713 23 6
4216600.000000 4022959.375000 3692.456055 24 6
4216800.000000 4022959.375000 3911.591309 25 6
4217000.000000 4022959.375000 4118.783691 26 6
4217200.000000 4022959.375000 4310.884277 27 6
4217400.000000 4022959.375000 4486.819336 28 6
4217600.000000 4022959.375000 4647.949219 29 6
4217800.000000 4022959.375000 4800.583984 30 6
4218000.000000 4022959.375000 4947.009277 31 6
4218200.000000 4022959.375000 5086.763184 32 6
4218400.000000 4022959.375000 5222.879883 33 6
4218600.000000 4022959.375000 5353.108398 34 6
4218800.000000 4022959.375000 5472.561523 35 6
4219000.000000 4022959.375000 5582.389160 36 6
4219200.000000 4022959.375000 5688.889160 37 6
4219400.000000 4022959.375000 5790.894531 38 6
4219600.000000 4022959.375000 5887.082520 39 6
4219800.000000 4022959.375000 5979.798828 40 6
4220000.000000 4022959.375000 6069.348633 41 6
4220200.000000 4022959.375000 6155.296875 42 6
4212000.000000 4023331.250000 -4500.904785 1 7
4212200.000000 4023331.250000 -4058.685303 2 7
4212400.000000 4023331.250000 -3618.307373 3 7
4212600.000000 4023331.250000 -3176.820801 4 7
4212800.000000 4023331.250000 -2734.331787 5 7
4213000.000000 4023331.250000 -2292.056885 6 7
4213200.000000 4023331.250000 -1854.342407 7 7
4213400.000000 4023331.250000 -1424.619873 8 7
4213600.000000 4023331.250000 -1009.686401 9 7
4213800.000000 4023331.250000 -607.950684 10 7
4214000.000000 4023331.250000 -218.645615 11 7
4214200.000000 4023331.250000 158.650497 12 7
4214400.000000 4023331.250000 526.929688 13 7
4214600.000000 4023331.250000 887.803833 14 7
4214800.000000 4023331.250000 1239.591309 15 7
4215000.000000 4023331.250000 1576.301392 16 7
4215200.000000 4023331.250000 1893.543213 17 7
4215400.000000 4023331.250000 2193.434082 18 7
4215600.000000 4023331.250000 2482.206055 19 7
4215800.000000 4023331.250000 2766.729980 20 7
4216000.000000 4023331.250000 3046.408936 21 7
4216200.000000 4023331.250000 3316.357910 22 7
4216400.000000 4023331.250000 3566.753174 23 7
4216600.000000 4023331.250000 3792.159912 24 7
4216800.000000 4023331.250000 4001.774170 25 7
4217000.000000 4023331.250000 4200.259277 26 7
4217200.000000 4023331.250000 4380.860840 27 7
4217400.000000 4023331.250000 4543.403809 28 7
4217600.000000 4023331.250000 4693.300781 29 7
4217800.000000 4023331.250000 4837.301270 30 7
4218000.000000 4023331.250000 4973.570313 31 7
4218200.000000 4023331.250000 5101.167969 32 7
4218400.000000 4023331.250000 5232.010742 33 7
4218600.000000 4023331.250000 5366.073242 34 7
4218800.000000 4023331.250000 5484.067383 35 7
4219000.000000 4023331.250000 5591.469238 36 7
4219200.000000 4023331.250000 5694.388184 37 7
4219400.000000 4023331.250000 5790.373535 38 7
4219600.000000 4023331.250000 5879.524414 39 7
4219800.000000 4023331.250000 5963.933105 40 7
4220000.000000 4023331.250000 6045.113770 41 7
4220200.000000 4023331.250000 6123.205566 42 7
4212000.000000 4023703.125000 -4242.702637 1 8
4212200.000000 4023703.125000 -3809.714844 2 8
4212400.000000 4023703.125000 -3377.968750 3 8
4212600.000000 4023703.125000 -2945.587891 4 8
4212800.000000 4023703.125000 -2510.771973 5 8
4213000.000000 4023703.125000 -2076.406494 6 8
4213200.000000 4023703.125000 -1646.496094 7 8
4213400.000000 4023703.125000 -1225.141724 8 8
4213600.000000 4023703.125000 -817.787170 9 8
4213800.000000 4023703.125000 -424.173828 10 8
4214000.000000 4023703.125000 -43.966915 11 8
4214200.000000 4023703.125000 323.850098 12 8
4214400.000000 4023703.125000 686.160828 13 8
4214600.000000 4023703.125000 1045.898071 14 8
4214800.000000 4023703.125000 1397.677490 15 8
4215000.000000 4023703.125000 1732.217773 16 8
4215200.000000 4023703.125000 2040.941772 17 8
4215400.000000 4023703.125000 2325.827637 18 8
4215600.000000 4023703.125000 2599.630859 19 8
4215800.000000 4023703.125000 2876.136963 20 8
4216000.000000 4023703.125000 3157.316895 21 8
4216200.000000 4023703.125000 3433.739990 22 8
4216400.000000 4023703.125000 3688.530273 23 8
4216600.000000 4023703.125000 3911.800781 24 8
4216800.000000 4023703.125000 4111.672363 25 8
4217000.000000 4023703.125000 4295.851563 26 8
4217200.000000 4023703.125000 4462.483887 27 8
4217400.000000 4023703.125000 4614.570801 28 8
4217600.000000 4023703.125000 4756.911621 29 8
4217800.000000 4023703.125000 4896.786133 30 8
4218000.000000 4023703.125000 5024.205566 31 8
4218200.000000 4023703.125000 5128.570313 32 8
4218400.000000 4023703.125000 5248.649902 33 8
4218600.000000 4023703.125000 5398.199707 34 8
4218800.000000 4023703.125000 5523.182617 35 8
4219000.000000 4023703.125000 5625.432617 36 8
4219200.000000 4023703.125000 5717.836426 37 8
4219400.000000 4023703.125000 5802.574707 38 8
4219600.000000 4023703.125000 5880.531250 39 8
4219800.000000 4023703.125000 5954.732422 40 8
4220000.000000 4023703.125000 6027.263672 41 8
4220200.000000 4023703.125000 6096.832031 42 8
4212000.000000 4024075.000000 -3981.327637 1 9
4212200.000000 4024075.000000 -3557.632568 2 9
4212400.000000 4024075.000000 -3134.565430 3 9
4212600.000000 4024075.000000 -2710.919434 4 9
4212800.000000 4024075.000000 -2285.075195 5 9
4213000.000000 4024075.000000 -1858.530518 6 9
4213200.000000 4024075.000000 -1436.549316 7 9
4213400.000000 4024075.000000 -1024.019897 8 9
4213600.000000 4024075.000000 -626.063843 9 9
4213800.000000 4024075.000000 -242.345154 10 9
4214000.000000 4024075.000000 126.804771 11 9
4214200.000000 4024075.000000 483.198639 12 9
4214400.000000 4024075.000000 837.662598 13 9
4214600.000000 4024075.000000 1197.660767 14 9
4214800.000000 4024075.000000 1555.832520 15 9
4215000.000000 4024075.000000 1894.066406 16 9
4215200.000000 4024075.000000 2193.312500 17 9
4215400.000000 4024075.000000 2455.456543 18 9
4215600.000000 4024075.000000 2707.033203 19 9
4215800.000000 4024075.000000 2974.537354 20 9
4216000.000000 4024075.000000 3264.951904 21 9
4216200.000000 4024075.000000 3558.212891 22 9
4216400.000000 4024075.000000 3826.483887 23 9
4216600.000000 4024075.000000 4051.604248 24 9
4216800.000000 4024075.000000 4239.189941 25 9
4217000.000000 4024075.000000 4401.402832 26 9
4217200.000000 4024075.000000 4551.705566 27 9
4217400.000000 4024075.000000 4698.100098 28 9
4217600.000000 4024075.000000 4839.706055 29 9
4217800.000000 4024075.000000 4985.400879 30 9
4218000.000000 4024075.000000 5115.706055 31 9
4218200.000000 4024075.000000 5175.191895 32 9
4218400.000000 4024075.000000 5273.763184 33 9
4218600.000000 4024075.000000 5461.837402 34 9
4218800.000000 4024075.000000 5597.970215 35 9
4219000.000000 4024075.000000 5686.121582 36 9
4219200.000000 4024075.000000 5756.710449 37 9
4219400.000000 4024075.000000 5823.097656 38 9
4219600.000000 4024075.000000 5887.391113 39 9
4219800.000000 4024075.000000 5950.522461 40 9
4220000.000000 4024075.000000 6013.251953 41 9
4220200.000000 4024075.000000 6075.173828 42 9
4212000.000000 4024446.875000 -3717.591553 1 10
4212200.000000 4024446.875000 -3303.670654 2 10
4212400.000000 4024446.875000 -2889.884033 3 10
4212600.000000 4024446.875000 -2475.183350 4 10
4212800.000000 4024446.875000 -2057.109863 5 10
4213000.000000 4024446.875000 -1638.877808 6 10
4213200.000000 4024446.875000 -1226.041626 7 10
4213400.000000 4024446.875000 -823.331360 8 10
4213600.000000 4024446.875000 -436.670532 9 10
4213800.000000 4024446.875000 -65.664436 10 10
4214000.000000 4024446.875000 289.870544 11 10
4214200.000000 4024446.875000 634.723694 12 10
4214400.000000 4024446.875000 980.046814 13 10
4214600.000000 4024446.875000 1339.095947 14 10
4214800.000000 4024446.875000 1711.459717 15 10
4215000.000000 4024446.875000 2066.888184 16 10
4215200.000000 4024446.875000 2356.841553 17 10
4215400.000000 4024446.875000 2582.894043 18 10
4215600.000000 4024446.875000 2801.456543 19 10
4215800.000000 4024446.875000 3059.218018 20 10
4216000.000000 4024446.875000 3368.673340 21 10
4216200.000000 4024446.875000 3689.708008 22 10
4216400.000000 4024446.875000 3976.802734 23 10
4216600.000000 4024446.875000 4198.602539 24 10
4216800.000000 4024446.875000 4369.074219 25 10
4217000.000000 4024446.875000 4499.737793 26 10
4217200.000000 4024446.875000 4631.228027 27 10
4217400.000000 4024446.875000 4778.750977 28 10
4217600.000000 4024446.875000 4922.187988 29 10
4217800.000000 4024446.875000 5088.209961 30 10
4218000.000000 4024446.875000 5261.300293 31 10
4218200.000000 4024446.875000 5273.782715 32 10
4218400.000000 4024446.875000 5342.078613 33 10
4218600.000000 4024446.875000 5583.661133 34 10
4218800.000000 4024446.875000 5706.853027 35 10
4219000.000000 4024446.875000 5758.702637 36 10
4219200.000000 4024446.875000 5798.535645 37 10
4219400.000000 4024446.875000 5844.222168 38 10
4219600.000000 4024446.875000 5895.141602 39 10
4219800.000000 4024446.875000 5947.959961 40 10
4220000.000000 4024446.875000 6002.380859 41 10
4220200.000000 4024446.875000 6057.215820 42 10
4212000.000000 4024818.750000 -3452.272705 1 11
4212200.000000 4024818.750000 -3048.132324 2 11
4212400.000000 4024818.750000 -2643.700684 3 11
4212600.000000 4024818.750000 -2237.654297 4 11
4212800.000000 4024818.750000 -1828.675903 5 11
4213000.000000 4024818.750000 -1418.704590 6 11
4213200.000000 4024818.750000 -1015.036560 7 11
4213400.000000 4024818.750000 -623.731873 8 11
4213600.000000 4024818.750000 -251.058777 9 11
4213800.000000 4024818.750000 103.455177 10 11
4214000.000000 4024818.750000 443.466248 11 11
4214200.000000 4024818.750000 775.128601 12 11
4214400.000000 4024818.750000 1106.747803 13 11
4214600.000000 4024818.750000 1460.179443 14 11
4214800.000000 4024818.750000 1854.197388 15 11
4215000.000000 4024818.750000 2246.767578 16 11
4215200.000000 4024818.750000 2532.932861 17 11
4215400.000000 4024818.750000 2712.127686 18 11
4215600.000000 4024818.750000 2896.567871 19 11
4215800.000000 4024818.750000 3142.716064 20 11
4216000.000000 4024818.750000 3472.954346 21 11
4216200.000000 4024818.750000 3825.581299 22 11
4216400.000000 4024818.750000 4132.278809 23 11
4216600.000000 4024818.750000 4336.714355 24 11
4216800.000000 4024818.750000 4489.658203 25 11
4217000.000000 4024818.750000 4577.184570 26 11
4217200.000000 4024818.750000 4684.656250 27 11
4217400.000000 4024818.750000 4842.539551 28 11
4217600.000000 4024818.750000 4971.754395 29 11
4217800.000000 4024818.750000 5158.942383 30 11
4218000.000000 4024818.750000 5419.121582 31 11
4218200.000000 4024818.750000 5457.034180 32 11
4218400.000000 4024818.750000 5505.091309 33 11
4218600.000000 4024818.750000 5769.182129 34 11
4218800.000000 4024818.750000 5828.916992 35 11
4219000.000000 4024818.750000 5821.800781 36 11
4219200.000000 4024818.750000 5829.312012 37 11
4219400.000000 4024818.750000 5857.668457 38 11
4219600.000000 4024818.750000 5898.031250 39 11
4219800.000000 4024818.750000 5943.651367 40 11
4220000.000000 4024818.750000 5991.999512 41 11
4220200.000000 4024818.750000 6041.469727 42 11
4212000.000000 4025190.625000 -3187.145996 1 12
4212200.000000 4025190.625000 -2792.224609 2 12
4212400.000000 4025190.625000 -2396.256836 3 12
4212600.000000 4025190.625000 -1999.522827 4 12
4212800.000000 4025190.625000 -1598.392700 5 12
4213000.000000 4025190.625000 -1196.881958 6 12
4213200.000000 4025190.625000 -802.420898 7 12
4213400.000000 4025190.625000 -422.684631 8 12
4213600.000000 4025190.625000 -65.440056 9 12
4213800.000000 4025190.625000 270.401062 10 12
4214000.000000 4025190.625000 590.286682 11 12
4214200.000000 4025190.625000 901.349426 12 12
4214400.000000 4025190.625000 1211.265747 13 12
4214600.000000 4025190.625000 1549.239624 14 12
4214800.000000 4025190.625000 1957.684448 15 12
4215000.000000 4025190.625000 2378.999023 16 12
4215200.000000 4025190.625000 2670.970215 17 12
4215400.000000 4025190.625000 2829.810547 18 12
4215600.000000 4025190.625000 3026.721924 19 12
4215800.000000 4025190.625000 3263.459473 20 12
4216000.000000 4025190.625000 3583.916016 21 12
4216200.000000 4025190.625000 3938.143311 22 12
4216400.000000 4025190.625000 4251.801270 23 12
4216600.000000 4025190.625000 4420.129883 24 12
4216800.000000 4025190.625000 4558.385742 25 12
4217000.000000 4025190.625000 4622.560059 26 12
4217200.000000 4025190.625000 4705.022949 27 12
4217400.000000 4025190.625000 4878.040039 28 12
4217600.000000 4025190.625000 4980.324707 29 12
4217800.000000 4025190.625000 5133.330566 30 12
4218000.000000 4025190.625000 5357.412598 31 12
4218200.000000 4025190.625000 5405.498535 32 12
4218400.000000 4025190.625000 5453.305176 33 12
4218600.000000 4025190.625000 5741.425293 34 12
4218800.000000 4025190.625000 5824.357910 35 12
4219000.000000 4025190.625000 5822.684570 36 12
4219200.000000 4025190.625000 5830.564453 37 12
4219400.000000 4025190.625000 5857.178223 38 12
4219600.000000 4025190.625000 5894.666992 39 12
4219800.000000 4025190.625000 5936.336426 40 12
4220000.000000 4025190.625000 5981.057129 41 12
4220200.000000 4025190.625000 6026.514648 42 12
4212000.000000 4025562.500000 -2922.312988 1 13
4212200.000000 4025562.500000 -2535.541260 2 13
4212400.000000 4025562.500000 -2147.539551 3 13
4212600.000000 4025562.500000 -1759.237549 4 13
4212800.000000 4025562.500000 -1366.531006 5 13
4213000.000000 4025562.500000 -972.943665 6 13
4213200.000000 4025562.500000 -587.205383 7 13
4213400.000000 4025562.500000 -217.503860 8 13
4213600.000000 4025562.500000 127.049156 9 13
4213800.000000 4025562.500000 447.993256 10 13
4214000.000000 4025562.500000 751.756348 11 13
4214200.000000 4025562.500000 1043.331299 12 13
4214400.000000 4025562.500000 1329.128418 13 13
4214600.000000 4025562.500000 1629.151489 14 13
4214800.000000 4025562.500000 2020.293945 15 13
4215000.000000 4025562.500000 2407.040283 16 13
4215200.000000 4025562.500000 2696.876221 17 13
4215400.000000 4025562.500000 2871.500488 18 13
4215600.000000 4025562.500000 3154.259766 19 13
4215800.000000 4025562.500000 3405.181641 20 13
4216000.000000 4025562.500000 3677.989258 21 13
4216200.000000 4025562.500000 3977.477539 22 13
4216400.000000 4025562.500000 4245.447266 23 13
4216600.000000 4025562.500000 4369.211426 24 13
4216800.000000 4025562.500000 4496.816895 25 13
4217000.000000 4025562.500000 4587.957031 26 13
4217200.000000 4025562.500000 4671.083008 27 13
4217400.000000 4025562.500000 4856.353516 28 13
4217600.000000 4025562.500000 4970.931641 29 13
4217800.000000 4025562.500000 5086.578613 30 13
4218000.000000 4025562.500000 5208.947754 31 13
4218200.000000 4025562.500000 5305.059082 32 13
4218400.000000 4025562.500000 5417.384766 33 13
4218600.000000 4025562.500000 5643.454102 34 13
4218800.000000 4025562.500000 5741.362793 35 13
4219000.000000 4025562.500000 5779.491699 36 13
4219200.000000 4025562.500000 5809.926270 37 13
4219400.000000 4025562.500000 5846.270508 38 13
4219600.000000 4025562.500000 5886.243164 39 13
4219800.000000 4025562.500000 5927.680176 40 13
4220000.000000 4025562.500000 5970.221191 41 13
4220200.000000 4025562.500000 6012.516602 42 13
4212000.000000 4025934.375000 -2659.145752 1 14
4212200.000000 4025934.375000 -2279.397461 2 14
4212400.000000 4025934.375000 -1898.375977 3 14
4212600.000000 4025934.375000 -1517.530396 4 14
4212800.000000 4025934.375000 -1132.775757 5 14
4213000.000000 4025934.375000 -747.452881 6 14
4213200.000000 4025934.375000 -369.686523 7 14
4213400.000000 4025934.375000 -7.470988 8 14
4213600.000000 4025934.375000 330.282593 9 14
4213800.000000 4025934.375000 648.268921 10 14
4214000.000000 4025934.375000 953.504761 11 14
4214200.000000 4025934.375000 1254.433594 12 14
4214400.000000 4025934.375000 1549.899414 13 14
4214600.000000 4025934.375000 1848.863403 14 14
4214800.000000 4025934.375000 2245.711426 15 14
4215000.000000 4025934.375000 2596.175781 16 14
4215200.000000 4025934.375000 2865.302002 17 14
4215400.000000 4025934.375000 3016.591309 18 14
4215600.000000 4025934.375000 3332.010010 19 14
4215800.000000 4025934.375000 3604.497314 20 14
4216000.000000 4025934.375000 3850.278076 21 14
4216200.000000 4025934.375000 4092.507080 22 14
4216400.000000 4025934.375000 4271.137207 23 14
4216600.000000 4025934.375000 4380.937012 24 14
4216800.000000 4025934.375000 4509.603516 25 14
4217000.000000 4025934.375000 4622.203613 26 14
4217200.000000 4025934.375000 4734.358887 27 14
4217400.000000 4025934.375000 4924.312988 28 14
4217600.000000 4025934.375000 5077.074707 29 14
4217800.000000 4025934.375000 5223.043945 30 14
4218000.000000 4025934.375000 5312.230957 31 14
4218200.000000 4025934.375000 5377.297852 32 14
4218400.000000 4025934.375000 5464.691895 33 14
4218600.000000 4025934.375000 5595.526367 34 14
4218800.000000 4025934.375000 5685.478516 35 14
4219000.000000 4025934.375000 5743.744141 36 14
4219200.000000 4025934.375000 5791.044922 37 14
4219400.000000 4025934.375000 5835.372070 38 14
4219600.000000 4025934.375000 5877.553223 39 14
4219800.000000 4025934.375000 5919.116211 40 14
4220000.000000 4025934.375000 5960.316406 41 14
4220200.000000 4025934.375000 6000.240234 42 14
4212000.000000 4026306.250000 -2398.778564 1 15
4212200.000000 4026306.250000 -2024.977173 2 15
4212400.000000 4026306.250000 -1649.920044 3 15
4212600.000000 4026306.250000 -1274.582031 4 15
4212800.000000 4026306.250000 -897.345703 5 15
4213000.000000 4026306.250000 -520.254517 6 15
4213200.000000 4026306.250000 -150.529007 7 15
4213400.000000 4026306.250000 205.811813 8 15
4213600.000000 4026306.250000 543.088989 9 15
4213800.000000 4026306.250000 869.101379 10 15
4214000.000000 4026306.250000 1193.911865 11 15
4214200.000000 4026306.250000 1540.274780 12 15
4214400.000000 4026306.250000 1932.656006 13 15
4214600.000000 4026306.250000 2311.427979 14 15
4214800.000000 4026306.250000 2662.074219 15 15
4215000.000000 4026306.250000 2916.534424 16 15
4215200.000000 4026306.250000 3171.225586 17 15
4215400.000000 4026306.250000 3369.254395 18 15
4215600.000000 4026306.250000 3664.994629 19 15
4215800.000000 4026306.250000 3908.770264 20 15
4216000.000000 4026306.250000 4100.168457 21 15
4216200.000000 4026306.250000 4285.475098 22 15
4216400.000000 4026306.250000 4400.448242 23 15
4216600.000000 4026306.250000 4544.042480 24 15
4216800.000000 4026306.250000 4692.211914 25 15
4217000.000000 4026306.250000 4815.254883 26 15
4217200.000000 4026306.250000 4944.625488 27 15
4217400.000000 4026306.250000 5084.106934 28 15
4217600.000000 4026306.250000 5225.148438 29 15
4217800.000000 4026306.250000 5364.741211 30 15
4218000.000000 4026306.250000 5438.322754 31 15
4218200.000000 4026306.250000 5468.102539 32 15
4218400.000000 4026306.250000 5520.594727 33 15
4218600.000000 4026306.250000 5599.490234 34 15
4218800.000000 4026306.250000 5672.201660 35 15
4219000.000000 4026306.250000 5732.833008 36 15
4219200.000000 4026306.250000 5785.444824 37 15
4219400.000000 4026306.250000 5831.337891 38 15
4219600.000000 4026306.250000 5873.629883 39 15
4219800.000000 4026306.250000 5914.112793 40 15
4220000.000000 4026306.250000 5953.213379 41 15
4220200.000000 4026306.250000 5990.409180 42 15
4212000.000000 4026678.125000 -2141.123779 1 16
4212200.000000 4026678.125000 -1771.215088 2 16
4212400.000000 4026678.125000 -1400.666016 3 16
4212600.000000 4026678.125000 -1030.449707 4 16
4212800.000000 4026678.125000 -659.821594 5 16
4213000.000000 4026678.125000 -290.460663 6 16
4213200.000000 4026678.125000 71.727119 7 16
4213400.000000 4026678.125000 423.107391 8 16
4213600.000000 4026678.125000 763.504639 9 16
4213800.000000 4026678.125000 1099.165894 10 16
4214000.000000 4026678.125000 1434.318970 11 16
4214200.000000 4026678.125000 1800.436646 12 16
4214400.000000 4026678.125000 2241.822266 13 16
4214600.000000 4026678.125000 2647.122559 14 16
4214800.000000 4026678.125000 2924.968750 15 16
4215000.000000 4026678.125000 3137.027100 16 16
4215200.000000 4026678.125000 3424.350098 17 16
4215400.000000 4026678.125000 3741.655518 18 16
4215600.000000 4026678.125000 4032.290039 19 16
4215800.000000 4026678.125000 4214.852539 20 16
4216000.000000 4026678.125000 4371.973145 21 16
4216200.000000 4026678.125000 4545.169922 22 16
4216400.000000 4026678.125000 4592.090820 23 16
4216600.000000 4026678.125000 4712.362305 24 16
4216800.000000 4026678.125000 4880.077637 25 16
4217000.000000 4026678.125000 5057.589844 26 16
4217200.000000 4026678.125000 5180.770508 27 16
4217400.000000 4026678.125000 5236.760254 28 16
4217600.000000 4026678.125000 5331.001465 29 16
4217800.000000 4026678.125000 5431.058105 30 16
4218000.000000 4026678.125000 5485.434082 31 16
4218200.000000 4026678.125000 5516.864258 32 16
4218400.000000 4026678.125000 5567.594238 33 16
4218600.000000 4026678.125000 5629.359375 34 16
4218800.000000 4026678.125000 5689.926758 35 16
4219000.000000 4026678.125000 5745.417969 36 16
4219200.000000 4026678.125000 5794.724609 37 16
4219400.000000 4026678.125000 5837.990723 38 16
4219600.000000 4026678.125000 5877.047852 39 16
4219800.000000 4026678.125000 5914.171387 40 16
4220000.000000 4026678.125000 5949.743164 41 16
4220200.000000 4026678.125000 5982.700195 42 16
4212000.000000 4027050.000000 -1885.906250 1 17
4212200.000000 4027050.000000 -1517.399170 2 17
4212400.000000 4027050.000000 -1149.402222 3 17
4212600.000000 4027050.000000 -783.328064 4 17
4212800.000000 4027050.000000 -418.153229 5 17
4213000.000000 4027050.000000 -55.822262 6 17
4213200.000000 4027050.000000 300.081207 7 17
4213400.000000 4027050.000000 649.856812 8 17
4213600.000000 4027050.000000 997.748108 9 17
4213800.000000 4027050.000000 1342.575195 10 17
4214000.000000 4027050.000000 1668.235840 11 17
4214200.000000 4027050.000000 2008.121582 12 17
4214400.000000 4027050.000000 2415.885986 13 17
4214600.000000 4027050.000000 2775.059082 14 17
4214800.000000 4027050.000000 3023.441650 15 17
4215000.000000 4027050.000000 3271.595459 16 17
4215200.000000 4027050.000000 3590.230469 17 17
4215400.000000 4027050.000000 3938.078125 18 17
4215600.000000 4027050.000000 4150.520508 19 17
4215800.000000 4027050.000000 4213.341309 20 17
4216000.000000 4027050.000000 4341.243652 21 17
4216200.000000 4027050.000000 4579.764648 22 17
4216400.000000 4027050.000000 4689.468750 23 17
4216600.000000 4027050.000000 4836.857422 24 17
4216800.000000 4027050.000000 5038.903809 25 17
4217000.000000 4027050.000000 5244.153809 26 17
4217200.000000 4027050.000000 5316.762207 27 17
4217400.000000 4027050.000000 5326.376465 28 17
4217600.000000 4027050.000000 5409.829102 29 17
4217800.000000 4027050.000000 5493.751953 30 17
4218000.000000 4027050.000000 5540.653320 31 17
4218200.000000 4027050.000000 5577.083984 32 17
4218400.000000 4027050.000000 5626.458984 33 17
4218600.000000 4027050.000000 5678.456543 34 17
4218800.000000 4027050.000000 5728.863770 35 17
4219000.000000 4027050.000000 5775.526855 36 17
4219200.000000 4027050.000000 5817.192871 37 17
4219400.000000 4027050.000000 5854.087891 38 17
4219600.000000 4027050.000000 5887.978516 39 17
4219800.000000 4027050.000000 5919.707520 40 17
4220000.000000 4027050.000000 5950.069336 41 17
4220200.000000 4027050.000000 5978.096191 42 17
4212000.000000 4027421.875000 -1631.761841 1 18
4212200.000000 4027421.875000 -1262.011841 2 18
4212400.000000 4027421.875000 -894.463867 3 18
4212600.000000 4027421.875000 -530.857910 4 18
4212800.000000 4027421.875000 -170.025803 5 18
4213000.000000 4027421.875000 186.766388 6 18
4213200.000000 4027421.875000 540.348938 7 18
4213400.000000 4027421.875000 896.243530 8 18
4213600.000000 4027421.875000 1259.493286 9 18
4213800.000000 4027421.875000 1625.122681 10 18
4214000.000000 4027421.875000 1953.688110 11 18
4214200.000000 4027421.875000 2316.056641 12 18
4214400.000000 4027421.875000 2664.703125 13 18
4214600.000000 4027421.875000 2909.221436 14 18
4214800.000000 4027421.875000 3094.947998 15 18
4215000.000000 4027421.875000 3348.429199 16 18
4215200.000000 4027421.875000 3659.546387 17 18
4215400.000000 4027421.875000 3991.531250 18 18
4215600.000000 4027421.875000 4173.666016 19 18
4215800.000000 4027421.875000 4224.028809 20 18
4216000.000000 4027421.875000 4334.134277 21 18
4216200.000000 4027421.875000 4550.676758 22 18
4216400.000000 4027421.875000 4717.797852 23 18
4216600.000000 4027421.875000 4923.844238 24 18
4216800.000000 4027421.875000 5158.733398 25 18
4217000.000000 4027421.875000 5362.305176 26 18
4217200.000000 4027421.875000 5439.498047 27 18
4217400.000000 4027421.875000 5478.365234 28 18
4217600.000000 4027421.875000 5544.742676 29 18
4217800.000000 4027421.875000 5601.295410 30 18
4218000.000000 4027421.875000 5637.553711 31 18
4218200.000000 4027421.875000 5668.415039 32 18
4218400.000000 4027421.875000 5705.274902 33 18
4218600.000000 4027421.875000 5744.077637 34 18
4218800.000000 4027421.875000 5782.158691 35 18
4219000.000000 4027421.875000 5818.250977 36 18
4219200.000000 4027421.875000 5850.266602 37 18
4219400.000000 4027421.875000 5879.401855 38 18
4219600.000000 4027421.875000 5905.850586 39 18
4219800.000000 4027421.875000 5930.321777 40 18
4220000.000000 4027421.875000 5954.138672 41 18
4220200.000000 4027421.875000 5975.495605 42 18
4212000.000000 4027793.750000 -1378.887085 1 19
4212200.000000 4027793.750000 -1005.464966 2 19
4212400.000000 4027793.750000 -635.432190 3 19
4212600.000000 4027793.750000 -271.839142 4 19
4212800.000000 4027793.750000 84.762833 5 19
4213000.000000 4027793.750000 436.066132 6 19
4213200.000000 4027793.750000 787.821960 7 19
4213400.000000 4027793.750000 1148.959595 8 19
4213600.000000 4027793.750000 1519.790405 9 19
4213800.000000 4027793.750000 1896.547363 10 19
4214000.000000 4027793.750000 2240.079346 11 19
4214200.000000 4027793.750000 2612.556885 12 19
4214400.000000 4027793.750000 2887.452393 13 19
4214600.000000 4027793.750000 3072.379639 14 19
4214800.000000 4027793.750000 3284.790039 15 19
4215000.000000 4027793.750000 3574.130371 16 19
4215200.000000 4027793.750000 3847.965088 17 19
4215400.000000 4027793.750000 4100.267578 18 19
4215600.000000 4027793.750000 4240.000000 19 19
4215800.000000 4027793.750000 4289.798340 20 19
4216000.000000 4027793.750000 4398.808105 21 19
4216200.000000 4027793.750000 4601.777832 22 19
4216400.000000 4027793.750000 4815.108398 23 19
4216600.000000 4027793.750000 5099.975586 24 19
4216800.000000 4027793.750000 5390.731445 25 19
4217000.000000 4027793.750000 5586.909668 26 19
4217200.000000 4027793.750000 5653.101563 27 19
4217400.000000 4027793.750000 5680.213379 28 19
4217600.000000 4027793.750000 5707.650391 29 19
4217800.000000 4027793.750000 5731.503906 30 19
4218000.000000 4027793.750000 5749.460938 31 19
4218200.000000 4027793.750000 5767.386719 32 19
4218400.000000 4027793.750000 5790.428223 33 19
4218600.000000 4027793.750000 5816.293457 34 19
4218800.000000 4027793.750000 5842.086914 35 19
4219000.000000 4027793.750000 5867.775879 36 19
4219200.000000 4027793.750000 5890.356934 37 19
4219400.000000 4027793.750000 5910.651367 38 19
4219600.000000 4027793.750000 5928.621582 39 19
4219800.000000 4027793.750000 5944.871582 40 19
4220000.000000 4027793.750000 5960.779785 41 19
4220200.000000 4027793.750000 5975.699219 42 19
4212000.000000 4028165.625000 -1127.471436 1 20
4212200.000000 4028165.625000 -746.241760 2 20
4212400.000000 4028165.625000 -370.634521 3 20
4212600.000000 4028165.625000 -5.810492 4 20
4212800.000000 4028165.625000 346.270294 5 20
4213000.000000 4028165.625000 688.139832 6 20
4213200.000000 4028165.625000 1027.588623 7 20
4213400.000000 4028165.625000 1370.845093 8 20
4213600.000000 4028165.625000 1703.358643 9 20
4213800.000000 4028165.625000 2054.229248 10 20
4214000.000000 4028165.625000 2392.224854 11 20
4214200.000000 4028165.625000 2690.179199 12 20
4214400.000000 4028165.625000 2925.086670 13 20
4214600.000000 4028165.625000 3165.879395 14 20
4214800.000000 4028165.625000 3452.442627 15 20
4215000.000000 4028165.625000 3763.209961 16 20
4215200.000000 4028165.625000 4020.925781 17 20
4215400.000000 4028165.625000 4240.573730 18 20
4215600.000000 4028165.625000 4399.857910 19 20
4215800.000000 4028165.625000 4500.682129 20 20
4216000.000000 4028165.625000 4638.291992 21 20
4216200.000000 4028165.625000 4842.944824 22 20
4216400.000000 4028165.625000 5050.495605 23 20
4216600.000000 4028165.625000 5340.915039 24 20
4216800.000000 4028165.625000 5627.694824 25 20
4217000.000000 4028165.625000 5801.086914 26 20
4217200.000000 4028165.625000 5851.176270 27 20
4217400.000000 4028165.625000 5857.139648 28 20
4217600.000000 4028165.625000 5857.370605 29 20
4217800.000000 4028165.625000 5856.793945 30 20
4218000.000000 4028165.625000 5857.992188 31 20
4218200.000000 4028165.625000 5863.569336 32 20
4218400.000000 4028165.625000 5875.096680 33 20
4218600.000000 4028165.625000 5890.006348 34 20
4218800.000000 4028165.625000 5904.865234 35 20
4219000.000000 4028165.625000 5920.011230 36 20
4219200.000000 4028165.625000 5933.521973 37 20
4219400.000000 4028165.625000 5944.884277 38 20
4219600.000000 4028165.625000 5954.354492 39 20
4219800.000000 4028165.625000 5962.493164 40 20
4220000.000000 4028165.625000 5970.732422 41 20
4220200.000000 4028165.625000 5977.507324 42 20
4212000.000000 4028537.500000 -878.545410 1 21
4212200.000000 4028537.500000 -484.693939 2 21
4212400.000000 4028537.500000 -98.887589 3 21
4212600.000000 4028537.500000 271.268219 4 21
4212800.000000 4028537.500000 619.894226 5 21
4213000.000000 4028537.500000 950.971802 6 21
4213200.000000 4028537.500000 1277.715698 7 21
4213400.000000 4028537.500000 1608.602173 8 21
4213600.000000 4028537.500000 1913.536011 9 21
4213800.000000 4028537.500000 2234.341553 10 21
4214000.000000 4028537.500000 2562.892578 11 21
4214200.000000 4028537.500000 2821.781738 12 21
4214400.000000 4028537.500000 3063.755615 13 21
4214600.000000 4028537.500000 3332.388184 14 21
4214800.000000 4028537.500000 3607.754150 15 21
4215000.000000 4028537.500000 3837.547363 16 21
4215200.000000 4028537.500000 4050.466797 17 21
4215400.000000 4028537.500000 4317.746582 18 21
4215600.000000 4028537.500000 4533.184082 19 21
4215800.000000 4028537.500000 4691.426270 20 21
4216000.000000 4028537.500000 4927.858398 21 21
4216200.000000 4028537.500000 5218.034180 22 21
4216400.000000 4028537.500000 5419.777344 23 21
4216600.000000 4028537.500000 5610.110352 24 21
4216800.000000 4028537.500000 5801.139648 25 21
4217000.000000 4028537.500000 5930.325684 26 21
4217200.000000 4028537.500000 5974.159180 27 21
4217400.000000 4028537.500000 5975.023438 28 21
4217600.000000 4028537.500000 5966.193848 29 21
4217800.000000 4028537.500000 5958.510254 30 21
4218000.000000 4028537.500000 5953.601074 31 21
4218200.000000 4028537.500000 5952.625488 32 21
4218400.000000 4028537.500000 5957.101563 33 21
4218600.000000 4028537.500000 5963.644531 34 21
4218800.000000 4028537.500000 5968.983398 35 21
4219000.000000 4028537.500000 5973.776855 36 21
4219200.000000 4028537.500000 5978.315918 37 21
4219400.000000 4028537.500000 5980.844238 38 21
4219600.000000 4028537.500000 5981.990723 39 21
4219800.000000 4028537.500000 5982.306152 40 21
4220000.000000 4028537.500000 5982.240234 41 21
4220200.000000 4028537.500000 5981.259766 42 21
4212000.000000 4028909.375000 -633.972717 1 22
4212200.000000 4028909.375000 -222.494614 2 22
4212400.000000 4028909.375000 181.406250 3 22
4212600.000000 4028909.375000 565.179749 4 22
4212800.000000 4028909.375000 913.861084 5 22
4213000.000000 4028909.375000 1239.372803 6 22
4213200.000000 4028909.375000 1587.094727 7 22
4213400.000000 4028909.375000 1956.839966 8 22
4213600.000000 4028909.375000 2319.905273 9 22
4213800.000000 4028909.375000 2613.959717 10 22
4214000.000000 4028909.375000 2820.956055 11 22
4214200.000000 4028909.375000 3020.888428 12 22
4214400.000000 4028909.375000 3290.867920 13 22
4214600.000000 4028909.375000 3585.370850 14 22
4214800.000000 4028909.375000 3854.776611 15 22
4215000.000000 4028909.375000 4044.583984 16 22
4215200.000000 4028909.375000 4207.621582 17 22
4215400.000000 4028909.375000 4454.234863 18 22
4215600.000000 4028909.375000 4647.567383 19 22
4215800.000000 4028909.375000 4848.854980 20 22
4216000.000000 4028909.375000 5156.381348 21 22
4216200.000000 4028909.375000 5391.022461 22 22
4216400.000000 4028909.375000 5531.859375 23 22
4216600.000000 4028909.375000 5697.992188 24 22
4216800.000000 4028909.375000 5869.485352 25 22
4217000.000000 4028909.375000 5986.376465 26 22
4217200.000000 4028909.375000 6032.726074 27 22
4217400.000000 4028909.375000 6035.368652 28 22
4217600.000000 4028909.375000 6031.444824 29 22
4217800.000000 4028909.375000 6034.364258 30 22
4218000.000000 4028909.375000 6036.585449 31 22
4218200.000000 4028909.375000 6038.287598 32 22
4218400.000000 4028909.375000 6039.273926 33 22
4218600.000000 4028909.375000 6038.397949 34 22
4218800.000000 4028909.375000 6034.908691 35 22
4219000.000000 4028909.375000 6030.323242 36 22
4219200.000000 4028909.375000 6025.263184 37 22
4219400.000000 4028909.375000 6018.818359 38 22
4219600.000000 4028909.375000 6011.570313 39 22
4219800.000000 4028909.375000 6004.011719 40 22
4220000.000000 4028909.375000 5996.115234 41 22
4220200.000000 4028909.375000 5986.844727 42 22
4212000.000000 4029281.250000 -394.403290 1 23
4212200.000000 4029281.250000 37.868431 2 23
4212400.000000 4029281.250000 467.978607 3 23
4212600.000000 4029281.250000 879.939697 4 23
4212800.000000 4029281.250000 1234.455200 5 23
4213000.000000 4029281.250000 1566.364990 6 23
4213200.000000 4029281.250000 1962.556274 7 23
4213400.000000 4029281.250000 2350.446777 8 23
4213600.000000 4029281.250000 2711.210205 9 23
4213800.000000 4029281.250000 2957.393555 10 23
4214000.000000 4029281.250000 3140.823975 11 23
4214200.000000 4029281.250000 3390.659180 12 23
4214400.000000 4029281.250000 3667.230957 13 23
4214600.000000 4029281.250000 3908.941650 14 23
4214800.000000 4029281.250000 4124.438477 15 23
4215000.000000 4029281.250000 4315.840332 16 23
4215200.000000 4029281.250000 4510.214844 17 23
4215400.000000 4029281.250000 4755.809570 18 23
4215600.000000 4029281.250000 4925.998047 19 23
4215800.000000 4029281.250000 5075.306641 20 23
4216000.000000 4029281.250000 5259.328613 21 23
4216200.000000 4029281.250000 5328.171387 22 23
4216400.000000 4029281.250000 5436.498535 23 23
4216600.000000 4029281.250000 5659.929688 24 23
4216800.000000 4029281.250000 5868.610840 25 23
4217000.000000 4029281.250000 6001.103027 26 23
4217200.000000 4029281.250000 6056.889160 27 23
4217400.000000 4029281.250000 6064.749512 28 23
4217600.000000 4029281.250000 6073.095703 29 23
4217800.000000 4029281.250000 6096.546387 30 23
4218000.000000 4029281.250000 6114.937500 31 23
4218200.000000 4029281.250000 6125.647461 32 23
4218400.000000 4029281.250000 6125.622559 33 23
4218600.000000 4029281.250000 6116.480957 34 23
4218800.000000 4029281.250000 6103.061035 35 23
4219000.000000 4029281.250000 6089.307129 36 23
4219200.000000 4029281.250000 6074.744629 37 23
4219400.000000 4029281.250000 6059.414551 38 23
4219600.000000 4029281.250000 6043.820313 39 23
4219800.000000 4029281.250000 6027.957031 40 23
4220000.000000 4029281.250000 6012.280273 41 23
4220200.000000 4029281.250000 5994.735840 42 23
4212000.000000 4029653.125000 -158.002731 1 24
4212200.000000 4029653.125000 290.162079 2 24
4212400.000000 4029653.125000 747.387146 3 24
4212600.000000 4029653.125000 1200.605591 4 24
4212800.000000 4029653.125000 1558.639282 5 24
4213000.000000 4029653.125000 1859.712891 6 24
4213200.000000 4029653.125000 2247.120605 7 24
4213400.000000 4029653.125000 2591.654541 8 24
4213600.000000 4029653.125000 2918.817139 9 24
4213800.000000 4029653.125000 3206.622803 10 24
4214000.000000 4029653.125000 3472.742676 11 24
4214200.000000 4029653.125000 3748.855957 12 24
4214400.000000 4029653.125000 3989.441650 13 24
4214600.000000 4029653.125000 4199.242188 14 24
4214800.000000 4029653.125000 4385.589844 15 24
4215000.000000 4029653.125000 4574.639648 16 24
4215200.000000 4029653.125000 4792.674805 17 24
4215400.000000 4029653.125000 5019.625488 18 24
4215600.000000 4029653.125000 5160.838867 19 24
4215800.000000 4029653.125000 5234.254395 20 24
4216000.000000 4029653.125000 5293.371094 21 24
4216200.000000 4029653.125000 5301.095703 22 24
4216400.000000 4029653.125000 5416.185547 23 24
4216600.000000 4029653.125000 5660.197754 24 24
4216800.000000 4029653.125000 5882.211914 25 24
4217000.000000 4029653.125000 6025.692871 26 24
4217200.000000 4029653.125000 6093.879883 27 24
4217400.000000 4029653.125000 6116.277344 28 24
4217600.000000 4029653.125000 6137.847168 29 24
4217800.000000 4029653.125000 6172.302734 30 24
4218000.000000 4029653.125000 6199.314453 31 24
4218200.000000 4029653.125000 6213.748047 32 24
4218400.000000 4029653.125000 6210.640625 33 24
4218600.000000 4029653.125000 6195.417969 34 24
4218800.000000 4029653.125000 6174.022949 35 24
4219000.000000 4029653.125000 6150.396973 36 24
4219200.000000 4029653.125000 6127.051270 37 24
4219400.000000 4029653.125000 6102.977539 38 24
4219600.000000 4029653.125000 6078.671875 39 24
4219800.000000 4029653.125000 6054.607910 40 24
4220000.000000 4029653.125000 6030.734375 41 24
4220200.000000 4029653.125000 6004.982910 42 24
4212000.000000 4030025.000000 85.519379 1 25
4212200.000000 4030025.000000 529.721436 2 25
4212400.000000 4030025.000000 993.984619 3 25
4212600.000000 4030025.000000 1492.153931 4 25
4212800.000000 4030025.000000 1898.233276 5 25
4213000.000000 4030025.000000 2232.319336 6 25
4213200.000000 4030025.000000 2593.450195 7 25
4213400.000000 4030025.000000 2831.304199 8 25
4213600.000000 4030025.000000 3110.773926 9 25
4213800.000000 4030025.000000 3472.034912 10 25
4214000.000000 4030025.000000 3786.139648 11 25
4214200.000000 4030025.000000 4029.503174 12 25
4214400.000000 4030025.000000 4250.295410 13 25
4214600.000000 4030025.000000 4469.388184 14 25
4214800.000000 4030025.000000 4652.976074 15 25
4215000.000000 4030025.000000 4827.982422 16 25
4215200.000000 4030025.000000 5021.590332 17 25
4215400.000000 4030025.000000 5202.061523 18 25
4215600.000000 4030025.000000 5316.294434 19 25
4215800.000000 4030025.000000 5371.455566 20 25
4216000.000000 4030025.000000 5410.636230 21 25
4216200.000000 4030025.000000 5448.553223 22 25
4216400.000000 4030025.000000 5568.614746 23 25
4216600.000000 4030025.000000 5769.823730 24 25
4216800.000000 4030025.000000 5959.165039 25 25
4217000.000000 4030025.000000 6092.615723 26 25
4217200.000000 4030025.000000 6169.828613 27 25
4217400.000000 4030025.000000 6210.827637 28 25
4217600.000000 4030025.000000 6242.332031 29 25
4217800.000000 4030025.000000 6273.243164 30 25
4218000.000000 4030025.000000 6295.876465 31 25
4218200.000000 4030025.000000 6305.212891 32 25
4218400.000000 4030025.000000 6296.656738 33 25
4218600.000000 4030025.000000 6274.863281 34 25
4218800.000000 4030025.000000 6245.875488 35 25
4219000.000000 4030025.000000 6214.166992 36 25
4219200.000000 4030025.000000 6182.247559 37 25
4219400.000000 4030025.000000 6149.599121 38 25
4219600.000000 4030025.000000 6116.700195 39 25
4219800.000000 4030025.000000 6084.539063 40 25
4220000.000000 4030025.000000 6052.047363 41 25
4220200.000000 4030025.000000 6017.657715 42 25
4212000.000000 4030396.875000 357.915985 1 26
4212200.000000 4030396.875000 769.775024 2 26
4212400.000000 4030396.875000 1189.254517 3 26
4212600.000000 4030396.875000 1683.434570 4 26
4212800.000000 4030396.875000 2151.937012 5 26
4213000.000000 4030396.875000 2537.366699 6 26
4213200.000000 4030396.875000 2878.116211 7 26
4213400.000000 4030396.875000 3110.443604 8 26
4213600.000000 4030396.875000 3415.791016 9 26
4213800.000000 4030396.875000 3773.653809 10 26
4214000.000000 4030396.875000 4051.267822 11 26
4214200.000000 4030396.875000 4261.095215 12 26
4214400.000000 4030396.875000 4477.820801 13 26
4214600.000000 4030396.875000 4705.197266 14 26
4214800.000000 4030396.875000 4901.395020 15 26
4215000.000000 4030396.875000 5072.639160 16 26
4215200.000000 4030396.875000 5238.115234 17 26
4215400.000000 4030396.875000 5380.411133 18 26
4215600.000000 4030396.875000 5479.518066 19 26
4215800.000000 4030396.875000 5542.075684 20 26
4216000.000000 4030396.875000 5594.996582 21 26
4216200.000000 4030396.875000 5663.698730 22 26
4216400.000000 4030396.875000 5780.501953 23 26
4216600.000000 4030396.875000 5937.162598 24 26
4216800.000000 4030396.875000 6086.729492 25 26
4217000.000000 4030396.875000 6200.943359 26 26
4217200.000000 4030396.875000 6277.708496 27 26
4217400.000000 4030396.875000 6326.556641 28 26
4217600.000000 4030396.875000 6360.668945 29 26
4217800.000000 4030396.875000 6385.568848 30 26
4218000.000000 4030396.875000 6400.652344 31 26
4218200.000000 4030396.875000 6401.559570 32 26
4218400.000000 4030396.875000 6385.355469 33 26
4218600.000000 4030396.875000 6356.290039 34 26
4218800.000000 4030396.875000 6319.954102 35 26
4219000.000000 4030396.875000 6280.371094 36 26
4219200.000000 4030396.875000 6240.522949 37 26
4219400.000000 4030396.875000 6199.910156 38 26
4219600.000000 4030396.875000 6158.532715 39 26
4219800.000000 4030396.875000 6117.849609 40 26
4220000.000000 4030396.875000 6076.817383 41 26
4220200.000000 4030396.875000 6033.854004 42 26
4212000.000000 4030768.750000 701.066589 1 27
4212200.000000 4030768.750000 1103.096313 2 27
4212400.000000 4030768.750000 1523.079468 3 27
4212600.000000 4030768.750000 2026.269775 4 27
4212800.000000 4030768.750000 2486.060303 5 27
4213000.000000 4030768.750000 2798.600098 6 27
4213200.000000 4030768.750000 3093.395020 7 27
4213400.000000 4030768.750000 3383.706787 8 27
4213600.000000 4030768.750000 3703.091797 9 27
4213800.000000 4030768.750000 4004.854980 10 27
4214000.000000 4030768.750000 4220.787109 11 27
4214200.000000 4030768.750000 4409.119141 12 27
4214400.000000 4030768.750000 4636.086426 13 27
4214600.000000 4030768.750000 4875.671387 14 27
4214800.000000 4030768.750000 5092.830078 15 27
4215000.000000 4030768.750000 5279.741699 16 27
4215200.000000 4030768.750000 5439.853516 17 27
4215400.000000 4030768.750000 5569.923828 18 27
4215600.000000 4030768.750000 5667.715820 19 27
4215800.000000 4030768.750000 5741.234863 20 27
4216000.000000 4030768.750000 5810.097656 21 27
4216200.000000 4030768.750000 5892.628906 22 27
4216400.000000 4030768.750000 6000.877930 23 27
4216600.000000 4030768.750000 6125.313477 24 27
4216800.000000 4030768.750000 6242.292969 25 27
4217000.000000 4030768.750000 6336.650879 26 27
4217200.000000 4030768.750000 6404.817871 27 27
4217400.000000 4030768.750000 6450.694824 28 27
4217600.000000 4030768.750000 6481.320801 29 27
4217800.000000 4030768.750000 6500.142578 30 27
4218000.000000 4030768.750000 6507.262207 31 27
4218200.000000 4030768.750000 6499.173340 32 27
4218400.000000 4030768.750000 6475.906250 33 27
4218600.000000 4030768.750000 6440.200195 34 27
4218800.000000 4030768.750000 6396.652344 35 27
4219000.000000 4030768.750000 6349.791016 36 27
4219200.000000 4030768.750000 6302.106934 37 27
4219400.000000 4030768.750000 6253.108887 38 27
4219600.000000 4030768.750000 6203.795410 39 27
4219800.000000 4030768.750000 6155.150391 40 27
4220000.000000 4030768.750000 6105.618164 41 27
4220200.000000 4030768.750000 6054.130859 42 27
4212000.000000 4031140.625000 1112.853516 1 28
4212200.000000 4031140.625000 1521.094971 2 28
4212400.000000 4031140.625000 1958.298218 3 28
4212600.000000 4031140.625000 2442.581543 4 28
4212800.000000 4031140.625000 2837.213135 5 28
4213000.000000 4031140.625000 3071.598633 6 28
4213200.000000 4031140.625000 3361.511963 7 28
4213400.000000 4031140.625000 3697.091797 8 28
4213600.000000 4031140.625000 3968.241943 9 28
4213800.000000 4031140.625000 4175.698730 10 28
4214000.000000 4031140.625000 4320.890137 11 28
4214200.000000 4031140.625000 4501.881836 12 28
4214400.000000 4031140.625000 4757.640625 13 28
4214600.000000 4031140.625000 5020.643555 14 28
4214800.000000 4031140.625000 5258.592285 15 28
4215000.000000 4031140.625000 5462.164551 16 28
4215200.000000 4031140.625000 5628.741211 17 28
4215400.000000 4031140.625000 5762.008301 18 28
4215600.000000 4031140.625000 5866.339844 19 28
4215800.000000 4031140.625000 5951.129395 20 28
4216000.000000 4031140.625000 6030.541992 21 28
4216200.000000 4031140.625000 6116.623047 22 28
4216400.000000 4031140.625000 6214.347656 23 28
4216600.000000 4031140.625000 6317.171387 24 28
4216800.000000 4031140.625000 6411.037109 25 28
4217000.000000 4031140.625000 6487.388184 26 28
4217200.000000 4031140.625000 6544.227539 27 28
4217400.000000 4031140.625000 6581.470215 28 28
4217600.000000 4031140.625000 6604.971191 29 28
4217800.000000 4031140.625000 6616.055664 30 28
4218000.000000 4031140.625000 6614.899414 31 28
4218200.000000 4031140.625000 6599.204102 32 28
4218400.000000 4031140.625000 6568.856934 33 28
4218600.000000 4031140.625000 6527.030273 34 28
4218800.000000 4031140.625000 6477.298340 35 28
4219000.000000 4031140.625000 6422.678711 36 28
4219200.000000 4031140.625000 6367.182129 37 28
4219400.000000 4031140.625000 6310.321289 38 28
4219600.000000 4031140.625000 6253.096191 39 28
4219800.000000 4031140.625000 6196.513672 40 28
4220000.000000 4031140.625000 6138.524902 41 28
4220200.000000 4031140.625000 6078.541016 42 28
4212000.000000 4031512.500000 1553.988403 1 29
4212200.000000 4031512.500000 1943.839478 2 29
4212400.000000 4031512.500000 2350.083496 3 29
4212600.000000 4031512.500000 2762.222168 4 29
4212800.000000 4031512.500000 3100.770020 5 29
4213000.000000 4031512.500000 3336.292725 6 29
4213200.000000 4031512.500000 3603.102539 7 29
4213400.000000 4031512.500000 3898.520752 8 29
4213600.000000 4031512.500000 4144.252930 9 29
4213800.000000 4031512.500000 4334.417480 10 29
4214000.000000 4031512.500000 4471.397461 11 29
4214200.000000 4031512.500000 4657.691406 12 29
4214400.000000 4031512.500000 4920.191406 13 29
4214600.000000 4031512.500000 5187.832520 14 29
4214800.000000 4031512.500000 5430.788086 15 29
4215000.000000 4031512.500000 5640.605469 16 29
4215200.000000 4031512.500000 5813.576172 17 29
4215400.000000 4031512.500000 5953.125977 18 29
4215600.000000 4031512.500000 6065.794922 19 29
4215800.000000 4031512.500000 6158.933594 20 29
4216000.000000 4031512.500000 6244.453125 21 29
4216200.000000 4031512.500000 6330.360840 22 29
4216400.000000 4031512.500000 6418.229980 23 29
4216600.000000 4031512.500000 6504.569824 24 29
4216800.000000 4031512.500000 6580.637207 25 29
4217000.000000 4031512.500000 6642.547852 26 29
4217200.000000 4031512.500000 6688.258789 27 29
4217400.000000 4031512.500000 6715.702637 28 29
4217600.000000 4031512.500000 6730.348145 29 29
4217800.000000 4031512.500000 6734.030762 30 29
4218000.000000 4031512.500000 6725.455566 31 29
4218200.000000 4031512.500000 6702.561035 32 29
4218400.000000 4031512.500000 6665.567871 33 29
4218600.000000 4031512.500000 6617.572754 34 29
4218800.000000 4031512.500000 6561.119141 35 29
4219000.000000 4031512.500000 6499.718262 36 29
4219200.000000 4031512.500000 6435.890137 37 29
4219400.000000 4031512.500000 6371.146973 38 29
4219600.000000 4031512.500000 6306.521973 39 29
4219800.000000 4031512.500000 6240.998047 40 29
4220000.000000 4031512.500000 6175.045410 41 29
4220200.000000 4031512.500000 6106.593750 42 29
4212000.000000 4031884.375000 1998.377808 1 30
4212200.000000 4031884.375000 2352.907471 2 30
4212400.000000 4031884.375000 2710.271973 3 30
4212600.000000 4031884.375000 3054.418213 4 30
4212800.000000 4031884.375000 3348.133057 5 30
4213000.000000 4031884.375000 3586.981201 6 30
4213200.000000 4031884.375000 3823.412354 7 30
4213400.000000 4031884.375000 4067.243652 8 30
4213600.000000 4031884.375000 4308.312012 9 30
4213800.000000 4031884.375000 4528.391113 10 30
4214000.000000 4031884.375000 4708.819824 11 30
4214200.000000 4031884.375000 4907.534180 12 30
4214400.000000 4031884.375000 5148.889648 13 30
4214600.000000 4031884.375000 5396.088867 14 30
4214800.000000 4031884.375000 5628.109863 15 30
4215000.000000 4031884.375000 5833.098633 16 30
4215200.000000 4031884.375000 6005.463379 17 30
4215400.000000 4031884.375000 6147.132813 18 30
4215600.000000 4031884.375000 6263.395508 19 30
4215800.000000 4031884.375000 6360.960938 20 30
4216000.000000 4031884.375000 6448.448242 21 30
4216200.000000 4031884.375000 6532.240234 22 30
4216400.000000 4031884.375000 6612.125977 23 30
4216600.000000 4031884.375000 6685.219238 24 30
4216800.000000 4031884.375000 6747.348145 25 30
4217000.000000 4031884.375000 6797.144043 26 30
4217200.000000 4031884.375000 6832.868164 27 30
4217400.000000 4031884.375000 6851.667969 28 30
4217600.000000 4031884.375000 6858.274414 29 30
4217800.000000 4031884.375000 6854.640625 30 30
4218000.000000 4031884.375000 6839.133301 31 30
4218200.000000 4031884.375000 6809.967773 32 30
4218400.000000 4031884.375000 6766.243652 33 30
4218600.000000 4031884.375000 6711.496094 34 30
4218800.000000 4031884.375000 6648.237305 35 30
4219000.000000 4031884.375000 6579.495117 36 30
4219200.000000 4031884.375000 6508.290039 37 30
4219400.000000 4031884.375000 6436.141602 38 30
4219600.000000 4031884.375000 6363.590332 39 30
4219800.000000 4031884.375000 6290.121582 40 30
4220000.000000 4031884.375000 6215.213379 41 30
4220200.000000 4031884.375000 6138.793945 42 30
4212000.000000 4032256.250000 2435.090576 1 31
4212200.000000 4032256.250000 2750.579834 2 31
4212400.000000 4032256.250000 3062.085693 3 31
4212600.000000 4032256.250000 3356.472656 4 31
4212800.000000 4032256.250000 3618.508789 5 31
4213000.000000 4032256.250000 3848.274902 6 31
4213200.000000 4032256.250000 4069.211914 7 31
4213400.000000 4032256.250000 4292.850586 8 31
4213600.000000 4032256.250000 4533.043945 9 31
4213800.000000 4032256.250000 4774.626465 10 31
4214000.000000 4032256.250000 4986.259766 11 31
4214200.000000 4032256.250000 5191.579590 12 31
4214400.000000 4032256.250000 5411.639648 13 31
4214600.000000 4032256.250000 5637.374512 14 31
4214800.000000 4032256.250000 5852.905273 15 31
4215000.000000 4032256.250000 6046.861816 16 31
4215200.000000 4032256.250000 6212.721191 17 31
4215400.000000 4032256.250000 6351.638184 18 31
4215600.000000 4032256.250000 6466.289063 19 31
4215800.000000 4032256.250000 6562.401367 20 31
4216000.000000 4032256.250000 6647.942383 21 31
4216200.000000 4032256.250000 6728.272461 22 31
4216400.000000 4032256.250000 6800.687012 23 31
4216600.000000 4032256.250000 6862.603027 24 31
4216800.000000 4032256.250000 6913.737793 25 31
4217000.000000 4032256.250000 6954.145508 26 31
4217200.000000 4032256.250000 6981.196777 27 31
4217400.000000 4032256.250000 6991.663574 28 31
4217600.000000 4032256.250000 6990.167480 29 31
4217800.000000 4032256.250000 6979.373047 30 31
4218000.000000 4032256.250000 6956.947266 31 31
4218200.000000 4032256.250000 6920.953125 32 31
4218400.000000 4032256.250000 6871.408691 33 31
4218600.000000 4032256.250000 6809.815430 34 31
4218800.000000 4032256.250000 6739.186035 35 31
4219000.000000 4032256.250000 6663.027832 36 31
4219200.000000 4032256.250000 6584.895020 37 31
4219400.000000 4032256.250000 6505.306152 38 31
4219600.000000 4032256.250000 6424.796387 39 31
4219800.000000 4032256.250000 6342.369629 40 31
4220000.000000 4032256.250000 6258.989746 41 31
4220200.000000 4032256.250000 6173.622559 42 31
4212000.000000 4032628.125000 2863.816650 1 32
4212200.000000 4032628.125000 3142.655029 2 32
4212400.000000 4032628.125000 3416.444336 3 32
4212600.000000 4032628.125000 3676.367676 4 32
4212800.000000 4032628.125000 3915.036621 5 32
4213000.000000 4032628.125000 4137.187012 6 32
4213200.000000 4032628.125000 4355.561035 7 32
4213400.000000 4032628.125000 4579.325195 8 32
4213600.000000 4032628.125000 4816.894043 9 32
4213800.000000 4032628.125000 5056.604492 10 32
4214000.000000 4032628.125000 5276.050293 11 32
4214200.000000 4032628.125000 5483.096191 12 32
4214400.000000 4032628.125000 5691.842285 13 32
4214600.000000 4032628.125000 5901.140137 14 32
4214800.000000 4032628.125000 6100.641113 15 32
4215000.000000 4032628.125000 6282.046387 16 32
4215200.000000 4032628.125000 6438.890137 17 32
4215400.000000 4032628.125000 6571.138672 18 32
4215600.000000 4032628.125000 6680.424316 19 32
4215800.000000 4032628.125000 6770.780762 20 32
4216000.000000 4032628.125000 6850.919922 21 32
4216200.000000 4032628.125000 6926.075684 22 32
4216400.000000 4032628.125000 6991.207520 23 32
4216600.000000 4032628.125000 7043.397461 24 32
4216800.000000 4032628.125000 7085.336426 25 32
4217000.000000 4032628.125000 7117.616211 26 32
4217200.000000 4032628.125000 7136.946777 27 32
4217400.000000 4032628.125000 7138.719727 28 32
4217600.000000 4032628.125000 7129.431641 29 32
4217800.000000 4032628.125000 7112.120117 30 32
4218000.000000 4032628.125000 7082.790039 31 32
4218200.000000 4032628.125000 7039.413086 32 32
4218400.000000 4032628.125000 6982.977051 33 32
4218600.000000 4032628.125000 6913.962402 34 32
4218800.000000 4032628.125000 6834.876953 35 32
4219000.000000 4032628.125000 6750.762207 36 32
4219200.000000 4032628.125000 6665.149902 37 32
4219400.000000 4032628.125000 6578.089844 38 32
4219600.000000 4032628.125000 6489.109375 39 32
4219800.000000 4032628.125000 6398.711426 40 32
4220000.000000 4032628.125000 6305.864746 41 32
4220200.000000 4032628.125000 6211.531738 42 32
4212000.000000 4033000.000000 3287.480713 1 33
4212200.000000 4033000.000000 3534.233398 2 33
4212400.000000 4033000.000000 3776.086670 3 33
4212600.000000 4033000.000000 4009.033203 4 33
4212800.000000 4033000.000000 4229.646973 5 33
4213000.000000 4033000.000000 4443.280762 6 33
4213200.000000 4033000.000000 4659.080078 7 33
4213400.000000 4033000.000000 4882.861816 8 33
4213600.000000 4033000.000000 5115.788086 9 33
4213800.000000 4033000.000000 5348.416504 10 33
4214000.000000 4033000.000000 5569.383301 11 33
4214200.000000 4033000.000000 5778.960938 12 33
4214400.000000 4033000.000000 5982.726563 13 33
4214600.000000 4033000.000000 6180.937012 14 33
4214800.000000 4033000.000000 6367.311523 15 33
4215000.000000 4033000.000000 6536.365723 16 33
4215200.000000 4033000.000000 6683.362793 17 33
4215400.000000 4033000.000000 6807.249023 18 33
4215600.000000 4033000.000000 6909.231445 19 33
4215800.000000 4033000.000000 6993.312500 20 33
4216000.000000 4033000.000000 7066.692871 21 33
4216200.000000 4033000.000000 7133.690918 22 33
4216400.000000 4033000.000000 7190.081543 23 33
4216600.000000 4033000.000000 7233.507324 24 33
4216800.000000 4033000.000000 7266.425293 25 33
4217000.000000 4033000.000000 7290.760742 26 33
4217200.000000 4033000.000000 7302.405273 27 33
4217400.000000 4033000.000000 7297.312500 28 33
4217600.000000 4033000.000000 7280.914063 29 33
4217800.000000 4033000.000000 7256.157715 30 33
4218000.000000 4033000.000000 7219.441406 31 33
4218200.000000 4033000.000000 7168.670898 32 33
4218400.000000 4033000.000000 7103.307129 33 33
4218600.000000 4033000.000000 7026.313965 34 33
4218800.000000 4033000.000000 6938.730469 35 33
4219000.000000 4033000.000000 6845.598633 36 33
4219200.000000 4033000.000000 6750.481445 37 33
4219400.000000 4033000.000000 6653.927246 38 33
4219600.000000 4033000.000000 6555.955566 39 33
4219800.000000 4033000.000000 6456.076172 40 33
4220000.000000 4033000.000000 6354.263672 41 33
4220200.000000 4033000.000000 6249.979004 42 33
